316.36 1001
272.04 1003
255.09 1005
378.09 1007
307.90 1009
322.56 1011
382.55 1013
368.25 1015
326.33 1017
301.07 1019
351.70 1021
356.81 1023
313.40 1025
390.37 1027
360.18 1029
310.93 1031
308.32 1033
349.78 1035
301.93 1037
318.86 1039
313.72 1041
350.97 1043
291.55 1045
412.98 1047
354.46 1049
277.36 1051
350.49 1053
356.71 1055
326.56 1057
375.76 1059
330.38 1061
304.94 1063
361.32 1065
300.75 1067
300.26 1069
355.90 1071
313.01 1073
326.28 1075
263.00 1077
353.66 1079
291.35 1081
307.06 1083
399.51 1085
383.22 1087
228.24 1089
371.26 1091
370.65 1093
337.06 1095
328.48 1097
329.76 1099
276.23 1101
320.29 1103
399.70 1105
338.96 1107
322.38 1109
354.06 1111
294.76 1113
338.03 1115
232.57 1117
325.61 1119
337.15 1121
318.12 1123
305.46 1125
360.35 1127
341.06 1129
342.20 1131
310.49 1133
150.59 2013
150.59 2016
214.32 2020
241.84 2050
217.35 2060
239.30 2068
260.88 2070
218.52 2090
211.03 2100
188.37 2105
197.88 2110
217.64 2122
244.27 2130
197.25 2150
270.84 2158
260.88 2164
209.61 2170
284.32 2180
204.43 2185
241.87 2188
244.27 2195
244.27 2198
207.70 2220
188.37 2230
254.86 2240
229.32 2261
244.27 2275
188.37 2282
239.30 2290
210.00 4001
253.53 4003
193.02 4005
249.67 4007
248.41 4009
233.53 4011
184.95 4012
203.06 4013
295.41 4015
233.77 4017
213.43 4019
180.70 4021
169.74 4023
212.93 4025
184.95 4027
410.50 5001
384.50 5003
272.95 5005
261.12 5007
333.92 5009
458.00 5011
310.24 5013
266.25 5015
420.61 5017
355.56 5019
404.92 5021
311.96 5023
353.88 5025
380.43 5027
309.82 5029
340.77 5031
345.27 5033
371.42 5035
351.68 5037
384.27 5039
468.84 5041
339.38 5043
278.64 5045
333.69 5047
315.22 5049
299.46 5051
323.77 5053
375.93 5055
402.28 5057
327.87 5059
392.05 5061
342.94 5063
309.89 5065
411.84 5067
397.92 5069
307.90 5071
381.07 5073
345.63 5075
353.72 5077
362.49 5079
367.03 5081
361.51 5083
314.92 5085
336.01 5087
279.43 5089
327.60 5091
428.58 5093
407.09 5095
322.42 5097
360.99 5099
297.97 5101
410.84 5103
313.19 5105
435.85 5107
340.81 5109
438.59 5111
344.58 5113
307.83 5115
316.29 5117
291.77 5119
317.12 5121
420.89 5123
253.82 5125
380.01 5127
339.18 5129
328.73 5131
346.77 5133
336.20 5135
284.91 5137
334.82 5139
280.88 5141
287.78 5143
350.95 5145
444.31 5147
380.11 5149
196.59 6001
250.25 6003
251.52 6005
260.05 6007
243.57 6009
220.23 6011
201.18 6013
288.05 6015
203.73 6017
275.94 6019
239.30 6021
273.67 6023
223.35 6025
275.32 6027
311.74 6029
250.11 6031
306.09 6033
259.72 6035
218.78 6037
254.85 6039
160.51 6041
224.11 6043
254.66 6045
261.71 6047
267.34 6049
163.24 6051
196.14 6053
227.73 6055
202.01 6057
205.80 6059
203.33 6061
244.89 6063
237.61 6065
251.78 6067
204.17 6069
269.75 6071
206.00 6073
179.77 6075
274.72 6077
227.44 6079
175.52 6081
214.75 6083
170.28 6085
213.49 6087
290.95 6089
226.50 6091
254.47 6093
206.95 6095
220.22 6097
297.84 6099
272.94 6101
258.93 6103
236.40 6105
292.11 6107
242.95 6109
204.92 6111
204.77 6113
331.62 6115
210.76 8001
256.52 8003
210.76 8005
149.80 8007
281.98 8009
248.74 8011
210.76 8013
210.76 8014
191.33 8015
213.69 8017
181.20 8019
232.09 8021
206.44 8023
222.76 8025
157.86 8027
252.35 8029
210.76 8031
216.46 8033
153.88 8035
110.04 8037
218.76 8041
178.52 8039
257.75 8043
194.90 8045
208.91 8047
164.71 8049
179.07 8051
110.65 8053
248.74 8055
172.59 8057
210.76 8059
231.85 8061
214.66 8063
179.81 8067
207.67 8065
197.38 8069
256.62 8071
210.21 8073
241.53 8075
238.86 8077
168.40 8079
232.18 8081
243.73 8083
219.69 8085
219.08 8087
273.61 8089
149.09 8091
155.37 8093
216.19 8095
76.98 8097
230.48 8099
231.75 8101
219.15 8103
293.59 8105
155.76 8107
191.74 8109
188.97 8111
114.81 8113
254.65 8115
79.37 8117
193.82 8119
232.34 8121
210.76 8123
231.70 8125
207.59 9001
226.98 9003
222.47 9005
193.92 9007
221.23 9009
220.56 9011
216.50 9013
253.69 9015
281.53 10001
242.11 10003
250.25 10005
295.67 11001
216.38 12001
297.17 12003
289.29 12005
260.64 12007
239.75 12009
246.72 12011
299.25 12013
191.34 12015
293.26 12017
255.10 12019
140.70 12021
292.97 12023
201.11 12027
294.25 12029
283.64 12031
290.55 12033
193.06 12035
255.28 12037
305.33 12039
258.53 12041
181.77 12043
284.83 12045
296.05 12047
222.06 12049
276.73 12051
256.23 12053
214.05 12055
248.43 12057
375.46 12059
206.07 12061
322.32 12063
274.92 12065
277.07 12067
229.69 12069
193.24 12071
232.16 12073
274.49 12075
298.03 12077
339.45 12079
214.21 12081
260.99 12083
177.05 12085
225.39 12086
210.33 12087
240.28 12089
232.63 12091
296.74 12093
229.02 12095
254.92 12097
193.25 12099
266.21 12101
256.49 12103
264.21 12105
272.13 12107
185.36 12109
222.62 12111
245.78 12113
176.06 12115
221.18 12117
169.90 12119
318.63 12121
307.84 12123
385.26 12125
261.13 12127
290.04 12129
269.75 12131
320.86 12133
331.07 13001
343.98 13003
403.16 13005
250.76 13007
337.94 13009
290.89 13011
290.68 13013
292.52 13015
321.89 13017
327.32 13019
390.19 13021
298.69 13023
320.55 13025
298.28 13027
299.52 13029
263.60 13031
364.20 13033
318.67 13035
379.68 13037
290.54 13039
306.92 13043
335.44 13045
265.55 13047
309.58 13049
280.90 13051
310.87 13053
350.87 13055
225.50 13057
255.73 13059
357.88 13061
289.58 13063
359.72 13065
220.20 13067
322.46 13069
338.40 13071
214.11 13073
360.28 13075
253.14 13077
287.74 13079
316.49 13081
321.77 13083
255.32 13085
226.10 13089
307.39 13087
342.77 13091
295.77 13093
302.03 13095
304.91 13097
379.83 13099
234.96 13101
292.96 13103
344.33 13105
367.81 13107
324.49 13109
236.01 13111
201.06 13113
327.75 13115
212.70 13117
331.62 13119
257.84 13121
246.37 13123
328.86 13125
241.00 13127
314.46 13129
308.62 13131
296.08 13133
211.04 13135
242.89 13137
245.66 13139
262.61 13141
369.04 13143
232.43 13145
283.73 13147
257.10 13149
278.75 13151
257.95 13153
267.32 13155
310.09 13157
323.92 13159
404.15 13161
382.13 13163
331.92 13165
294.83 13167
267.17 13169
332.67 13171
284.21 13173
352.52 13175
265.69 13177
283.49 13179
346.59 13181
247.58 13183
324.83 13185
255.46 13187
384.95 13193
325.27 13195
333.98 13197
316.16 13189
203.63 13191
383.07 13199
296.34 13201
338.89 13205
316.72 13207
306.14 13209
314.97 13211
324.33 13213
322.10 13215
308.90 13217
232.59 13219
244.64 13221
239.47 13223
345.36 13225
260.28 13227
328.21 13229
301.23 13231
404.98 13233
331.50 13235
285.30 13237
242.85 13239
250.69 13241
344.10 13243
317.95 13245
248.44 13247
303.70 13249
359.89 13251
321.14 13253
336.79 13255
324.15 13257
319.18 13259
346.98 13261
337.06 13263
332.34 13265
322.43 13267
352.37 13269
314.22 13271
316.81 13273
301.88 13275
324.25 13277
332.99 13279
230.32 13281
311.33 13283
333.17 13285
355.17 13287
388.69 13289
220.74 13291
408.33 13293
392.09 13295
307.17 13297
353.82 13299
285.13 13301
324.98 13303
341.71 13305
230.04 13307
298.97 13309
261.36 13311
272.06 13313
325.12 13315
338.09 13317
381.01 13319
305.23 13321
233.05 15001
199.77 15003
207.88 15005
216.26 15007
207.88 15009
211.01 16001
195.71 16003
285.97 16005
263.73 16007
263.58 16009
247.65 16011
143.95 16013
188.63 16015
238.40 16017
249.58 16019
266.75 16021
263.71 16023
184.94 16025
231.22 16027
261.30 16029
254.02 16031
232.94 16033
229.91 16035
201.50 16037
247.25 16039
255.56 16041
240.39 16043
232.77 16045
263.17 16047
229.67 16049
214.69 16051
250.55 16053
216.75 16055
213.06 16057
224.11 16059
220.28 16061
237.42 16063
253.48 16065
253.81 16067
248.08 16069
243.84 16071
231.03 16073
260.38 16075
282.07 16077
307.56 16079
181.66 16081
230.60 16083
170.68 16085
255.84 16087
248.51 17001
369.60 17003
242.32 17005
244.63 17007
286.74 17009
256.93 17011
311.27 17013
268.70 17015
324.29 17017
216.11 17019
272.68 17021
334.70 17023
309.57 17025
251.60 17027
287.60 17029
267.77 17031
316.38 17033
265.83 17035
285.32 17039
237.44 17037
263.16 17041
209.19 17043
360.11 17045
298.99 17047
259.79 17049
271.41 17051
315.65 17053
257.10 17055
268.70 17057
344.20 17059
293.71 17061
264.77 17063
357.30 17065
245.54 17067
331.06 17069
303.24 17071
253.49 17073
309.84 17075
268.25 17077
280.30 17079
265.52 17081
300.04 17083
226.60 17085
269.45 17087
206.46 17089
293.30 17091
207.95 17093
282.66 17095
303.60 17099
208.43 17097
289.75 17101
258.87 17103
314.84 17105
236.88 17107
262.82 17115
289.19 17117
298.76 17119
309.86 17121
290.16 17123
266.33 17125
319.57 17127
288.91 17109
236.74 17111
235.97 17113
250.31 17129
253.11 17131
215.54 17133
275.44 17135
281.19 17137
279.46 17139
230.90 17141
263.84 17143
263.78 17145
239.40 17147
213.75 17149
273.49 17151
363.36 17153
225.20 17155
283.84 17157
275.96 17159
267.49 17161
268.28 17163
340.79 17165
264.69 17167
300.24 17169
284.40 17171
262.90 17173
248.61 17175
232.08 17177
255.22 17179
307.51 17181
332.10 17183
227.55 17185
325.18 17187
328.87 17189
304.15 17191
318.39 17193
260.35 17195
256.13 17197
266.72 17199
267.78 17201
236.28 17203
265.08 18001
244.75 18003
276.91 18005
275.45 18007
278.87 18009
279.25 18011
225.18 18013
236.25 18015
279.66 18017
310.36 18019
331.38 18021
303.65 18023
307.06 18025
301.56 18027
286.76 18033
252.54 18029
281.76 18031
280.43 18035
294.67 18037
268.25 18039
304.31 18041
296.29 18043
312.15 18045
233.33 18047
315.75 18049
280.25 18051
280.57 18053
328.83 18055
201.34 18057
253.90 18059
254.64 18061
231.51 18063
293.28 18065
302.55 18067
296.30 18069
295.93 18071
285.53 18073
283.93 18075
348.54 18077
301.44 18079
281.05 18081
364.33 18083
253.14 18085
253.87 18087
306.26 18091
291.22 18089
328.66 18093
279.33 18095
291.81 18097
260.12 18099
316.92 18101
306.13 18103
211.74 18105
303.69 18107
314.40 18109
290.76 18111
282.57 18113
280.48 18115
302.97 18117
335.34 18119
301.07 18121
274.07 18123
315.65 18125
242.32 18127
245.60 18129
329.60 18131
272.79 18133
286.40 18135
281.79 18137
284.59 18139
273.71 18141
321.70 18143
284.98 18145
258.99 18147
352.76 18149
262.51 18151
353.69 18153
314.27 18155
263.45 18157
286.88 18159
282.52 18161
267.33 18163
417.39 18165
341.41 18167
254.49 18169
263.26 18171
242.13 18173
321.46 18175
289.01 18177
240.20 18179
249.95 18181
247.69 18183
270.87 19001
264.46 19003
251.34 19005
369.50 19007
213.20 19009
250.06 19011
251.98 19013
284.64 19015
242.07 19017
278.71 19019
234.93 19021
298.82 19023
228.79 19025
223.17 19027
271.47 19029
242.22 19031
281.55 19033
252.90 19035
286.04 19037
291.83 19039
230.74 19041
215.93 19043
328.32 19045
221.30 19047
200.53 19049
256.78 19051
276.99 19053
216.31 19055
274.39 19057
231.31 19059
245.27 19061
244.37 19063
246.77 19065
320.87 19067
292.84 19069
243.91 19071
263.34 19073
233.27 19075
290.79 19077
236.24 19079
255.21 19081
275.45 19083
259.76 19085
316.47 19087
264.75 19089
272.26 19091
251.15 19093
224.68 19095
285.91 19097
242.18 19099
271.54 19101
196.88 19103
223.40 19105
217.79 19107
239.09 19109
317.78 19111
217.94 19113
274.32 19115
263.90 19117
245.67 19119
218.62 19121
262.88 19123
266.87 19125
264.04 19127
273.02 19129
255.20 19131
296.38 19133
303.65 19135
292.67 19137
267.06 19139
230.19 19141
309.92 19143
265.77 19145
244.86 19147
226.36 19149
252.68 19151
238.48 19153
256.99 19155
273.01 19157
240.13 19159
251.65 19161
242.33 19163
234.73 19165
190.92 19167
201.52 19169
229.55 19171
254.20 19173
323.51 19175
281.27 19177
310.86 19179
218.49 19181
237.17 19183
298.97 19185
298.59 19187
245.34 19189
207.74 19191
249.57 19193
269.58 19195
225.31 19197
311.77 20001
242.72 20003
265.04 20005
304.75 20007
252.20 20009
299.16 20011
307.84 20013
282.01 20015
257.00 20017
279.98 20019
356.55 20021
210.40 20023
286.95 20025
213.80 20027
258.69 20029
270.19 20031
308.71 20033
295.28 20035
316.70 20037
231.57 20039
282.13 20041
282.79 20043
217.78 20045
279.42 20047
286.18 20049
229.89 20051
274.00 20053
222.08 20055
264.78 20057
266.95 20059
263.38 20061
250.21 20063
251.41 20065
260.78 20067
207.92 20069
229.17 20071
335.60 20073
246.15 20075
279.73 20077
228.95 20079
252.65 20081
207.14 20083
290.50 20085
240.81 20087
238.69 20089
230.24 20091
250.92 20093
267.07 20095
234.39 20097
319.20 20099
264.79 20101
248.14 20103
279.42 20105
277.55 20107
257.71 20109
260.73 20111
242.58 20115
248.96 20117
260.95 20113
226.47 20119
261.56 20121
257.29 20123
292.91 20125
219.72 20127
276.47 20129
243.60 20131
281.83 20133
254.38 20135
266.92 20137
301.66 20139
270.08 20141
288.35 20143
220.05 20145
290.36 20147
270.93 20149
259.72 20151
232.97 20153
236.12 20155
267.94 20157
255.45 20159
201.54 20161
266.20 20163
254.56 20165
272.20 20167
255.25 20169
242.89 20171
257.90 20173
229.85 20175
265.73 20177
254.35 20179
258.54 20181
255.00 20183
322.48 20185
211.62 20187
214.48 20189
277.53 20191
265.51 20193
291.84 20195
237.59 20197
216.32 20199
232.67 20201
216.64 20203
328.50 20205
291.33 20207
301.46 20209
341.77 21001
341.44 21003
268.38 21005
370.02 21007
302.35 21009
361.22 21011
421.01 21013
242.86 21015
294.31 21017
332.91 21019
258.77 21021
326.72 21023
501.28 21025
331.75 21027
236.01 21029
306.92 21031
337.52 21033
297.91 21035
257.13 21037
350.52 21039
351.27 21041
317.37 21043
320.52 21045
331.67 21047
318.24 21049
413.87 21051
373.07 21053
390.34 21055
450.87 21057
249.34 21059
258.66 21061
245.84 21063
394.38 21065
235.98 21067
389.48 21069
382.16 21071
262.45 21073
405.85 21075
371.81 21077
252.24 21079
316.30 21081
293.84 21083
344.92 21085
320.29 21087
312.75 21089
300.29 21091
265.59 21093
382.07 21095
380.28 21097
313.53 21099
306.92 21101
303.32 21103
294.31 21105
363.09 21107
426.44 21109
248.86 21111
225.81 21113
353.60 21115
263.35 21117
389.82 21119
374.36 21121
278.44 21123
333.55 21125
400.49 21127
409.35 21129
387.18 21131
412.94 21133
329.55 21135
285.91 21137
359.36 21139
314.63 21141
284.02 21143
289.25 21151
329.47 21153
270.23 21155
325.52 21157
425.92 21159
350.99 21161
354.04 21145
354.06 21147
327.52 21149
267.46 21163
343.58 21165
300.99 21167
371.04 21169
443.45 21171
321.26 21173
291.11 21175
334.03 21177
280.02 21179
366.94 21181
312.78 21183
233.99 21185
296.27 21187
476.41 21189
324.77 21191
494.52 21193
392.24 21195
399.43 21197
308.54 21199
384.05 21201
364.73 21203
302.77 21205
330.69 21207
284.00 21209
339.98 21211
380.23 21213
279.37 21215
310.65 21217
362.70 21219
284.54 21221
287.38 21223
329.64 21225
273.98 21227
265.19 21229
315.49 21231
323.83 21233
423.34 21235
444.65 21237
245.93 21239
363.23 22001
256.73 22003
293.34 22005
313.35 22007
383.28 22009
387.95 22011
305.09 22013
270.25 22015
275.26 22017
387.47 22019
349.79 22021
270.22 22023
417.32 22025
342.91 22027
353.88 22029
358.78 22031
303.39 22033
369.47 22035
390.96 22037
335.51 22039
545.23 22041
335.70 22043
334.18 22045
303.35 22047
347.42 22049
384.47 22053
270.19 22051
383.27 22059
279.67 22055
280.26 22057
210.52 22061
313.43 22063
494.98 22065
357.97 22067
346.06 22069
279.39 22071
268.20 22073
284.00 22075
333.38 22077
348.31 22079
366.18 22081
387.50 22083
335.87 22085
347.93 22087
278.98 22089
314.37 22091
288.73 22093
367.99 22095
359.20 22097
314.92 22099
298.99 22101
252.20 22103
357.14 22105
424.23 22107
324.14 22109
317.69 22111
354.51 22113
348.84 22115
372.73 22117
357.66 22119
283.88 22121
341.56 22123
258.34 22125
352.41 22127
228.04 23001
249.71 23003
180.03 23005
220.72 23007
233.80 23009
235.09 23011
206.11 23013
199.21 23015
209.17 23017
247.79 23019
242.91 23021
217.35 23023
248.32 23025
242.19 23027
256.74 23029
199.18 23031
347.95 24001
252.66 24003
387.14 24510
251.39 24005
261.01 24009
291.34 24011
267.56 24013
299.17 24015
257.77 24017
299.73 24019
246.27 24021
289.25 24023
251.40 24025
185.03 24027
247.57 24029
204.62 24031
204.62 24033
220.40 24035
267.11 24037
336.92 24039
218.06 24041
289.63 24043
316.23 24045
240.37 24047
207.04 25001
220.05 25003
249.28 25005
198.22 25007
208.36 25009
214.81 25011
232.93 25013
216.21 25015
189.71 25017
243.73 25019
200.22 25021
230.22 25023
196.32 25025
226.94 25027
276.54 26001
253.31 26003
247.71 26005
270.54 26007
221.69 26009
321.94 26011
323.45 26013
256.04 26015
310.13 26017
237.55 26019
286.53 26021
284.86 26023
277.66 26025
263.77 26027
227.55 26029
248.22 26031
263.54 26033
336.57 26035
236.76 26037
267.35 26039
233.96 26041
271.88 26043
252.95 26045
234.64 26047
333.08 26049
286.94 26051
303.09 26053
209.63 26055
336.60 26057
300.07 26059
299.65 26061
315.32 26063
274.47 26065
263.64 26067
301.53 26069
305.84 26071
274.92 26073
279.06 26075
237.86 26077
279.88 26079
248.06 26081
222.24 26083
306.89 26085
304.30 26087
162.98 26089
289.19 26091
260.34 26093
251.32 26095
253.82 26097
305.38 26099
264.06 26101
267.02 26103
253.59 26105
279.82 26107
259.37 26109
220.46 26111
274.15 26113
296.71 26115
293.93 26117
290.01 26119
270.05 26121
251.67 26123
267.51 26125
268.98 26127
351.39 26129
332.65 26131
292.99 26133
309.79 26135
228.01 26137
205.23 26139
232.08 26141
309.48 26143
270.71 26145
319.61 26147
327.64 26149
295.56 26151
251.43 26153
287.62 26155
283.51 26157
277.78 26159
224.68 26161
364.97 26163
266.94 26165
198.87 27001
159.31 27003
222.70 27005
209.95 27007
243.49 27009
268.66 27011
187.59 27013
198.31 27015
254.28 27017
158.63 27019
215.31 27021
195.89 27023
183.25 27025
199.94 27027
270.02 27029
153.94 27031
217.36 27033
193.62 27035
163.66 27037
198.25 27039
209.40 27041
222.07 27043
214.17 27045
217.27 27047
208.96 27049
251.53 27051
167.58 27053
176.98 27055
179.72 27057
194.77 27059
225.11 27061
199.95 27063
203.42 27065
196.36 27067
274.19 27069
213.59 27071
205.44 27073
187.48 27075
215.63 27077
205.26 27079
215.14 27081
212.42 27083
229.81 27087
194.34 27089
219.98 27091
208.69 27085
204.32 27093
224.32 27095
215.01 27097
177.83 27099
200.46 27101
174.51 27103
194.85 27105
231.44 27107
163.22 27109
218.06 27111
231.53 27113
206.98 27115
209.28 27117
230.28 27119
232.88 27121
191.65 27123
243.46 27125
216.42 27127
225.99 27129
187.51 27131
236.23 27133
223.17 27135
215.65 27137
184.85 27139
188.63 27141
229.83 27143
171.60 27145
196.68 27147
187.41 27149
221.56 27151
188.27 27153
234.25 27155
192.07 27157
252.35 27159
211.58 27161
161.26 27163
226.66 27165
294.02 27167
205.22 27169
183.75 27171
207.44 27173
362.31 28001
387.71 28003
296.51 28005
359.96 28007
393.34 28009
443.39 28011
384.44 28013
311.82 28015
334.48 28017
304.67 28019
468.23 28021
364.12 28023
369.21 28025
410.58 28027
351.42 28029
393.60 28031
305.59 28033
336.02 28035
398.04 28037
368.34 28039
388.88 28041
397.93 28043
287.13 28045
369.66 28047
330.71 28049
428.92 28051
418.72 28053
260.95 28055
371.26 28057
316.43 28059
380.46 28061
383.30 28063
341.75 28065
337.71 28067
314.65 28069
288.80 28071
289.21 28073
337.73 28075
393.39 28077
380.81 28079
339.14 28081
466.06 28083
344.54 28085
286.42 28087
326.85 28089
374.61 28091
385.31 28093
315.87 28095
376.71 28097
421.14 28099
356.27 28101
352.44 28103
282.13 28105
423.24 28107
320.77 28109
348.43 28111
363.85 28113
284.81 28115
293.19 28117
425.14 28119
288.12 28121
344.19 28123
354.95 28125
402.57 28127
356.80 28129
387.91 28131
427.38 28133
303.66 28135
379.35 28137
459.94 28139
433.81 28141
501.05 28143
355.97 28145
352.07 28147
411.98 28149
386.96 28151
368.45 28153
454.94 28155
401.00 28157
315.94 28159
387.37 28161
345.03 28163
282.51 29001
275.39 29003
271.14 29005
264.22 29007
351.40 29009
280.91 29011
314.20 29013
291.80 29015
353.55 29017
228.06 29019
318.95 29021
330.30 29023
283.97 29025
277.55 29027
283.14 29029
306.01 29031
348.16 29033
363.25 29035
244.98 29037
315.87 29039
305.11 29041
280.56 29043
307.05 29045
222.66 29047
289.81 29049
268.90 29051
312.61 29053
382.65 29055
304.56 29057
259.49 29059
323.27 29061
295.72 29063
338.76 29065
245.27 29067
438.48 29069
296.16 29071
316.33 29073
316.22 29075
272.00 29077
293.90 29079
326.07 29081
364.29 29083
261.94 29085
266.00 29087
280.13 29089
332.65 29091
431.85 29093
270.89 29095
357.45 29097
332.34 29099
341.25 29101
320.74 29103
381.81 29105
323.76 29107
309.91 29109
345.85 29111
309.59 29113
336.69 29115
328.51 29117
310.25 29121
327.16 29123
331.50 29125
308.47 29127
330.12 29119
256.38 29129
352.02 29131
464.86 29133
308.96 29135
271.38 29137
316.86 29139
336.24 29141
432.66 29143
306.86 29145
272.93 29147
378.44 29149
299.81 29151
308.22 29153
483.03 29155
286.19 29157
266.62 29159
320.63 29161
325.79 29163
202.18 29165
284.19 29167
351.40 29169
286.85 29171
234.25 29173
312.41 29175
316.60 29177
322.09 29179
387.70 29181
223.99 29183
323.13 29185
355.58 29187
351.92 29510
261.26 29189
281.78 29186
338.42 29195
266.36 29197
269.71 29199
320.83 29201
320.36 29203
335.45 29205
294.84 29207
268.52 29209
282.40 29211
300.46 29213
306.12 29215
355.87 29217
257.06 29219
475.25 29221
317.12 29223
314.11 29225
277.78 29227
371.35 29229
193.28 30001
281.29 30003
264.45 30005
223.10 30007
187.97 30009
247.85 30011
210.65 30013
227.49 30015
232.56 30017
204.06 30019
232.31 30021
261.35 30023
228.58 30025
230.63 30027
238.04 30029
190.59 30031
192.73 30033
286.04 30035
190.51 30037
183.72 30039
270.84 30041
238.78 30043
174.93 30045
220.54 30047
210.06 30049
179.37 30051
268.15 30053
207.20 30057
266.53 30055
253.59 30059
234.95 30061
206.05 30063
289.77 30065
186.16 30067
202.05 30069
237.64 30071
206.10 30073
215.22 30075
232.52 30077
215.73 30079
200.87 30081
290.94 30083
363.49 30085
269.69 30087
251.61 30089
252.63 30091
292.67 30093
237.06 30095
208.74 30097
220.96 30099
247.94 30101
196.57 30103
227.76 30105
244.59 30107
281.06 30109
233.16 30111
249.44 31001
221.78 31003
190.66 31005
163.90 31007
199.50 31009
194.86 31011
266.57 31013
274.01 31015
185.28 31017
217.25 31019
260.36 31021
260.00 31023
227.53 31025
231.89 31027
235.34 31029
195.20 31031
215.85 31033
254.29 31035
211.54 31037
240.00 31039
280.55 31041
265.73 31043
239.08 31045
241.91 31047
213.77 31049
255.09 31051
217.80 31053
228.14 31055
245.36 31057
272.70 31059
249.81 31061
181.90 31063
265.57 31065
222.84 31067
270.07 31069
256.24 31071
215.85 31073
181.70 31075
219.05 31077
203.34 31079
203.71 31081
248.18 31083
129.27 31085
204.57 31087
236.32 31089
237.56 31091
232.81 31093
262.46 31095
250.40 31097
228.91 31099
244.59 31101
193.01 31103
252.94 31105
307.28 31107
200.46 31109
224.85 31111
230.29 31113
183.64 31115
265.18 31119
139.45 31117
217.86 31121
260.90 31123
239.54 31125
207.87 31127
232.58 31129
215.18 31131
238.83 31133
232.74 31135
241.71 31137
284.18 31139
214.77 31141
276.20 31143
196.65 31145
263.91 31147
237.63 31149
253.44 31151
206.24 31153
205.82 31155
282.59 31157
255.96 31159
254.29 31161
211.73 31163
139.62 31165
195.17 31167
260.70 31169
213.09 31171
311.68 31173
228.80 31175
200.36 31177
188.31 31179
270.75 31181
191.85 31183
234.85 31185
300.64 32510
296.23 32001
244.79 32003
202.63 32005
252.97 32007
360.39 32009
300.89 32011
296.02 32013
285.21 32015
296.48 32017
287.82 32019
352.07 32021
339.15 32023
247.56 32027
148.94 32029
294.09 32031
284.26 32033
239.66 33001
188.90 33003
221.63 33005
264.89 33007
213.35 33009
220.66 33011
233.80 33013
212.58 33015
215.32 33017
231.12 33019
284.48 34001
211.99 34003
248.09 34005
272.30 34007
285.03 34009
318.33 34011
256.72 34013
272.21 34015
239.29 34017
191.32 34019
239.81 34021
235.79 34023
245.28 34025
225.30 34027
290.39 34029
252.70 34031
300.51 34033
210.13 34035
257.58 34037
243.68 34039
254.77 34041
216.83 35001
174.68 35003
269.63 35005
225.62 35006
224.21 35007
298.49 35009
234.78 35011
204.52 35013
288.50 35015
233.36 35017
251.12 35019
158.05 35021
263.49 35023
307.11 35025
185.66 35027
149.30 35028
307.38 35029
207.52 35031
193.31 35033
259.17 35035
294.75 35037
209.99 35039
280.35 35041
204.22 35045
235.79 35047
199.51 35043
170.89 35049
294.14 35051
245.83 35053
156.15 35055
261.52 35057
262.47 35059
225.62 35061
258.73 36001
262.26 36003
281.06 36005
270.36 36007
350.34 36009
260.66 36011
287.73 36013
271.08 36015
357.47 36017
261.68 36019
284.93 36021
266.07 36023
277.51 36025
251.71 36027
271.50 36029
230.39 36031
273.26 36033
297.87 36035
274.71 36037
282.25 36039
263.90 36041
288.18 36043
269.46 36045
267.07 36047
226.54 36049
224.73 36051
239.00 36053
230.78 36055
344.55 36057
267.41 36059
201.86 36061
323.48 36063
284.48 36065
234.58 36067
243.43 36069
262.17 36071
312.86 36073
279.02 36075
247.20 36077
253.94 36079
255.84 36081
288.69 36083
333.11 36085
232.26 36087
282.66 36089
220.87 36091
268.85 36093
223.48 36095
264.04 36097
246.29 36099
266.91 36101
263.12 36103
294.05 36105
220.64 36107
213.54 36109
247.99 36111
220.81 36113
232.54 36115
242.23 36117
225.94 36119
279.24 36121
236.87 36123
255.35 37001
242.31 37003
248.17 37005
341.63 37007
236.37 37009
267.20 37011
300.79 37013
299.43 37015
350.15 37017
242.83 37019
231.18 37021
277.65 37023
242.73 37025
293.39 37027
252.23 37029
252.87 37031
287.00 37033
259.20 37035
186.41 37037
286.45 37039
286.54 37041
218.52 37043
329.94 37045
382.34 37047
258.10 37049
285.76 37051
270.14 37053
234.94 37055
288.35 37057
225.61 37059
272.68 37061
210.89 37063
339.97 37065
222.47 37067
257.54 37069
291.89 37071
289.42 37073
300.44 37075
238.62 37077
287.66 37079
232.25 37081
321.87 37083
282.80 37085
262.95 37087
217.74 37089
286.41 37091
290.15 37093
294.19 37095
273.78 37097
227.06 37099
288.06 37101
319.08 37103
264.41 37105
341.93 37107
292.19 37109
248.48 37113
267.77 37115
364.24 37117
262.92 37111
210.90 37119
282.97 37121
239.75 37123
193.71 37125
295.97 37127
243.91 37129
281.80 37131
260.57 37133
196.41 37135
235.96 37137
304.90 37139
240.59 37141
291.88 37143
303.71 37145
255.45 37147
211.64 37149
266.80 37151
364.04 37153
325.07 37155
298.85 37157
302.14 37159
336.53 37161
292.40 37163
327.34 37165
327.52 37167
293.98 37169
270.40 37171
336.64 37173
203.22 37175
274.45 37177
242.19 37179
318.50 37181
205.72 37183
265.86 37185
306.41 37187
211.25 37189
282.47 37191
244.16 37193
270.76 37195
278.89 37197
238.79 37199
231.17 38001
231.41 38003
309.79 38005
126.68 38007
219.93 38009
279.19 38011
214.89 38013
205.94 38015
206.98 38017
228.85 38019
232.07 38021
198.15 38023
260.81 38025
277.18 38027
239.65 38029
274.87 38031
198.44 38033
237.24 38035
234.40 38037
243.74 38039
214.75 38041
212.06 38043
189.56 38045
207.41 38047
217.39 38049
221.69 38051
254.97 38053
229.84 38055
244.04 38057
236.07 38059
302.88 38061
318.68 38063
152.36 38065
222.61 38067
230.76 38069
322.52 38071
277.04 38073
222.56 38075
235.68 38077
299.80 38079
217.45 38081
167.74 38083
476.58 38085
150.03 38087
237.51 38089
213.18 38091
243.17 38093
257.68 38095
243.71 38097
283.52 38099
240.72 38101
247.77 38103
244.92 38105
296.77 39001
300.68 39003
268.92 39005
302.34 39007
317.69 39009
277.37 39011
322.68 39013
285.97 39015
253.09 39017
285.57 39019
275.07 39021
305.19 39023
250.63 39025
285.40 39027
288.15 39029
291.14 39031
290.94 39033
288.57 39035
277.73 39037
259.09 39039
192.06 39041
236.86 39043
255.26 39045
359.92 39047
269.05 39049
274.18 39051
307.30 39053
205.38 39055
237.61 39057
309.55 39059
271.27 39061
255.89 39063
367.81 39065
350.27 39067
250.39 39069
290.02 39071
280.93 39073
258.77 39075
275.93 39077
349.66 39079
371.21 39081
280.84 39083
259.54 39085
324.97 39087
249.73 39089
299.52 39091
245.18 39093
323.57 39095
262.49 39097
299.18 39099
296.63 39101
233.83 39103
335.28 39105
307.18 39107
258.33 39109
311.80 39111
261.42 39113
256.29 39115
254.30 39117
278.89 39119
212.51 39121
262.35 39123
263.00 39125
312.85 39127
279.30 39129
295.28 39131
275.85 39133
320.67 39135
236.59 39137
280.37 39139
303.27 39141
255.76 39143
372.63 39145
305.86 39147
288.91 39149
252.45 39151
272.40 39153
307.98 39155
289.61 39157
230.81 39159
263.50 39161
331.33 39163
238.36 39165
268.31 39167
260.50 39169
240.13 39171
288.81 39173
287.02 39175
366.70 40001
305.15 40003
373.14 40005
267.65 40007
419.83 40009
377.90 40011
331.31 40013
382.61 40015
284.10 40017
395.52 40019
344.51 40021
432.79 40023
258.11 40025
274.91 40027
500.41 40029
330.18 40031
409.78 40033
407.08 40035
363.43 40037
349.44 40039
342.08 40041
422.85 40043
307.18 40045
318.27 40047
395.76 40049
360.80 40051
306.93 40053
360.67 40055
347.10 40057
367.15 40059
389.89 40061
455.28 40063
363.74 40065
436.00 40067
370.76 40069
338.96 40071
329.82 40073
434.94 40075
324.54 40077
380.28 40079
352.31 40081
279.61 40083
327.80 40085
356.22 40093
318.54 40095
351.24 40097
337.25 40087
382.01 40089
358.63 40091
394.02 40099
384.87 40101
287.91 40103
321.92 40105
439.76 40107
317.00 40109
372.45 40111
272.49 40113
391.86 40115
363.74 40117
275.93 40119
398.43 40121
367.60 40123
354.96 40125
429.85 40127
288.66 40129
306.55 40131
420.22 40133
383.76 40135
389.22 40137
301.15 40139
304.42 40141
317.91 40143
292.22 40145
282.07 40147
330.81 40149
381.58 40151
342.17 40153
245.18 41001
188.15 41003
206.93 41005
254.91 41007
231.87 41009
257.83 41011
243.07 41013
273.73 41015
191.26 41017
232.33 41019
189.65 41021
197.87 41023
228.17 41025
213.80 41027
219.95 41029
237.29 41031
243.09 41033
237.43 41035
220.61 41037
203.46 41039
233.14 41041
251.32 41043
261.92 41045
226.93 41047
199.91 41049
222.52 41051
198.24 41053
180.62 41055
220.18 41057
238.61 41059
216.61 41061
222.10 41063
240.07 41065
183.41 41067
210.35 41069
211.62 41071
260.71 42001
278.35 42003
275.49 42005
268.92 42007
282.40 42009
259.57 42011
298.00 42013
243.68 42015
220.33 42017
260.08 42019
297.09 42021
233.22 42023
279.75 42025
216.31 42027
223.41 42029
290.31 42031
271.42 42033
276.06 42035
304.39 42037
271.79 42039
257.44 42041
279.14 42043
268.83 42045
231.18 42047
258.34 42049
323.72 42051
306.63 42053
224.23 42055
275.33 42057
295.66 42059
265.33 42061
254.17 42063
300.08 42065
241.32 42067
300.31 42069
228.57 42071
276.69 42073
239.34 42075
225.97 42077
318.20 42079
253.38 42081
326.51 42083
274.53 42085
248.80 42087
232.17 42089
233.77 42091
253.83 42093
228.52 42095
300.23 42097
284.03 42099
320.62 42101
207.39 42103
243.23 42105
337.02 42107
228.58 42109
285.81 42111
262.43 42113
289.79 42115
238.25 42117
228.74 42119
254.86 42121
289.18 42123
267.22 42125
304.48 42127
275.69 42129
297.94 42131
240.05 42133
215.77 44001
241.39 44003
221.31 44005
251.17 44007
208.83 44009
252.42 45001
256.23 45003
363.60 45005
259.08 45007
325.46 45009
338.36 45011
160.82 45013
239.70 45015
282.18 45017
223.14 45019
340.36 45021
352.23 45023
331.98 45025
292.16 45027
326.42 45029
348.78 45031
343.34 45033
263.40 45035
264.85 45037
349.19 45039
344.53 45041
242.18 45043
231.18 45045
258.49 45047
308.33 45049
267.43 45051
283.52 45053
258.74 45055
282.57 45057
322.28 45059
320.30 45061
251.07 45063
393.98 45067
315.70 45069
229.77 45065
279.31 45071
258.77 45073
307.85 45075
289.52 45077
254.06 45079
331.88 45081
292.17 45083
308.41 45085
365.97 45087
328.71 45089
243.79 45091
221.36 46003
241.87 46005
233.19 46007
220.33 46009
228.15 46011
253.67 46013
221.76 46015
512.27 46017
278.73 46019
170.13 46021
226.77 46023
239.04 46025
285.83 46027
233.93 46029
325.44 46031
207.97 46033
244.15 46035
312.29 46037
212.35 46039
310.58 46041
199.26 46043
261.00 46045
300.24 46047
185.90 46049
270.17 46051
261.54 46053
231.09 46055
225.78 46057
218.41 46059
189.17 46061
212.39 46063
219.49 46065
238.88 46067
272.25 46069
283.67 46071
188.14 46073
177.87 46075
281.55 46077
222.74 46079
196.96 46081
175.92 46083
223.84 46085
239.15 46091
278.64 46087
252.86 46089
240.82 46093
252.19 46095
229.23 46097
224.03 46099
263.67 46101
364.12 46102
204.84 46103
232.03 46105
220.72 46107
284.91 46109
207.11 46111
242.06 46115
189.40 46117
150.27 46119
347.23 46121
256.37 46123
262.50 46125
213.44 46127
268.43 46129
234.79 46135
211.88 46137
277.85 47001
353.31 47003
425.28 47005
334.81 47007
239.43 47009
326.74 47011
335.57 47013
366.48 47015
444.20 47017
298.07 47019
327.08 47021
321.92 47023
369.45 47025
375.36 47027
402.81 47029
335.03 47031
441.20 47033
252.76 47035
286.68 47037
361.88 47041
371.78 47039
340.86 47043
371.62 47045
309.18 47047
392.80 47049
293.34 47051
380.72 47053
370.03 47055
312.70 47057
351.59 47059
368.07 47061
313.19 47063
284.24 47065
388.36 47067
343.98 47069
431.99 47071
332.66 47073
376.12 47075
434.61 47077
403.06 47079
299.81 47081
346.55 47083
336.85 47085
387.98 47087
293.35 47089
276.99 47091
273.55 47093
408.63 47095
400.96 47097
324.35 47099
362.88 47101
362.46 47103
242.46 47105
353.88 47111
304.60 47113
328.57 47115
339.22 47117
275.15 47119
317.10 47107
410.99 47109
349.83 47121
293.33 47123
299.09 47125
248.34 47127
280.82 47129
354.14 47131
363.26 47133
354.62 47135
319.07 47137
341.83 47139
298.29 47141
319.87 47143
277.21 47145
379.50 47147
280.67 47149
341.72 47151
278.25 47153
314.23 47155
315.35 47157
375.69 47159
369.30 47161
304.94 47163
279.07 47165
337.31 47167
356.93 47169
359.91 47171
313.24 47173
318.45 47175
359.07 47177
312.56 47179
348.18 47181
308.38 47183
357.49 47185
201.21 47187
273.81 47189
338.81 48001
347.86 48003
376.73 48005
278.03 48007
240.17 48009
251.79 48011
291.46 48013
323.88 48015
255.93 48017
209.41 48019
271.21 48021
305.82 48023
262.93 48025
263.22 48027
259.28 48029
258.06 48031
190.56 48033
309.14 48035
368.23 48037
274.64 48039
250.52 48041
208.93 48043
250.95 48045
363.21 48047
347.80 48049
283.07 48051
220.47 48053
260.23 48055
245.98 48057
314.54 48059
231.01 48061
341.72 48063
279.70 48065
350.68 48067
235.28 48069
278.10 48071
344.17 48073
315.07 48075
319.20 48077
294.88 48079
245.67 48081
309.19 48083
195.35 48085
297.88 48087
315.31 48089
219.58 48091
309.07 48093
290.92 48095
312.00 48097
285.81 48099
271.64 48101
347.45 48103
278.21 48105
310.20 48107
243.42 48109
398.32 48111
264.61 48113
257.96 48115
314.27 48123
252.37 48117
332.81 48119
211.46 48121
273.10 48125
279.03 48127
295.88 48129
301.73 48131
335.89 48133
370.02 48135
204.00 48137
216.27 48141
271.99 48139
277.05 48143
358.98 48145
370.90 48147
296.12 48149
307.83 48151
271.65 48153
325.10 48155
203.96 48157
278.96 48159
316.56 48161
303.05 48163
290.52 48165
264.69 48167
304.42 48169
206.02 48171
211.65 48173
221.89 48175
272.24 48177
310.15 48179
296.95 48181
317.65 48183
340.35 48185
243.59 48187
258.57 48189
329.16 48191
326.49 48193
296.58 48195
264.17 48197
312.84 48199
250.16 48201
305.08 48203
198.75 48205
338.29 48207
210.05 48209
277.59 48211
347.70 48213
218.09 48215
287.66 48217
286.78 48219
251.31 48221
308.70 48223
319.19 48225
350.92 48227
190.52 48229
336.84 48231
329.44 48233
204.18 48235
309.74 48237
289.87 48239
343.42 48241
188.68 48243
329.81 48245
312.68 48247
332.28 48249
316.81 48251
329.24 48253
314.43 48255
324.78 48257
236.05 48259
322.62 48261
313.72 48263
224.70 48265
304.95 48267
281.19 48269
212.97 48271
321.33 48273
283.70 48275
329.75 48283
343.51 48277
282.68 48279
267.96 48281
286.68 48285
287.32 48287
288.16 48289
379.98 48291
340.70 48293
283.81 48295
224.04 48297
203.58 48299
404.69 48301
276.02 48303
302.79 48305
338.12 48313
327.22 48315
342.23 48317
214.76 48319
298.81 48321
242.05 48323
325.71 48307
272.66 48309
243.45 48311
273.84 48325
316.29 48327
257.03 48329
275.16 48331
239.64 48333
347.28 48335
385.36 48337
254.96 48339
256.13 48341
354.69 48343
304.42 48345
316.38 48347
303.28 48349
370.59 48351
368.42 48353
240.00 48355
347.15 48357
258.85 48359
363.97 48361
359.39 48363
281.78 48365
278.56 48367
268.19 48369
259.76 48371
378.50 48373
341.94 48375
154.99 48377
304.09 48379
229.96 48381
345.72 48383
315.46 48385
391.89 48387
282.53 48389
294.88 48391
326.24 48393
330.36 48395
253.37 48397
282.01 48399
332.49 48401
346.60 48403
306.74 48405
295.07 48407
269.96 48409
256.84 48411
233.07 48413
250.16 48415
312.74 48417
378.86 48419
278.03 48421
301.25 48423
234.24 48425
281.72 48427
306.64 48429
263.56 48431
294.80 48433
276.13 48435
260.13 48437
257.10 48439
303.47 48441
270.02 48443
339.56 48445
264.36 48447
294.62 48449
256.74 48451
195.20 48453
325.83 48455
334.83 48457
342.47 48459
341.26 48461
248.40 48463
239.33 48465
338.95 48467
257.01 48469
278.60 48471
305.73 48473
316.15 48475
258.65 48477
254.14 48479
283.66 48481
305.06 48483
325.65 48485
380.38 48487
214.87 48489
181.70 48491
260.06 48493
377.66 48495
325.43 48497
316.25 48499
243.03 48501
322.87 48503
267.04 48505
285.92 48507
292.47 49001
252.45 49003
190.07 49005
318.74 49007
155.58 49009
227.25 49011
257.66 49013
262.17 49015
231.03 49017
219.62 49019
248.59 49021
278.87 49023
252.09 49025
249.26 49027
200.71 49029
275.42 49031
186.91 49033
232.47 49035
175.45 49037
254.35 49039
285.45 49041
196.17 49043
235.84 49045
226.52 49047
237.41 49049
224.95 49051
174.13 49053
253.86 49055
245.65 49057
207.08 50001
219.15 50003
222.92 50005
188.21 50007
197.30 50009
239.11 50011
224.98 50013
215.62 50015
234.31 50017
235.37 50019
254.74 50021
222.70 50023
214.84 50025
211.86 50027
272.88 51001
188.34 51003
198.46 51510
328.00 51005
278.56 51007
256.36 51009
307.98 51011
175.59 51013
245.50 51015
323.48 51017
238.94 51019
316.50 51021
270.25 51023
340.87 51520
383.61 51025
344.55 51027
284.00 51029
219.95 51530
244.45 51031
265.16 51033
276.67 51035
265.07 51036
317.40 51037
188.34 51540
253.61 51550
220.16 51041
232.53 51043
264.36 51570
330.95 51580
270.64 51045
267.68 51047
247.28 51049
321.71 51590
311.01 51051
284.68 51053
395.39 51595
275.33 51057
157.75 51600
157.75 51059
166.30 51610
224.72 51061
253.99 51063
211.12 51065
323.97 51620
259.11 51067
205.21 51069
231.91 51630
322.68 51640
318.50 51071
259.06 51073
222.80 51075
271.96 51077
208.20 51079
395.39 51081
304.62 51083
292.37 51650
240.47 51085
208.71 51660
230.29 51087
318.16 51089
221.22 51091
358.35 51670
262.41 51093
184.67 51095
222.62 51099
288.51 51101
266.68 51097
255.52 51103
354.37 51105
234.38 51678
166.98 51107
247.79 51109
317.61 51111
283.59 51680
232.20 51113
194.59 51683
194.59 51685
398.74 51690
266.76 51115
333.18 51117
246.12 51119
253.69 51121
263.22 51125
245.84 51127
247.00 51700
312.85 51710
272.90 51131
228.30 51133
288.61 51720
348.58 51135
224.88 51137
308.09 51139
309.93 51141
394.86 51730
321.71 51143
249.45 51735
320.52 51740
223.42 51145
294.92 51147
223.25 51149
194.59 51153
328.79 51155
314.53 51750
244.28 51157
308.62 51760
288.47 51159
340.41 51770
239.12 51161
219.95 51163
208.71 51165
327.97 51167
273.91 51775
314.03 51169
238.62 51171
334.41 51173
323.97 51175
231.91 51177
210.47 51179
245.50 51790
281.44 51800
260.43 51181
343.31 51183
352.59 51185
212.98 51810
267.78 51187
261.74 51191
245.50 51820
266.79 51193
184.67 51830
254.19 51840
341.54 51195
296.17 51197
247.00 51199
260.93 53001
228.48 53003
221.37 53005
210.97 53007
226.65 53009
215.13 53011
244.87 53013
248.22 53015
204.97 53017
248.89 53019
222.14 53021
187.26 53023
245.14 53025
275.25 53027
184.64 53029
184.90 53031
197.50 53033
216.67 53035
221.20 53037
213.20 53039
265.90 53041
254.64 53043
232.47 53045
229.10 53047
297.23 53049
243.43 53051
248.19 53053
136.05 53055
203.10 53057
197.48 53059
220.40 53061
231.73 53063
259.05 53065
210.40 53067
233.35 53069
237.34 53071
210.38 53073
227.19 53075
270.10 53077
310.18 54001
289.55 54003
318.97 54005
277.84 54007
292.52 54009
289.11 54011
284.47 54013
281.73 54015
306.72 54017
314.52 54019
288.65 54021
313.16 54023
273.90 54025
260.28 54027
334.33 54029
299.74 54031
310.50 54033
287.03 54035
276.19 54037
278.15 54039
362.42 54041
322.52 54043
370.03 54045
294.05 54049
310.54 54051
317.00 54053
400.32 54047
316.56 54055
305.37 54057
405.06 54059
259.58 54061
241.84 54063
252.02 54065
313.76 54067
283.41 54069
275.45 54071
318.80 54073
280.74 54075
308.49 54077
264.21 54079
299.54 54081
321.24 54083
354.38 54085
305.91 54087
263.04 54089
316.83 54091
299.18 54093
341.34 54095
287.54 54097
280.14 54099
324.16 54101
342.83 54103
309.28 54105
360.38 54107
347.62 54109
263.50 55001
286.52 55003
238.77 55005
220.70 55007
233.17 55009
254.83 55011
207.66 55013
218.91 55015
228.27 55017
230.44 55019
235.60 55021
251.66 55023
199.08 55025
262.90 55027
222.49 55029
229.03 55031
213.59 55033
213.68 55035
297.78 55037
235.53 55039
260.77 55041
257.02 55043
199.50 55045
272.26 55047
255.74 55049
252.22 55051
291.29 55053
220.63 55055
246.34 55057
284.63 55059
214.55 55061
205.22 55063
215.45 55065
249.10 55067
230.83 55069
230.39 55071
189.55 55073
279.65 55075
226.41 55077
281.31 55078
272.25 55079
262.81 55081
251.31 55083
244.37 55085
212.39 55087
219.65 55089
251.96 55091
226.03 55093
236.27 55095
206.26 55097
249.17 55099
232.89 55101
228.35 55103
227.54 55105
250.39 55107
216.85 55109
246.41 55111
257.98 55113
241.07 55115
240.87 55117
202.56 55119
246.05 55121
256.69 55123
244.26 55125
235.01 55127
276.53 55129
213.24 55131
194.16 55133
288.41 55135
276.27 55137
201.41 55139
216.45 55141
201.49 56001
268.23 56003
270.75 56005
286.51 56007
229.38 56009
199.16 56011
255.35 56013
225.62 56015
256.92 56017
242.71 56019
242.28 56021
225.78 56023
243.16 56025
239.71 56027
193.41 56029
231.46 56031
271.55 56033
218.83 56035
262.99 56037
144.71 56039
266.75 56041
227.19 56043
215.88 56045
