142 54 97 2013
142 54 97 2016
142 54 97 2020
142 54 97 2050
142 54 97 2060
142 54 97 2068
142 54 97 2070
142 54 97 2090
142 54 97 2100
142 54 97 2105
142 54 97 2110
142 54 97 2122
142 54 97 2130
142 54 97 2150
142 54 97 2164
142 54 97 2170
142 54 97 2180
142 54 97 2185
142 54 97 2188
142 54 97 2195
142 54 97 2198
142 54 97 2220
142 54 97 2230
142 54 97 2240
142 54 97 2261
142 54 97 2270
142 54 97 2275
142 54 97 2282
142 54 97 2290
167 44 70 1001
174 41 62 1003
125 61 115 1005
172 41 64 1007
196 32 38 1009
75 83 170 1011
133 58 107 1013
160 47 77 1015
134 57 105 1017
183 37 52 1019
182 38 54 1021
133 58 107 1023
131 59 109 1025
176 40 60 1027
192 33 42 1029
174 41 62 1031
156 48 81 1033
125 61 115 1035
149 51 89 1037
183 37 52 1039
162 46 75 1041
192 33 42 1043
167 44 70 1045
87 77 156 1047
185 36 50 1049
169 43 68 1051
154 49 83 1053
167 44 70 1055
180 38 56 1057
178 39 58 1059
187 35 48 1061
62 88 183 1063
102 71 140 1065
158 48 79 1067
165 45 72 1069
178 39 58 1071
116 65 124 1073
183 37 52 1075
165 45 72 1077
165 45 72 1079
145 53 93 1081
167 44 70 1083
78 81 166 1085
60 89 185 1087
140 55 99 1089
118 64 122 1091
191 34 44 1093
185 36 50 1095
134 57 105 1097
134 57 105 1099
98 73 144 1101
171 42 66 1103
78 81 166 1105
134 57 105 1107
140 55 99 1109
169 43 68 1111
120 64 121 1113
169 43 68 1117
183 37 52 1115
77 82 168 1119
145 53 93 1121
160 47 77 1123
140 55 99 1125
183 37 52 1127
160 47 77 1129
82 79 162 1131
196 32 38 1133
154 49 83 5001
156 48 81 5003
172 41 64 5005
156 48 81 5007
178 39 58 5009
145 53 93 5011
160 47 77 5013
154 49 83 5015
107 69 134 5017
133 58 107 5019
151 51 87 5021
178 39 58 5023
171 42 66 5025
145 53 93 5027
149 51 89 5029
156 48 81 5031
174 41 62 5033
115 66 126 5035
158 48 79 5037
133 58 107 5039
115 66 126 5041
145 53 93 5043
154 49 83 5045
172 41 64 5047
171 42 66 5049
156 48 81 5051
172 41 64 5053
172 41 64 5055
149 51 89 5057
162 46 75 5059
158 48 79 5061
172 41 64 5063
172 41 64 5065
154 49 83 5067
100 72 142 5069
162 46 75 5071
145 53 93 5073
171 42 66 5075
106 70 136 5077
151 51 87 5079
162 46 75 5081
171 42 66 5083
172 41 64 5085
169 43 68 5087
174 41 62 5089
162 46 75 5091
133 58 107 5093
125 61 115 5095
172 41 64 5097
145 53 93 5099
176 40 60 5101
131 59 109 5103
165 45 72 5105
98 73 144 5107
180 38 56 5109
145 53 93 5111
183 37 52 5113
171 42 66 5115
167 44 70 5117
107 69 134 5119
169 43 68 5121
165 45 72 5125
180 38 56 5127
182 38 54 5129
160 47 77 5131
167 44 70 5133
174 41 62 5135
113 67 128 5123
171 42 66 5137
147 52 91 5139
171 42 66 5141
136 57 103 5143
176 40 60 5145
131 59 109 5147
169 43 68 5149
93 75 150 4001
147 52 91 4003
109 68 132 4005
153 50 85 4007
160 47 77 4009
149 51 89 4011
162 46 75 4012
127 60 113 4013
171 42 66 4015
133 58 107 4017
113 67 128 4019
142 54 97 4021
80 80 164 4023
153 50 85 4025
129 60 111 4027
68 86 177 6001
111 67 130 6003
149 51 89 6005
131 59 109 6007
147 52 91 6009
138 56 101 6011
86 78 158 6013
144 54 95 6015
140 55 99 6017
122 63 119 6019
151 51 87 6021
106 70 136 6023
87 77 156 6025
140 55 99 6027
138 56 101 6029
138 56 101 6031
124 62 117 6033
172 41 64 6035
82 79 162 6037
140 55 99 6039
68 86 177 6041
147 52 91 6043
102 71 140 6045
118 64 122 6047
167 44 70 6049
116 65 124 6051
89 76 154 6053
93 75 150 6055
122 63 119 6057
118 64 122 6059
136 57 103 6061
144 54 95 6063
120 64 121 6065
104 70 138 6067
107 69 134 6069
116 65 124 6071
109 68 132 6073
55 91 191 6075
113 67 128 6077
118 64 122 6079
73 83 171 6081
100 72 142 6083
78 81 166 6085
75 83 170 6087
160 47 77 6089
151 51 87 6091
145 53 93 6093
98 73 144 6095
82 79 162 6097
125 61 115 6099
140 55 99 6101
158 48 79 6103
138 56 101 6105
136 57 103 6107
144 54 95 6109
111 67 130 6111
87 77 156 6113
149 51 89 6115
122 63 119 8001
127 60 113 8003
115 66 126 8005
149 51 89 8007
187 35 48 8009
154 49 83 8011
82 79 162 8013
116 65 124 8014
133 58 107 8015
189 35 46 8017
125 61 115 8019
131 59 109 8021
100 72 142 8023
171 42 66 8025
163 45 73 8027
167 44 70 8029
75 83 170 8031
178 39 58 8033
144 54 95 8035
109 68 132 8037
176 40 60 8039
149 51 89 8041
167 44 70 8043
133 58 107 8045
127 60 113 8047
140 55 99 8049
111 67 130 8051
151 51 87 8053
133 58 107 8055
174 41 62 8057
122 63 119 8059
191 34 44 8061
183 37 52 8063
120 64 121 8065
120 64 121 8067
124 62 117 8069
140 55 99 8071
180 38 56 8073
176 40 60 8075
160 47 77 8077
145 53 93 8079
187 35 48 8081
154 49 83 8083
163 45 73 8085
163 45 73 8087
149 51 89 8089
118 64 122 8091
151 51 87 8093
176 40 60 8095
84 79 160 8097
167 44 70 8099
127 60 113 8101
187 35 48 8103
145 53 93 8105
113 67 128 8107
120 64 121 8109
116 65 124 8111
86 78 158 8113
174 41 62 8115
104 70 138 8117
165 45 72 8119
191 34 44 8121
149 51 89 8123
183 37 52 8125
106 70 136 9001
104 70 138 9003
136 57 103 9005
118 64 122 9007
113 67 128 9009
118 64 122 9011
120 64 121 9013
133 58 107 9015
42 96 205 11001
129 60 111 10001
98 73 144 10003
144 54 95 10005
104 70 138 12001
180 38 56 12003
165 45 72 12005
167 44 70 12007
142 54 97 12009
91 76 152 12011
174 41 62 12013
147 52 91 12015
158 48 79 12017
163 45 73 12019
145 53 93 12021
163 45 73 12023
147 52 91 12027
178 39 58 12029
125 61 115 12031
142 54 97 12033
142 54 97 12035
158 48 79 12037
87 77 156 12039
180 38 56 12041
158 48 79 12043
167 44 70 12045
147 52 91 12047
160 47 77 12049
134 57 105 12051
149 51 89 12053
151 51 87 12055
118 64 122 12057
192 33 42 12059
145 53 93 12061
156 48 81 12063
127 60 113 12065
183 37 52 12067
144 54 95 12069
142 54 97 12071
100 72 142 12073
163 45 73 12075
174 41 62 12077
136 57 103 12079
138 56 101 12081
145 53 93 12083
147 52 91 12085
95 74 148 12086
129 60 111 12087
169 43 68 12089
167 44 70 12091
158 48 79 12093
102 71 140 12095
100 72 142 12097
107 69 134 12099
144 54 95 12101
125 61 115 12103
136 57 103 12105
156 48 81 12107
172 41 64 12113
133 58 107 12115
125 61 115 12117
153 50 85 12109
125 61 115 12111
156 48 81 12119
172 41 64 12121
169 43 68 12123
178 39 58 12125
134 57 105 12127
160 47 77 12129
174 41 62 12131
174 41 62 12133
174 41 62 13001
162 46 75 13003
183 37 52 13005
129 60 111 13007
120 64 121 13009
192 33 42 13011
169 43 68 13013
172 41 64 13015
147 52 91 13017
182 38 54 13019
104 70 138 13021
171 42 66 13023
192 33 42 13025
138 56 101 13027
162 46 75 13029
145 53 93 13031
118 64 122 13033
162 46 75 13035
106 70 136 13037
154 49 83 13039
162 46 75 13043
160 47 77 13045
178 39 58 13047
165 45 72 13049
109 68 132 13051
133 58 107 13053
174 41 62 13055
169 43 68 13057
89 76 154 13059
111 67 130 13061
57 90 189 13063
160 47 77 13065
122 63 119 13067
158 48 79 13069
165 45 72 13071
158 48 79 13073
158 48 79 13075
162 46 75 13077
160 47 77 13079
142 54 97 13081
183 37 52 13083
189 35 46 13085
138 56 101 13087
64 87 181 13089
163 45 73 13091
124 62 117 13093
87 77 156 13095
113 67 128 13097
129 60 111 13099
187 35 48 13101
172 41 64 13103
153 50 85 13105
154 49 83 13107
154 49 83 13109
182 38 54 13111
140 55 99 13113
162 46 75 13115
167 44 70 13117
183 37 52 13119
86 78 158 13121
183 37 52 13123
192 33 42 13125
149 51 89 13127
180 38 56 13129
151 51 87 13131
145 53 93 13133
118 64 122 13135
183 37 52 13137
169 43 68 13139
75 83 170 13141
187 35 48 13143
165 45 72 13145
163 45 73 13147
178 39 58 13149
118 64 122 13151
142 54 97 13153
167 44 70 13155
180 38 56 13157
163 45 73 13159
178 39 58 13161
111 67 130 13163
144 54 95 13165
154 49 83 13167
153 50 85 13169
156 48 81 13171
160 47 77 13173
147 52 91 13175
171 42 66 13177
104 70 138 13179
154 49 83 13181
151 51 87 13183
138 56 101 13185
178 39 58 13187
96 73 146 13193
174 41 62 13195
142 54 97 13197
138 56 101 13189
140 55 99 13191
136 57 103 13199
167 44 70 13201
131 59 109 13205
160 47 77 13207
167 44 70 13209
160 47 77 13211
185 36 50 13213
106 70 136 13215
120 64 121 13217
160 47 77 13219
160 47 77 13221
160 47 77 13223
124 62 117 13225
185 36 50 13227
189 35 46 13229
185 36 50 13231
174 41 62 13233
154 49 83 13235
158 48 79 13237
131 59 109 13239
178 39 58 13241
111 67 130 13243
93 75 150 13245
98 73 144 13247
172 41 64 13249
138 56 101 13251
151 51 87 13253
145 53 93 13255
176 40 60 13257
104 70 138 13259
120 64 121 13261
98 73 144 13263
100 72 142 13265
167 44 70 13267
142 54 97 13269
147 52 91 13271
113 67 128 13273
142 54 97 13275
156 48 81 13277
163 45 73 13279
178 39 58 13281
153 50 85 13283
144 54 95 13285
144 54 95 13287
122 63 119 13289
182 38 54 13291
153 50 85 13293
178 39 58 13295
174 41 62 13297
160 47 77 13299
109 68 132 13301
120 64 121 13303
174 41 62 13305
134 57 105 13307
154 49 83 13309
185 36 50 13311
163 45 73 13313
158 48 79 13315
136 57 103 13317
131 59 109 13319
167 44 70 13321
95 74 148 15001
100 72 142 15003
98 73 144 15007
95 74 148 15009
156 48 81 19001
162 46 75 19003
147 52 91 19005
156 48 81 19007
153 50 85 19009
149 51 89 19011
118 64 122 19013
140 55 99 19015
138 56 101 19017
140 55 99 19019
147 52 91 19021
158 48 79 19023
162 46 75 19025
153 50 85 19027
160 47 77 19029
142 54 97 19031
133 58 107 19033
162 46 75 19035
145 53 93 19037
151 51 87 19039
163 45 73 19041
145 53 93 19043
131 59 109 19045
158 48 79 19047
134 57 105 19049
165 45 72 19051
153 50 85 19053
153 50 85 19055
131 59 109 19057
156 48 81 19059
127 60 113 19061
158 48 79 19063
144 54 95 19065
138 56 101 19067
156 48 81 19069
162 46 75 19071
147 52 91 19073
162 46 75 19075
156 48 81 19077
145 53 93 19079
162 46 75 19081
151 51 87 19083
158 48 79 19085
154 49 83 19087
144 54 95 19089
165 45 72 19091
171 42 66 19093
147 52 91 19095
142 54 97 19097
142 54 97 19099
127 60 113 19101
91 76 152 19103
142 54 97 19105
163 45 73 19107
156 48 81 19109
140 55 99 19111
118 64 122 19113
151 51 87 19115
158 48 79 19117
185 36 50 19119
154 49 83 19121
165 45 72 19123
154 49 83 19125
133 58 107 19127
162 46 75 19129
147 52 91 19131
162 46 75 19133
162 46 75 19135
163 45 73 19137
133 58 107 19139
178 39 58 19141
180 38 56 19143
163 45 73 19145
156 48 81 19147
171 42 66 19149
165 45 72 19151
116 65 124 19153
145 53 93 19155
131 59 109 19157
160 47 77 19159
165 45 72 19161
125 61 115 19163
163 45 73 19165
187 35 48 19167
118 64 122 19169
144 54 95 19171
165 45 72 19173
151 51 87 19175
167 44 70 19177
144 54 95 19179
140 55 99 19181
145 53 93 19183
165 45 72 19185
144 54 95 19187
149 51 89 19189
125 61 115 19191
142 54 97 19193
145 53 93 19195
153 50 85 19197
140 55 99 16001
176 40 60 16003
154 49 83 16005
194 32 40 16007
176 40 60 16009
178 39 58 16011
102 71 140 16013
174 41 62 16015
154 49 83 16017
174 41 62 16019
178 39 58 16021
187 35 48 16023
178 39 58 16025
169 43 68 16027
194 32 40 16029
187 35 48 16031
182 38 54 16033
176 40 60 16035
178 39 58 16037
172 41 64 16039
198 31 36 16041
191 34 44 16043
183 37 52 16045
178 39 58 16047
183 37 52 16049
194 32 40 16051
174 41 62 16053
165 45 72 16055
129 60 111 16057
178 39 58 16059
180 38 56 16061
172 41 64 16063
196 32 38 16065
180 38 56 16067
160 47 77 16069
194 32 40 16071
183 37 52 16073
182 38 54 16075
165 45 72 16077
162 46 75 16079
133 58 107 16081
172 41 64 16083
145 53 93 16085
180 38 56 16087
167 44 70 17001
129 60 111 17003
160 47 77 17005
138 56 101 17007
174 41 62 17009
144 54 95 17011
158 48 79 17013
151 51 87 17015
153 50 85 17017
109 68 132 17019
163 45 73 17021
167 44 70 17023
182 38 54 17025
169 43 68 17027
149 51 89 17029
77 82 168 17031
169 43 68 17033
176 40 60 17035
124 62 117 17037
163 45 73 17039
167 44 70 17041
113 67 128 17043
169 43 68 17045
187 35 48 17047
178 39 58 17049
176 40 60 17051
171 42 66 17053
165 45 72 17055
140 55 99 17057
167 44 70 17059
171 42 66 17061
147 52 91 17063
176 40 60 17065
171 42 66 17067
174 41 62 17069
151 51 87 17071
145 53 93 17073
176 40 60 17075
125 61 115 17077
178 39 58 17079
163 45 73 17081
165 45 72 17083
138 56 101 17085
176 40 60 17087
118 64 122 17089
136 57 103 17091
127 60 113 17093
129 60 111 17095
107 69 134 17097
138 56 101 17099
172 41 64 17101
145 53 93 17103
162 46 75 17105
162 46 75 17107
140 55 99 17115
156 48 81 17117
140 55 99 17119
165 45 72 17121
156 48 81 17123
154 49 83 17125
169 43 68 17127
136 57 103 17109
133 58 107 17111
129 60 111 17113
160 47 77 17129
145 53 93 17131
158 48 79 17133
162 46 75 17135
153 50 85 17137
167 44 70 17139
149 51 89 17141
124 62 117 17143
165 45 72 17145
156 48 81 17147
176 40 60 17149
178 39 58 17151
151 51 87 17153
144 54 95 17155
167 44 70 17157
172 41 64 17159
118 64 122 17161
169 43 68 17165
134 57 105 17167
160 47 77 17169
174 41 62 17171
172 41 64 17173
120 64 121 17163
160 47 77 17175
140 55 99 17177
153 50 85 17179
160 47 77 17181
151 51 87 17183
172 41 64 17185
140 55 99 17187
174 41 62 17189
187 35 48 17191
176 40 60 17193
131 59 109 17195
120 64 121 17197
162 46 75 17199
125 61 115 17201
163 45 73 17203
172 41 64 18001
142 54 97 18003
156 48 81 18005
167 44 70 18007
163 45 73 18009
153 50 85 18011
153 50 85 18013
171 42 66 18015
162 46 75 18017
144 54 95 18019
174 41 62 18021
167 44 70 18023
158 48 79 18025
180 38 56 18027
174 41 62 18029
176 40 60 18031
169 43 68 18033
138 56 101 18035
162 46 75 18037
153 50 85 18039
167 44 70 18041
144 54 95 18043
174 41 62 18045
178 39 58 18047
169 43 68 18049
167 44 70 18051
160 47 77 18053
172 41 64 18055
144 54 95 18057
165 45 72 18059
163 45 73 18061
156 48 81 18063
163 45 73 18065
154 49 83 18067
171 42 66 18069
171 42 66 18071
165 45 72 18073
167 44 70 18075
153 50 85 18077
172 41 64 18079
163 45 73 18081
167 44 70 18083
174 41 62 18085
171 42 66 18087
106 70 136 18089
131 59 109 18091
171 42 66 18093
147 52 91 18095
104 70 138 18097
162 46 75 18099
178 39 58 18101
172 41 64 18103
104 70 138 18105
171 42 66 18107
176 40 60 18109
167 44 70 18111
169 43 68 18113
167 44 70 18115
165 45 72 18117
169 43 68 18119
171 42 66 18121
142 54 97 18123
171 42 66 18125
131 59 109 18127
160 47 77 18129
167 44 70 18131
169 43 68 18133
169 43 68 18135
176 40 60 18137
172 41 64 18139
158 48 79 18143
167 44 70 18145
158 48 79 18147
124 62 117 18141
162 46 75 18149
163 45 73 18151
165 45 72 18153
163 45 73 18155
131 59 109 18157
172 41 64 18159
171 42 66 18161
140 55 99 18163
156 48 81 18165
138 56 101 18167
171 42 66 18169
172 41 64 18171
154 49 83 18173
169 43 68 18175
151 51 87 18177
174 41 62 18179
163 45 73 18181
171 42 66 18183
163 45 73 20001
174 41 62 20003
156 48 81 20005
187 35 48 20007
178 39 58 20009
171 42 66 20011
172 41 64 20013
167 44 70 20015
169 43 68 20017
187 35 48 20019
169 43 68 20021
187 35 48 20023
189 35 46 20025
178 39 58 20027
176 40 60 20029
178 39 58 20031
189 35 46 20033
160 47 77 20035
147 52 91 20037
189 35 46 20039
174 41 62 20041
180 38 56 20043
98 73 144 20045
182 38 54 20047
187 35 48 20049
169 43 68 20051
174 41 62 20053
154 49 83 20055
162 46 75 20057
162 46 75 20059
145 53 93 20061
191 34 44 20063
183 37 52 20065
178 39 58 20067
187 35 48 20069
187 35 48 20071
180 38 56 20073
187 35 48 20075
183 37 52 20077
149 51 89 20079
178 39 58 20081
189 35 46 20083
163 45 73 20085
156 48 81 20087
189 35 46 20089
129 60 111 20091
180 38 56 20093
178 39 58 20095
191 34 44 20097
160 47 77 20099
187 35 48 20101
149 51 89 20103
183 37 52 20105
180 38 56 20107
191 34 44 20109
142 54 97 20111
171 42 66 20115
169 43 68 20117
163 45 73 20113
189 35 46 20119
162 46 75 20121
180 38 56 20123
171 42 66 20125
169 43 68 20127
189 35 46 20129
185 36 50 20131
167 44 70 20133
191 34 44 20135
187 35 48 20137
165 45 72 20139
187 35 48 20141
183 37 52 20143
171 42 66 20145
191 34 44 20147
172 41 64 20149
174 41 62 20151
191 34 44 20153
160 47 77 20155
183 37 52 20157
176 40 60 20159
133 58 107 20161
191 34 44 20163
183 37 52 20165
185 36 50 20167
158 48 79 20169
191 34 44 20171
144 54 95 20173
154 49 83 20175
129 60 111 20177
194 32 40 20179
187 35 48 20181
183 37 52 20183
182 38 54 20185
178 39 58 20187
189 35 46 20189
172 41 64 20191
187 35 48 20193
187 35 48 20195
169 43 68 20197
200 30 34 20199
185 36 50 20201
183 37 52 20203
182 38 54 20205
176 40 60 20207
98 73 144 20209
182 38 54 21001
180 38 56 21003
169 43 68 21005
174 41 62 21007
169 43 68 21009
156 48 81 21011
178 39 58 21013
163 45 73 21015
153 50 85 21017
158 48 79 21019
151 51 87 21021
174 41 62 21023
162 46 75 21025
171 42 66 21027
169 43 68 21029
180 38 56 21031
172 41 64 21033
156 48 81 21035
147 52 91 21037
180 38 56 21039
158 48 79 21041
171 42 66 21043
189 35 46 21045
151 51 87 21047
158 48 79 21049
191 34 44 21051
189 35 46 21053
183 37 52 21055
183 37 52 21057
154 49 83 21059
176 40 60 21061
163 45 73 21063
174 41 62 21065
118 64 122 21067
171 42 66 21069
167 44 70 21071
129 60 111 21073
151 51 87 21075
171 42 66 21077
176 40 60 21079
174 41 62 21081
174 41 62 21083
176 40 60 21085
182 38 54 21087
165 45 72 21089
158 48 79 21091
153 50 85 21093
187 35 48 21095
163 45 73 21097
167 44 70 21099
149 51 89 21101
163 45 73 21103
172 41 64 21105
172 41 64 21107
194 32 40 21109
113 67 128 21111
163 45 73 21113
187 35 48 21115
149 51 89 21117
171 42 66 21119
183 37 52 21121
174 41 62 21123
185 36 50 21125
180 38 56 21127
180 38 56 21129
194 32 40 21131
180 38 56 21133
183 37 52 21135
174 41 62 21137
176 40 60 21139
165 45 72 21141
163 45 73 21143
153 50 85 21151
169 43 68 21153
151 51 87 21155
171 42 66 21157
194 32 40 21159
162 46 75 21161
158 48 79 21145
189 35 46 21147
171 42 66 21149
165 45 72 21163
165 45 72 21165
169 43 68 21167
172 41 64 21169
189 35 46 21171
160 47 77 21173
172 41 64 21175
165 45 72 21177
154 49 83 21179
160 47 77 21181
174 41 62 21183
154 49 83 21185
172 41 64 21187
183 37 52 21189
176 40 60 21191
174 41 62 21193
180 38 56 21195
163 45 73 21197
183 37 52 21199
171 42 66 21201
185 36 50 21203
144 54 95 21205
187 35 48 21207
153 50 85 21209
154 49 83 21211
160 47 77 21213
174 41 62 21215
169 43 68 21217
171 42 66 21219
167 44 70 21221
169 43 68 21223
172 41 64 21225
147 52 91 21227
165 45 72 21229
178 39 58 21231
172 41 64 21233
183 37 52 21235
158 48 79 21237
144 54 95 21239
172 41 64 22001
169 43 68 22003
156 48 81 22005
145 53 93 22007
156 48 81 22009
182 38 54 22011
129 60 111 22013
165 45 72 22015
118 64 122 22017
154 49 83 22019
180 38 56 22021
194 32 40 22023
162 46 75 22025
134 57 105 22027
144 54 95 22029
142 54 97 22031
116 65 124 22033
96 73 146 22035
134 57 105 22037
160 47 77 22039
162 46 75 22041
187 35 48 22043
151 51 87 22045
116 65 124 22047
158 48 79 22049
136 57 103 22051
171 42 66 22053
154 49 83 22055
174 41 62 22057
194 32 40 22059
142 54 97 22061
189 35 46 22063
106 70 136 22065
133 58 107 22067
133 58 107 22069
64 87 181 22071
145 53 93 22073
153 50 85 22075
136 57 103 22077
153 50 85 22079
131 59 109 22081
151 51 87 22083
180 38 56 22085
154 49 83 22087
151 51 87 22089
109 68 132 22091
115 66 126 22093
100 72 142 22095
133 58 107 22097
153 50 85 22099
147 52 91 22101
171 42 66 22103
153 50 85 22105
116 65 124 22107
167 44 70 22109
165 45 72 22111
176 40 60 22113
182 38 54 22115
154 49 83 22117
147 52 91 22119
134 57 105 22121
183 37 52 22123
140 55 99 22125
163 45 73 22127
113 67 128 25001
89 76 154 25003
116 65 124 25005
78 81 166 25007
106 70 136 25009
95 74 148 25011
111 67 130 25013
91 76 152 25015
91 76 152 25017
93 75 150 25019
100 72 142 25021
118 64 122 25023
68 86 177 25025
116 65 124 25027
167 44 70 24001
124 62 117 24003
107 69 134 24005
57 90 189 24510
142 54 97 24009
160 47 77 24011
158 48 79 24013
156 48 81 24015
95 74 148 24017
136 57 103 24019
129 60 111 24021
180 38 56 24023
147 52 91 24025
95 74 148 24027
127 60 113 24029
73 83 171 24031
49 93 197 24033
156 48 81 24035
138 56 101 24039
147 52 91 24037
134 57 105 24041
153 50 85 24043
134 57 105 24045
149 51 89 24047
134 57 105 23001
142 54 97 23003
102 71 140 23005
133 58 107 23007
120 64 121 23009
131 59 109 23011
113 67 128 23013
124 62 117 23015
140 55 99 23017
136 57 103 23019
149 51 89 23021
122 63 119 23023
147 52 91 23025
127 60 113 23027
142 54 97 23029
122 63 119 23031
160 47 77 26001
144 54 95 26003
151 51 87 26005
151 51 87 26007
151 51 87 26009
156 48 81 26011
151 51 87 26013
156 48 81 26015
136 57 103 26017
138 56 101 26019
136 57 103 26021
158 48 79 26023
136 57 103 26025
154 49 83 26027
147 52 91 26029
153 50 85 26031
147 52 91 26033
153 50 85 26035
136 57 103 26037
154 49 83 26039
147 52 91 26041
156 48 81 26043
131 59 109 26045
144 54 95 26047
116 65 124 26049
156 48 81 26051
138 56 101 26053
136 57 103 26055
149 51 89 26057
167 44 70 26059
140 55 99 26061
158 48 79 26063
100 72 142 26065
154 49 83 26067
151 51 87 26069
149 51 89 26071
129 60 111 26073
144 54 95 26075
115 66 126 26077
163 45 73 26079
129 60 111 26081
144 54 95 26083
145 53 93 26085
160 47 77 26087
127 60 113 26089
145 53 93 26091
151 51 87 26093
163 45 73 26095
149 51 89 26097
134 57 105 26099
138 56 101 26101
122 63 119 26103
145 53 93 26105
149 51 89 26107
151 51 87 26109
144 54 95 26111
172 41 64 26113
145 53 93 26115
156 48 81 26117
163 45 73 26119
124 62 117 26121
162 46 75 26123
116 65 124 26125
151 51 87 26127
158 48 79 26129
149 51 89 26131
163 45 73 26133
163 45 73 26135
160 47 77 26137
153 50 85 26139
151 51 87 26141
151 51 87 26143
125 61 115 26145
165 45 72 26151
151 51 87 26153
144 54 95 26155
154 49 83 26147
153 50 85 26149
158 48 79 26157
138 56 101 26159
87 77 156 26161
89 76 154 26163
158 48 79 26165
149 51 89 27001
136 57 103 27003
156 48 81 27005
136 57 103 27007
160 47 77 27009
149 51 89 27011
133 58 107 27013
160 47 77 27015
125 61 115 27017
140 55 99 27019
154 49 83 27021
153 50 85 27023
154 49 83 27025
129 60 111 27027
163 45 73 27029
107 69 134 27031
158 48 79 27033
154 49 83 27035
124 62 117 27037
158 48 79 27039
158 48 79 27041
158 48 79 27043
147 52 91 27045
142 54 97 27047
144 54 95 27049
153 50 85 27051
95 74 148 27053
140 55 99 27055
156 48 81 27057
162 46 75 27059
142 54 97 27061
162 46 75 27063
158 48 79 27065
149 51 89 27067
147 52 91 27069
144 54 95 27071
149 51 89 27073
124 62 117 27075
165 45 72 27077
154 49 83 27079
158 48 79 27081
153 50 85 27083
129 60 111 27087
163 45 73 27089
163 45 73 27091
162 46 75 27085
163 45 73 27093
158 48 79 27095
172 41 64 27097
134 57 105 27099
160 47 77 27101
131 59 109 27103
153 50 85 27105
140 55 99 27107
127 60 113 27109
158 48 79 27111
153 50 85 27113
151 51 87 27115
167 44 70 27117
153 50 85 27119
151 51 87 27121
91 76 152 27123
158 48 79 27125
165 45 72 27127
160 47 77 27129
129 60 111 27131
158 48 79 27133
167 44 70 27135
142 54 97 27139
160 47 77 27141
165 45 72 27143
116 65 124 27137
153 50 85 27145
151 51 87 27147
138 56 101 27149
149 51 89 27151
169 43 68 27153
147 52 91 27155
151 51 87 27157
167 44 70 27159
156 48 81 27161
125 61 115 27163
145 53 93 27165
162 46 75 27167
131 59 109 27169
158 48 79 27171
158 48 79 27173
149 51 89 29001
171 42 66 29003
174 41 62 29005
163 45 73 29007
176 40 60 29009
187 35 48 29011
174 41 62 29013
172 41 64 29015
189 35 46 29017
122 63 119 29019
149 51 89 29021
178 39 58 29023
176 40 60 29025
163 45 73 29027
172 41 64 29029
169 43 68 29031
180 38 56 29033
183 37 52 29035
158 48 79 29037
182 38 54 29039
171 42 66 29041
172 41 64 29043
171 42 66 29045
136 57 103 29047
165 45 72 29049
158 48 79 29051
167 44 70 29053
178 39 58 29055
182 38 54 29057
180 38 56 29059
174 41 62 29061
178 39 58 29063
185 36 50 29065
183 37 52 29067
171 42 66 29069
165 45 72 29071
174 41 62 29073
174 41 62 29075
151 51 87 29077
178 39 58 29079
182 38 54 29081
167 44 70 29083
171 42 66 29085
183 37 52 29087
163 45 73 29089
180 38 56 29091
171 42 66 29093
109 68 132 29095
171 42 66 29097
156 48 81 29099
160 47 77 29101
174 41 62 29103
182 38 54 29105
163 45 73 29107
180 38 56 29109
172 41 64 29111
171 42 66 29113
171 42 66 29115
174 41 62 29117
174 41 62 29121
176 40 60 29123
178 39 58 29125
169 43 68 29127
182 38 54 29119
189 35 46 29129
183 37 52 29131
160 47 77 29133
178 39 58 29135
172 41 64 29137
172 41 64 29139
174 41 62 29141
163 45 73 29143
176 40 60 29145
162 46 75 29147
176 40 60 29149
185 36 50 29151
182 38 54 29153
153 50 85 29155
180 38 56 29157
167 44 70 29159
163 45 73 29161
167 44 70 29163
136 57 103 29165
176 40 60 29167
171 42 66 29169
183 37 52 29171
171 42 66 29173
171 42 66 29175
158 48 79 29177
178 39 58 29179
183 37 52 29181
156 48 81 29195
178 39 58 29197
176 40 60 29199
172 41 64 29201
174 41 62 29203
176 40 60 29205
149 51 89 29183
174 41 62 29185
165 45 72 29187
109 68 132 29189
66 86 179 29510
156 48 81 29186
185 36 50 29207
180 38 56 29209
172 41 64 29211
176 40 60 29213
182 38 54 29215
174 41 62 29217
165 45 72 29219
172 41 64 29221
182 38 54 29223
176 40 60 29225
176 40 60 29227
185 36 50 29229
107 69 134 28001
178 39 58 28003
142 54 97 28005
140 55 99 28007
133 58 107 28009
91 76 152 28011
156 48 81 28013
156 48 81 28015
127 60 113 28017
156 48 81 28019
57 90 189 28021
151 51 87 28023
107 69 134 28025
80 80 164 28027
116 65 124 28029
144 54 95 28031
154 49 83 28033
136 57 103 28035
147 52 91 28037
192 33 42 28039
178 39 58 28041
134 57 105 28043
176 40 60 28045
151 51 87 28047
82 79 162 28049
60 89 185 28051
77 82 168 28053
107 69 134 28055
191 34 44 28057
158 48 79 28059
116 65 124 28061
55 91 191 28063
102 71 140 28065
162 46 75 28067
100 72 142 28069
136 57 103 28071
172 41 64 28073
142 54 97 28075
149 51 89 28077
134 57 105 28079
156 48 81 28081
84 79 160 28083
158 48 79 28085
127 60 113 28087
136 57 103 28089
154 49 83 28091
113 67 128 28093
147 52 91 28095
133 58 107 28097
163 45 73 28099
156 48 81 28101
69 85 175 28103
122 63 119 28105
122 63 119 28107
183 37 52 28109
171 42 66 28111
122 63 119 28113
178 39 58 28115
172 41 64 28117
86 78 158 28119
171 42 66 28121
136 57 103 28123
89 76 154 28125
149 51 89 28127
172 41 64 28129
171 42 66 28131
84 79 160 28133
107 69 134 28135
151 51 87 28137
174 41 62 28139
189 35 46 28141
77 82 168 28143
180 38 56 28145
134 57 105 28147
125 61 115 28149
87 77 156 28151
144 54 95 28153
174 41 62 28155
87 77 156 28157
133 58 107 28159
134 57 105 28161
115 66 126 28163
167 44 70 30001
120 64 121 30003
129 60 111 30005
178 39 58 30007
154 49 83 30009
194 32 40 30011
145 53 93 30013
160 47 77 30015
169 43 68 30017
178 39 58 30019
178 39 58 30021
122 63 119 30023
192 33 42 30025
172 41 64 30027
158 48 79 30029
127 60 113 30031
201 29 32 30033
98 73 144 30035
183 37 52 30037
162 46 75 30039
144 54 95 30041
156 48 81 30043
174 41 62 30045
145 53 93 30047
133 58 107 30049
171 42 66 30051
171 42 66 30053
165 45 72 30057
183 37 52 30055
174 41 62 30059
163 45 73 30061
113 67 128 30063
185 36 50 30065
140 55 99 30067
194 32 40 30069
183 37 52 30071
162 46 75 30073
189 35 46 30075
174 41 62 30077
183 37 52 30079
160 47 77 30081
185 36 50 30083
133 58 107 30085
158 48 79 30087
172 41 64 30089
163 45 73 30091
115 66 126 30093
176 40 60 30095
176 40 60 30097
163 45 73 30099
174 41 62 30101
187 35 48 30103
169 43 68 30105
176 40 60 30107
192 33 42 30109
151 51 87 30111
134 57 105 37001
172 41 64 37003
165 45 72 37005
109 68 132 37007
163 45 73 37009
172 41 64 37011
144 54 95 37013
98 73 144 37015
129 60 111 37017
149 51 89 37019
109 68 132 37021
158 48 79 37023
140 55 99 37025
167 44 70 37027
163 45 73 37029
162 46 75 37031
133 58 107 37033
156 48 81 37035
113 67 128 37037
174 41 62 37039
134 57 105 37041
169 43 68 37043
149 51 89 37045
142 54 97 37047
142 54 97 37049
107 69 134 37051
169 43 68 37053
144 54 95 37055
167 44 70 37057
167 44 70 37059
138 56 101 37061
68 86 177 37063
91 76 152 37065
113 67 128 37067
133 58 107 37069
151 51 87 37071
129 60 111 37073
176 40 60 37075
124 62 117 37077
129 60 111 37079
104 70 138 37081
96 73 146 37083
144 54 95 37085
147 52 91 37087
147 52 91 37089
87 77 156 37091
113 67 128 37093
134 57 105 37095
156 48 81 37097
134 57 105 37099
151 51 87 37101
136 57 103 37103
134 57 105 37105
127 60 113 37107
165 45 72 37109
160 47 77 37113
145 53 93 37115
122 63 119 37117
167 44 70 37111
96 73 146 37119
174 41 62 37121
145 53 93 37123
149 51 89 37125
122 63 119 37127
127 60 113 37129
96 73 146 37131
154 49 83 37133
77 82 168 37135
145 53 93 37137
120 64 121 37139
149 51 89 37141
147 52 91 37143
138 56 101 37145
116 65 124 37147
147 52 91 37149
172 41 64 37151
131 59 109 37153
125 61 115 37155
149 51 89 37157
156 48 81 37159
165 45 72 37161
136 57 103 37163
115 66 126 37165
167 44 70 37167
172 41 64 37169
169 43 68 37171
144 54 95 37173
144 54 95 37175
136 57 103 37177
151 51 87 37179
98 73 144 37181
106 70 136 37183
91 76 152 37185
107 69 134 37187
122 63 119 37189
133 58 107 37191
172 41 64 37193
116 65 124 37195
178 39 58 37197
153 50 85 37199
178 39 58 38001
156 48 81 38003
133 58 107 38005
192 33 42 38007
172 41 64 38009
187 35 48 38011
191 34 44 38013
169 43 68 38015
138 56 101 38017
167 44 70 38019
169 43 68 38021
174 41 62 38023
182 38 54 38025
158 48 79 38027
191 34 44 38029
174 41 62 38031
191 34 44 38033
145 53 93 38035
185 36 50 38037
167 44 70 38039
187 35 48 38041
187 35 48 38043
167 44 70 38045
191 34 44 38047
178 39 58 38049
182 38 54 38051
183 37 52 38053
172 41 64 38055
187 35 48 38057
174 41 62 38059
156 48 81 38061
153 50 85 38063
189 35 46 38065
171 42 66 38067
172 41 64 38069
158 48 79 38071
145 53 93 38073
182 38 54 38075
160 47 77 38077
107 69 134 38079
147 52 91 38081
189 35 46 38083
95 74 148 38085
192 33 42 38087
185 36 50 38089
144 54 95 38091
165 45 72 38093
162 46 75 38095
153 50 85 38097
163 45 73 38099
171 42 66 38101
178 39 58 38103
185 36 50 38105
165 45 72 31001
189 35 46 31003
200 30 34 31005
201 29 32 31007
192 33 42 31009
185 36 50 31011
174 41 62 31013
191 34 44 31015
192 33 42 31017
169 43 68 31019
163 45 73 31021
178 39 58 31023
162 46 75 31025
187 35 48 31027
194 32 40 31029
192 33 42 31031
183 37 52 31033
182 38 54 31035
162 46 75 31037
178 39 58 31039
189 35 46 31041
138 56 101 31043
171 42 66 31045
165 45 72 31047
189 35 46 31049
174 41 62 31051
156 48 81 31053
124 62 117 31055
194 32 40 31057
172 41 64 31059
183 37 52 31061
189 35 46 31063
187 35 48 31065
156 48 81 31067
185 36 50 31069
189 35 46 31071
182 38 54 31073
201 29 32 31075
178 39 58 31077
158 48 79 31079
178 39 58 31081
185 36 50 31083
200 30 34 31085
191 34 44 31087
192 33 42 31089
192 33 42 31091
178 39 58 31093
167 44 70 31095
162 46 75 31097
180 38 56 31099
185 36 50 31101
196 32 38 31103
185 36 50 31105
178 39 58 31107
125 61 115 31109
178 39 58 31111
198 31 36 31113
187 35 48 31115
176 40 60 31119
201 29 32 31117
182 38 54 31121
187 35 48 31123
178 39 58 31125
165 45 72 31127
182 38 54 31129
160 47 77 31131
172 41 64 31133
191 34 44 31135
189 35 46 31137
191 34 44 31139
176 40 60 31141
182 38 54 31143
187 35 48 31145
171 42 66 31147
194 32 40 31149
149 51 89 31151
145 53 93 31153
167 44 70 31155
169 43 68 31157
167 44 70 31159
191 34 44 31161
171 42 66 31163
191 34 44 31165
183 37 52 31167
176 40 60 31169
196 32 38 31171
129 60 111 31173
182 38 54 31175
165 45 72 31177
171 42 66 31179
178 39 58 31181
185 36 50 31183
176 40 60 31185
140 55 99 33001
129 60 111 33003
113 67 128 33005
133 58 107 33007
107 69 134 33009
125 61 115 33011
122 63 119 33013
129 60 111 33015
118 64 122 33017
127 60 113 33019
116 65 124 34001
113 67 128 34003
109 68 132 34005
93 75 150 34007
140 55 99 34009
118 64 122 34011
71 84 173 34013
124 62 117 34015
77 82 168 34017
136 57 103 34019
91 76 152 34021
106 70 136 34023
131 59 109 34025
127 60 113 34027
153 50 85 34029
102 71 140 34031
138 56 101 34033
113 67 128 34035
151 51 87 34037
91 76 152 34039
147 52 91 34041
115 66 126 35001
172 41 64 35003
162 46 75 35005
125 61 115 35006
138 56 101 35007
165 45 72 35009
172 41 64 35011
113 67 128 35013
163 45 73 35015
122 63 119 35017
115 66 126 35019
156 48 81 35021
134 57 105 35023
171 42 66 35025
163 45 73 35027
116 65 124 35028
131 59 109 35029
96 73 146 35031
96 73 146 35033
154 49 83 35035
158 48 79 35037
93 75 150 35039
165 45 72 35041
129 60 111 35043
160 47 77 35045
87 77 156 35047
82 79 162 35049
154 49 83 35051
124 62 117 35053
84 79 160 35055
160 47 77 35057
176 40 60 35059
138 56 101 35061
142 54 97 32510
174 41 62 32001
116 65 124 32003
156 48 81 32005
178 39 58 32007
183 37 52 32009
194 32 40 32011
171 42 66 32013
180 38 56 32015
187 35 48 32017
163 45 73 32019
153 50 85 32021
163 45 73 32023
171 42 66 32027
158 48 79 32029
127 60 113 32031
176 40 60 32033
102 71 140 36001
163 45 73 36003
49 93 197 36005
129 60 111 36007
156 48 81 36009
136 57 103 36011
147 52 91 36013
144 54 95 36015
151 51 87 36017
125 61 115 36019
124 62 117 36021
133 58 107 36023
151 51 87 36025
125 61 115 36027
120 64 121 36029
129 60 111 36031
133 58 107 36033
156 48 81 36035
160 47 77 36037
149 51 89 36039
160 47 77 36041
156 48 81 36043
145 53 93 36045
66 86 179 36047
162 46 75 36049
151 51 87 36051
140 55 99 36053
113 67 128 36055
149 51 89 36057
118 64 122 36059
53 92 193 36061
142 54 97 36063
144 54 95 36065
113 67 128 36067
134 57 105 36069
129 60 111 36071
163 45 73 36073
147 52 91 36075
138 56 101 36077
140 55 99 36079
75 83 170 36081
127 60 113 36083
138 56 101 36085
118 64 122 36087
129 60 111 36091
120 64 121 36093
156 48 81 36095
151 51 87 36097
136 57 103 36099
134 57 105 36089
158 48 79 36101
131 59 109 36103
136 57 103 36105
151 51 87 36107
87 77 156 36109
116 65 124 36111
136 57 103 36113
144 54 95 36115
149 51 89 36117
93 75 150 36119
171 42 66 36121
145 53 93 36123
172 41 64 39001
158 48 79 39003
167 44 70 39005
142 54 97 39007
109 68 132 39009
180 38 56 39011
160 47 77 39013
171 42 66 39015
149 51 89 39017
167 44 70 39019
163 45 73 39021
142 54 97 39023
162 46 75 39025
171 42 66 39027
162 46 75 39029
163 45 73 39031
167 44 70 39033
91 76 152 39035
178 39 58 39037
156 48 81 39039
138 56 101 39041
133 58 107 39043
149 51 89 39045
165 45 72 39047
100 72 142 39049
158 48 79 39051
174 41 62 39053
147 52 91 39055
147 52 91 39057
162 46 75 39059
115 66 126 39061
162 46 75 39063
167 44 70 39065
167 44 70 39067
162 46 75 39069
174 41 62 39071
156 48 81 39073
182 38 54 39075
158 48 79 39077
167 44 70 39079
156 48 81 39081
158 48 79 39083
138 56 101 39085
163 45 73 39087
151 51 87 39089
171 42 66 39091
124 62 117 39093
109 68 132 39095
160 47 77 39097
120 64 121 39099
156 48 81 39101
147 52 91 39103
169 43 68 39105
182 38 54 39107
165 45 72 39109
165 45 72 39111
125 61 115 39113
162 46 75 39115
169 43 68 39117
156 48 81 39119
174 41 62 39121
144 54 95 39123
169 43 68 39125
160 47 77 39127
162 46 75 39129
156 48 81 39131
133 58 107 39133
172 41 64 39135
182 38 54 39137
158 48 79 39139
149 51 89 39141
147 52 91 39143
156 48 81 39145
154 49 83 39147
178 39 58 39149
140 55 99 39151
116 65 124 39153
129 60 111 39155
156 48 81 39157
160 47 77 39159
174 41 62 39161
165 45 72 39163
158 48 79 39165
162 46 75 39167
156 48 81 39169
165 45 72 39171
134 57 105 39173
167 44 70 39175
172 41 64 40001
192 33 42 40003
182 38 54 40005
196 32 38 40007
187 35 48 40009
176 40 60 40011
174 41 62 40013
163 45 73 40015
172 41 64 40017
171 42 66 40019
151 51 87 40021
174 41 62 40023
200 30 34 40025
147 52 91 40027
180 38 56 40029
147 52 91 40031
182 38 54 40033
171 42 66 40035
174 41 62 40037
174 41 62 40039
172 41 64 40041
192 33 42 40043
196 32 38 40045
174 41 62 40047
178 39 58 40049
180 38 56 40051
187 35 48 40053
180 38 56 40055
169 43 68 40057
194 32 40 40059
176 40 60 40061
172 41 64 40063
176 40 60 40065
182 38 54 40067
174 41 62 40069
171 42 66 40071
187 35 48 40073
171 42 66 40075
174 41 62 40077
176 40 60 40079
180 38 56 40081
171 42 66 40083
176 40 60 40085
194 32 40 40093
174 41 62 40095
171 42 66 40097
180 38 56 40087
180 38 56 40089
162 46 75 40091
174 41 62 40099
151 51 87 40101
176 40 60 40103
178 39 58 40105
167 44 70 40107
136 57 103 40109
154 49 83 40111
156 48 81 40113
167 44 70 40115
172 41 64 40117
153 50 85 40119
172 41 64 40121
165 45 72 40123
167 44 70 40125
180 38 56 40127
194 32 40 40129
176 40 60 40131
163 45 73 40133
172 41 64 40135
180 38 56 40137
183 37 52 40139
167 44 70 40141
145 53 93 40143
172 41 64 40145
169 43 68 40147
187 35 48 40149
185 36 50 40151
189 35 46 40153
172 41 64 41001
98 73 144 41003
120 64 121 41005
122 63 119 41007
138 56 101 41009
149 51 89 41011
171 42 66 41013
147 52 91 41015
131 59 109 41017
162 46 75 41019
167 44 70 41021
178 39 58 41023
178 39 58 41025
100 72 142 41027
134 57 105 41029
151 51 87 41031
154 49 83 41033
167 44 70 41035
182 38 54 41037
109 68 132 41039
118 64 122 41041
153 50 85 41043
171 42 66 41045
131 59 109 41047
165 45 72 41049
73 83 171 41051
133 58 107 41053
172 41 64 41055
133 58 107 41057
158 48 79 41059
163 45 73 41061
163 45 73 41063
136 57 103 41065
104 70 138 41067
176 40 60 41069
136 57 103 41071
156 48 81 42001
109 68 132 42003
171 42 66 42005
142 54 97 42007
183 37 52 42009
133 58 107 42011
165 45 72 42013
165 45 72 42015
124 62 117 42017
158 48 79 42019
156 48 81 42021
169 43 68 42023
154 49 83 42025
124 62 117 42027
115 66 126 42029
167 44 70 42031
167 44 70 42033
154 49 83 42035
154 49 83 42037
158 48 79 42039
142 54 97 42041
122 63 119 42043
104 70 138 42045
163 45 73 42047
125 61 115 42049
151 51 87 42051
163 45 73 42053
165 45 72 42055
187 35 48 42057
160 47 77 42059
169 43 68 42061
156 48 81 42063
176 40 60 42065
180 38 56 42067
120 64 121 42069
142 54 97 42071
149 51 89 42073
156 48 81 42075
120 64 121 42077
140 55 99 42079
163 45 73 42081
167 44 70 42083
145 53 93 42085
174 41 62 42087
124 62 117 42089
104 70 138 42091
151 51 87 42093
127 60 113 42095
163 45 73 42097
171 42 66 42099
62 88 183 42101
147 52 91 42103
180 38 56 42105
162 46 75 42107
167 44 70 42109
172 41 64 42111
167 44 70 42113
163 45 73 42115
172 41 64 42117
147 52 91 42119
162 46 75 42121
162 46 75 42123
145 53 93 42125
158 48 79 42127
151 51 87 42129
158 48 79 42131
151 51 87 42133
104 70 138 44001
125 61 115 44003
107 69 134 44005
104 70 138 44007
116 65 124 44009
147 52 91 45001
149 51 89 45003
73 83 171 45005
163 45 73 45007
96 73 146 45009
127 60 113 45011
136 57 103 45013
140 55 99 45015
125 61 115 45017
118 64 122 45019
160 47 77 45021
127 60 113 45023
134 57 105 45025
120 64 121 45027
131 59 109 45029
125 61 115 45031
120 64 121 45033
142 54 97 45035
140 55 99 45037
98 73 144 45039
127 60 113 45041
134 57 105 45043
147 52 91 45045
144 54 95 45047
104 70 138 45049
156 48 81 45051
111 67 130 45053
145 53 93 45055
147 52 91 45057
151 51 87 45059
95 74 148 45061
158 48 79 45063
102 71 140 45067
107 69 134 45069
124 62 117 45065
144 54 95 45071
167 44 70 45073
87 77 156 45075
172 41 64 45077
95 74 148 45079
151 51 87 45081
151 51 87 45083
111 67 130 45085
140 55 99 45087
91 76 152 45089
145 53 93 45091
167 44 70 46003
160 47 77 46005
145 53 93 46007
167 44 70 46009
142 54 97 46011
149 51 89 46013
165 45 72 46015
102 71 140 46017
182 38 54 46019
187 35 48 46021
162 46 75 46023
167 44 70 46025
118 64 122 46027
162 46 75 46029
127 60 113 46031
167 44 70 46033
156 48 81 46035
147 52 91 46037
162 46 75 46039
116 65 124 46041
187 35 48 46043
174 41 62 46045
169 43 68 46047
178 39 58 46049
162 46 75 46051
176 40 60 46053
198 31 36 46055
174 41 62 46057
178 39 58 46059
172 41 64 46061
201 29 32 46063
156 48 81 46065
172 41 64 46067
178 39 58 46069
158 48 79 46071
162 46 75 46073
189 35 46 46075
160 47 77 46077
149 51 89 46079
160 47 77 46081
153 50 85 46083
163 45 73 46085
140 55 99 46091
167 44 70 46087
180 38 56 46089
176 40 60 46093
147 52 91 46095
163 45 73 46097
140 55 99 46099
145 53 93 46101
55 91 191 46113
158 48 79 46103
189 35 46 46105
182 38 54 46107
138 56 101 46109
172 41 64 46111
154 49 83 46115
172 41 64 46117
182 38 54 46119
82 79 162 46121
178 39 58 46123
169 43 68 46125
160 47 77 46127
178 39 58 46129
149 51 89 46135
127 60 113 46137
156 48 81 47001
171 42 66 47003
169 43 68 47005
176 40 60 47007
169 43 68 47009
178 39 58 47011
178 39 58 47013
172 41 64 47015
171 42 66 47017
182 38 54 47019
165 45 72 47021
176 40 60 47023
180 38 56 47025
167 44 70 47027
182 38 54 47029
167 44 70 47031
167 44 70 47033
174 41 62 47035
102 71 140 47037
174 41 62 47039
169 43 68 47041
165 45 72 47043
172 41 64 47045
156 48 81 47047
183 37 52 47049
162 46 75 47051
162 46 75 47053
163 45 73 47055
185 36 50 47057
178 39 58 47059
172 41 64 47061
174 41 62 47063
140 55 99 47065
185 36 50 47067
129 60 111 47069
182 38 54 47071
180 38 56 47073
113 67 128 47075
178 39 58 47077
167 44 70 47079
169 43 68 47081
162 46 75 47083
160 47 77 47085
165 45 72 47087
178 39 58 47089
183 37 52 47091
147 52 91 47093
158 48 79 47095
134 57 105 47097
178 39 58 47099
176 40 60 47101
176 40 60 47103
172 41 64 47105
185 36 50 47111
136 57 103 47113
163 45 73 47115
165 45 72 47117
158 48 79 47119
176 40 60 47107
178 39 58 47109
174 41 62 47121
176 40 60 47123
142 54 97 47125
180 38 56 47127
182 38 54 47129
174 41 62 47131
167 44 70 47133
172 41 64 47135
172 41 64 47137
176 40 60 47139
165 45 72 47141
178 39 58 47143
171 42 66 47145
165 45 72 47147
149 51 89 47149
187 35 48 47151
176 40 60 47153
180 38 56 47155
98 73 144 47157
169 43 68 47159
169 43 68 47161
174 41 62 47163
163 45 73 47165
165 45 72 47167
156 48 81 47169
178 39 58 47171
182 38 54 47173
171 42 66 47175
163 45 73 47177
163 45 73 47179
189 35 46 47181
169 43 68 47183
176 40 60 47185
156 48 81 47187
163 45 73 47189
174 41 62 48001
180 38 56 48003
165 45 72 48005
169 43 68 48007
194 32 40 48009
198 31 36 48011
149 51 89 48013
176 40 60 48015
171 42 66 48017
180 38 56 48019
144 54 95 48021
187 35 48 48023
136 57 103 48025
138 56 101 48027
113 67 128 48029
171 42 66 48031
196 32 38 48033
182 38 54 48035
163 45 73 48037
145 53 93 48039
147 52 91 48041
131 59 109 48043
189 35 46 48045
75 83 170 48047
189 35 46 48049
172 41 64 48051
174 41 62 48053
138 56 101 48055
156 48 81 48057
192 33 42 48059
93 75 150 48061
160 47 77 48063
196 32 38 48065
176 40 60 48067
163 45 73 48069
178 39 58 48071
172 41 64 48073
189 35 46 48075
191 34 44 48077
172 41 64 48079
192 33 42 48081
191 34 44 48083
140 55 99 48085
187 35 48 48087
169 43 68 48089
169 43 68 48091
183 37 52 48093
185 36 50 48095
183 37 52 48097
160 47 77 48099
185 36 50 48101
171 42 66 48103
162 46 75 48105
162 46 75 48107
102 71 140 48109
185 36 50 48111
100 72 142 48113
169 43 68 48115
160 47 77 48117
178 39 58 48119
142 54 97 48121
180 38 56 48123
185 36 50 48125
89 76 154 48127
187 35 48 48129
89 76 154 48131
191 34 44 48133
160 47 77 48135
160 47 77 48137
163 45 73 48139
86 78 158 48141
182 38 54 48143
153 50 85 48145
178 39 58 48147
176 40 60 48149
169 43 68 48151
171 42 66 48153
171 42 66 48155
116 65 124 48157
183 37 52 48159
176 40 60 48161
116 65 124 48163
187 35 48 48165
144 54 95 48167
183 37 52 48169
180 38 56 48171
200 30 34 48173
163 45 73 48175
165 45 72 48177
194 32 40 48179
171 42 66 48181
160 47 77 48183
169 43 68 48185
153 50 85 48187
167 44 70 48189
183 37 52 48191
187 35 48 48193
194 32 40 48195
182 38 54 48197
189 35 46 48199
113 67 128 48201
162 46 75 48203
194 32 40 48205
178 39 58 48207
127 60 113 48209
191 34 44 48211
176 40 60 48213
86 78 158 48215
174 41 62 48217
180 38 56 48219
183 37 52 48221
176 40 60 48223
167 44 70 48225
174 41 62 48227
144 54 95 48229
174 41 62 48231
191 34 44 48233
189 35 46 48235
194 32 40 48237
180 38 56 48239
176 40 60 48241
145 53 93 48243
122 63 119 48245
71 84 173 48247
113 67 128 48249
176 40 60 48251
182 38 54 48253
162 46 75 48255
165 45 72 48257
178 39 58 48259
115 66 126 48261
185 36 50 48263
174 41 62 48265
191 34 44 48267
205 28 28 48269
153 50 85 48271
120 64 121 48273
178 39 58 48275
176 40 60 48277
174 41 62 48279
178 39 58 48281
111 67 130 48283
185 36 50 48285
172 41 64 48287
189 35 46 48289
174 41 62 48291
169 43 68 48293
192 33 42 48295
180 38 56 48297
178 39 58 48299
200 30 34 48301
158 48 79 48303
174 41 62 48305
172 41 64 48313
162 46 75 48315
183 37 52 48317
180 38 56 48319
160 47 77 48321
71 84 173 48323
182 38 54 48307
147 52 91 48309
196 32 38 48311
162 46 75 48325
178 39 58 48327
174 41 62 48329
167 44 70 48331
191 34 44 48333
182 38 54 48335
192 33 42 48337
169 43 68 48339
172 41 64 48341
158 48 79 48343
200 30 34 48345
156 48 81 48347
167 44 70 48349
167 44 70 48351
171 42 66 48353
125 61 115 48355
194 32 40 48357
196 32 38 48359
178 39 58 48361
180 38 56 48363
178 39 58 48365
183 37 52 48367
156 48 81 48369
144 54 95 48371
172 41 64 48373
162 46 75 48375
91 76 152 48377
187 35 48 48379
183 37 52 48381
176 40 60 48383
182 38 54 48385
171 42 66 48387
116 65 124 48389
147 52 91 48391
203 29 30 48393
154 49 83 48395
167 44 70 48397
189 35 46 48399
172 41 64 48401
187 35 48 48403
165 45 72 48405
174 41 62 48407
145 53 93 48409
189 35 46 48411
174 41 62 48413
185 36 50 48415
198 31 36 48417
176 40 60 48419
192 33 42 48421
162 46 75 48423
185 36 50 48425
68 86 177 48427
192 33 42 48429
191 34 44 48431
176 40 60 48433
171 42 66 48435
172 41 64 48437
133 58 107 48439
171 42 66 48441
153 50 85 48443
167 44 70 48445
192 33 42 48447
160 47 77 48449
167 44 70 48451
91 76 152 48453
176 40 60 48455
182 38 54 48457
183 37 52 48459
171 42 66 48461
133 58 107 48463
118 64 122 48465
187 35 48 48467
160 47 77 48469
154 49 83 48471
149 51 89 48473
169 43 68 48475
169 43 68 48477
77 82 168 48479
158 48 79 48481
196 32 38 48483
169 43 68 48485
174 41 62 48487
89 76 154 48489
134 57 105 48491
165 45 72 48493
171 42 66 48495
185 36 50 48497
185 36 50 48499
176 40 60 48501
191 34 44 48503
91 76 152 48505
69 85 175 48507
191 34 44 49001
191 34 44 49003
176 40 60 49005
171 42 66 49007
182 38 54 49009
171 42 66 49011
198 31 36 49013
194 32 40 49015
183 37 52 49017
133 58 107 49019
185 36 50 49021
191 34 44 49023
172 41 64 49025
196 32 38 49027
191 34 44 49029
201 29 32 49031
194 32 40 49033
133 58 107 49035
144 54 95 49037
192 33 42 49039
196 32 38 49041
118 64 122 49043
172 41 64 49045
196 32 38 49047
185 36 50 49049
165 45 72 49051
180 38 56 49053
176 40 60 49055
162 46 75 49057
133 58 107 51001
104 70 138 51003
71 84 173 51510
156 48 81 51005
154 49 83 51007
151 51 87 51009
165 45 72 51011
71 84 173 51013
171 42 66 51015
162 46 75 51017
169 43 68 51019
183 37 52 51021
167 44 70 51023
163 45 73 51520
104 70 138 51025
176 40 60 51027
133 58 107 51029
158 48 79 51530
167 44 70 51031
129 60 111 51033
176 40 60 51035
102 71 140 51036
144 54 95 51037
66 86 179 51540
125 61 115 51550
127 60 113 51041
144 54 95 51043
160 47 77 51570
140 55 99 51580
176 40 60 51045
147 52 91 51047
134 57 105 51049
104 70 138 51590
172 41 64 51051
133 58 107 51053
93 75 150 51595
125 61 115 51057
93 75 150 51059
98 73 144 51600
73 83 171 51610
147 52 91 51061
158 48 79 51063
133 58 107 51065
162 46 75 51067
98 73 144 51620
156 48 81 51069
102 71 140 51630
158 48 79 51640
167 44 70 51071
160 47 77 51073
147 52 91 51075
176 40 60 51077
154 49 83 51079
104 70 138 51081
136 57 103 51083
89 76 154 51650
154 49 83 51085
107 69 134 51660
106 70 136 51087
149 51 89 51089
162 46 75 51091
115 66 126 51670
144 54 95 51093
129 60 111 51095
138 56 101 51097
151 51 87 51099
156 48 81 51101
133 58 107 51103
180 38 56 51105
98 73 144 51678
111 67 130 51107
147 52 91 51109
138 56 101 51111
134 57 105 51680
153 50 85 51113
111 67 130 51683
98 73 144 51685
102 71 140 51690
156 48 81 51115
133 58 107 51117
147 52 91 51119
125 61 115 51121
129 60 111 51125
158 48 79 51127
102 71 140 51700
87 77 156 51710
115 66 126 51131
147 52 91 51133
163 45 73 51720
134 57 105 51135
147 52 91 51137
167 44 70 51139
172 41 64 51141
51 92 195 51730
158 48 79 51143
171 42 66 51735
91 76 152 51740
167 44 70 51145
120 64 121 51147
138 56 101 51149
107 69 134 51153
160 47 77 51155
124 62 117 51750
140 55 99 51157
144 54 95 51159
68 86 177 51760
151 51 87 51161
109 68 132 51770
151 51 87 51163
163 45 73 51165
176 40 60 51167
147 52 91 51775
182 38 54 51169
163 45 73 51171
172 41 64 51173
136 57 103 51175
140 55 99 51177
133 58 107 51179
124 62 117 51790
111 67 130 51800
116 65 124 51181
107 69 134 51183
182 38 54 51185
129 60 111 51810
158 48 79 51187
171 42 66 51191
136 57 103 51820
129 60 111 51193
86 78 158 51830
122 63 119 51840
178 39 58 51195
172 41 64 51197
142 54 97 51199
95 74 148 50001
106 70 136 50003
120 64 121 50005
84 79 160 50007
142 54 97 50009
124 62 117 50011
111 67 130 50013
98 73 144 50015
109 68 132 50017
125 61 115 50019
122 63 119 50021
93 75 150 50023
87 77 156 50025
96 73 146 50027
162 46 75 53001
153 50 85 53003
151 51 87 53005
140 55 99 53007
127 60 113 53009
127 60 113 53011
167 44 70 53013
140 55 99 53015
154 49 83 53017
154 49 83 53019
142 54 97 53021
171 42 66 53023
162 46 75 53025
133 58 107 53027
122 63 119 53029
98 73 144 53031
80 80 164 53033
118 64 122 53035
140 55 99 53037
142 54 97 53039
158 48 79 53041
171 42 66 53043
133 58 107 53045
144 54 95 53047
133 58 107 53049
160 47 77 53051
120 64 121 53053
89 76 154 53055
124 62 117 53057
138 56 101 53059
113 67 128 53061
134 57 105 53063
163 45 73 53065
115 66 126 53067
147 52 91 53069
142 54 97 53071
111 67 130 53073
127 60 113 53075
140 55 99 53077
144 54 95 55001
116 65 124 55003
147 52 91 55005
116 65 124 55007
134 57 105 55009
144 54 95 55011
149 51 89 55013
145 53 93 55015
142 54 97 55017
154 49 83 55019
127 60 113 55021
129 60 111 55023
82 79 162 55025
151 51 87 55027
127 60 113 55029
118 64 122 55031
136 57 103 55033
120 64 121 55035
165 45 72 55037
149 51 89 55039
147 52 91 55041
134 57 105 55043
122 63 119 55045
158 48 79 55047
111 67 130 55049
144 54 95 55051
134 57 105 55053
140 55 99 55055
147 52 91 55057
125 61 115 55059
149 51 89 55061
116 65 124 55063
133 58 107 55065
153 50 85 55067
144 54 95 55069
145 53 93 55071
142 54 97 55073
154 49 83 55075
145 53 93 55077
69 85 175 55078
91 76 152 55079
145 53 93 55081
156 48 81 55083
140 55 99 55085
136 57 103 55087
142 54 97 55089
145 53 93 55091
138 56 101 55093
151 51 87 55095
122 63 119 55097
147 52 91 55099
129 60 111 55101
129 60 111 55103
116 65 124 55105
154 49 83 55107
125 61 115 55111
144 54 95 55113
154 49 83 55115
140 55 99 55117
144 54 95 55109
165 45 72 55119
134 57 105 55121
129 60 111 55123
147 52 91 55125
144 54 95 55127
145 53 93 55129
162 46 75 55131
149 51 89 55133
151 51 87 55135
153 50 85 55137
133 58 107 55139
142 54 97 55141
174 41 62 54001
158 48 79 54003
172 41 64 54005
163 45 73 54007
162 46 75 54009
147 52 91 54011
178 39 58 54013
176 40 60 54015
187 35 48 54017
160 47 77 54019
172 41 64 54021
192 33 42 54023
162 46 75 54025
178 39 58 54027
163 45 73 54029
172 41 64 54031
160 47 77 54033
171 42 66 54035
140 55 99 54037
144 54 95 54039
176 40 60 54041
172 41 64 54043
180 38 56 54045
156 48 81 54049
171 42 66 54051
174 41 62 54053
169 43 68 54047
174 41 62 54055
178 39 58 54057
185 36 50 54059
136 57 103 54061
176 40 60 54063
172 41 64 54065
176 40 60 54067
154 49 83 54069
169 43 68 54071
174 41 62 54073
163 45 73 54075
174 41 62 54077
167 44 70 54079
171 42 66 54081
165 45 72 54083
189 35 46 54085
169 43 68 54087
167 44 70 54089
169 43 68 54091
171 42 66 54093
185 36 50 54095
176 40 60 54097
171 42 66 54099
176 40 60 54101
171 42 66 54103
182 38 54 54105
167 44 70 54107
185 36 50 54109
134 57 105 56001
189 35 46 56003
198 31 36 56005
172 41 64 56007
192 33 42 56009
198 31 36 56011
165 45 72 56013
182 38 54 56015
182 38 54 56017
183 37 52 56019
158 48 79 56021
187 35 48 56023
174 41 62 56025
194 32 40 56027
180 38 56 56029
182 38 54 56031
172 41 64 56033
183 37 52 56035
176 40 60 56037
102 71 140 56039
183 37 52 56041
185 36 50 56043
194 32 40 56045
