12033 45.426532256210955
12086 35.475752747972614
13097 44.152972146712315
13103 39.25914160821921
16013 38.83663006712326
17001 40.923532672901935
17035 39.32210157441924
18075 41.49187117377256
18103 40.78071458849319
18173 41.18556161121262
19041 38.431146247260294
19047 39.3886393210959
19079 37.86958352109591
19195 38.76832203563015
20005 40.94638134315066
20045 41.104485931492064
20091 40.69184487805563
20109 43.84509418630135
20171 44.363874035616426
20177 40.4123756623841
20203 44.40793943013699
21039 43.54013799450689
21049 39.873065364931485
21105 43.50181916712331
21165 40.82009983287672
21197 40.736973716438364
21199 42.91558356180906
22007 45.53954797673153
22097 45.39181574015068
23023 35.05390398664383
24019 43.058518978985454
24027 37.9406447023014
25001 42.15646673857534
26033 38.06336875030137
26041 40.13725470758082
26099 36.98730875212523
26159 41.87689400803646
27031 36.90077471095893
27037 35.95849443063864
27095 37.78729969434792
27149 37.714286500452026
29057 44.111151652054794
30039 38.83119887671233
31151 38.15228376917805
32001 42.29192356984385
34015 39.349112173136724
35045 44.7607072335452
35047 45.38663501096164
36009 42.2041923624411
36039 40.688785137534246
37061 42.35884781970904
37185 43.81606364201642
39011 41.018580245831245
39093 38.976004739001894
39133 40.89903909599258
40033 43.60909835342466
40097 45.9509871424485
40111 44.55816694191784
41041 32.4050936583315
41067 30.8037892082849
42027 41.413693762008236
42057 40.98030110228136
45039 43.019407754520564
47027 43.604453110958886
47123 47.0928016634137
47189 43.43154148583563
48043 43.666228419167105
48057 39.847121292054766
48115 44.689906269863
48165 45.169421714145216
48171 42.83309560657534
48191 43.60433155342466
48287 42.6019818082192
48295 44.22393184109589
48325 42.293223694863
48331 43.0435916966849
48363 45.49250495555071
48447 43.952777073972605
5011 43.21430990465754
5071 43.353785045208205
5077 44.56158750410962
5079 43.68274556095891
5123 44.59298475661917
5137 43.51052648676162
53011 31.53228447540274
53065 35.719600610054805
54001 42.786541208904154
54085 41.96044379818439
54097 42.93737771459724
55077 41.1221079342466
55081 40.26202809285752
55121 39.21018638219179
56043 41.70475608309864
6029 50.266531413848256
6045 31.103396369999984
8037 45.247927057139705
8047 46.35692000273971
8063 43.62261134154247
2180 41.40511617336473
12005 44.130916475758895
13145 41.89899089589039
13181 41.18719251643837
13285 42.208324103136974
17033 39.181431716902146
17133 41.75521717123726
17141 38.80405767646986
18023 40.6850052479452
18181 40.29058558287671
19009 37.87537363014521
19103 38.12196351847317
19171 38.07770535024657
19173 37.201245141575335
20013 39.97888551140549
21009 43.845477083013705
22115 43.03778137716713
22125 45.44944446301918
24013 40.91228069855066
24045 42.144947678449306
25009 38.0517505044742
26039 39.06198295945204
26091 40.01275181951099
27049 39.00851782739721
27123 34.173952956365234
27145 36.79699797372056
27157 38.9313943424521
29109 44.19233312641639
29155 43.92254127991778
29229 42.772811541780825
32013 41.02134490410955
34025 40.57676586462138
35043 45.975410684835666
36019 39.6617995865918
37017 42.905221746129584
37053 43.527490046180816
37079 42.84787573835609
37103 42.093145487664906
38023 36.30707086849316
38033 39.030130065753426
38079 35.1340422369863
39065 41.44886536830793
39085 40.6582578473674
40055 43.45121410547949
40087 43.06322810456163
41029 36.97855333249861
42061 40.850937373046584
42131 40.89046001211809
45041 42.33115589372161
45073 44.67383191305754
47015 44.06108970867671
47063 46.04168036256709
47155 47.94303112693153
48135 44.406356678578085
48175 40.250023941095854
48189 44.762958120254794
48409 36.88365290121231
48499 46.64316732657535
5005 42.780429849605476
5053 43.23318497945206
51033 42.168213243449316
51079 44.4159693926959
51131 44.63497280092335
54049 42.08209056773837
54063 43.195420071257494
54073 41.998201104109604
55019 39.57003322431511
56009 44.210491695205484
6005 44.939389648391774
6077 38.27678488275619
6093 37.787681694509565
8003 43.739388844520555
8051 45.18055217945208
8061 43.959271997260295
8071 44.68900991460545
8075 43.359465098621925
8115 42.90705544109592
2020 41.40511617336473
1027 41.15192584589041
12003 40.744003607534225
13123 44.87310619945207
13183 38.80820165114795
13217 43.89775006007395
13297 43.90046227747126
16005 41.39700590163557
16019 41.5709603693479
16049 38.621933325479446
17011 39.33621243726028
17023 38.44802172739727
17027 41.568492378082134
17093 38.038482986027404
17139 39.40626863630135
17163 40.584992646121336
17171 41.62342112465754
18007 40.017815802761646
18123 42.95062622082194
19053 38.23735175616169
19111 39.22787364631833
19177 38.27701836575343
19193 39.244473527723294
20039 42.74861871780821
20067 44.20965243424659
21007 43.457302340643864
21175 41.02749988328769
22035 44.528522813687715
22065 44.62601160383561
22107 44.80611993515343
23015 36.20045578268767
24017 41.04781226145288
26147 38.267272690093435
27005 37.449925233424665
27043 38.4967892072849
28137 44.986475591232875
28143 45.02808598630137
28147 43.92594479725478
28163 43.19001179679177
29079 39.738599150000006
29085 43.317665661213724
29159 42.2392168328904
29510 39.16968267474298
30047 36.79320920136989
30057 40.764088721482175
30097 40.376981353424675
30111 39.767658337934265
31003 39.875345863005485
31063 42.138123706849306
31149 40.46848205479453
31155 37.58994713863015
32009 46.11175108219181
33015 37.40798275612876
34017 31.444647127150674
34031 36.94811456241094
35006 45.43801122307398
35021 44.04098883013699
35025 45.474649487358924
35027 45.06346437095892
36107 40.231963584657514
37005 44.1297176310493
37047 42.000785320132024
37111 44.51340154438356
38001 38.591434073972586
38097 35.72547277808219
39005 40.660145188767885
39025 41.376888548150696
39031 40.73803318493148
39131 40.307611384000815
40047 43.435582972830126
40089 43.43234167636988
41065 37.01948851986302
42055 40.92361542354191
42101 35.86120636153668
42105 41.90752664547943
45029 40.179189541849574
45083 43.91353499706571
46007 42.421505743835624
46057 39.07377548767122
46099 38.71923793452684
46109 37.8648439705479
46117 39.897540942465724
47011 45.15170227023537
48029 42.12683409438632
48067 45.281070223887674
48113 44.81037097396628
48301 44.92278222191777
48303 44.420248999071255
48411 42.57193320547942
48433 43.720034167123295
48503 44.554139541780856
48505 37.54501969133149
5003 44.05541462660546
54053 39.46215685339478
55039 40.756567414794546
55123 40.29065433775314
6047 41.993931717981894
6105 36.07634509260273
8021 43.91106554520547
9007 40.23819634522219
2164 41.40511617336473
1005 40.60052107610139
1133 41.90109323210409
12031 40.39501582461369
13175 41.61334815721639
13209 40.374501943378064
16067 39.27619012547943
17025 40.53245812808216
17045 38.17376472493151
17053 39.516483122191794
17159 39.937896035068505
18069 40.769448612172596
18169 40.91484853253423
19013 38.21158955650961
19125 37.806052651027436
19139 38.760182367123285
19145 36.878399628328744
19153 36.41940967732492
20021 45.034591135630166
20035 43.17022567447753
20063 43.920310879452096
20065 42.97525682876711
20073 41.76696115795698
20093 44.081278504109584
20103 41.37626436150821
20121 42.31671927568493
20127 41.12558892602738
20183 41.3023371561644
21031 43.2339564219178
21067 39.2443920691608
21103 42.13372162520548
21183 43.00604217184385
21225 42.34047008150686
22121 43.74092602027396
23017 34.85636381032055
26087 39.43413828961644
26109 39.83535350254791
26141 38.671423041539725
26145 38.442439177311535
27025 38.02479175698629
27061 36.14985690686572
28131 43.41534699358903
28153 41.55080522054794
29019 41.87347268908658
29171 39.04805698767125
30011 40.67203675616437
31061 41.02337039315071
31119 39.60002394947668
31175 40.322576532876724
32510 42.49779880508767
34007 37.86184976703972
34027 40.12615726882188
35035 45.1770102483589
36045 39.596779845260265
36081 31.67400048581452
37097 45.13953202310113
38053 37.27750132808218
39035 37.51268071214711
39037 41.30336192621916
40123 44.20849161479451
4019 44.058777194405494
41021 37.8121275863014
41047 33.328895860356155
41055 37.60262254246574
42013 40.72018541412055
42043 40.020028767246295
42091 38.662008369705184
45019 39.15756082076328
46053 39.8551208123288
47101 43.596635571232845
48007 38.95847709369862
48019 43.12219370849314
48121 46.75271407612959
48149 42.3613264571452
48193 44.0681677178411
48267 42.16561165068493
48285 41.38795929131041
48419 43.86807064794795
48439 45.83753937325999
48469 39.69563380000932
48501 45.28176596712328
49047 46.78198535344657
5051 43.19714910520546
5111 44.34603862973701
51141 43.299401819178044
51197 43.959167424200864
51199 42.796181888255326
5125 43.28652197808108
51570 41.485016986301346
51620 42.70048378630136
51710 40.596611034097236
51790 43.934660896350664
53003 38.00025252464384
54065 41.126963913698646
55119 39.473224269394564
56015 43.7280357493151
6039 44.47210497842435
8011 43.96544235342468
8023 44.57967204520548
8069 43.948657131342436
8085 44.74178192739727
1077 43.20480432998904
1121 40.27238104621284
12029 40.45556149953149
12109 41.21594903321918
13039 40.26705448246577
13091 41.433098282649304
13095 41.3384286531726
13131 41.06857812742188
13257 44.0921420520548
13267 39.45070511068494
13271 40.57499313791781
13281 46.07008020912049
16003 39.6564923013699
16031 40.121276397249304
17101 39.76286593041096
17169 40.602327100458346
18071 42.105958177534276
18095 41.20310484707125
19055 39.35483822671234
19065 39.29609935890681
19067 38.88790584328765
19157 37.98052446465758
21021 42.05567353192576
21061 43.83230462671228
21085 43.43412954872686
21109 41.9350838904274
21231 43.54134254246575
22017 44.648845302808205
22071 42.574308834834525
22087 43.83240925058354
27003 35.8303649387633
27069 34.54584028630137
28017 43.10683710616438
28029 43.47403368404929
28047 45.25436138002745
28069 41.506901628767096
30059 39.674064452054786
30087 39.974579882876725
31127 38.300047760273976
31131 37.624676018630154
31145 42.34959862921915
32015 42.52450000273973
34001 42.72544229569482
34003 35.00752357159725
34005 39.29815878060325
34039 36.14655325087177
35053 44.5949992680493
36017 40.97400413149318
36087 39.35262456145423
36121 41.19911271379449
37177 42.46309697534249
38067 34.66523342027402
39071 42.035384173221374
39079 39.61929254360629
39161 41.11747632845208
4003 45.57135302581372
40057 43.519118265753434
40063 44.12191842739726
41049 37.85270041780822
42007 38.882025700662474
42089 41.24313016882737
42117 41.17596044547944
46075 40.55767063561643
46085 39.59503440273971
46087 39.15215526164386
46091 37.748828383561666
47009 47.455115850980846
47095 43.511661809589064
47127 43.73100866164385
48027 43.68663393634577
48039 42.41521458517069
48225 44.533865801594516
48297 39.56268216164386
49025 49.17606004520544
49045 46.021930247805486
5007 45.21772101085752
51025 43.251981150684934
51091 44.186902786301395
51105 43.88820211324107
51111 43.41661544839257
51165 44.35677015775067
51590 43.292704520098646
53005 37.07827324597264
53029 27.77386330294796
54051 41.82123664960985
55007 36.74455258794519
55065 39.85338524767124
55083 39.73746531780818
55095 38.165446430958916
55103 40.34033808767127
56017 42.819246657534265
56045 43.256335869863015
6065 48.941593710331524
6111 44.8890509533096
2013 41.40511617336473
2060 41.40511617336473
1059 42.96516445113975
1093 42.40307345856166
12103 41.00085168276712
13021 43.08256784868767
13077 43.35528666630137
13115 43.37724983232882
13149 42.58530863287123
13157 43.75859214395616
13163 41.26869393493151
13185 40.39232002147945
13201 40.901365470287665
13215 41.602094648008226
13225 42.38986723881643
13321 41.43439496493151
17147 39.16056884178083
18009 41.34433514315072
18013 41.54280111301369
18091 40.82168015998135
19005 39.507493851506865
19095 38.08238477534249
20081 44.366953186301366
21093 42.530952445591815
21167 41.78465468547945
22053 43.78528662659727
22093 43.128230637186014
22095 42.24671780994576
23011 34.72642821219179
23025 34.78378655214521
26031 38.76287907226029
26057 39.15377391068494
26067 39.386003212848486
26157 39.175618270402786
27023 38.31017149452055
27083 39.14645015302191
27105 39.105702384016475
27119 35.68108642301369
28015 43.05854252328769
28115 43.68338873287398
29111 40.2979342431507
29145 44.746801465073936
30075 41.12176483561642
30091 36.86415002328767
31015 39.710094747945206
34029 42.442902400854805
35007 44.49903875706303
36007 40.51602782332525
36035 38.90542119304029
36043 39.10982121023092
36057 38.471276626779435
37101 43.82540570421919
37119 44.22445017380167
37189 44.58531426616988
38093 36.05390010455069
39123 40.742448581473155
39173 39.10258140391394
40029 43.82488099589039
40035 45.74515633315065
40051 42.99001379041099
4007 49.36980126975617
40083 44.634424482534214
41011 32.66578453993974
41023 38.486000480821914
42083 42.15688695134247
44009 41.41546633619725
45005 40.31755044654821
45007 44.47796367848219
45017 41.527493491301385
45033 43.14302781234435
45051 41.52595020286135
46011 39.17964640457261
46095 40.82556870958904
47085 44.092662822465755
47109 43.55596565870683
47133 43.98770585478083
47151 44.15959152986299
48035 44.8154619870466
48093 43.68765827191781
48185 44.64581646437533
48241 43.16117218527395
48277 44.411474888589034
48339 45.41275288931781
48375 43.96136787034518
48387 44.84660765547947
48485 43.61808743249859
49005 45.186123034893164
50021 40.03614123589042
5049 42.96339854794522
5075 43.695638606380825
51027 41.949144082186564
51071 43.433372789041094
51077 44.23142611945206
51580 42.92820936986299
51630 40.837995900890405
51840 41.40614907068491
54007 42.02066195432139
54045 41.03649074794217
54057 41.839423810954514
54093 43.51912904018083
54109 41.90856360319534
55037 39.58422582739724
55059 39.073469619952874
55133 38.33785843155643
8027 45.31917976986305
8055 44.62598272602737
8057 44.938033208219196
1057 41.93943717534248
1117 41.233298828124646
12067 40.294251084931496
12111 37.128606530454796
13247 43.511616395794555
13315 41.39625318287671
16025 39.982804528767126
17031 34.92597247522326
18003 39.88961171541067
18043 39.881860405342465
18117 42.7234107867644
18159 41.171086518493155
19169 37.0284182020548
20049 42.852748164383534
20157 40.35486940275342
21001 42.9930710904293
21051 42.338643754775326
21143 43.495671027400036
21211 41.864489180839996
21235 43.128835902397256
22085 43.35758552836711
23005 33.630297408409575
23019 35.02746509689318
24023 42.49309380349672
24041 42.862225364657526
26007 38.260827117821954
26035 38.768969059512344
27077 35.29972140136987
27143 38.78114128561646
27151 37.903936924657536
28019 42.635939134238335
28039 42.550978666849325
28077 43.342025442008214
28083 43.58191687191782
28093 44.657460009134226
28123 42.59093251734248
29073 42.499337619726035
29105 42.918014364369846
29113 43.016473883376996
29115 40.33001722027397
29125 42.471975656613715
29175 41.56600128492874
29199 39.00456675068492
29217 43.870371448389044
30003 40.76110772109588
30081 38.4192122189041
31113 41.95263318904106
32007 42.28109614852332
35055 45.255412453408205
36021 40.72701150593892
36061 30.284040300220283
36065 38.58883573447177
37003 44.367826463402764
37007 43.91255749179919
37025 45.607064931564345
37039 46.73235406067397
37075 47.736863463008206
37159 45.74716943232686
38031 35.586100219178086
38075 35.41541072328765
39113 40.3889760046619
40059 43.53949078767124
42051 41.14007952475775
42077 39.71470613085644
45067 42.19888514212331
47025 44.21805223989039
47091 44.755390711232856
48015 43.36161526302108
48105 42.87573352876712
48127 39.621022569862994
48237 45.7638168009197
48251 46.29046339590385
48421 45.013704852054765
5001 44.110815804794534
5099 43.064838437473945
51035 43.90376520822736
51061 40.76999429186355
51133 43.408554456164374
51153 39.89891255637645
51800 42.123499356561645
53009 29.4206442387808
53057 28.148760857154226
53063 36.918479850961674
55078 39.85617154246578
55113 37.75757054473702
6033 34.73815805500274
8045 45.13079018106024
8049 45.74457885114798
8109 44.225530668493136
8117 45.73164064547948
9001 39.809515562175086
2068 41.40511617336473
12009 39.37924597762468
12023 40.56245710136441
12045 42.39973373605752
12101 42.499322409997234
13053 41.49962741534245
17007 38.51017188767562
17081 41.677043944928776
18057 40.43696128620821
18099 40.93755170023916
19017 38.93251355239724
19099 37.54889948736167
20037 44.67890902413972
20145 42.837782702739766
20175 44.33688259835613
20207 42.67914835616438
21135 40.43840097191787
22001 44.63039359817807
22013 43.931512951780824
22029 45.04053296602739
22043 43.509285143013734
23029 36.23997977154792
24011 41.835755266067935
25003 42.6225143534192
26009 39.66598399413699
26021 42.20503583225342
26049 38.64551195173398
26101 40.24428844383016
26165 39.47307509212332
27029 36.78373896166576
28049 42.99273813582189
28067 42.318663073202714
28075 42.08046215385752
28161 43.781012092260276
29063 40.65178788630137
29119 45.072066375342466
29129 39.0620291
29143 43.65069345480823
29167 43.6575835863014
30001 40.07287288767946
30023 39.4321318584493
31083 41.37630288219176
33019 38.46975067945208
36115 39.76383878678216
37045 44.02488735779971
37051 44.026945620035306
37071 44.166908298664374
37169 42.78673388978902
38089 37.72424640582192
39077 40.349704071901336
39107 41.27521732388218
39159 41.711732368493124
39163 40.272756869400006
40031 43.630020356585746
40073 43.59498100205482
4015 47.2363342122356
41069 37.889388523287664
42063 41.533112676945244
42069 41.206900831132316
42085 40.94116012976054
42121 41.57247778157533
45013 41.385537568219185
45087 42.961894395409054
46037 38.378311246547966
46039 39.1861497150685
46073 39.107645117808225
46107 38.733389860273995
47023 43.682679825567156
47033 44.18930772328766
47141 43.961817426468514
48025 39.61318205713591
48229 44.12799673698629
48273 36.15084952602736
48373 44.398143932054815
48377 42.934618336986304
48393 44.49944966849316
49033 46.22990641369869
50019 37.62121112219178
5031 43.94896939724383
5067 44.22265473041097
5095 44.27663185755616
51143 43.08060351321369
51169 44.04376129223371
51680 42.45436793827755
53019 35.341909205479475
54061 41.80902297968932
54079 39.923157884383556
54101 43.51812733331694
55027 41.19359383123284
55033 38.244219881164376
55139 39.83869224875068
6009 44.944995209315046
8015 45.28654344328762
8059 41.471867246102754
8093 45.35285079945207
2070 41.40511617336473
1029 42.24397967054796
1087 40.782254570794514
12053 42.110611825410956
12079 40.39628643452056
12117 40.59421298829591
13047 44.03504441167893
13057 43.35121960304327
13089 42.03683452151095
13197 41.82771452876713
16083 39.55031464446028
17041 38.3554839391781
17043 35.38167657553125
17097 37.23046003821613
17127 42.997369630821915
17161 37.90167162890409
17193 41.17296654136986
18045 39.235917286575294
18119 40.664343118904114
18127 39.50692438149669
19115 38.84296701187944
19119 39.18274438811782
20041 41.21222990867124
20107 43.01637764931507
20133 43.94686594630138
21075 43.48514114246575
21095 43.27966171607397
21125 42.55481057194796
21147 43.43098399657536
21215 41.6718314958904
22003 43.475224244931525
22113 44.82638508926027
26079 39.18761713753423
27137 34.174336157142456
27173 38.77411667808221
28045 45.212343324849336
29099 42.27381993197207
30013 37.79982931783838
30021 38.56022960272599
31057 42.8303428849315
31101 42.3126034675726
35059 44.31883177534249
36001 38.400459598655615
36015 39.664448079078106
36073 40.55995830027391
37055 44.59610741124929
37173 47.094614227397216
39039 40.50288859180355
39083 41.34062823698986
39091 41.88691419627887
40039 43.089860931506834
40093 43.30928219908846
40105 45.79972934452052
40145 44.69909629778984
41013 38.091549660273984
45065 40.99755513882195
45091 43.32089455414681
46077 39.183488353424686
46111 38.84329795616436
47045 43.977532848287694
47121 45.50992794883645
47137 43.968201068493165
48023 43.7642290438356
48119 45.18599348904108
48355 36.10435381876083
48493 42.16230898107673
49007 47.88123481369861
49037 48.18738104383564
50011 38.648699062739745
5009 43.35877289784386
51019 42.832297516010954
5117 44.368618563465766
51650 41.858960194969356
51735 43.11092907763754
51810 42.02310286463289
54039 40.52190140067642
54095 41.93034043467757
55001 40.81237592330412
55023 39.63561329999263
6069 38.11285785208219
6081 27.955608525083278
8079 43.93822956164381
8083 47.94312335305206
1017 41.73430372509865
1033 43.0789291355918
12105 40.453431534219156
13001 39.40785302904111
13027 40.67516264712326
13051 39.25883886988689
13191 39.47098339863014
13211 43.41010758849314
13239 40.75903533972606
13279 40.08165019771232
17055 42.47851624818438
17059 42.23735375205476
18015 40.428089905293135
18061 42.34305528859727
19015 37.06441675850959
19035 39.285388608219186
19057 38.977767996240004
19063 38.13443118219179
19185 38.52028033883288
20135 44.14263279452054
21117 39.85461620241891
21121 42.9243155229452
22023 44.534381701369895
22079 43.79699440355345
23031 36.0336645438356
26085 39.47854555684929
26095 39.340991142476696
26103 38.86767758175889
26125 37.09504240035921
26129 38.69661151350961
27035 36.91633993394795
27163 36.38143002547948
28001 44.837254797252065
29089 41.59730134886768
29209 43.511333356178056
30031 41.21694683276169
30043 39.51054788032326
30083 37.98170178082193
31065 41.85420027397263
31067 38.39545563168765
31075 42.69294999452054
31173 39.88513937534246
33003 37.16977466800276
34009 44.06519063476519
37105 43.8535972229619
37161 43.85060185162189
38091 35.84266905753424
39023 41.457845689677534
39115 41.42444081232879
40023 43.807681560547955
40045 43.88065931095891
42095 39.52911617079506
44001 39.145609821197276
46005 38.56471548995617
46071 41.75700914246575
47013 44.27852343659175
47055 43.379337582534255
47065 44.202521618305745
47081 43.8072526177836
47157 43.84503393100793
47163 44.114295251469066
48103 43.80849654794522
48117 44.717711104109625
48233 44.60365437967672
48243 44.145731717808225
48253 43.81936316254523
48349 45.99313928520547
48415 43.87646512123289
48427 37.92236867160274
5055 43.70880171660823
5085 44.61957649319455
5105 43.72778851506575
51089 42.888800655578116
51195 43.134303994034504
5147 44.45954335342467
53035 27.881125732537814
53069 30.10311658630135
54089 42.70396768013699
56035 47.46469393150684
8029 45.317144560071256
8041 45.78620881758519
2016 41.40511617336473
2100 41.40511617336473
1009 41.302817203021945
1067 40.79409067673421
13055 43.30906450774985
13277 41.08416192479456
16085 39.829276736076686
17019 38.137447618906336
17063 39.18969971835618
17113 40.05170304062438
17117 42.000177353444364
17121 41.336261244974516
17129 40.68620087671863
18001 41.02735209589069
18079 41.86355544976632
18151 40.7448216904274
19133 40.29595147945206
19181 37.38220693405206
20007 42.42787556027398
20017 40.855062112328774
20111 40.8914782928082
21023 40.790125783560825
21161 40.471803373698606
21213 44.0405446054795
21221 43.853002316712335
21229 42.16937083378
22069 43.35086968855616
25005 39.443984875572625
26089 40.827838568043866
27019 37.52533530539945
27135 34.83589352821917
27139 37.22466346587074
28011 44.29769343013699
28133 44.06048831272878
29007 42.485486523293176
29029 42.68619704407943
29189 40.3439375507167
29211 39.534557464870424
30089 36.52869775705753
31047 41.51791288494247
31165 44.1150460109589
31169 39.59078354657531
35049 45.99136182838357
36031 41.45402943769311
36047 31.829299597720823
36091 38.79837227671234
37057 44.167290251907964
37077 44.72134755470221
37153 43.83429977034905
37155 43.653543401326914
38077 36.889106464838335
38105 36.987060719761644
39125 40.79238442301368
39139 40.943857745574526
39167 41.49967331769045
40081 44.490939774924954
42035 41.704669842928766
46041 39.30876362054793
47039 43.53897458835615
47049 44.23080777054792
47073 44.89644878504657
48011 44.22661771506845
48049 43.10095028788768
48125 43.96093362465755
48131 38.06659970320002
48239 40.37292837806218
48265 42.657836693150664
48275 43.79943804794519
48327 42.47059858630137
49031 48.25526234520544
5013 42.9843059589041
5025 43.20223338219176
5027 43.5958461391781
51043 41.2827267022704
51115 44.65457219999999
51510 37.89234867571428
54103 41.926121982465745
55109 37.94588276693422
56031 44.083501728767146
6059 39.87497740558794
6061 42.92461798920708
8091 45.43145525753423
9009 39.68308864907123
9013 41.16424474481592
1097 42.557541652183275
1103 43.12864891293702
12047 40.08327810867673
13013 43.85892445373425
13025 38.55143596896439
13049 39.565538579452046
13071 41.077031585753424
13085 43.89613710502195
13241 45.456376740273974
17091 40.1001101178118
17109 39.75031126219182
19051 38.33568561369862
19089 39.35013894611233
20115 41.09480842602738
21069 40.6074500979452
21073 40.59919750536662
21077 41.024068939726035
21119 41.34888736109589
21209 39.034702311179196
22033 43.88409491248763
23003 33.91864472512331
25011 40.96185718083288
26071 39.26678184273968
26117 39.420927683027664
27053 34.190259634989026
27161 38.988972720547935
27169 38.99726797698632
28027 44.48163512410684
28061 42.313989184246545
29005 38.00383427123288
29011 44.52731364383014
29047 40.830211690896185
29059 43.36077907669591
29101 42.29956667309042
29117 40.25310410082193
29147 38.39636867506847
29225 43.178776719178074
30015 37.84409156301367
30029 35.668111261729585
31037 38.97178814064109
31043 39.19355974726026
31161 43.13315703561644
32019 42.28811785753423
36075 39.17489179557507
38039 35.803842950684924
38041 38.16167826301373
38099 35.16992183792602
39043 40.23319274277261
39045 40.89568341466437
39053 38.95920593310026
39075 40.725190583219195
39147 40.65137497729591
39171 40.368274595137294
41025 38.856863750684944
41033 35.39230569215892
42011 40.02075537151559
42017 39.71860667547045
42059 41.88136286301316
45001 42.945083215087664
45015 39.21839189959481
47019 45.11712646623974
47037 41.72545789310963
47043 44.19297011178078
47087 43.66612213493151
47097 44.480524709293164
47099 43.383885376854806
47131 43.57234131589043
47169 44.04737083287669
48065 44.55088468630137
48187 42.08290378271505
48435 42.187979643835604
48481 41.83980005056877
49021 48.754853679794486
50005 37.96382899726024
50027 38.96886450380548
51003 43.201105327016464
5103 42.879878379005476
51137 42.11757196383561
51179 40.82261939108325
51191 43.86365679894081
5129 43.34104927490414
51520 43.75308565000001
51660 44.16116363237531
53021 37.08564236120002
54025 42.966705643841095
54087 41.20650951986302
54107 40.96641535995973
55117 40.942045443217836
55131 39.82005833721204
6015 34.07254491781645
6057 46.084593984383545
6099 40.04036425348251
8035 43.7270095810282
1003 43.72520480883835
1041 40.659090492219185
1107 41.5457913320548
13029 39.12349497963561
13037 40.928914809589024
13111 45.576688705753405
13121 42.15432607166025
13133 42.64609068808496
13151 43.23161195200001
13171 43.5158957616411
13249 41.950075583561656
13273 41.15285252808224
16033 40.56439623013701
17087 43.23342047260277
17137 41.39414589945208
17151 43.2122377260274
17167 40.44052342289285
18063 40.24555387318113
18107 39.92757484232603
18153 39.479133351232875
18167 37.68629152222466
18175 42.66131512508219
20003 42.734956915068466
20015 40.523686311076986
20053 41.51015071917804
20089 40.929189343835574
20097 42.67326572876715
20105 41.42626299999999
21079 41.825875608904106
21091 42.73308408769751
22073 44.95712610356164
25019 43.886933357808225
26025 40.21385002730575
26065 38.8996241224611
26123 39.81109940374247
26151 39.18541482854055
27011 37.754044732419175
27153 37.18848356027397
27171 37.71673272504933
28005 44.65096035250409
28101 42.51301537479451
28105 42.42369247671231
29015 42.811297108676726
29049 41.578823389041084
29163 42.275462500821924
29173 42.02788916710875
29201 43.585713262739766
29213 43.08074666164383
29219 42.819585193972614
30025 39.48642526849316
30063 37.887274740958894
31035 39.75720299178081
31089 40.024135645890425
31135 42.63969133698628
33009 38.141488506986335
35005 44.81234920383288
35029 44.151608085400014
37019 42.44856236423563
37031 43.61023220667395
37065 43.155246186697
37121 45.15385662328769
37133 42.30787377038356
37181 44.29024301780818
38103 35.65334848082191
39099 39.735178931318906
39149 41.13638171808218
40067 44.27301965023479
40149 43.06376574520548
41015 33.84669156940275
41071 31.6452720777096
42039 41.81144152815612
44007 38.95191700235341
45045 44.76387303139726
46045 37.85365001369865
47093 45.83817922883013
47115 44.41975205115699
48063 46.32567991233971
48129 43.87477986986303
48177 41.84857020910688
48199 43.702847326035624
48203 46.01332529472051
48211 43.79179119999999
48361 42.39705790891536
48365 44.85150104933698
48379 46.34081302328769
48383 43.310377756164364
48475 44.696955155252034
48479 35.96112126014242
49009 46.80701955890407
50025 40.51201122205478
51001 44.29734627972603
51059 38.525522577080785
5115 43.10296977510136
51185 43.43202637957667
53013 38.14351501643838
55063 39.1349819338082
6109 44.663198512046584
8007 42.24196634999999
8067 43.32734813178083
2090 41.40511617336473
2185 41.40511617336473
2240 41.40511617336473
15003 41.40511617336473
1013 40.54459398509313
1045 40.753724898621954
1079 42.82137711568495
1113 41.47691397007944
12037 42.508508798630146
12049 40.20109758948495
12091 44.70876211327399
12131 43.40876529588767
13033 41.05836353287753
13045 43.726091159558905
13141 42.30164093972604
13161 39.96365978356166
16009 36.996049809589046
16075 39.71598158082192
17143 38.52882625034686
17181 43.25671263068493
17185 39.808601155479415
17191 40.995420641643854
17199 42.90353313954521
18019 39.79270073258576
18027 41.18383863871784
18105 41.41751671446303
18139 41.77232628383562
18171 39.392951595890416
19189 38.55849047122189
20061 40.91451651952051
20117 39.85330977945205
20167 42.109212087671224
20199 43.729658709589
21063 41.18869069589041
23013 36.999187458630125
23027 35.85526117294522
27073 38.30592263745753
27103 38.542078272797276
27147 39.14327385719177
28085 43.751923311876745
28099 42.25826003679451
29041 41.03681696164303
29127 41.34376401164385
29181 43.23244010136989
29186 43.09176987465756
29227 38.26308253698631
30033 38.9777024712329
30085 37.40459827762467
31025 37.326984104553425
31033 43.20925186574795
31081 39.40040879544655
31085 42.49540681095892
31121 39.416974679454796
34033 40.07915141142742
34035 40.53138752880654
35028 46.03619359520546
36025 41.86179625402465
36049 39.56698061409427
36059 36.32992902932269
36095 40.24807926746574
36103 40.25843803705206
36117 36.51783526101672
37151 44.11614339302218
39073 40.837436106437245
39111 41.78583533904105
39121 41.47166348312138
39129 41.169598138871784
39135 41.64447210321367
39141 40.794352076070396
40075 43.654019454797265
40079 43.98053526369039
40107 44.46063994999997
4012 43.718137360421885
40151 42.977473809147966
42009 40.878554204732865
42015 40.82224372737973
45071 42.33502513732876
46051 38.27950248356165
46067 39.18129872695618
47007 45.103581924203574
47077 43.69455206621096
48005 43.665179082342455
48147 45.40532755432878
48151 43.708717894520525
48155 43.78997901643833
48215 36.14045153215122
48299 42.729786121457565
48309 44.242997006389075
48321 41.24394799150681
48333 43.2206379260274
48385 42.14675796712327
48395 44.06782708767122
48405 43.22976970866025
5083 43.248801876737026
51083 43.66664179940003
51193 42.497883176712314
5145 44.48757725437809
53047 34.50205205315066
54009 40.39341512099999
55015 39.542344408498046
55031 33.59894853377452
55047 41.21128639725394
55137 40.791581734621936
55141 39.92642100162188
56013 43.35763519397255
56039 45.94892549246575
56041 47.06755449405756
6103 40.28404373774245
8005 41.007802499853405
8081 44.72272191780824
8095 43.086872594520564
8107 45.572678673972575
2195 41.40511617336473
15005 41.40511617336473
1053 41.88010861946303
1075 42.08738732511781
1083 43.37396211735343
1131 40.3381479089041
13081 41.59278038083561
13105 42.97079084931506
13109 39.4522858228493
13113 43.55007099958906
16037 40.391740290410965
17157 42.34218867092851
17203 39.776105796976154
18059 40.854649228219166
18093 42.20062081972604
18155 41.39671128585014
19001 37.32065534975889
19019 38.93445485387666
19131 39.04037266942464
20055 44.33559539428764
20059 41.91307682082194
20169 41.03179664887126
21035 43.59608220516438
21111 39.28073316248029
21181 40.16845863013699
21239 40.16676799897263
22019 41.29540898859071
22027 43.894097798356206
22051 43.187942939520575
22075 45.94984939331505
24025 41.18157154736983
26081 38.56840139587256
26127 40.68381222582192
26155 39.342161787263265
27057 37.011125223879425
27087 37.10419037671233
27089 35.232239189041096
27097 37.05878279623287
27101 39.25835024295066
28065 43.02206136987395
28117 43.59939686465751
28155 42.754735952501356
29001 39.71521796516139
29017 43.50789135614799
29027 42.27936143150683
29055 42.786411846583526
29067 42.710200364394524
29139 42.61616642328763
29195 41.42475626438352
30037 39.49395646849312
30061 37.12700073698631
30073 37.183905795890404
31133 39.07517020273971
31143 38.96222692328766
31167 39.58359224383563
32003 45.845009050783545
32031 42.14383778902192
34023 38.82658740785396
35013 44.84729601073699
36079 40.27798678860389
36083 39.866300100326
36097 39.44007521369863
36099 38.00627550465756
36101 39.9796871539789
36109 39.807618404270194
37013 42.17980262142246
37081 43.60635103755561
37171 43.2640377448329
38005 35.312962386986314
38071 35.3545141607315
39087 38.63831117248629
39095 37.922396422200286
39143 40.15539550104024
39151 39.822452928483294
40131 45.07262315457201
42003 37.38675978209724
42081 41.555332089554774
42133 40.89172400882875
45055 43.41161748989039
47061 44.572242336301336
48013 41.62637802534246
48075 43.57348148630136
48163 40.65854589952054
48227 43.55531807589043
48245 41.79405995189093
48255 41.46406545684932
48257 46.018550357057514
48279 44.747931966027394
48323 40.036160784482185
48397 45.91116943785235
48459 46.35608821014798
48467 46.39846765999997
49049 46.703229614572614
50015 39.13307052643014
51103 43.23257675156519
51183 42.73439080219176
53027 29.264553267690413
54021 41.728055691780874
54055 43.39113086304794
55005 37.97279806000003
55029 41.52088254247396
55079 37.13067521117176
55129 37.35991043232878
56023 47.02940829726027
6089 40.48174802356438
6113 37.36149848356025
8087 43.64965627568491
10001 41.81365148664109
1123 40.97247607369861
1125 41.40109295471233
12071 38.28598789443563
12087 38.57728521542736
13031 39.94926619201915
13059 43.33422010739178
13063 42.48996209786299
13139 43.95684915547394
13309 40.51314480136987
13311 44.59542174849316
16035 37.49170977397257
17085 39.276060527434765
17153 43.43833205616438
17189 41.81014706506849
18039 40.92388083096164
18089 37.88040064055915
18101 42.07430496252874
18129 40.65381157650219
18131 40.67998232465755
19121 37.5326445963589
19167 39.400646136578075
20079 40.10219232054877
20113 40.90096750487123
20151 42.262045892241105
20163 42.34012938493152
20173 39.20408781185341
21059 42.69566808837865
21157 43.30884462009315
22041 44.849354694071245
22057 45.41737361096436
22063 46.17102715584386
22081 43.893760554794525
22105 45.94510127328766
24009 42.064037563192265
26059 40.63485548444931
26083 38.67775850821918
26115 38.53258602506388
27013 38.4634554315507
27017 34.86286035890139
27033 38.820431415753404
27099 39.154520590307655
27111 37.38497565254793
27115 36.98507114452054
28057 43.13922218794522
29025 40.9834851849315
29087 39.18742976074248
29149 42.904668060279455
30051 36.83384912876711
30107 39.919374567123256
31005 42.770338010958895
31053 38.56407376865481
31183 40.09421312876713
33011 38.304202715710446
37143 42.24456131324108
38015 35.916019542178084
38043 36.14386400821919
38047 37.07277181917814
38073 36.56738980913154
39015 41.54267434885943
39057 40.96901096196766
40027 42.71227601667397
40129 43.538458794520494
42037 41.054458521614784
45023 43.15400611831534
45063 42.302301270829005
46049 38.22473993972605
47005 43.92778255452055
47119 43.40052258597807
47135 43.67019637260276
47159 43.85168228767127
47179 45.06292710127567
48081 43.05328604246578
48133 43.852965192876724
48259 43.91594970411231
48461 43.78190614794519
48489 36.14272304054796
49017 48.65206343013696
5061 43.313481642002756
51017 43.11785111780824
51139 44.75009692547945
5127 43.21130218265479
54011 39.04047307493343
55051 38.500316086742465
55053 39.62329215013701
55085 39.96759322581367
55125 39.93595825753425
56037 44.842391500438325
6087 33.403820471724096
8039 44.72511542817534
1049 43.13565220723259
1115 40.2003320758622
12001 41.04439846047397
12015 39.72754672580823
12069 41.335454538454776
12119 41.31754437359453
13007 40.95838067945207
13011 43.766354481506845
13079 42.63832584477808
13219 43.361037842019186
16017 36.42448194886847
16063 38.3530145068493
17013 42.5616708219178
17071 39.14287359817559
17107 40.28648308698629
17197 37.78584938530165
18065 41.56532283605205
18083 40.103596145205465
18133 40.07071547869315
19025 38.14589683493151
19029 37.16067915616438
19087 38.68966311835614
19135 38.18827481095615
19163 38.16793432999783
19175 37.30619268287671
20131 40.01326112417813
21043 40.98400893815918
21151 41.15700293485233
21185 41.77929182664083
21217 42.767307316712355
22005 44.90567756768578
23001 33.93146927475068
25007 42.802544672602714
26045 39.257125457436715
26121 40.711420379084934
27021 36.851017973424675
27133 39.06361220091233
27159 37.09491226026028
28051 42.97421582027398
28089 42.76110927239453
28119 44.60665601276713
28145 43.85344216117261
29053 41.79681661589039
29081 39.08738144927402
29169 42.5282243664959
29221 43.50339521260273
30093 39.639307295890404
34019 41.25100012456493
34037 41.318865664232874
35057 45.590907587671204
37129 42.16373338488493
37195 43.48961714823124
37197 43.42815723913423
38021 36.86320305846576
38049 35.203700363013695
38101 35.677796550254804
39009 40.74692234103399
39033 41.084554295699476
39069 40.32985004893206
39103 39.6212397398219
39165 41.53553347514137
40015 43.41914044486299
40017 42.96172387104632
40061 44.90515579931511
40119 44.60362576197917
40139 44.78611750849317
42019 40.115304290802236
42031 41.809424650684974
42103 41.57008553135341
42111 41.32940350435889
45089 40.67605272627369
46013 37.469051332876724
46103 41.894581217046586
47057 45.6318525320548
47067 44.585226882191805
47075 44.514643910482214
48085 46.2478823501803
48143 44.647447302054765
48313 44.678142837671224
48347 44.07395783476986
48403 43.272009539731506
48407 45.20478990547945
48417 43.93529724383562
48423 46.7687492219068
48437 44.68877281919727
48471 45.23612002821915
49015 48.1342293433781
49039 47.60631515068494
50023 39.389825604345155
5081 44.24760940547945
51009 42.5759291902411
51051 41.942152547945184
51109 42.613635140175084
51119 43.295465153424665
51121 43.44714358825756
51163 42.85923369178086
51177 41.24814573890658
51181 42.86430435479452
5135 43.34688539520549
51550 41.0720550913378
51600 38.36074801863014
51820 43.8126443232877
51830 42.759305170784614
53041 30.758746180410963
53049 30.007546686501396
53071 38.06429369340545
53077 37.09750037531505
54031 43.34016730776246
54059 40.67582141291535
54091 42.18291745821917
55003 37.377969392934226
55009 38.84819938983369
55089 39.399433194637794
55115 39.785901583306845
6021 39.31394635753071
8001 40.569001337091215
8121 43.66036475616435
1051 40.51346925458436
1061 41.408201747010956
1095 42.484284366021924
1119 40.343489780821926
12073 40.749861673167125
13003 39.96266215797532
13005 39.51699038539176
13043 40.138270393630116
13075 40.68275263835616
13119 43.812119214794535
13179 38.865762146556186
13189 40.920203470137
13195 43.28519847534519
13207 43.625162237260284
13265 41.796088315068495
13317 41.65595429178083
16065 41.924777884030135
16073 39.96890622191504
17135 41.3954399376712
18005 41.48493384310494
18113 40.91209682986301
19023 38.673540875616425
19069 38.57827968219447
19113 37.677720413708485
19117 38.081695615068526
20009 42.14264684315075
20011 43.73059995890409
20029 40.95131592945202
20033 43.014416813698624
20165 43.18487983561642
21015 40.16217655753974
21019 39.51110272730686
21127 40.7827016756164
21155 42.53190245068497
21233 42.86411156643839
21237 41.050789649315064
22067 44.7578973469178
24003 38.6717502718233
24510 37.887935153164406
26001 38.775094009863004
26143 39.00192293671233
26161 37.926438701178064
27131 39.168532190089344
28023 41.72744077397261
28135 44.11659257808217
28151 44.0958953142137
29091 42.80550972705482
29103 39.92936097260273
29183 42.08017908153449
29215 42.73570491712326
30009 41.65130572054794
30041 38.286129076720535
31077 40.053776649315076
31123 43.18150702191778
31125 39.499823106849306
31129 40.3236028068493
31159 37.766519078767104
33001 37.635219692257486
36011 38.79797181339998
36069 37.4617400543562
36105 41.87142175318905
37135 43.58470725371148
37141 42.309587753057556
37157 43.17022969224523
38061 36.367541411868515
39029 40.11003366428576
39119 40.87920476798029
39137 40.88970904345916
39153 40.103668039546555
40025 44.357420045205494
40085 45.36852598447397
40115 45.28128490683507
4027 43.01876599990689
41003 33.424888836071275
41009 30.74247757287672
41027 36.02408437602741
41035 38.830924232739726
42045 36.78838664747807
44005 40.930766023912305
45021 43.54661756396107
45047 42.078347498618896
45079 42.681494276804955
46069 38.92076496712326
46097 39.15287913698629
47107 46.09359801315069
47147 43.77209889295344
47173 44.94846175684932
47183 43.600354017942486
47187 42.883498203098654
48169 44.116193476712304
48197 43.674148090411016
48207 43.9321425821918
48223 45.75974675099174
48291 45.16132179841096
48345 43.791517090410956
48357 44.62989048218901
49029 46.24338801506849
49035 45.95626542307941
49057 45.66767088975344
51011 42.59916919269315
51015 43.920497343509574
51049 42.87451947945205
5107 44.5367136808282
51113 44.04599367945207
51147 43.06338927890414
51167 43.305148068486005
51750 43.424604124189045
51770 42.85341291636878
53031 28.340151417229595
54043 40.733268752876754
54069 41.51271230990441
55071 40.708866562536436
6011 38.04270857863013
6035 41.33866002252055
6071 48.982071734753426
6085 32.225005933170124
8073 44.21091886849316
8105 43.81172381918628
9003 39.92318581696161
9015 41.37310654312334
1035 40.93268565260274
1129 41.57529288876709
12019 40.98112856803835
12055 39.38817836591234
12107 40.52969502595344
13125 41.3321360082192
13153 42.410143212611025
16015 40.675769613698634
17047 40.37588464107671
17049 40.15635390787669
17177 39.218268138451506
18143 42.26647478027398
19059 38.45461992328768
19107 38.163433503424656
19197 38.27419814410959
20001 43.1858400613699
20027 40.880049410958875
20047 43.07516603972606
20057 43.895699270824636
20069 44.26153491232876
20141 41.73724978904111
20143 41.28904031643837
20161 40.67285841644383
20209 39.85964638911206
21195 40.50150405435504
26029 39.68031063986301
26075 39.90414645861149
26139 40.557397857001064
27129 38.56093707626304
28025 42.45316011178083
28059 43.95584124922464
28071 44.17292679671236
28087 42.10815382486849
28149 43.91269860960274
29069 43.93810782739726
29177 41.342608452054826
29187 43.76999596886629
29203 42.774579439726054
30067 42.39913903789316
30069 39.14055049589038
31007 43.75139139999999
31031 42.076801779452005
31045 43.68836419315072
31073 41.68443913698628
31091 42.29700019452054
31141 38.92481896282739
35001 45.17390832336164
36085 34.398650151684926
36113 39.26958741211536
37049 42.18452839280274
37131 43.199859523287714
37149 44.39884532603015
37179 44.38250083070655
37183 43.395555903507955
38003 36.11727721849313
38081 36.907251143835616
39017 41.126084340486294
39019 40.44635910135342
39047 42.23362248844655
39155 40.606105948561094
40005 43.64124936301368
40013 44.84503851729866
40021 45.926895623139984
40043 43.75542127397809
40091 44.772980507772594
40095 45.63968480753422
40125 44.20574015278908
42073 39.47726980009317
42125 40.1003043611277
45081 41.53808328547943
46023 39.42988954978358
47071 43.32183211736439
47103 43.58532777413427
47167 44.98100855256709
48033 44.26957943561643
48099 43.93122104035889
48173 43.456293975342454
48179 44.16184512091783
48217 45.27319136762195
48371 43.65797317602742
48445 44.88721575432053
48463 41.18829531013699
48495 45.04976775433154
49023 46.7756127767123
49027 47.17177608402194
5019 42.65202156602741
5033 44.8076858206712
51081 43.01102208949671
51161 42.9866431989222
51640 43.983182268493145
51685 39.18894606301369
51700 42.08992463779477
54099 39.776223164899996
55013 37.470732686761636
55057 40.70261995305479
55087 39.294811788356135
56027 44.17023990410959
56029 41.92567503452058
56033 42.13774307533976
6053 35.427064890676746
8025 44.7141427671233
9005 41.480551624052055
9011 41.112124127350675
1099 40.929758348347946
12013 41.3778883671397
12021 37.47729502505478
12077 40.86700040136987
12089 41.25631728037259
13065 39.470180949315015
13099 40.95634544273973
13159 43.69468099542739
13235 41.880035050191786
16061 38.0399210146274
16079 36.6957273497726
17003 43.45560623630137
17057 39.832266785367985
17061 41.979634614794506
17083 42.419196499101666
17123 39.78269042739725
18021 39.25775424475615
18035 41.402464833799975
18085 40.94832164383207
18149 40.63114864186274
18177 41.577424090882175
19149 39.59113881415891
19151 38.12726283380552
20191 41.86054760045096
20205 43.622529388356135
21097 39.88181638904107
21107 43.13864151824114
22009 44.82562742527401
22021 44.349868204567116
22031 44.27220376596164
22077 46.24208763059725
23009 38.00659718678627
26047 39.32933857191779
26105 40.363392543835594
27001 36.63263772237264
27039 39.31598897205477
27041 37.50789890593699
27091 38.26713315936438
27113 35.65998032383565
27121 37.63369594315069
27125 35.968604573972605
28007 42.468162071695865
29065 42.96143699520552
29071 42.79053565979508
30109 39.05031944657534
32011 42.971090997260305
36089 38.78503134090962
37063 43.55696065355998
37085 43.90718459746439
37087 47.1450910436986
37193 43.69945944698903
37199 45.863882837260256
39059 40.91072972547947
40141 44.004574500821924
42053 42.06448878904388
42113 42.09280305890409
42123 42.066639691471245
45027 41.454448765082184
45035 39.33356664646576
45069 43.48512485752028
45075 41.29549103164381
46015 39.35961000000003
46027 39.35833804929315
46089 37.7607293780822
46101 39.19727783698627
47165 43.73023298598083
47185 44.334090422364376
48041 43.66845712508769
48123 41.28503105260271
48367 47.00943733222525
48507 40.3259010739726
49055 48.21528244931505
5021 43.65048839313697
51013 37.40425654148986
51057 42.35358006941562
51135 43.1379154150685
54005 41.44666690616437
54083 43.74249153462436
55041 40.293325163698626
56011 42.33972847260274
6003 44.156182936986276
6023 32.65327357362191
6075 26.91312067699892
2050 41.40511617336473
46102 41.40511617336473
1047 40.46973345624741
1091 40.35840302464931
1109 40.59206232945203
12063 41.36614257109863
12099 33.55215683759454
13221 42.71175604726027
13227 44.06207608494247
13233 43.82547466103559
13237 43.273636750684915
16023 38.285885419178086
16045 40.070840833791756
17021 40.61134669369866
18097 39.69375673697292
19073 37.49091358219178
19093 39.648362292230175
19179 38.07674787024167
20101 44.42682410958906
20119 43.98789701643834
21045 42.68250116438355
21141 43.77202136298628
21159 40.20130354336987
21203 42.20561745273975
22059 43.92151203833699
22101 45.043759222969875
24005 38.99918337764027
24031 37.663433311100796
24035 42.15404783834986
25013 40.986434212669586
26063 39.19709913744657
29045 39.31401825934523
29137 41.95516133058626
29185 43.3291014922466
29197 38.98476733698628
30027 39.93629812739723
30049 38.956201313895875
30053 36.28394567232874
30077 38.79832410958903
31071 40.399341136986266
31109 35.62913404808795
31157 43.40063694423014
32017 47.46874056575341
32021 43.481287552054816
34021 40.693800927250116
34041 40.38324839465808
35019 44.75381077260275
37035 44.510268897043815
37093 44.2072965226863
37117 42.28569131461204
38007 38.680432147945204
39021 42.09430331205482
40037 44.069075642547695
40077 43.66414884199451
40103 44.375842737671235
4011 47.45652564841371
4021 44.96426807953974
41007 30.588596755923284
41031 37.435659928304084
41059 37.98173212677537
42079 40.98226783219999
42115 41.330725260270405
46003 39.18916813150683
46043 39.248727221917775
46063 39.83665115616436
46081 42.29072050465757
46105 39.2559709369863
46115 38.15218252420545
46123 40.20505601232876
47017 43.949251749657506
47029 47.15508962131507
47059 45.75628404291782
47129 44.98355683013698
47143 45.25785739039725
47149 43.259639400613736
47161 43.88024011726028
47171 45.486706532191754
48053 43.26760471301371
48107 44.38159471230679
48359 44.46169880273972
48457 43.32940713753424
50009 37.09978525663015
5015 44.06426284273971
5073 44.04671679041096
51021 43.829173061643836
51036 42.55923905937066
51093 42.372388795890394
51107 39.732997563495886
51117 43.81606954855259
54075 44.13023697328769
54081 42.58736639211834
55097 40.00454163699151
55101 39.068518583877555
6013 31.308141129090984
6073 42.61369373197264
6083 39.98385218718633
8089 44.42029193619453
2150 41.40511617336473
2282 41.40511617336473
10005 42.79604169164192
1069 40.97096954970957
1073 40.466909334021345
1089 43.35139534654524
1111 41.7747368785479
12041 40.510610027945226
12133 41.9574576520767
13073 40.0689758419178
13083 44.36356571301367
13165 40.66680522739726
13261 41.76091811198628
13275 41.01470714321097
13289 42.545908367123324
13301 41.249619868493156
13319 42.312898925104086
16001 40.59777153292875
17079 39.715863631975346
18125 40.9862052972603
19037 39.19565028150687
19061 39.00842409073259
19101 38.10670182465749
19127 37.704153916986286
19159 37.80161993835619
20031 42.06571092602189
20075 44.23411519726029
20149 40.368988497260275
20153 42.98460007123288
20155 40.62771167992328
20159 41.34681103743293
20195 43.85355522465758
21169 43.49700873333421
21207 43.1005249523288
22091 45.585207043835645
24047 43.508859981901374
26043 39.04268981211508
26107 39.341247655265754
26113 39.20834328630136
26135 38.874777050410934
26137 38.98856829364109
27071 36.384207549999985
27155 37.533403380821916
28031 42.85373925890414
28103 41.769597651156204
28113 44.17372411609588
28121 42.781648583594546
29003 40.04094672260271
29023 43.28397135589044
29035 43.02325084383564
29051 42.13285499032686
29061 40.29653576027396
29123 43.4823174840384
29133 43.70157596986302
29141 42.605549545205484
29205 41.107596435621915
31021 40.004355181745225
31179 39.721814541095895
35003 46.663674490410976
35009 44.489654060065725
36013 42.61557356758906
36111 40.42172143318821
37001 43.830278723672905
37027 43.84470492652879
37043 46.65232756438357
39169 40.388860105232865
40053 43.15749200273971
4009 47.582679205775364
42021 41.080460152747946
42087 41.17249738241642
42093 40.92907050068489
46017 39.163368690411026
46065 39.40821457054792
46121 41.36741591369863
46125 39.19335801780817
47125 43.99496726744384
48045 43.95357279452056
48079 45.05050190410958
48195 45.06779866575344
48249 37.444941037169045
48329 44.033117198465774
49011 45.90213277713424
49013 47.31115735070136
50013 38.70846303150684
5017 44.343903619178086
5023 44.09748746575615
5029 43.522949748835615
51007 42.9623213260274
51053 42.49439498120217
51063 43.88439129588217
51067 43.16108076219177
51095 42.79771084531176
5113 43.14490520089863
5131 44.38119452938907
5143 45.50966708349866
53059 34.69510174575342
54003 40.78167613735892
55055 40.397022972739734
55107 38.392291617534276
55127 39.89304314596273
56001 44.227040413698624
6043 44.836451608232856
6051 44.95343885567668
8043 44.933391363591745
8065 45.671786645205486
8119 45.81851117809042
2105 41.40511617336473
15007 41.40511617336473
1021 40.815678765304924
1063 40.786989078528734
12043 38.779722716438364
12083 40.261858536290426
13019 40.51947901460274
13117 43.72825412810686
13143 43.71558340602739
13231 43.21212053835619
13283 40.85301366027399
13291 45.65567946255339
13295 44.1043465639496
17051 40.82749196947669
17105 39.99670608630138
17187 39.25800537753427
18031 41.82347539543202
18041 41.83495555420552
19075 38.398486405479446
19141 39.1115014650685
19143 39.08715249452056
20193 43.389568857534265
21025 41.30896478745479
21027 43.21044006391973
21173 40.26288262010411
21177 43.1231736097425
21223 42.08716608767123
22109 44.92650003704387
25027 40.399065946184386
26005 41.14669163925395
26013 38.80233323835616
26027 41.66726661195835
26053 38.62719527513972
26061 38.06382264520547
26073 38.95623908255535
26077 40.4154411784474
26097 39.790148816986296
26153 40.24220153788764
27009 36.73060316802192
27063 38.64062973082194
28003 43.551164471263036
28081 43.46784060532875
28095 42.58502713516986
28139 43.96825376917808
29009 44.408971357364386
29043 43.15749918512604
29075 39.29763913561644
29095 40.42745895149864
29165 40.79948979904107
30017 39.343012621937
30045 39.70986958356165
30101 36.77104478993701
31099 40.70804582054796
35015 45.11870966870136
36005 31.25175275064221
36055 36.60019473805783
37033 43.744012528747945
37069 44.19817899631476
37099 46.943439580219234
38055 36.44425678630136
39001 40.78231927944466
39175 41.08850372007946
40101 45.20345986647943
40109 43.07613493550056
40127 43.26780708857258
40135 45.43799651962739
4017 48.77404394716436
41001 39.203939428290404
42025 41.2148746598219
45003 41.16094268651782
46025 38.850355747945216
46119 39.05241074246571
47041 43.99821273150689
47069 44.189363659353425
47175 44.743839501369855
47177 44.31628726181369
48077 44.401223957071224
48091 42.63366023904112
48137 42.191842832876716
48161 45.447285894704116
48183 46.20775051956165
48221 45.9139303641096
48235 43.03869230410957
48315 45.97877988561639
48319 42.126060399999965
48391 38.68336912328767
48425 45.34035752054793
48455 44.47144854958907
51031 42.746155864151504
51087 41.956750590666296
51145 42.737487767671226
51595 43.04336734794522
51678 42.77416442465752
53073 28.98136745725129
54013 41.53271930136985
54023 43.40439482007942
55045 39.801208602054786
56003 41.78569388399174
56007 44.850610802191746
6001 29.01160898918412
6025 45.97724314864112
6055 31.66638453753423
8101 44.9834719992082
2198 41.40511617336473
2220 41.40511617336473
2275 41.40511617336473
1043 41.80803769725753
1127 41.60314102006573
12039 40.95009804656712
12061 38.14936028976162
12097 39.966063203142475
13015 43.51228274154328
13069 40.03683510198358
13193 42.0936100917808
13305 38.70102647716439
16055 36.977924022027395
18077 42.02193010410136
18081 40.37988427932275
18115 40.86631066849313
18135 41.56273309383563
19091 37.95399688082192
19161 38.76878722808219
20187 44.486325830137005
21011 40.50711907125122
21047 43.89960286300277
21191 40.68460212328028
22083 44.96089394431781
25023 39.44215581046576
26015 40.03340013400411
27045 39.367967156586275
27067 37.972883918945215
27081 39.410473382191796
28035 42.919315354863
28063 44.23209829589039
28097 42.824404179947955
28107 44.56075085340547
28129 42.595521262093186
28141 43.3765571780822
29013 43.05740812465755
29207 43.58698558047945
30007 39.6886100493151
30079 38.86702145479449
30105 37.708797598180816
31011 39.68869237671233
31019 40.63634118006027
31163 40.394056964383566
35011 44.48296894246575
35031 46.42550566045208
36123 38.78331969424657
37109 44.792251649921106
37137 42.596376105479436
37145 44.4392510915641
37187 42.03664593610222
38095 35.050151558904105
39003 40.77929624949012
39089 41.17623644941726
39105 40.129778853415594
40009 43.23908271849312
41045 39.69916527500001
42047 42.347685786586275
42099 40.679533095890434
45009 40.841325437671244
46093 41.472357757808204
46129 38.43769506986302
47035 45.258251367090416
47113 43.86332010057529
47153 44.78366358354715
48001 45.43194067746851
48157 43.274470131073166
48213 46.18100007864108
48247 37.39968130547944
48293 45.46987166130135
48473 44.268385344308776
48491 42.790114994590674
5037 44.521746253438366
5089 42.8820210506849
5093 44.339016834024655
5101 43.723343269863
51023 42.78234933356167
51069 41.5497662358074
51097 42.67634801643836
51127 42.87793485114166
51760 41.70186314363482
53001 36.67954924767121
53043 36.250277705479434
54017 42.109330702739705
54019 42.26134137692409
54041 42.202529288219154
8097 45.68458641027395
1015 41.089903152087665
1019 42.66470993333618
12075 40.61506935311781
13101 39.85934757397257
13205 41.20355861095893
13287 41.43258594931508
13299 39.17632813637258
17015 39.21716696484027
17037 39.05656681408441
17145 42.371306448417236
18047 42.015296972054784
18051 39.72492061058275
18141 40.767800913027095
18183 40.67335249473318
19165 38.65866246369861
20043 40.329161089493994
20087 41.02370038356165
20147 41.67157670776986
20189 44.5233833328767
21037 40.0561039012603
21055 43.14162215410963
21071 40.37174418465752
21099 43.480211527671244
21133 42.19181624341372
21139 43.13947194109589
22047 44.990085091197216
22123 44.650268724224674
22127 43.52953083219182
24015 40.97527584472494
25017 36.63177596207477
25021 36.92182272696764
26023 40.85992824152605
26111 38.335009556171485
26119 38.64360894356166
27047 38.8644196509589
27075 36.104330168030096
27085 38.596710077523305
27127 38.73978320458353
28033 44.45491460690029
29083 42.8488868438411
29093 43.40278624383563
31017 40.89850009589038
31069 42.91122562739728
31087 42.60319686575341
31103 40.2679046191781
31105 43.6319970630137
31171 41.644729394520546
31185 38.80477675000001
33005 39.894526409136986
35039 45.07711223108766
37095 42.51708828219174
37113 46.40343168311779
38019 35.24432010273969
38035 35.25818211460546
38085 37.81072678767121
39157 40.38287594363508
40041 45.57730961763948
40121 43.98888151715645
40133 44.415611707775334
40143 43.335537424803604
40153 43.516971370410936
45049 39.858562940273984
45053 39.80466941917808
46009 39.283339141095894
46047 44.21885332465752
47047 45.018662290399966
47083 44.17015324387119
48031 43.03994536438356
48059 43.681242376246566
48073 45.48750850798633
48153 44.45402459726029
48181 46.06779202896713
48205 44.14296259726026
48219 44.84900278552882
48271 41.17829188767123
48289 44.88517408673697
48337 45.818697648410954
48353 43.50595596767121
48429 44.14375290504382
48431 43.17615214520544
48443 43.4300396739726
48453 41.68180486543863
49001 48.05544573287675
49019 47.7692773287671
49043 46.62729964953152
5047 43.8964487205315
5087 44.7634097719178
5097 43.018134500454785
51530 42.844329208219165
51690 42.83298848109592
53037 36.5868343438356
53039 36.91265264018083
53075 37.51498259150684
54033 42.018033236461356
55017 38.46918735218082
55091 38.86152747123291
6115 41.45806158002245
8014 42.62521617868931
8103 45.24543976301367
1023 40.60172085616435
12059 41.67245398835617
12123 40.437171306849336
12127 39.561626095493146
12129 41.02659535479453
13107 40.817105285394526
13155 40.992597752054756
13169 43.40515189905206
13253 41.01953785659727
16041 44.87502184246581
16059 39.45520014432055
16081 43.84472852328768
17029 38.94704127832056
17115 39.740204076329306
17165 42.63620992545976
18025 43.04450129406848
18053 41.133984317169826
18055 41.06589643805259
18137 42.09232145891781
18147 42.38132670191781
19011 38.15834636946876
19085 39.74097140273972
19123 38.14349578785481
19129 37.12106560767126
20051 43.01268226940275
20129 44.64186518904109
20139 41.32869689260273
20179 43.380721747945195
20201 40.021607294520564
21137 42.248843293621896
21149 42.83466040732137
21171 43.72505715068492
21205 40.9261640123288
22025 44.659619214624655
22103 45.77656613290141
22117 44.33688142564381
26131 38.20695646394246
27007 36.46813027753425
29157 43.260410430136986
30005 38.7633096493151
31117 42.47453024383562
31147 39.01365996438084
32023 48.44776818794517
32027 41.35767612602739
35033 44.95754619178083
35051 44.4954299349315
37029 42.621944872602725
37089 45.1007094142822
37163 43.26966794944084
37165 43.846250055198084
37191 43.272112578281344
38059 36.30741874356166
39007 41.38236257150686
39041 40.59853129956493
39051 39.84647132421561
39067 40.97385794958907
40049 43.774287188762464
4013 44.95833539545205
41043 34.50603699111781
42127 41.721794700772605
45011 41.014565994049306
45031 42.89522032830549
47031 43.91321873310406
47117 43.58541449407395
48037 44.81001769512601
48209 42.139140811506856
48263 43.801048495890434
48307 42.45440364751232
48311 39.618994087671204
48381 44.07128133886576
48401 46.012486730263014
48465 41.44870123643835
48483 43.766003942465765
49051 46.91237426438359
5043 43.61482898958905
5063 44.01194291541093
51029 42.795849082191786
51125 43.29270739268769
51155 43.493884190136974
5121 43.345530967808244
51610 37.733903724195606
51683 39.445664211369014
54067 42.722499506878336
54071 44.304698050240304
55021 41.24021077170411
55035 38.37878927890412
55049 40.39139533654247
55111 41.0659091852466
55135 40.05643568403206
56025 43.46078062267121
6041 27.804362912838624
6101 39.998382318168474
8019 45.942222014605456
8099 43.85882259452058
8111 45.71934596712327
2110 41.40511617336473
2170 41.40511617336473
1011 40.70161741367669
1065 40.93253846714796
12017 41.16557949142194
12125 40.722686186282196
13009 42.96680447124384
13177 41.32224843616436
13243 40.95886496027395
17005 41.27874580821916
17075 39.90363690167396
17149 41.789467258630125
17173 40.177080865765234
17179 38.807418136443026
17201 37.894721502952606
18157 39.621398986742484
18161 41.891360763013694
19039 37.8683626182923
19049 36.89371939925753
19083 38.252303418698645
19147 37.82404895684932
20019 43.69870500000001
20077 41.9934637771625
20095 41.28857031778631
20125 45.01464467145755
21081 40.71972979452058
21089 39.57062171385348
21193 41.96502740993148
21201 40.51451927945205
22011 43.118608651646575
22055 45.479158017594536
22099 46.228198180572605
22111 44.250189801358076
22119 44.15454968544933
23021 34.96231055376712
24029 41.61099573534247
24039 43.32963667709945
26163 35.29809898418193
28073 43.317158943493155
28091 43.46665395342467
29107 41.582826720928786
29151 42.326901695890406
31041 41.15177938493154
31137 41.333221558901364
31181 40.61515784246575
32033 46.23059723194523
33013 37.842132955931476
35037 44.19852265570138
36051 39.11849217296796
36067 38.69672186021341
36119 36.57424550612988
37037 43.56090310535694
37139 42.31726384767122
38009 34.89048422192053
38029 37.350597802739735
38037 37.678524484931486
38069 35.05452600547944
38083 36.11088641095892
38087 39.34572806301365
39097 41.98150246072414
39109 40.64184159686627
40003 42.85624027762001
4001 47.64494066376163
41037 39.35402219315066
41039 34.43640639128769
41057 31.293867179794514
42001 41.2134723768945
42033 42.19598350561643
42129 39.524089258931525
45059 43.13281113214192
46031 38.268718365753436
48017 44.66452490958905
48021 42.09854366164385
48083 43.043941589947956
48101 43.70997912328766
48159 46.0911820438356
48261 36.01805773150688
48317 44.26972324383561
49053 48.20583417584926
51037 43.42905718447946
51041 41.89703552397922
51149 41.715152183557
51730 41.675694046064116
53033 28.64430947739286
53051 36.02139596493149
53053 29.52787534722872
53055 28.208091897260296
54077 42.425702547260286
56021 43.794388086624686
6017 45.5102380248411
6097 30.049250578716993
8009 44.18991807397262
2188 41.40511617336473
2290 41.40511617336473
1081 41.3305962155425
12085 36.66343777399722
12121 40.3878958857014
13023 42.08312909678906
13137 44.25336085821915
13173 40.057249484931525
16021 36.1364727260274
16027 40.15899562729587
17073 38.89738977830055
17155 39.50707759589038
18049 40.965107253901365
18121 38.80554400890411
19183 38.53342343890412
19187 37.747246586068464
20025 43.52358310136987
20099 45.13914226232876
20185 42.12843313698631
21029 40.6789548930041
21033 43.51675944929038
21123 42.88083979520546
21189 41.55307804931507
21219 43.969176208219174
21227 43.747100491103296
22015 44.476493434846596
23007 35.167070060569856
24001 41.33184032627863
25025 35.24295129313122
26003 39.604314119624654
27141 37.306092941712336
28009 44.28867440273968
28041 41.88702977945205
28055 44.3341413041096
28079 42.41717049150685
28109 44.15756643438627
28159 42.1791114361644
29077 43.07289052541097
29121 40.95894609369861
29135 42.281749232876706
30095 41.02106035615889
31039 39.79269961278357
31049 42.73909401643836
31115 40.63958449041099
31153 37.02730035136714
33007 36.96375930335345
34011 41.89719045511482
35041 44.547057302465774
36063 41.37807179710846
37073 42.598386000926844
37107 42.63998804038709
38027 35.385327167123286
39049 39.63039739237235
40069 44.653046702312366
40071 44.03615775420686
40137 43.591148241860836
4025 48.24238359798357
41017 37.984603448638346
42049 42.47813615133973
42065 42.132860104328735
42067 41.12753526958903
46029 38.77999025673153
47021 43.55593104264383
47053 43.93272990921643
48003 45.22533115410959
48097 46.55644628184932
48139 45.671699497670396
48231 46.089876665473966
48283 39.3178067780822
48305 44.59568712241098
48351 42.984351354794505
48369 44.76602045753423
48399 42.92221357876712
48487 43.87696590273972
50003 41.52895598150056
51175 42.83152318739728
5133 43.13954278356162
54029 39.69943012534249
55093 38.364746525342476
6007 42.61847226824654
6031 45.522327412997804
6063 41.715225832076705
6067 39.79293850499096
8077 45.29054520177535
8125 43.12198486712328
1025 40.98978674490689
12007 41.1520998753425
12115 41.1422950884055
13127 39.73033211012056
13213 44.448676039383564
13245 40.83218377254164
13251 40.158835957808215
13255 43.67745604223562
13269 42.151922756147954
13303 41.80338494356168
16043 42.587080326046575
16047 39.41927884657529
16071 43.20199030684934
17017 40.99878928493148
17065 41.92904247672328
17069 42.820588398630186
17089 37.49706991888714
18033 40.47880512388767
18073 40.52256563527398
18087 40.98431197568488
18109 40.88567676375889
18163 40.49980939236933
18165 38.226347060821915
19027 38.21539547947396
19043 39.35562821826574
19045 38.936828644756154
19077 37.471263463915044
19109 38.052885868947925
19191 39.367932993424645
20123 41.268317678082205
20137 42.40066913150684
22037 45.523936598904086
22049 44.119521595068505
24021 40.65863009784111
26037 38.99058657476192
26133 39.27965682010683
26149 41.18091954504491
27093 38.128304506865746
27117 39.25176436328766
28013 43.24782529041096
28111 42.39657613329314
28157 45.04460232054798
29021 40.60860919769865
29161 42.57048718794519
29179 43.07234283698632
30099 37.615357178090385
31009 41.045474043835625
31013 43.405606089520546
31027 39.531026554794515
31055 37.069557657353435
31095 39.0884089671315
35017 46.4751569291096
36053 39.69287753858496
36093 37.44049905792136
37015 42.3394187253425
37115 45.89344582921643
37147 42.41247576241864
37175 46.49368421839177
38017 35.787953253613686
38025 36.25066759178083
38065 36.08440869041098
39055 41.08827918315044
39063 40.746038152774496
39127 41.08604391323286
40099 44.52584232966302
41019 34.264870682304135
41053 32.90928421075069
41061 38.790177502397256
42005 41.26180671304658
42041 40.025520330309874
42119 41.212068231780826
44003 39.71962717891508
45037 40.486162759377315
45043 40.67513041721807
46055 40.765461257534234
46083 38.879450058550674
47001 45.288504254654804
47079 43.60944056741094
47105 46.79626650575344
48061 36.18003558674792
48089 42.0892358980822
48109 44.04416911232879
48111 44.15495483013697
48145 44.206820885797256
48167 42.49466149290273
48335 43.421611841095924
48497 47.08964981346905
49003 45.27178992552601
50001 39.93960720438351
5035 44.195516593972584
51005 42.924562502304134
51073 43.48045035171233
51099 42.03686004821917
51101 42.76950664246575
51173 44.05525339452358
5141 43.686757760547955
51670 41.25474882191538
51720 43.41894207397262
53017 35.84162260410959
53045 28.658914183180006
54047 42.43146761438357
55099 39.091601115520575
55105 39.55389454383452
6095 32.67745112149865
8033 46.7233418931507
2230 41.40511617336473
1085 40.61033313013697
12051 37.92168362152604
12057 40.97460339605478
13067 42.91526420999344
13187 44.37692633904106
13259 41.26031836575339
13307 41.51998456301372
16057 37.425959245394495
16077 40.531619142465736
17009 41.06115639041099
17095 39.24881003618222
17099 39.40842575958001
17175 39.424177019178074
17183 38.51053379555616
18011 40.58716653424657
18029 41.10523413643835
18111 40.46437414794517
19031 39.024367692054774
19081 38.47484344931507
19105 39.24022560219178
19137 36.264858467123304
19155 37.27900855040548
20023 43.05247054520549
20083 43.99932577534246
21013 43.43419928493422
21065 41.1362373356164
21083 43.47311714458357
21113 41.00836354458467
21153 40.93638872054795
24033 37.64024951897339
24037 42.720874624996725
26055 39.53569290792601
27015 38.48049398561648
27055 39.27653441150685
27167 37.01534089041097
28037 44.218365178082195
29031 43.234113497965765
29037 42.2674683413699
29223 43.11232149520553
30019 37.29438054246575
31059 39.128206616438376
31079 39.638197338183595
31097 38.30906484794522
31177 38.81691653643834
36029 41.39219426384685
36033 40.73191130173972
36037 40.143116225205496
37023 43.828244728156186
37083 43.30343388010768
38057 35.61265666211506
38063 35.69556113424654
40065 43.696579147602755
40147 45.32244722109862
42023 42.05773997260277
42075 40.428810613867945
42097 41.214266885954494
46079 39.358019205479486
46137 39.660471112328786
47003 43.79565134492604
47181 43.35970065273974
48069 44.75283854154245
48071 44.73329110867123
48095 42.55672199452053
48201 41.09866188186877
48269 43.716056358904105
48389 44.16433378575345
5041 44.025308736438376
5059 42.87474420117258
51047 41.918256509589064
51085 42.2963244808874
5109 42.92863617442464
51187 42.2196508743151
5119 43.939317904067416
5139 43.3294106767123
5149 43.05840197626848
51540 43.011903266424675
51740 40.522790081946276
53015 30.991628598306857
53025 36.25456000861915
54027 42.100932404383556
55011 39.022057576438364
55067 40.314775241536985
55069 39.79080281041095
55073 39.482378258130666
56005 42.515041914276665
8017 43.966793723287665
8123 43.97107891118627
1031 40.946503315262994
11001 36.84546289702959
12065 40.58970505755068
12093 38.21577774016981
13017 40.93473801534245
13087 41.004046491969824
13147 43.83367151342464
13229 38.93443184246575
16011 40.986875896232846
16029 44.25756001917806
16053 39.15958018356169
17125 40.26733313198141
18017 40.64175409538629
19007 38.53783971068494
19033 38.37474328591152
19071 37.411300126939715
20071 44.251128901369874
20181 43.45404466438359
20197 40.81631674657534
21003 44.15067811597535
21017 39.303212629687664
21041 41.60411955800632
21053 43.654934270306846
21087 43.129368630137016
21129 41.28385192965941
21187 41.008188173521376
22089 43.25030455573533
26011 38.88490638301369
26019 40.7533369890411
26051 38.617107657824675
26069 38.95364422042737
27051 37.5159085068493
27059 38.00274232910952
27065 37.61832781986303
28043 43.335951439452074
29039 43.95132562098905
29097 44.57534104934247
30035 36.50889538904112
30065 39.30866663561644
30071 37.93189620547945
31001 39.93746235587671
31051 39.61417619178085
31093 40.0208425520548
31107 39.613873445684895
32029 41.89626889041097
33017 36.95565208690409
35023 46.67802884931506
35061 44.904430512980845
36003 41.50090236735889
36077 40.8060363231263
37123 44.27548322693699
38045 36.524653569863005
39061 39.95173213167261
4023 42.74584817780819
41051 31.05176653844386
45085 42.17468225719424
46059 38.60127082876709
47051 44.035057334268494
47111 43.93383589383561
48051 43.229930013698635
48341 44.829002531506845
48413 42.74736228767126
48441 43.39954617798081
48449 45.962943434931546
48451 42.715231580712334
50007 39.51663981042189
50017 38.64171264493151
5057 43.54412926301367
5065 43.02858699246577
51045 43.46172849589044
51157 42.98064012465757
53061 28.525801860448475
54037 40.84449069203094
55043 39.67842769225124
55061 40.63022081164386
55075 39.76092679841919
56019 42.942548182191786
6091 43.610680739726035
6107 48.70014299134848
2130 41.40511617336473
1001 40.5183769116403
1037 40.75738953973891
1055 41.52442122473971
1101 40.59932034684136
1105 40.63433532054793
12011 33.249307055506854
12081 41.294176105197245
12095 40.430089317282196
13093 41.89610464109042
13129 43.39922170015617
13135 43.15355212023561
13199 42.43487149315064
13223 44.241963455387975
16039 40.745412801643845
16087 39.5580357634767
17039 39.95836791561643
17195 38.85041745051233
18145 41.10133454520549
18179 40.91745897336985
19003 36.60756296849317
21101 41.588260484440546
21115 40.48367719180278
21145 42.99526099160413
21163 42.60688914280822
22061 44.19223547726024
24043 40.93628924950243
25015 41.32459106881644
27107 36.25140824111235
27165 38.41563237811235
28127 42.826363564931476
29131 42.45695324931506
30055 38.3441583287671
30103 39.30096232054794
31029 42.734450923287696
32005 43.2155153352082
36023 40.686116737443015
36071 40.77713007804877
37009 44.59681380227397
37041 42.2122171013515
37067 42.83695350029864
37091 42.663226104657525
37125 44.02682428858354
37127 43.54102768797312
37167 44.93550521350547
38013 35.876150923287675
39013 41.4877870538356
39081 40.27256080987861
39145 39.642383288219165
40007 44.03952084932054
40011 43.31958422082194
4005 48.974603513767164
40117 44.62228553260272
41005 31.99641718775616
45061 42.81532496749044
45077 45.1881225041151
46019 40.98530876986301
46033 44.82558159863016
46035 38.91963045342464
46127 39.38943340913153
47089 46.62455819604104
47139 45.94154410082191
47145 45.81309016288216
48009 44.066185194528735
48047 35.97389611917807
48055 41.785678025684895
48087 43.63750810958903
48281 43.35461210958904
48343 45.81719472510688
48477 43.489910519660285
5039 42.885016203662985
5069 43.74575388917535
51065 42.7103018623288
51075 42.63254616712327
53023 37.98454419178085
54015 41.64604959999452
54035 40.382480543371514
6019 45.6741208229992
6027 48.066648664849325
6037 40.11640567544798
6049 40.13229749657534
6079 38.122559810621944
8031 39.11693217933618
8113 46.065660061643875
2158 41.40511617336473
2261 41.40511617336473
10003 39.363135932830424
1007 41.13784469383567
1039 41.25405907866849
1071 43.68252366452195
12027 39.5716175302767
12035 39.993668449041074
12113 44.89357999167122
13035 43.74432865848765
13061 40.833126819178105
13167 41.521316551610944
13263 42.04053118083013
13293 42.79352004619175
13313 43.90646105417643
16007 45.78909380273975
16051 41.212702383561634
16069 37.91183840109588
17067 39.62833225908656
17077 42.992978396287384
17103 38.97046696348
17111 38.60798526053483
17119 41.2029289148041
17131 38.83792512876713
18037 42.15743161917534
18067 40.918527866438346
19021 38.790178899060294
19097 39.46141203196714
20085 40.590496765276725
21005 41.298136746301374
21057 43.40493436986301
21131 42.467136812791814
21179 42.04176369985316
22039 44.48679784280821
22045 45.79606336293148
26017 38.388687765238345
26093 39.08578309820414
27027 35.98910636692054
27079 38.994980159361624
27109 38.81574128288221
28021 44.088952357063015
28053 43.6517273470356
28125 44.14444898767126
29033 40.93561521551589
29153 42.671518549315095
31023 38.364361285830135
31111 41.889202847602746
31139 39.750239130136976
34013 34.790736776834464
36027 39.752188162013965
36041 40.61788728424655
37011 44.83232470410955
37021 45.05192231249589
37059 44.33782897102438
38011 39.489254054794515
38051 37.557783109589025
39027 42.6044463101926
39101 41.12037894031427
39117 41.32349003150687
40001 46.281141524383564
40019 44.70085523810383
40113 44.448636034390425
41063 38.94042723927124
42029 40.1879621619844
42071 40.90640110503093
42107 41.28143121075344
42109 41.262312985958886
45025 43.445554861369864
45057 43.572975490604904
46021 37.877343791780824
46061 39.00594173698628
46135 39.24989050575342
48141 44.389276431791764
49041 47.76555934794523
5045 44.205149427068505
5091 44.55847858037808
51159 42.37906043561644
51171 43.40732405902905
51775 43.051463200547936
53007 35.50740886107398
53067 29.394090416929586
54105 41.421513064383554
55025 40.06502181164522
8013 45.181364302399984
8053 44.92564835890409
2122 41.40511617336473
15001 41.40511617336473
15009 41.40511617336473
