40.635808809298624 12033
33.44862281433422 12086
42.658452548630144 13097
38.44362570520549 13103
46.15629840068492 16013
38.983678197538644 17001
40.00288356257807 17035
42.98248739568494 18075
42.54445009342467 18103
41.762853458018064 18173
38.18660719109591 19041
38.32715815178086 19047
36.92286305972602 19079
37.8488589452156 19195
40.765167793835616 20005
40.68895304433561 20045
40.06309656914082 20091
38.71466073150687 20109
38.01652830136988 20171
40.05563198025918 20177
39.80955462191779 20203
41.461545021931514 21039
40.0763724879452 21049
41.45253525753425 21105
41.388448423287684 21165
41.0194747863014 21197
42.187151657150714 21199
38.57017955982466 22007
39.44387409966849 22097
37.37369465445207 23023
45.56240453238875 24019
40.82784528108737 24027
43.28857527115887 25001
36.42571794247948 26033
37.54934299600823 26041
36.30652985693809 26099
41.65517634319724 26159
35.70161846164383 27031
33.04410835434522 27037
36.0754226054904 27095
36.8422995379096 27149
42.47407152465754 29057
39.391573884931496 30039
37.80999955890411 31151
43.86452865478357 32001
41.81527355495426 34015
45.95982525005751 35045
45.70839784071236 35047
43.02104228064664 36009
41.6021023096082 36039
43.21337806621919 37061
45.552074160260254 37185
43.17674241347889 39011
40.11800238055754 39093
41.495365712213136 39133
42.75040050684933 40033
42.74976424323561 40097
42.519825771506866 40111
32.187172548443804 41041
30.78224572593423 41067
42.8727140076575 42027
43.409482993605494 42057
44.36121444219178 45039
43.971810443835636 47027
48.47240152563015 47123
41.3477157737825 47189
42.519074759789014 48043
38.84758905369865 48057
43.57823222054797 48115
43.848807345191766 48165
43.322023707397264 48171
42.461078515068486 48191
40.944223390410954 48287
42.149897039726014 48295
43.29471586541098 48325
40.78908678549864 48331
43.26019115344109 48363
42.3766332630137 48447
39.405423620273965 5011
41.57836518448219 5071
41.337885191095864 5077
39.55834137123286 5079
41.89157353059178 5123
42.10623721187398 5137
31.417054244043843 53011
35.853003331742464 53065
43.92894872054798 54001
43.718675938835595 54085
44.14203487033152 54097
39.04713611397257 55077
38.470930622832846 55081
37.66339767636987 55121
41.11202755982191 56043
53.39811915169755 6029
33.014977629452055 6045
45.680569814509575 8037
47.83290224931508 8047
41.90281515797538 8063
41.12573189690558 2180
41.0411138101315 12005
40.69590555506849 13145
43.719527412328794 13181
41.33771699099891 13285
40.60052082192053 17033
40.20055520592714 17133
38.45749033150084 17141
42.5316717948767 18023
41.25413143390408 18181
37.533025104142446 19009
37.70177417601917 19103
36.959390971237525 19171
38.58686507763011 19173
40.073279374430136 20013
43.28133944054797 21009
39.27001109405479 22115
40.18285439361373 22125
42.9960243022748 24013
43.91038982521641 24045
38.55764684084276 25009
38.52670004438353 26039
40.708262377483585 26091
36.94457640493153 27049
31.133091482271496 27123
35.863626152024636 27145
37.17908140777532 27157
42.619219790991785 29109
42.15939148948492 29155
41.84258489246574 29229
41.94877878493151 32013
43.05995142625366 34025
47.38727357937541 35043
40.4501243224274 36019
43.50409530958907 37017
44.792500415641086 37053
44.05218486849315 37079
42.863536446583566 37103
36.646812898630166 38023
39.20783734794522 38033
35.55089146917809 38079
43.65528832253693 39065
41.17619094447726 39085
42.329685154794525 40055
42.40710534339836 40087
37.48826977708768 41029
43.07342212581098 42061
42.50259395732327 42131
43.348498632472314 45041
46.70739078973696 45073
43.76481081915892 47015
47.08653202305479 47063
50.12778600745479 47155
43.627338026304116 48135
39.77265056849312 48175
43.99472412327397 48189
38.896801202969876 48409
42.77625388958905 48499
41.89351171660827 5005
39.71768206643834 5053
44.697421824654555 51033
46.375804092243825 51079
46.56516021367671 51131
42.86296030609482 54049
44.8859682922411 54063
43.754340947945195 54073
37.21378409691782 55019
43.11363651027397 56009
48.7371113324329 6005
39.48040728620987 6077
37.87216291958657 6093
42.9105705061644 8003
44.6409628089041 8051
42.10111812876714 8061
44.20065796848772 8071
41.99009799588223 8075
41.52824370136986 8115
41.12573189690558 2020
42.10807759383558 1027
39.64595528835614 12003
45.53736601041094 13123
38.58282987121918 13183
43.295159035657825 13217
43.609654771332316 13297
44.917225104967144 16005
44.72933146289317 16019
39.0237675408219 16049
38.944776540000035 17011
40.179813264383576 17023
40.78069921267122 17027
36.87915053123285 17093
38.90326213835616 17139
38.837304423109906 17163
39.927843021917845 17171
40.3752885095918 18007
42.519556241095906 18123
38.2325440337945 19053
39.206417921054516 19111
39.985008923287694 19177
38.36090553590438 19193
38.384748827397274 20039
41.15071498219178 20067
41.46429524570136 21007
41.97888895999996 21175
39.951359123304115 22035
39.985287170410984 22065
40.58203571871779 22107
38.12843944717425 23015
44.00255718807319 24017
38.922720452016726 26147
35.993703985205485 27005
37.78672000864738 27043
41.05650081972607 28137
41.38910955890877 28143
40.663862612799996 28147
39.6626674282877 28163
39.858138041095856 29079
42.006418818254815 29085
41.72386950010713 29159
36.74238836373041 29510
36.55868111438359 30047
42.813164182657566 30057
39.392456800000026 30097
38.92096472423285 30111
39.41071048311233 31003
39.83260711232877 31063
40.21498054520548 31149
37.04149118794518 31155
48.74384327671235 32009
38.60378278120792 33015
32.834499668296715 34017
38.81634534986304 34031
46.882522172594555 35006
44.1776264328767 35021
44.68171404594795 35025
45.33349637260278 35027
42.13955370767123 36107
46.20024757442738 37005
42.70163533424355 37047
47.012856645205474 37111
39.58010266027398 38001
35.4589848061644 38097
42.210512245834245 39005
41.97336786330133 39025
42.537862628219216 39031
43.12351615389042 39131
41.98026266368219 40047
41.066108259589065 40089
37.516931076369865 41065
43.97858305857206 42055
37.94476725957149 42101
42.92201548821917 42105
40.750927335172584 45029
45.71315714223916 45083
41.25499173561645 46007
38.24312792328766 46057
38.428004786295894 46099
37.25489114657535 46109
39.616201520547925 46117
46.55504478646576 47011
42.43690806822325 48029
42.76730936675618 48067
40.17871449579889 48113
44.51891797808218 48301
43.242131435326 48303
41.806523 48411
42.3303753753425 48433
43.02229368767124 48503
38.62663023743017 48505
39.69092714600109 5003
42.1395862908633 54053
39.46809219328765 55039
38.895032217616404 55123
51.740247060084975 6047
35.1419756460274 6105
43.67395955479455 8021
41.23229187413121 9007
41.12573189690558 2164
39.718066670627394 1005
41.169529034829324 1133
37.90283384653593 12031
41.39086265812601 13175
40.43831272783288 13209
44.766584775890415 16067
40.95097323698628 17025
39.718849121643814 17045
38.907259595068496 17053
40.906433879999966 17159
42.31454041950136 18069
42.58646106917808 18169
37.01127462983696 19013
36.364905139383545 19125
38.40346136273969 19139
38.42926050366766 19145
33.74210121828879 19153
43.040946068493135 20021
43.014214073489335 20035
35.370308194520526 20063
35.051286690411 20065
42.296138157064114 20073
40.091986739726025 20093
40.743460890312306 20103
41.65912287808223 20121
40.87935229589041 20127
37.438929984931505 20183
42.82750999232874 21031
39.14670216698986 21067
41.380847025205476 21103
42.93463844029864 21183
43.01922874246579 21225
37.23503228383559 22121
36.68207399693701 23017
39.39906756699997 26087
37.33809229510959 26109
37.58538583881095 26141
38.30591129584574 26145
35.56525491041098 27025
35.26318861916714 27061
40.47600494335343 28131
39.45809012260274 28153
41.20353804400625 29019
39.52174259315072 29171
41.42353499999998 30011
38.243266616438326 31061
39.158916199082206 31119
39.657109836986265 31175
45.47901093248765 32510
40.39994100122794 34007
42.54565337621917 34027
45.66029587061373 35035
41.94306122498633 36045
32.921195204533724 36081
46.22115402185777 37097
38.221052657534244 38053
38.2545291545962 39035
43.342067258456694 39037
42.95958322465752 40123
44.89681342629868 4019
38.90101377260275 41021
33.02920746961918 41047
38.41349691780819 41055
42.52622265397915 42013
40.80424373215832 42043
40.436392502634256 42091
38.61437359233423 45019
39.75703827534244 46053
42.0263127671233 47101
40.10035790794523 48007
43.78285053315069 48019
43.24265934282847 48121
40.59005860857997 48149
42.285660947030124 48193
41.98438943561645 48267
40.026056562106056 48285
40.815561158909546 48419
42.42983775947127 48439
38.30951142906085 48469
44.36720487397261 48501
46.4565936091315 49047
40.249347599863 5051
42.35649454752601 5111
45.64832459041093 51141
45.62363184428495 51197
44.91549725675616 51199
40.06592004735094 5125
44.032779711232855 51570
44.63797724246575 51620
41.746464641027394 51710
45.54089188950137 51790
38.38015437486851 53003
43.34470683972603 54065
36.86277813928766 55119
42.20077330821917 56015
54.50386615616712 6039
42.58159472602738 8011
44.41357557808222 8023
42.913931062504396 8069
43.808271161369895 8085
41.422416951910954 1077
41.833014532152056 1121
39.18848324382465 12029
39.43272683630136 12109
39.31992493452055 13039
41.068520283561625 13091
40.10460617585754 13095
39.490158295427385 13131
46.056186949041056 13257
39.59573204821914 13267
40.370265462115036 13271
47.70437306303015 13281
40.544798302739686 16003
44.59140148767125 16031
40.7178868230137 17101
39.32018394522847 17169
42.718119430958936 18071
43.07955993213699 18095
37.81100024041096 19055
38.01435409432958 19065
37.975981024109586 19067
36.83398859178084 19157
41.52743327712082 21021
43.16876259315072 21061
43.12628591701374 21085
41.70678505753424 21109
43.317986612602745 21231
40.80300707693669 22017
37.52383441132601 22071
39.570166813383565 22087
33.046586197287965 27003
34.11849798767123 27069
40.7029468171233 28017
40.0050604114274 28029
41.39815860041921 28047
39.26241961506852 28069
39.991884309589025 30059
40.16079045136987 30087
38.55442159178082 31127
37.54107945808219 31131
39.384007989054794 31145
43.81162292054793 32015
44.92225839258082 34001
36.77129554350141 34003
41.76120456551018 34005
38.04648134383618 34039
45.20927235297259 35053
42.14748011735067 36017
40.59991618654411 36087
42.86539885727395 36121
43.67246281095893 37177
34.32127033643835 38067
44.08440039421479 39071
42.77594593817915 39079
42.568405521462985 39161
45.90579126176711 4003
42.340738046575375 40057
42.61281213643833 40063
38.95450212876714 41049
40.086580843024926 42007
43.017772967253975 42089
42.88867961890411 42117
39.96249919178081 46075
39.50575973972603 46085
38.92357018493153 46087
37.4998525232877 46091
49.00513396312056 47009
41.63012417534245 47095
43.16397076438359 47127
41.52988225985125 48027
38.73826348319807 48039
42.00846512915338 48225
40.98229166712328 48297
49.1505252630137 49025
45.846415007972574 49045
42.71642520661644 5007
45.278826848219204 51025
45.64938618630139 51091
45.235970243364356 51105
45.53719596892873 51111
45.877607319117786 51165
45.69005486649723 51590
37.89888915367394 53005
24.24101193713725 53029
42.49911509861888 54051
35.67912550904111 55007
38.8386952953425 55065
37.300489212328785 55083
36.01057508356164 55095
38.99970028931507 55103
41.834675543835594 56017
42.635298878082175 56045
52.09435115733697 6065
46.65813555111781 6111
41.12573189690558 2013
41.12573189690558 2060
41.44184669710492 1059
40.9494653479452 1093
39.11809412433425 12103
42.082250294633155 13021
41.94043047150687 13077
43.85023452041097 13115
42.27486695982824 13149
44.136521611443605 13157
42.42408296986303 13163
39.3278782233425 13185
39.87658025843838 13201
39.84360660223971 13215
41.290020033309595 13225
40.337033769862984 13321
38.35431637876712 17147
42.77541863013701 18009
43.25183959726029 18013
41.367314328735056 18091
38.566802630136976 19005
37.64516730273968 19095
40.44072281643835 20081
42.31724865679231 21093
41.23423027726028 21167
38.38967037299176 22053
37.35257970646848 22093
37.09249902963837 22095
36.10389656749697 23011
36.2366579160411 23025
37.50396897294521 26031
39.38873913561646 26057
39.62103024698685 26067
38.98467824594926 26157
37.2621032171233 27023
38.02421390452879 27083
38.780611255720515 27105
34.97199111315067 27119
39.63494722465752 28015
41.050696200438374 28115
39.5165316130137 29111
42.639482104561594 29145
41.640976901369875 30075
36.798617435616464 30091
39.45974509315067 31015
45.17076046529314 34029
44.412645174413726 35007
41.99017219368769 36007
39.806428367679445 36035
40.33448374260545 36043
39.47909828858631 36057
44.577400697205455 37101
44.55610144844657 37119
47.08527679221919 37189
36.19124105936713 38093
41.40990313003287 39123
39.92143535706223 39173
42.30324377260276 40029
43.200381546849336 40035
42.36989446794517 40051
52.77108129545206 4007
42.818638414383564 40083
32.661101308556134 41011
39.60210607260273 41023
42.76444330867944 42083
42.4161948754411 44009
41.32286742012058 45005
46.03190315565945 45007
42.72248014155509 45017
43.89266298355892 45033
42.13935543585123 45051
38.44696900230684 46011
40.33348853972607 46095
41.675709528767115 47085
41.57816367046847 47109
45.11074060276989 47133
45.13379360273974 47151
42.313368841100264 48035
41.96496731301369 48093
42.083105719643804 48185
39.51192303561643 48241
41.804757684005494 48277
41.7894631207381 48339
43.361186481709595 48375
42.255486050000016 48387
42.502891375641646 48485
46.00465598629041 49005
40.56751757328765 50021
42.014389741095826 5049
42.1078014945315 5075
43.64514054875065 51027
45.00835718835616 51071
46.13004049479455 51077
44.512747154794525 51580
43.68995989865395 51630
43.74468759397265 51840
43.5002429232822 54007
42.93586742646844 54045
43.59937625949862 54057
44.685262941542454 54093
43.50187051826849 54109
36.57077645479453 55037
38.567148315074775 55059
37.927950687008455 55133
44.59080195342467 8027
43.8613684547945 8055
45.853719197260254 8057
40.63644042904109 1057
40.50173766006245 1117
39.04495674383561 12067
36.9441105271178 12111
42.71236543652441 13247
40.723472468493135 13315
45.50456077808218 16025
32.70078893491673 17031
41.11693910936435 18003
39.82532482657534 18043
42.693838566655586 18117
42.95514155136989 18159
35.51202995410963 19169
42.94468678904108 20049
38.888935007328755 20157
42.72231494128491 21001
42.735208544731506 21051
41.19831283925836 21143
41.03729283958273 21211
43.449011814383546 21235
40.16493515969039 22085
37.565969944304406 23005
36.457046062350706 23019
43.95605106967946 24023
45.609682997534264 24041
37.56024015312606 26007
38.89655711110141 26035
34.61524495616441 27077
37.17169207054792 27143
36.976823939726025 27151
39.922064712326005 28019
40.61778742630134 28039
40.117328624643825 28077
39.77351556061645 28083
41.458518520098636 28093
39.435972977643836 28123
41.77410943945203 29073
41.7999599228493 29105
41.76302967440987 29113
40.7595780060274 29115
41.71613384020359 29125
41.46660507900191 29175
40.170660630137 29199
42.57691118311236 29217
40.73653640164386 30003
39.11560424027402 30081
41.009777704109595 31113
43.4777907600685 32007
45.48373848995892 35055
41.518267327054794 36021
31.780031162496154 36061
40.05815598370683 36065
46.61930079333971 37003
45.32831855067398 37007
45.82276070078135 37025
48.03533774714528 37039
49.531924002739736 37075
46.34967147324082 37159
35.91510042465751 38031
36.06458908219178 38075
42.3248733698789 39113
40.81426863013698 40059
42.44023629921257 42051
41.50718724516355 42077
42.935146186986266 45067
45.72803284385207 47025
46.748912103561594 47091
40.40107899132599 48015
42.57573730410961 48105
40.62808993150686 48127
44.28971078992875 48237
43.245998218677286 48251
44.00312336986304 48421
40.22770786404113 5001
40.078512014613736 5099
45.849514214079456 51035
44.395023645294216 51061
45.96584628219175 51133
43.29925270167012 51153
43.907315075323275 51800
23.06964869067535 53009
25.661653622921627 53057
37.19799156380823 53063
37.18439843150687 55078
35.83099757304933 55113
38.29144361882468 6033
45.33356777036986 8045
47.2659501406301 8049
43.26468545753424 8109
46.41184817972603 8117
41.20978842065915 9001
41.12573189690558 2068
38.85602510141918 12009
39.75079892557807 12023
39.88426724929864 12045
41.35380883996983 12101
39.96547120876715 13053
38.3704101827745 17007
41.35091619225013 17081
41.958918023084934 18057
42.075216741312325 18099
37.89398448116439 19017
35.69320886544386 19099
43.11579018605891 20037
36.24920674246574 20145
41.57968188000002 20175
42.53174504383563 20207
41.867738249315074 21135
38.714746037435596 22001
40.086904861917816 22013
41.06958488273974 22029
39.471539469589004 22043
38.2940488164274 23029
44.21703354735396 24011
42.03369461131508 25003
38.89376103877258 26009
42.21371797991233 26021
38.66049667115068 26049
40.51407784838632 26101
39.85203991712327 26165
35.689952601832886 27029
39.257631761720525 28049
39.424494529361695 28067
39.05056374563565 28075
40.312819485832875 28161
40.914956360273976 29063
42.717029768493155 29119
39.14565929452057 29129
41.788290638367094 29143
42.049953773287676 29167
42.855136355257535 30001
40.48515900365208 30023
38.31207390136984 31083
39.23530442630137 33019
40.01859630103836 36115
45.85871448118438 37045
44.75217249436495 37051
45.110943172175325 37071
44.667238124813686 37169
38.73523211095892 38089
41.75373703183232 39077
43.10701651444878 39107
44.24083030082193 39159
43.0566341643819 39163
42.381717013089876 40031
42.316179149315055 40073
48.92568407213974 4015
39.29092688219175 41069
41.769893679733435 42063
42.65720942393973 42069
41.15255824622931 42085
41.56603696513426 42121
40.23689935863011 45013
45.03925448827123 45087
37.95877191052052 46037
38.17009303835615 46039
39.13579164657532 46073
38.76738163287671 46107
41.740227930583565 47023
42.31569192383563 47033
45.14668384803285 47141
40.70197688686849 48025
44.438063205479445 48229
38.39175162575339 48273
41.294498328219206 48373
41.79423893424659 48377
43.08265914520547 48393
46.458553569863064 49033
39.020642663013696 50019
42.18730782078362 5031
42.05934067287671 5067
41.10777610321371 5095
45.536748682923275 51143
45.236359042904105 51169
44.31566869313647 51680
35.160854642912305 53019
42.5623324004704 54061
42.44899779287671 54079
45.06872237352871 54101
40.13588432712328 55027
36.139631354794496 55033
38.23193659238903 55139
49.808335508493094 6009
44.63802204219185 8015
41.51402773601066 8059
45.58882752657536 8093
41.12573189690558 2070
43.206653930136994 1029
40.72509935820825 1087
41.17362966705477 12053
38.920646759452055 12079
39.18660294192326 12117
44.36743111781231 13047
42.93937392057752 13057
40.837117881870924 13089
40.468027286301385 13197
44.06708002446849 16083
38.380127144657536 17041
33.233302110990415 17043
36.00046999284821 17097
41.30838486917809 17127
37.33300016773971 17161
42.48901563616436 17193
40.63231636602738 18045
42.55212254630138 18119
39.236189567989875 18127
38.83894857443095 19115
38.87337324472875 19119
40.29735255661014 20041
41.92692272465755 20107
42.81235836438359 20133
41.470910936986286 21075
44.56808221395343 21095
42.39510612204931 21125
43.51050781369864 21147
41.23071480410957 21215
38.570802547397236 22003
38.70698513196441 22113
38.81123491287669 26079
33.40110363026848 27137
37.642722042465735 27173
41.21026889042193 28045
41.34737141208107 29099
37.57015534730139 30013
38.71875442100276 30021
40.95404333698631 31057
40.9429458292082 31101
44.20543676712331 35059
38.77817091152215 36001
42.01178704520357 36015
42.433029536164426 36073
45.38276760303563 37055
50.00548363506847 37173
41.498543455115055 39039
43.388800156828225 39083
44.494815398250665 39091
41.96007871178083 40039
41.54932729861453 40093
43.958399593835644 40105
42.061628012692296 40145
39.14367140547946 41013
43.71793056530412 45065
44.74050684079067 45091
38.706785991780826 46077
38.77468152876709 46111
42.10785048424658 47045
47.60921437443289 47121
44.5344840931507 47137
42.439142052054805 48023
42.12346974657534 48119
38.514993436862454 48355
41.992263321542474 48493
48.38079573095886 49007
49.226331859589045 49037
39.47077067835613 50011
42.57227171036985 5009
44.95340555279727 51019
41.17571515250409 5117
43.53557066252055 51650
44.9684322940438 51735
43.17657736546301 51810
42.108318808144126 54039
43.47271249954605 54095
38.64346769864111 55001
38.73735261460545 55023
40.966831983805484 6069
28.493029089595076 6081
42.901278599999976 8079
46.823078550284976 8083
41.07102481280001 1017
41.28275699197642 1033
39.19146922224652 12105
39.50042139999997 13001
39.41677294465748 13027
37.40294396411785 13051
39.222344934931535 13191
43.62615270246576 13211
39.75477712054794 13239
40.25122952466848 13279
41.82417243698468 17055
42.922244094520536 17059
42.07803394792875 18015
42.31572869998273 18061
35.83860620626327 19015
38.453865478082186 19035
38.792952770871764 19057
38.09357026438356 19063
38.448100238343294 19185
33.81864796986302 20135
40.23601570558878 21117
43.53723197465752 21121
40.77977620136986 22023
39.21242313906657 22079
38.58278434164381 23031
40.014338149315044 26085
37.29299361826027 26095
36.50017887499726 26103
36.92108791311342 26125
38.33200518708219 26129
35.991732782265736 27035
33.58234373331503 27163
41.14853848826577 28001
41.438617262095896 29089
42.32777516850138 29209
42.24519642228492 30031
40.233529398161664 30043
38.10013513835615 30083
38.52802937808218 31065
38.09744400470961 31067
41.5698463369863 31075
39.156645204109566 31173
38.67285020574329 33003
45.870204981871254 34009
45.53656547333617 37105
46.239313017079965 37161
35.73871058630137 38091
44.106433504364084 39023
43.50312000205483 39115
41.55524693041093 40023
41.786122102739746 40045
41.57629987461041 42095
40.33808921619121 44001
38.64932612144661 46005
40.83724485342463 46071
45.371264343227374 47013
41.994329707876716 47055
44.795452430016994 47065
41.91661982922462 47081
40.67251484669342 47157
45.23533316858908 47163
42.94001944109591 48103
44.42653920684934 48117
43.428873670849306 48233
43.397408983561654 48243
42.28043255938082 48253
42.01989820986302 48349
42.69389352945208 48415
38.4248793100986 48427
42.11315241947126 5055
41.15825016032739 5085
40.915967423739765 5105
45.292229791600256 51089
44.64821806999726 51195
41.85861026575343 5147
24.887896803662194 53035
29.758865879452074 53069
44.33314216164381 54089
45.50007042465755 56035
44.75246013425204 8029
45.090311598007105 8041
41.12573189690558 2016
41.12573189690558 2100
41.480196710224654 1009
40.03304168675618 1067
44.183689376227385 13055
40.182378964380824 13277
41.5191181424685 16085
37.78913121981562 17019
38.80831094246577 17063
38.365829045576945 17113
40.772533840060284 17117
40.95741838789754 17121
38.88547682190328 17129
42.488460669668484 18001
42.463670474420034 18079
41.34716886820274 18151
39.21195317328766 19133
35.05616189959286 19181
40.49576477260273 20007
41.19479965205482 20017
40.93586279315066 20111
41.133742650202976 21023
40.939716368767144 21161
42.003337628082186 21213
41.2654189326027 21221
41.780146073063825 21229
39.69116716654792 22069
40.60017851596709 25005
40.210444538802705 26089
35.2145521633715 27019
34.33046477205482 27135
34.549491374292344 27139
39.89707398904109 28011
39.826033120938945 28133
41.66462034913698 29007
41.64496748194524 29029
38.59257227707263 29189
39.93317006210491 29211
36.27993660272601 30089
39.71338681523561 31047
42.44038982739727 31165
38.60713138630134 31169
46.52245693282191 35049
42.2513745875644 36031
33.198552175844355 36047
38.90890011594521 36091
45.26256713907124 37057
45.97604971273696 37077
45.111866174816186 37153
44.16310856166277 37155
36.24109902877261 38077
37.283895908416454 38105
41.98249088219173 39125
42.7277091667551 39139
43.416642423858896 39167
43.039611273587084 40081
42.7280617488548 42035
39.43181377534245 46041
41.468279737671224 47039
45.34647092945207 47049
45.949324185660274 47073
43.37877261369865 48011
41.704342047274 48049
42.86415834246573 48125
39.815822478553436 48131
39.07274797262551 48239
43.129165534794524 48265
42.405226283561646 48275
42.02766884109592 48327
48.11578597808218 49031
39.42682987808218 5013
39.375069565753456 5025
40.35619773479453 5027
44.164717427385476 51043
46.936942449315076 51115
40.689766128020814 51510
43.153135787397225 54103
35.52283698551234 55109
42.94590583561645 56031
38.96199920194988 6059
47.13592057353427 6061
44.04966537534244 8091
41.32804357696852 9009
41.31584966310272 9013
40.18200209170688 1097
41.58974852715341 1103
39.278736961646565 12047
43.75366924869782 13013
38.577572860287674 13025
38.91662205616437 13049
39.94816355452057 13071
44.33661263651231 13085
47.90988577041098 13241
38.995839510159186 17091
38.88061315534243 17109
39.37072975068492 19051
38.17819368128493 19089
41.285409384246556 20115
41.3008318753425 21069
39.838236235354806 21073
41.15833116575346 21077
42.41400353589039 21119
38.69342909724902 21209
38.40811529150521 22033
34.57646144396437 23003
40.478960687975345 25011
36.38025267123289 26071
39.66529314181642 26117
31.316762286800255 27053
37.52547812054791 27161
37.76891056219179 27169
40.41048052601069 28027
39.2506828575342 28061
38.814789157534236 29005
42.959095654810966 29011
40.405476066825244 29047
41.97445370411231 29059
42.03191480030714 29101
40.653066186849266 29117
39.353328529315036 29147
41.9955266582192 29225
37.27412177534244 30015
35.07159594994052 30029
38.49711658812686 31037
38.379753410274 31043
41.81844478767127 31161
44.520224652054786 32019
40.92726949426575 36075
35.781279657534256 38039
39.228556623287666 38041
34.74533018172603 38099
41.32235687780027 39043
43.384267465363806 39045
42.22853390488414 39053
42.41260517294522 39075
41.92964643525315 39147
41.07600375740825 39171
39.895888600000006 41025
35.948078770936995 41033
41.437901687373724 42011
41.85647569567918 42017
42.78525023255151 42059
44.917991454786325 45001
39.2978085124844 45015
46.98912122110687 47019
38.942394414422466 47037
41.81439951506848 47043
44.2078584130137 47087
42.58473761580275 47097
41.96455766524958 47099
41.59539882246574 47131
42.9383250534247 47169
43.55363067260277 48065
41.76056134973729 48187
41.99162044109591 48435
39.86981587471264 48481
47.812055017808206 49021
38.93736828328768 50005
39.72740543742466 50027
45.101030622898605 51003
39.656951535126055 5103
44.86908028986303 51137
43.79745016926273 51179
45.521004666605485 51191
42.325447722356195 5129
45.09271418904111 51520
45.59443839650408 51660
37.90295254963013 53021
44.60759338473423 54025
43.24190667945207 54087
43.34872590505564 54107
39.418549437605506 55117
39.24596628884111 55131
34.40121327356989 6015
50.164172547945185 6057
44.35548990064192 6099
43.33516428005374 8035
40.74337694210959 1003
39.852473917336965 1041
40.1428600367124 1107
38.13356285988765 13029
40.13119388356163 13037
46.733459603835605 13111
40.64399368623643 13121
43.54974481914192 13133
41.688000388054796 13151
42.41937218357068 13171
40.52622413287672 13249
40.26227746232879 13273
44.4779207917808 16033
42.010134291780815 17087
39.6283409567123 17137
42.298515380821925 17151
38.28285911886411 17167
41.88005889522026 18063
41.715062989665775 18107
41.119266923287704 18153
39.986851862435365 18167
42.848230962099436 18175
42.09736015342467 20003
42.182785983131765 20015
37.92597252739728 20053
38.15800110958905 20089
38.589959260273965 20097
37.864998372602706 20105
41.21450458424656 21079
42.53408895340191 21091
39.71180614897261 22073
45.13192583123286 25019
40.680459001103294 26025
39.16557163449588 26065
39.91553998731782 26123
39.702099123972594 26151
36.95591510136713 27011
36.14587433801373 27153
35.729057872833145 27171
41.52785291144108 28005
39.34322031780824 28101
40.16021029417812 28105
42.018501614616454 29015
41.71006012808215 29049
40.873396515068485 29163
40.64427461553153 29173
41.69101372328766 29201
42.0900797032877 29213
41.91668552876714 29219
39.91686238356165 30025
38.10243454109588 30063
38.5123193465753 31035
39.666358335616465 31089
41.23446539726026 31135
39.06436099409316 33009
44.68027540467121 35005
44.62587741689313 35029
42.91509952089452 37019
44.1421713098356 37031
45.05511467728764 37065
47.75315104726029 37121
42.93532468237264 37133
45.824890953698656 37181
35.86161721643836 38103
40.8734579160422 39099
43.77075974739725 39149
43.99474914612056 40067
42.02615409999999 40149
34.29969611052053 41015
31.44784153150136 41071
41.85519550564463 42039
40.105407115212884 44007
46.41028081891832 45045
37.95884404520549 46045
46.44614981182301 47093
44.80226899175341 47115
42.88794443197615 48063
42.78374926575342 48129
40.83408022376082 48177
38.76145303764931 48199
43.1873943054622 48203
42.207572367123284 48211
37.89767341227672 48361
41.51525179634057 48365
42.20396006849314 48379
42.70916241643836 48383
43.898644609134216 48475
37.90722148042985 48479
45.85413498630135 49009
40.493820978098604 50025
45.994387373150644 51001
41.60472509957641 51059
41.171015968638365 5115
45.05260393122743 51185
38.95076981369862 53013
37.960937353315074 55063
51.700409197504094 6109
41.48153091369863 8007
41.08448801342468 8067
41.12573189690558 2090
41.12573189690558 2185
41.12573189690558 2240
41.12573189690558 15003
39.582774007619165 1013
40.02917168180273 1045
41.46971698387701 1079
39.86510882000273 1113
40.45876457876715 12037
39.406742694520545 12049
41.7064742797973 12091
40.99284780701093 12131
42.01359962054788 13033
43.37164976857563 13045
43.230323536986276 13141
39.8753100018192 13161
37.16354607808217 16009
41.11877999931509 16075
37.46970207724983 17143
41.85176844712325 17181
40.70831237191776 17185
41.64797171890412 17191
41.955901572422725 17199
39.592390110531504 18019
41.51672543912436 18027
42.86516067778685 18105
43.254707526575345 18139
40.29338161506848 18171
37.8580131077597 19189
40.145050913013705 20061
39.36873560547946 20117
35.750769502739686 20167
40.50730553150684 20199
42.58038121643837 21063
38.83212053671232 23013
37.47421411917807 23027
37.34095921824931 27073
37.22623213188768 27103
37.58832723938357 27147
40.610824992684925 28085
39.386600655964386 28099
41.278800441091256 29041
39.75026264417807 29127
42.08702039863013 29181
41.787556497260276 29186
39.181451871232895 29227
38.81580896438358 30033
37.207307093136976 30085
36.67868645159647 31025
41.92380844747125 31033
38.49941222648767 31081
40.64777276986302 31085
38.76479067763561 31121
41.7097051014055 34033
42.919605778692336 34035
46.39323553493149 35028
42.85865645696164 36025
41.40041885205753 36049
37.35525916949811 36059
41.47150137739727 36095
41.09206684003668 36103
40.29399747947672 36117
45.19078334889942 37151
43.439088167906036 39073
43.22793047876711 39111
43.24614916621999 39121
43.72693014834467 39129
42.87704593700271 39135
43.476796042382176 39141
42.50943760549313 40075
41.121477630161614 40079
42.8129779109589 40107
47.480688771372584 4012
41.05177999362742 40151
42.86040978580878 42009
42.77676201567669 42015
44.20999623082192 45071
37.41132501643834 46051
38.89806374977535 46067
46.999825120526 47007
41.743309948375355 47077
40.72626887720819 48005
42.378016368320566 48147
42.447539091780854 48151
42.32015995342465 48155
36.22642857945289 48215
42.25605322876439 48299
41.36958792156819 48309
39.48280804356166 48321
41.9516481739726 48333
42.57710781917809 48385
41.42889315780822 48395
40.37458006483015 48405
40.62466521737259 5083
45.84234486999996 51083
45.40211795000002 51193
41.76572221347392 5145
34.13016608986302 53047
42.098679995426586 54009
37.68729920321918 55015
32.9201680778712 55031
39.54251414703835 55047
38.749881876337 55137
37.70203749507942 55141
42.328416852602714 56013
46.0553040917808 56039
46.8234001991041 56041
40.539258170600014 6103
40.36683793415201 8005
44.67245043904107 8081
41.69733737260275 8095
46.034314301027436 8107
41.12573189690558 2195
41.12573189690558 15005
40.03907897685201 1053
40.483149106841076 1075
41.642732100365784 1083
39.49598414657533 1131
40.63879698128223 13081
44.46804476438356 13105
39.4929697132411 13109
41.34686027534251 13113
45.54045018904107 16037
40.86536846392298 17157
38.88405111018522 17203
42.729146905753446 18059
42.8226533041096 18093
41.512270131501374 18155
37.16652814154055 19001
37.40702313194877 19019
38.013948905007396 19131
38.943968446123286 20055
41.49213530465754 20059
39.49312296825288 20169
41.0530519969315 21035
39.011974875937526 21111
40.628525809589 21181
39.62556073458901 21239
36.529398648931505 22019
40.26036885534248 22027
37.84048947298356 22051
42.09342834947671 22075
43.56917773395754 24025
38.149040567318615 26081
41.04821054559177 26127
39.50415792971506 26155
35.90233030331503 27057
35.8550234767123 27087
34.64865462671237 27089
36.004715668150716 27097
38.677549010956184 27101
39.866570863906894 28065
41.559679829041066 28117
40.058191307747926 28155
40.569858340896474 29001
41.98474784473154 29017
41.413282765068466 29027
42.26367230960549 29055
41.912109769879436 29067
41.53026825068493 29139
41.53753171130136 29195
39.02083945753424 30037
37.12042793287673 30061
36.504403965753426 30073
38.90951570958903 31133
38.34948974794521 31143
39.11103140547943 31167
46.71967846481888 32003
43.18397208366987 32031
41.13993902996876 34023
45.17661761751509 35013
41.39267796399975 36079
39.98435803126001 36083
41.9958032652055 36097
40.76520756520546 36099
42.27072352629587 36101
41.874028677186345 36109
43.62450816709866 37013
44.79284637702356 37081
45.233610846202716 37171
35.4569466746575 38005
35.33204328218358 38071
42.122433740627386 39087
38.27363862386574 39095
41.00002082555617 39143
41.44801673776632 39151
42.740973383866034 40131
38.82680867638249 42003
42.22836170172274 42081
42.06827619136467 42133
44.4197114312293 45055
45.11938006369861 47061
42.403310853424635 48013
42.24002730273975 48075
41.800678334227406 48163
42.815080141369876 48227
36.68763764452054 48245
41.29903089726025 48255
41.415318822376186 48257
44.179280768219186 48279
40.887338902597264 48323
41.77195750434578 48397
42.953388523306025 48459
42.09204915260273 48467
46.78695678272054 49049
40.04203016323561 50015
45.75949269770962 51103
45.36163883013699 51183
27.460243486665775 53027
43.23843903835614 54021
44.96339548072056 54055
36.1602110005479 55005
39.50097302010684 55029
36.650840911186314 55079
35.59804040767125 55129
45.83372766506848 56023
37.89415820807724 6089
39.93032635295454 6113
42.03503073527401 8087
43.851801796325475 10001
41.456189018630106 1123
40.13259058420653 1125
37.642575236720546 12071
36.0089186033178 12087
39.93733938765205 13031
43.687745617448485 13059
40.35269040482193 13063
44.24347405382578 13139
40.484463632876725 13309
46.00867605808223 13311
37.472313076712325 16035
38.33105714749865 17085
41.68045147534245 17153
40.88534360958905 17189
41.66799042464382 18039
36.014700258113976 18089
42.31340153242933 18101
42.22092431075588 18129
41.564149391780816 18131
36.169607546113156 19121
38.92320946104658 19167
41.34421055935343 20079
40.219658047358635 20113
39.35722788217808 20151
35.04608306575338 20163
41.73232630063891 20173
42.12028549670877 21059
40.98763052375178 21157
40.299351806372606 22041
40.00839509649319 22057
41.49317182611784 22063
40.25408913698634 22081
41.843619193150666 22105
45.3090253675778 24009
41.497199481717786 26059
37.18789968219178 26083
38.83577144267123 26115
37.31422415161644 27013
33.7813250481726 27017
38.32770333767122 27033
37.947429036347934 27099
36.26044436986029 27111
35.23714840171235 27115
41.09906614794517 28057
41.428819830136995 29025
39.72363648310689 29087
42.03855366848492 29149
35.90027392602738 30051
39.43143409589042 30107
41.662050827397245 31005
37.77354182163041 31053
39.530622972602714 31183
38.910766477603275 33011
43.93608897259454 37143
36.42526896235892 38015
36.36027447671231 38043
37.3038291178082 38047
36.29873870866029 38073
42.59200504564605 39015
43.077767270904104 39057
41.574010323489915 40027
42.083652712328806 40129
42.00937859361098 42037
44.925570188008486 45023
43.63057200066222 45063
38.40361617534249 46049
41.81717951890411 47005
42.088914423857524 47119
41.582011082191784 47135
43.52446732657534 47159
46.62083153235616 47179
42.384344969863 48081
42.000692458082185 48133
44.546878163484934 48259
43.00589379452053 48461
36.289277979726045 48489
48.69113489041093 49017
40.483671053887676 5061
44.612400123287685 51017
46.52913741643836 51139
40.09135095434795 5127
42.25422960916741 54011
36.23277496985204 55051
37.822110266849364 55053
36.54990210861099 55085
36.529737400000016 55125
43.99694789406578 56037
34.32600722032767 6087
44.47753099879726 8039
43.531964603142455 1049
41.39821252835015 1115
39.591614583600006 12001
38.803513791980805 12015
40.646064475875896 12069
40.79806946345751 12119
39.89836886164381 13007
44.83607132945204 13011
41.60766491507671 13079
43.632476989486854 13219
36.44341478660548 16017
44.905279980821916 16063
41.3543933068493 17013
38.78543705113617 17071
38.5569846989726 17107
35.95148617800876 17197
43.26743894982167 18065
40.782717084931484 18083
42.212453726041076 18133
37.53403884041098 19025
37.686775713424645 19029
39.20832982684933 19087
37.90992192604029 19135
37.535273148208795 19163
37.46785917191784 19175
39.97212529496713 20131
42.65113112014549 21043
40.77357224977013 21151
40.95483990098186 21185
42.38373843561642 21217
38.795730552035614 22005
36.068643586997 23001
44.10065886301373 25007
39.75949980606851 26045
40.603789502030175 26121
35.9431050728767 27021
38.77698301187127 27133
35.91545744203837 27159
39.57360347123287 28051
39.52418295891233 28089
40.48216307672409 28119
41.250481637424656 28145
41.308808681095876 29053
39.43691164565835 29081
41.61591818628551 29169
42.90631558136988 29221
40.82526098356164 30093
43.41670111974079 34019
43.330039103784095 34037
46.14956101849315 35057
42.662784832036984 37129
44.76063114218905 37195
45.2697324700729 37197
36.9412413899562 38021
35.73887118767124 38049
36.27714531759179 38101
43.273261215321384 39009
42.9733224678526 39033
41.26337258822466 39069
40.68596026770846 39103
42.469260042732635 39165
42.41110087260272 40015
42.04245699858053 40017
41.95732211712331 40061
42.956416841234784 40119
42.967378866301324 40139
40.671554370246284 42019
41.77053246027402 42031
43.154990913695855 42103
42.9038687969915 42111
41.65690548441316 45089
37.564523678424656 46013
42.74798121049316 46103
46.76338515342467 47057
45.90557874246575 47067
42.50944028628221 47075
41.93782842024218 48085
42.39522999143838 48143
42.35271088630137 48313
41.108386693783565 48347
40.24940384931507 48403
42.01813511575346 48407
42.19195349041096 48417
42.64786543848055 48423
44.053944209142486 48437
42.60124268575344 48471
48.689731193589054 49015
47.92226467726025 49039
40.11260337331508 50023
41.4593372328767 5081
44.45245151384631 51009
43.677414526027405 51051
45.056634930595315 51109
45.87933669794523 51119
45.187226242339726 51121
44.5276403691781 51163
44.085487974796436 51177
45.67715165753425 51181
41.992561008219184 5135
42.30133382380276 51550
41.47765396273971 51600
45.596042049863016 51820
45.410579131509586 51830
30.851567902876727 53041
29.209089952265785 53049
38.95335751759175 53071
38.06198703087123 53077
45.166424619186316 54031
42.562981651673994 54059
43.14827098150683 54091
35.95774173033148 55003
36.725012904413695 55009
38.40333981887948 55089
37.35511532331235 55115
42.318588771665766 6021
39.10090986837427 8001
42.251115757534265 8121
41.05939187362465 1051
40.35818757350416 1061
42.15255605388222 1095
39.06616961232878 1119
38.34336608795886 12073
39.43557293429317 13003
39.374756967142424 13005
40.37944863104382 13043
39.7474422068493 13075
45.31555435671231 13119
38.25524735712326 13179
43.221107991232905 13189
44.19824476436436 13195
42.759920403835594 13207
43.398216786301354 13265
43.46583858561642 13317
44.68355817852056 16065
42.11510959359451 16073
40.38118776027398 17135
42.86186040110219 18005
41.785189748767145 18113
37.86662653424659 19023
37.8229697744145 19069
36.59258652378847 19113
37.25022168561646 19117
36.563420321575364 20009
42.4294232920548 20011
39.085140591095914 20029
40.073032679452055 20033
34.31337615616436 20165
40.535730688648776 21015
42.489108306633135 21019
42.72709368328769 21127
42.17598537488576 21155
42.96767658493151 21233
41.56281337808218 21237
39.96860434417806 22067
41.718840730361336 24003
39.10619979178083 24510
38.39780937369864 26001
38.80129219589038 26143
38.68937100926029 26161
36.9355571974685 27131
39.13220880684927 28023
40.11171248219175 28135
39.8446777025444 28151
42.03621262260272 29091
40.45896704383562 29103
40.92615570074306 29183
41.89014002397259 29215
40.326891735890406 30009
37.55695747491232 30041
39.403956736986316 31077
41.70589623287672 31123
39.01690587671231 31125
38.454578330137004 31129
37.3551641917808 31159
38.83834394774439 33001
40.93069917504656 36011
40.86629760460274 36069
42.65747311850411 36105
45.44377133287017 37135
42.935705267208206 37141
45.27700904540053 37157
37.26293060547673 38061
41.74174021553042 39029
42.95244877418278 39119
42.28867849160083 39137
40.71751539793374 39153
43.33605527260274 40025
44.75520359455809 40085
42.85975298720736 40115
43.97097273026299 4027
33.11852959236438 41003
30.38044358054795 41009
36.44428259657533 41027
39.44013212027398 41035
38.68920637258221 42045
42.16151402915616 44005
45.60823721262056 45021
44.3356671121334 45047
43.47968717882251 45079
38.97283167123288 46069
38.84133686575344 46097
47.68285583452055 47107
40.98622859175889 47147
46.062093322602735 47173
41.5131440729698 47183
40.97116526227918 47187
42.93357367945206 48169
42.22521013698628 48197
42.45620972191786 48207
42.42276500546466 48223
40.84017751173425 48291
42.720005668493144 48345
42.761664342465735 48357
46.64320296301373 49029
45.84115476629043 49035
46.21472766668494 49057
44.60551983105397 51011
45.59570957133699 51015
45.34486116575341 51049
40.781215838826554 5107
46.40879213287671 51113
45.37502396821921 51147
44.86497432095067 51167
45.09137192235261 51750
44.92314512472053 51770
23.69435815107534 53031
43.07611676219178 54043
42.27916152677427 54069
38.24382809977531 55071
41.67189440931509 6011
44.30144655858356 6035
50.521865746019195 6071
32.88533318609781 6085
43.4201348958904 8073
42.977305683109556 8105
40.11689965690848 9003
42.018198163835585 9015
39.62717549753422 1035
40.11683464 1129
39.044391211241084 12019
38.747757807597246 12055
39.001479141490385 12107
42.95596176438355 13125
41.40094137692056 13153
43.53772411506849 16015
41.50037301096164 17047
40.214401530821924 17049
38.8487302512137 17177
42.30214468493153 18143
38.31465315123289 19059
38.23881011986302 19107
37.51728314904112 19197
42.42826799780822 20001
39.67953214246572 20027
37.184532187671216 20047
38.222258477120555 20057
38.791255865753385 20069
36.55985695616438 20141
39.324546558904125 20143
39.98836531839449 20161
39.35417912637593 20209
42.348909518375336 21195
38.64396083119449 26029
40.751408298902774 26075
40.21308542802466 26139
37.38004859907672 27129
40.35186708383564 28025
40.31721811977258 28059
40.90478169041097 28071
40.18978545830139 28087
39.38404472785749 28149
42.336820016712345 29069
41.85622666164383 29177
42.783358655037276 29187
42.03886056712327 29203
43.34286627947675 30067
38.965212572602724 30069
42.32868893698628 31007
41.173850131506825 31031
41.93383118356168 31045
39.29752613424664 31073
41.340088493150695 31091
38.46367645595341 31141
46.08757181238081 35001
36.158225408603585 36085
39.63374615544657 36113
43.04408818893424 37049
45.036365193424665 37131
46.77997695851483 37149
45.35978899229398 37179
44.86436901582138 37183
35.975961489726004 38003
36.65658138630136 38081
41.650397889352035 39017
42.62425396480162 39019
44.54788252176 39047
41.4204425415359 39155
41.93974056301372 40005
42.844918833129036 40013
42.56254619879097 40021
41.97168944473425 40043
42.22482530821536 40091
44.24170462397262 40095
42.96304303344933 40125
39.94558535775367 42073
41.686017364700014 42125
43.90814723616437 45081
39.24927157534521 46023
41.49552536119805 47071
42.63000197048495 47103
42.82485675658357 47167
43.1663419726027 48033
42.191937195535594 48099
42.82993038904109 48173
42.920670968701316 48179
42.41056214423204 48217
42.83903936849313 48371
43.7434546438411 48445
41.9000067068493 48463
44.388572552504115 48495
46.718336906849316 49023
46.608790867597236 49027
39.7199874328767 5019
41.72017780846031 5033
45.20460085204384 51081
45.05697518418357 51161
45.86700350410958 51640
42.773722317808236 51685
44.14085783271779 51700
42.487503071985465 54099
35.451259582183546 55013
38.64126781096715 55057
37.17183817232876 55087
42.5614546438356 56027
40.50189524383563 56029
42.32215238766027 56033
36.658275490520545 6053
43.63596044109589 8025
42.34046346390766 9005
41.73659732825068 9011
39.69217107791505 1099
39.45855379909044 12013
36.73352187024384 12021
38.93790840821918 12077
39.45576271279448 12089
38.87611763972603 13065
40.07178773917809 13099
43.57873299727121 13159
41.20547429408221 13235
38.16176546118906 16061
36.73125234518908 16079
41.5269218534247 17003
38.952176910717824 17057
40.668875022465755 17061
41.44436172784685 17083
39.47575874027402 17123
41.47832898490604 18021
42.93718325899727 18035
42.13698218501368 18085
41.602673074758094 18149
42.792660444491524 18177
38.84064022099728 19149
37.715121317812816 19151
42.69979714292494 20191
42.9119414828767 20205
39.79052444109591 21097
42.75733776209784 21107
39.95046472511778 22009
39.97162642281372 22021
40.72688217732056 22031
39.793884864816455 22077
39.76471207363836 23009
38.18333797773971 26047
41.01415466369865 26105
35.590679810498614 27001
37.81719047726027 27039
36.55376712328766 27041
37.98464499267588 27091
34.96753346739726 27113
36.730910167123284 27121
35.15593572876717 27125
39.432561727380815 28007
42.140517066438356 29065
42.45747587460439 29071
39.28687360000001 30109
44.026262753424625 32011
40.00432516046855 36089
45.187855952638344 37063
45.14522449709063 37085
49.55095836718628 37087
45.93363592131781 37193
48.29815148109587 37199
42.77750985205475 39059
42.622671958356186 40141
42.10751118630683 42053
43.50295600821915 42113
42.35553496966028 42123
42.3000080329003 45027
39.445177384547925 45035
44.642910402342736 45069
42.347985025068525 45075
39.266334212328815 46015
38.878856128769854 46027
37.737532526027366 46089
38.74046393424659 46101
41.14294478512601 47165
45.514703200909594 47185
41.19067591155534 48041
40.17402496657535 48123
44.63649046702002 48367
41.15573496164384 48507
48.836250375342466 49055
42.10824121915341 5021
40.23048430582822 51013
45.31965676986027 51057
45.39716734794522 51135
43.213043136643826 54005
44.97733868373698 54083
36.957778622602724 55041
42.8837315479452 56011
49.857196846575356 6003
32.4487250037726 6023
27.419005063757513 6075
41.12573189690558 2050
41.12573189690558 46102
39.88268774555617 1047
39.37168391781642 1091
39.966908025342455 1109
39.91773004232876 12063
34.1566020732822 12099
43.67103886164385 13221
44.30225054520358 13227
44.06919449392573 13233
43.51104230465754 13237
45.817283734246544 16023
41.82687188128493 16045
39.29718957232878 17021
41.15080071960517 18097
36.619548665068486 19073
38.582326960723314 19093
38.44322682366549 19179
35.98912436164381 20101
40.36719935616435 20119
42.174105325479466 21045
42.36895453197809 21141
42.068227197286866 21159
41.62621428972606 21203
39.9460118840047 22059
38.35047990930961 22101
40.678006930774515 24005
40.9549559121255 24031
44.86530814319124 24035
40.55408440075096 25013
39.53459691576441 26063
39.64809340271973 29045
41.505085610037526 29137
42.18989542373508 29185
40.027050857534284 29197
39.48910263150684 30027
39.23563568357535 30049
35.89601873479449 30053
39.17893480958905 30077
39.86313558082196 31071
35.41602291258413 31109
41.77778697660272 31157
47.15981091095893 32017
46.99517756712325 32021
42.98430192506082 34021
42.72463145217451 34041
44.841125347945194 35019
46.30012677543754 37035
45.0152663811239 37093
44.308356150241124 37117
38.99152524109588 38007
44.87379392602742 39021
42.59380481500496 40037
41.27917450595532 40077
42.71461689657534 40103
48.47348404566844 4011
47.21194321572055 4021
30.159356916441116 41007
38.320516473520534 41031
38.96535816783013 41059
42.319632802043856 42079
42.716643969408246 42115
39.04551080000002 46003
39.06608886849313 46043
40.62528439452056 46063
43.222393724383565 46081
40.06467225479454 46105
38.22419775705749 46115
40.12213583972601 46123
42.03307621678085 47017
49.12853316103563 47029
47.283363834676685 47059
46.5119054723288 47129
47.42107842373696 47143
41.67219461807039 47149
41.461326879999966 47161
47.62934755684932 47171
42.076772819520535 48053
43.301005821904134 48107
44.269955630137 48359
39.92567026356165 48457
38.907450396326006 50009
42.78315170630136 5015
40.95724064246576 5073
45.45994250273971 51021
45.55074792237532 51036
44.63067466782193 51093
43.6002729170159 51107
45.656020217693126 51117
45.619735735616395 54075
44.19500570025071 54081
37.654710013890394 55097
39.017034880991496 55101
33.28970722874875 6013
42.6206461570274 6073
42.23810741979726 6083
43.21660418786577 8089
41.12573189690558 2150
41.12573189690558 2282
44.276800139602756 10005
40.191795496874 1069
39.39962623884604 1073
41.687530643786836 1089
41.985786251123294 1111
39.45248873534247 12041
40.100128151876746 12133
42.782343724794536 13073
44.69872367328767 13083
41.22860891095894 13165
40.534210108904105 13261
39.40188019526306 13275
41.87094930547948 13289
43.21717748356167 13301
42.133688468484934 13319
43.168063166487705 16001
40.615762651123276 17079
41.02668079452055 18125
38.10514517465754 19037
37.96661859713312 19061
39.00531088972601 19101
36.36277400027399 19127
38.488264558904135 19159
41.98249226302576 20031
41.3529849917808 20075
39.93445354315066 20149
39.66317092054792 20153
39.94234258243261 20155
38.76482308766028 20159
31.82976791780822 20195
43.26575175799448 21169
42.80902659890412 21207
41.80303952054794 22091
44.85983231751508 24047
36.19678103247946 26043
39.65428813025204 26107
39.455072458219156 26113
38.174431888767145 26135
38.0222724420192 26137
35.12069943356161 27071
36.858528510958884 27155
39.685042568493145 28031
39.732767163465766 28103
41.039578071575384 28113
39.295413394739725 28121
40.40305296164383 29003
42.027556647123305 29023
42.207407509589096 29035
41.25531810577179 29051
40.48758837397263 29061
42.34128686941643 29123
41.659047827397266 29133
41.72388837643834 29141
40.92983833789779 29205
39.16363159450054 31021
39.29682358493154 31179
47.60264568493152 35003
44.27632582784111 35009
43.326997948495936 36013
41.38258062017259 36111
45.63616878303998 37001
46.35050302593699 37027
48.14708297260279 37043
41.73618828939725 39169
42.117961426027406 40053
48.73992036560551 4009
42.203979614573406 42021
43.03143589202002 42087
41.69585885479453 42093
39.22957214520549 46017
39.202707093835606 46065
40.76111270547944 46121
38.92530565753427 46125
41.70857000547395 47125
43.18963961369861 48045
44.44965149589042 48079
43.566073767123235 48195
39.407868070810984 48249
43.24690026159998 48329
45.961263560175325 49011
47.419359700465776 49013
39.37677491506847 50013
39.88265264726029 5017
42.097511239537006 5023
41.11921462969316 5029
45.41450525479449 51007
44.904718744439165 51053
46.10220224202188 51063
45.5550469561644 51067
45.52900550411232 51095
40.514652639221914 5113
41.15445213928165 5131
42.786081977950715 5143
35.051066922191815 53059
42.8553231704449 54003
39.87446493 55055
36.23921478849317 55107
39.73864252887754 55127
43.58518105424658 56001
54.0978880178082 6043
50.709474041082196 6051
44.10610624873422 8043
45.84733258767125 8065
45.325034544750686 8119
41.12573189690558 2105
41.12573189690558 15007
40.80464493334083 1021
39.71991131323289 1063
38.78180425410958 12043
39.854058000736984 12083
39.75800251827944 13019
43.520170645070095 13117
43.897207481643854 13143
41.83726295068493 13231
40.932998860273955 13283
46.94622432600273 13291
44.559157543081625 13295
40.42441878279069 17051
39.52049418109589 17105
38.81346546630138 17187
42.931433055732384 18031
42.987062927603574 18041
37.36107321643837 19075
38.654056041095885 19141
38.77036768493151 19143
38.80370440410959 20193
41.81010012328472 21025
43.0404539429181 21027
40.67414764019261 21173
42.94357968947946 21177
41.49845777534243 21223
39.635691296783556 22109
41.265959879098055 25027
40.853450768391745 26005
36.43834193013703 26013
41.96309561892876 26027
36.307248181221965 26053
36.052676301917806 26061
39.13618875907666 26073
40.53739291462465 26077
38.13596593260276 26097
37.732965100468526 26153
35.638297608838386 27009
38.43893076369861 27063
41.53196773932599 28003
41.090110529465754 28081
40.526772360131524 28095
41.56608918287669 28139
42.82661013036713 29009
41.87878533128216 29043
39.89490166575342 29075
39.99008370333013 29095
40.06479372835616 29165
39.46806619223289 30017
39.31972633150681 30045
35.831255291326016 30101
38.73246669178085 31099
45.070295228528735 35015
32.705504527775595 36005
39.853735541372586 36055
45.9769157990466 37033
45.727300590183575 37069
49.50563668187399 37099
36.72205202191784 38055
42.39776606255696 39001
42.8513501278493 39175
42.05026256290547 40101
41.43550499009068 40109
41.18044812235887 40127
42.1513684553863 40135
50.77886019150961 4017
40.069862036528775 41001
42.56647427101756 42025
42.63677678504028 45003
38.454061830136986 46025
38.95093965479449 46119
44.38130280136987 47041
42.04291543973151 47069
45.923439861643836 47175
44.7463175388192 47177
43.54642248861091 48077
42.416183403740554 48091
42.27903629315065 48137
41.72570537806056 48161
42.734552335561645 48183
42.67094835753426 48221
42.59138472602738 48235
43.65377842191779 48315
42.03617787534247 48319
39.26466835479451 48391
42.3121667082192 48425
41.85969564438354 48455
44.72231942646028 51031
44.43522278175421 51087
45.340375540273925 51145
45.195884130136996 51595
44.37795416986301 51678
26.400606158104367 53073
43.412041286301374 54013
44.89230323652604 54023
39.27936501952054 55045
41.00673293423014 56003
44.26432427616438 56007
30.258264377032322 6001
46.302741584523275 6025
33.630720203356184 6055
43.62751810038357 8101
41.12573189690558 2198
41.12573189690558 2220
41.12573189690558 2275
41.35877258021865 1043
40.95129711309317 1127
39.1307375111315 12039
37.87606728046029 12061
38.64448137731698 12097
43.34279576385562 13015
39.68843701948216 13069
40.815472040410945 13193
38.676076902282176 13305
37.08134695408217 16055
41.75191428297343 18077
42.279287839459734 18081
41.33754165068496 18115
43.14415033013698 18135
37.51903775410961 19091
37.94210276232877 19161
42.218692704109564 20187
41.12285524657179 21011
42.16635802250136 21047
40.61694494244738 21191
40.08424289588411 22083
40.47169806827398 25023
40.18448277412329 26015
38.02911796801648 27045
36.945561502745214 27067
38.50644913972601 27081
39.90307963882192 28035
40.680511024657534 28063
39.63706357171234 28097
40.64611747262271 28107
39.50217248218085 28129
41.59112577671234 28141
42.02848314452055 29013
42.02991660410959 29207
40.14844545890407 30007
39.01553598356161 30079
37.26510537260821 30105
39.25290418630136 31011
39.01677314322192 31019
39.40511944657536 31163
44.48847412328766 35011
48.25425454843287 35031
41.741916785753425 36123
45.875723529532614 37109
43.54453927054794 37137
46.25346546732163 37145
43.7925496063945 37187
35.20892325205476 38095
42.60885007953069 39003
43.40031636971095 39089
42.59481937216521 39105
42.071538637671274 40009
40.99758854486304 41045
42.63639686699453 42047
41.84904182301367 42099
42.08693212054794 45009
42.33652031232876 46093
38.48083722739728 46129
46.88195878924658 47035
41.836488468093144 47113
46.04957188313973 47153
42.129245172101115 48001
39.13154226142629 48157
42.183687042886575 48213
39.0013652780822 48247
42.0917892339041 48293
40.91886304337725 48473
40.76597083700138 48491
42.071580513698635 5037
42.06359558698632 5089
42.494149333106854 5093
43.174779908219165 5101
44.73350327636985 51023
43.90478024223728 51069
45.578674734246555 51097
45.87485392419727 51127
44.18005893586055 51760
37.51703068054792 53001
36.853135064383544 53043
43.562691884931525 54017
43.713842464398084 54019
43.349331905205496 54041
45.68178882739726 8097
42.49810302613974 1015
43.4096772835534 1019
39.5672766322767 12075
39.03205451780825 13101
39.90972577260272 13205
40.48849767945203 13287
38.85540436865206 13299
38.42082129267588 17015
38.63095818929427 17037
41.37811506847592 17145
42.85991783780824 18047
40.72825695070057 18051
41.42145180303013 18141
41.890302832079456 18183
37.86018130205478 19165
40.467251814630124 20043
40.6914038424658 20087
37.00647895614524 20147
42.04415865753427 20189
40.39669956668494 21037
42.61392964041098 21055
41.87742291589041 21071
42.87257347013697 21099
43.602013621145225 21133
42.08090021643832 21139
37.775119603540816 22047
40.012116326030146 22123
39.712927928082216 22127
42.805379700372605 24015
37.23183941363618 25017
38.00138138209753 25021
41.49177194107121 26023
38.33519068391232 26111
37.56328946082191 26119
37.80120777287671 27047
35.18788784202193 27075
36.95150565324384 27085
37.73740144656984 27127
40.78260339907862 28033
42.18400677259179 29083
42.55018457260273 29093
40.63273872328768 31017
41.718389487671224 31069
40.077488435616466 31087
40.12076755616434 31103
42.1818555068493 31105
40.86936175342467 31171
38.06637326643838 31185
39.98007724647126 33005
45.39709058478902 35039
43.39473892602742 37095
48.7863939671123 37113
35.11973682602742 38019
34.76271638021917 38035
38.355539395890396 38085
42.41486443665393 39157
42.74901966118082 40041
41.9155546948455 40121
43.0370188459567 40133
41.448861704359736 40143
41.277988130958875 40153
40.45851448876712 45049
39.120008514383564 45053
38.99618663561644 46009
42.034166750684896 46047
42.354702634624644 47047
41.75564861643838 47083
42.98699225616436 48031
42.00935434429859 48059
42.34902267009395 48073
43.503462975342465 48153
43.40620732940878 48181
43.92136763561643 48205
43.93700561094522 48219
41.587043498630116 48271
42.06910760638353 48289
44.8779412205507 48337
42.516824601095884 48353
42.29454894973699 48429
42.67377638630141 48431
42.69944254246573 48443
39.845072713310415 48453
47.25883884794522 49001
48.88387945342461 49019
47.020450616660284 49043
41.48483465935889 5047
43.08819422054793 5087
39.69185405205205 5097
44.56531411780823 51530
45.24242047452054 51690
37.55360167020548 53037
37.429879116893105 53039
37.8968104641096 53075
43.05910059016466 54033
36.22721527272821 55017
36.73889182739724 55091
45.316736680052315 6115
41.31505549376466 8014
45.0644437561644 8103
39.148940658219196 1023
40.17863311095889 12059
38.65887141438356 12123
38.51926332080057 12127
38.86889862054794 12129
41.17660402143561 13107
40.243569521917784 13155
42.847701484483025 13169
39.87241292969041 13253
45.488057863013736 16041
42.60242728221374 16059
45.29773266301369 16081
39.38920193536985 17029
38.34644996026576 17115
42.6775962633389 17165
42.67669795708191 18025
42.8640693666753 18053
42.337102447784375 18055
42.710812696351766 18137
42.09373573863014 18147
37.166560572592886 19011
38.34452484931507 19085
37.38218124227039 19123
36.66766183068494 19129
33.23642551367672 20051
42.75975721643836 20129
41.14958114958903 20139
36.63327959863011 20179
39.201034204109554 20201
41.64355628903832 21137
43.11216274612085 21149
43.63337429109589 21171
41.83891252328767 21205
40.56438911691229 22025
41.953031792553425 22103
40.95408752779177 22117
36.02324917076715 26131
35.47005757534246 27007
41.52292886684932 29157
38.172856729452086 30005
41.461019378082185 31117
39.32101466575889 31147
49.33620704356162 32023
42.42493292054796 32027
45.07538875342467 35033
44.85648753972605 35051
43.97152079178081 37029
47.702650720947965 37089
44.0637213013668 37163
44.81028347787753 37165
44.24063606883262 37191
36.91448148438355 38059
42.15071716021916 39007
42.831551189208234 39041
40.41346606027313 39051
43.0255406509589 39067
43.149586621618305 40049
47.07564013003015 4013
34.26510107085478 41043
43.181548956947914 42127
42.16629226026578 45011
44.191428006568486 45031
43.57785141894792 47031
42.48145344063833 47117
41.93032411614026 48037
41.53641254805481 48209
42.47542479178084 48263
41.802593579010995 48307
40.95441673424656 48311
43.453824712884916 48381
42.661933279443545 48401
41.74353050712328 48465
42.44862168356165 48483
47.360382339726065 49051
39.51694184821918 5043
42.11358722499999 5063
45.135204007534234 51029
45.30637809679725 51125
45.17221023041101 51155
41.98337305684929 5121
40.41696651867123 51610
43.08299723677148 51683
44.29350888139998 54067
45.738384662999984 54071
39.345715944531506 55021
36.21076948027396 55035
39.2355483986192 55049
39.25140942529043 55111
37.888142609131506 55135
42.6855426181233 56025
28.470045077819176 6041
43.536004893655075 6101
47.24794496165209 8019
41.91846777205482 8099
44.061788991780794 8111
41.12573189690558 2110
41.12573189690558 2170
40.17094283746854 1011
39.90313808493697 1065
40.466818025087655 12017
39.74170124475069 12125
43.019063744895305 13009
40.30331674575341 13177
40.10611328904107 13243
40.596129429452056 17005
39.37695092720878 17075
40.07150348931505 17149
39.596671691790924 17173
37.528532177908225 17179
37.751573652281614 17201
41.09160758332053 18157
42.888010983561635 18161
37.0675953479362 19039
35.09002069278193 19049
37.2487939557159 19083
37.831817460958916 19147
43.23556645479456 20019
41.56950804108025 20077
40.84908946757805 20095
43.66113934774109 20125
40.455573745890426 21081
42.24024913790958 21089
42.62388147671234 21193
40.80940418082189 21201
38.81881830215887 22011
39.10635885174519 22055
39.547223519320546 22099
39.93594807076522 22111
40.56531714295615 22119
36.37683129760277 23021
44.18936380328768 24029
45.18480841879455 24039
34.974519853622446 26163
40.08544622671232 28073
40.2221487242137 28091
41.78902623407395 29107
41.49444376232881 29151
40.13336433493149 31041
38.98103628952604 31137
38.25781257260275 31181
46.13730737533975 32033
38.54674790668713 33013
44.3705272173452 35037
41.71219448217808 36051
39.894642514468494 36067
37.77218821231041 36119
45.54229076964878 37037
43.73140858849311 37139
35.700800201835634 38009
37.581948498630126 38029
38.5876283150685 38037
35.37060709863017 38069
36.247609739726 38083
39.75551817534247 38087
44.454529622129854 39097
43.303591118575056 39109
41.40773318538982 40003
49.343627641347915 4001
40.156751193150676 41037
34.38746798662467 41039
31.053020465410956 41057
43.4607790479956 42001
42.796341201506856 42033
40.434457937150654 42129
45.15181397165069 45059
38.75449372739727 46031
44.164139975342465 48017
40.76351038520547 48021
41.7495605999726 48083
42.416456002739736 48101
42.859831866630124 48159
37.18164856438354 48261
43.42294252465752 48317
47.37307755524661 49053
45.60095321826028 51037
44.44303518952273 51041
44.3927686696819 51149
44.18971256614051 51730
26.393476057667677 53033
36.082121824109606 53051
28.72018361283892 53053
23.930852011643847 53055
43.5580797510274 54077
42.27972429210138 56021
49.86004055190957 6017
32.324991035090136 6097
42.89362646164383 8009
41.12573189690558 2188
41.12573189690558 2290
40.65756136620273 1081
36.820498038268475 12085
39.437539246194476 12121
41.54313257534794 13023
45.96358541438358 13137
39.29037762602737 13173
35.941414532876706 16021
42.14382238769591 16027
38.28932176331892 17073
39.34484942328768 17155
42.29449420274983 18049
41.03973978698629 18121
38.742708147397245 19183
37.15982565913425 19187
39.90846192328766 20025
43.36819543356166 20099
38.06439624383558 20185
40.79811380136958 21029
42.07265190685752 21033
42.36478177397258 21123
41.762649971232904 21189
42.53157697191781 21219
42.72995696268495 21227
40.51531086886818 22015
36.89521948583565 23007
43.16807914353973 24001
36.041568381983296 25025
37.19744021281371 26003
35.2102879305211 27141
41.52178080958906 28009
40.12434038082192 28041
40.00123818904109 28055
39.40248495616434 28079
40.666916190550666 28109
39.56027224164383 28159
41.49165943489069 29077
41.24656509041096 29121
41.46159672328766 29135
39.802270919654774 30095
39.169149524200016 31039
41.390866413698625 31049
40.16740359178081 31115
35.46123369690494 31153
38.92135876712603 33007
44.233577670430954 34011
44.2878228827397 35041
42.30108470866849 36063
44.35702185110959 37073
43.50013333277537 37107
35.68383375890412 38027
41.88765553765094 39049
43.4472439680129 40069
42.55395543836685 40071
43.33608300770192 40137
51.86747597900548 4025
38.744659302383525 41017
42.79790086587808 42049
42.32808834901508 42065
42.6181069150685 42067
37.89337097221371 46029
40.9379789436685 47021
42.01177320626025 47053
44.21838485958905 48003
44.95211739178085 48097
41.89645144377317 48139
42.135037468063814 48231
40.66534213150682 48283
43.48789939637532 48305
39.16372727876715 48351
44.438986136986316 48369
41.961569589726004 48399
42.32883810000004 48487
41.57437925914523 50003
45.02710477534248 51175
40.561350572602755 5133
41.814477527739704 54029
36.03181555136987 55093
45.98514644036164 6007
51.618237327212064 6031
47.13932341135064 6063
43.597362120144396 6067
44.938257754928784 8077
41.56684591506852 8125
39.91786905663837 1025
39.87946490273972 12007
39.77799211095342 12115
39.9361531753589 13127
45.112383610630125 13213
42.208057397199454 13245
40.59435233972607 13251
42.09222655113585 13255
40.96621735705753 13269
42.3931271342466 13303
44.954655266652054 16043
44.45557433698632 16047
45.0438642876712 16071
39.429319441643834 17017
42.41318569863016 17065
42.74688465890411 17069
36.13595916477344 17089
41.121620792372596 18033
40.42683620616439 18073
41.70707918528767 18087
42.787928858603046 18109
41.76511792648523 18163
40.155326318356174 18165
37.47978516028222 19027
38.312772099545214 19043
37.86870783493152 19045
36.655588985356154 19077
37.75834799451861 19109
38.24062239835615 19191
38.08024007260277 20123
37.29129850958902 20137
41.16816095178083 22037
39.9354790980822 22049
43.08179436747311 24021
39.187955235995354 26037
39.74943780822466 26133
41.63040529638634 26149
36.80786460915894 27093
38.77551830684934 27117
40.30136893260276 28013
39.90889114066578 28111
41.22710471232876 28157
40.6599694887671 29021
41.82876401150687 29161
42.3841045041096 29179
37.22520263103291 30099
40.4986709260274 31009
41.98715797444659 31013
39.06859272054795 31027
35.13917378723889 31055
38.62369893516438 31095
46.71659374726024 35017
41.13408548874519 36053
37.96019401886001 36093
44.38870859246575 37015
48.30732324430411 37115
43.90680204127119 37147
48.99656819295065 37175
35.263679672246575 38017
38.20478893150684 38025
36.18278544383561 38065
41.7747880630299 39055
42.21255509506218 39063
43.47017329589317 39127
43.76172507217068 40099
34.38924750969862 41019
32.6089915648192 41053
39.69817685719177 41061
41.27612099626631 42005
41.49236866129343 42041
42.011691798630146 42119
40.81299007518382 44003
43.32128408495974 45037
41.17293189669318 45043
40.426968024657526 46055
38.579638045599985 46083
46.436820167575334 47001
41.5077135722904 47079
47.71005015342467 47105
35.16274240809041 48061
39.989140887671276 48089
43.971047205479444 48109
43.64428952328767 48111
41.48380193380738 48145
36.799309551495895 48167
42.60251880958903 48335
45.318451685677786 48497
46.29067886971506 49003
40.727314242465766 50001
41.460283488356154 5035
44.50061407440902 51005
45.844088334602716 51073
44.56482996986302 51099
45.66649632054795 51101
45.828006709273964 51173
42.02255769972605 5141
43.95434576084932 51670
44.92212410410958 51720
36.24280925445203 53017
26.75739576418547 53045
44.03687176369865 54047
36.41216411322741 55099
39.2366150666099 55105
34.83700995133835 6095
45.51493987123291 8033
41.12573189690558 2230
39.93427898493151 1085
37.96994359763833 12051
38.685455761345224 12057
41.712795797358616 13067
45.29470644863014 13187
40.049292089041074 13259
40.28891144383562 13307
37.550709542479424 16057
44.955759109589025 16077
39.569294542465784 17009
38.614174402609606 17095
39.25589649130219 17099
38.855942191780805 17175
39.37351471199536 17183
42.24628168520548 18011
41.551388046575326 18029
39.97561374178083 18111
38.224904400000014 19031
37.80855936643835 19081
37.88610766739726 19105
37.972432882876696 19137
35.58987650017727 19155
40.837191515068525 20023
36.23497570410958 20083
44.86326516530575 21013
41.14306554109591 21065
41.241057403679456 21083
40.425795270936426 21113
41.94848921712327 21153
40.9550241852551 24033
45.7445593808241 24037
39.25560197266299 26055
37.543183719863 27015
38.19504758849314 27055
36.27367708356164 27167
41.0683640479452 28037
41.45251614217398 29031
41.762819188630154 29037
42.05611880410958 29223
37.05797078904113 30019
38.37842699863014 31059
38.680343055561636 31079
38.160024457534234 31097
37.60727477753425 31177
42.3026265968151 36029
41.49606755657528 36033
42.291762673227424 36037
46.23701329041094 37023
45.094225968747956 37083
36.4073665944885 38057
35.61404147123288 38063
42.40387850719179 40065
43.99942968303863 40147
42.77712899315067 42023
41.31462266860305 42075
42.08712165846027 42097
38.93121005846577 46079
39.945827857534226 46137
43.02442502099179 47003
41.80289903013699 47181
44.38402145295614 48069
39.70973858402739 48071
41.86787760547945 48095
36.36585230361558 48201
42.37473806027398 48269
43.51691733753426 48389
39.634440382465726 5041
39.929732696695055 5059
44.97656033767123 51047
44.817199195321336 51085
40.006361625575366 5109
44.88793300753424 51187
39.98401409386384 5119
39.562125598630146 5139
40.52706653744386 5149
44.892051540863044 51540
41.80132079896986 51740
30.827066785967112 53015
36.93410350638629 53025
44.125762778630154 54027
37.243200713972605 55011
37.237953055257535 55067
36.759405327397296 55069
36.79105941960823 55073
43.10812021252603 56005
41.96572248219181 8017
41.55955396772023 8123
40.192843465591764 1031
39.91531578859697 11001
38.56545010867126 12065
37.988120409117776 12093
40.30350867561647 13017
39.57269885949863 13087
45.39331433260274 13147
38.82758114999999 13229
44.881629742465776 16011
45.328708895890436 16029
44.28261231616438 16053
38.85318134155344 17125
42.2202518047329 18017
38.84317066904108 19007
37.580150584298345 19033
37.88275312601095 19071
40.95272597260274 20071
40.553100572602766 20181
40.56902560958904 20197
43.09528772238082 21003
39.6529686031655 21017
41.31722767032324 21041
43.88626962465476 21053
42.75317578219176 21087
41.47037226756908 21129
40.510984353426274 21187
37.894412793252094 22089
38.625473537534276 26011
40.59572825424659 26019
38.47370095953971 26051
38.669536228295904 26069
36.63731113972602 27051
35.516688409246576 27059
35.824617032191824 27065
39.794930757260275 28043
42.48337348218443 29039
42.652949316550696 29097
35.767035377397264 30035
39.21298271643837 30065
37.3011558712329 30071
38.460153339734255 31001
39.083464186301335 31051
39.235945350684915 31093
39.27483084931232 31107
43.440690857534236 32029
38.616402407561644 33017
47.00507725616443 35023
45.83482133408767 35061
42.81841098398353 36003
41.97341238131231 36077
45.66122844656989 37123
36.623988030136964 38045
40.29410525827236 39061
43.53478429068494 4023
31.28464791604275 41051
43.108789367361126 45085
38.83306876164384 46059
43.69655155889316 47051
43.301045094520546 47111
41.03609225698633 48051
43.99460748082191 48341
42.36020576712327 48413
41.807651239210976 48441
42.63035541746574 48449
42.112085501150716 48451
40.19000860796164 50007
39.264590597808215 50017
40.58296510465755 5057
41.90985438424654 5065
45.359808627397236 51045
45.69677009589045 51157
25.818994068178085 53061
43.34205071176985 54037
38.6256053248904 55043
38.61943054863016 55061
37.268878611432875 55075
43.0717236287671 56019
47.661822638356185 6091
54.40418864818107 6107
41.12573189690558 2130
40.64711458903372 1001
41.52827257897537 1037
42.28325229632328 1055
40.388893161777524 1101
39.953389073065736 1105
32.02070826261366 12011
39.551086518720545 12081
38.7430127946825 12095
40.85589206029862 13093
43.74852925418274 13129
42.41158897388273 13135
41.302758795205484 13199
43.36262158111314 13223
44.63570007890414 16039
40.60029118995342 16087
38.520807527123296 17039
38.01576328768248 17195
42.95528702849319 18145
42.39377674872329 18179
38.061879036986305 19003
42.376223050298634 21101
42.01901662832059 21115
40.93719868866629 21145
42.560846052397274 21163
39.89603397671229 22061
43.27871666937754 24043
40.7738645364444 25015
35.51767683563563 27107
37.88760953152876 27165
39.56045988109588 28127
41.51778919232876 29131
38.17912566575341 30055
39.33578249589043 30103
41.23645875068494 31029
47.35862579903011 32005
42.16332975914244 36023
41.381285760448776 36071
46.73158835296437 37009
44.03020554519999 37041
44.50762674845502 37067
44.531961453150664 37091
45.37185080686738 37125
45.19488692522738 37127
45.9350903546967 37167
36.405418328767155 38013
42.55157900904108 39013
42.160492084941936 39081
42.41995781849314 39145
41.46876751503839 40007
42.00765472109591 40011
51.40059912249312 4005
43.32329352493153 40117
32.167556497931514 41005
43.86789354833698 45061
46.84203566241123 45077
41.74667443150687 46019
43.75857516438355 46033
38.74434260684932 46035
38.84356101735068 46127
47.710987549161665 47089
47.30464265150684 47139
47.169566000498584 47145
42.914513962558914 48009
37.683377323287694 48047
40.86423694828769 48055
42.358840276712336 48087
41.939334506849306 48281
42.864113124200806 48343
40.853491541531504 48477
39.52962389223016 5039
39.663699252255604 5069
45.04019788424656 51065
45.18474408547948 51075
38.61797983561647 53023
43.16088644747122 54015
43.03785052055782 54035
54.92361582165479 6019
52.29209471459455 6027
40.5059308740104 6037
40.85517811095892 6049
39.552424855846596 6079
38.71570535628439 8031
44.68180697534245 8113
41.12573189690558 2158
41.12573189690558 2261
40.59365634358164 10003
40.16855929657536 1007
40.092784462424646 1039
43.53347692380549 1071
38.95094988280824 12027
38.76796000054799 12035
40.984640815561626 12113
42.94154790686494 13035
39.989277035616425 13061
41.76574208036711 13167
40.902077839260265 13263
41.646617522116216 13293
44.41136515707917 13313
45.687909969863 16007
44.613258103424656 16051
38.14193816164379 16069
39.02190104384548 17067
41.66689812718437 17077
38.446138372636696 17103
37.85351184321343 17111
39.517512855076696 17119
38.54944015000001 17131
41.89580078747809 18037
42.776812568904106 18067
38.08870063607944 19021
38.360016098641104 19097
40.37410496529862 20085
40.64006882739724 21005
43.609412252054774 21057
43.28628391143566 21131
41.791985680648764 21179
39.03352654178082 22039
39.14824329587123 22045
38.13597907048219 26017
39.590966754018346 26093
35.30118821391234 27027
37.16386718721093 27079
37.277633468654805 27109
40.073338403660294 28021
39.72676229041098 28053
40.07188074246575 28125
41.47925680000194 29033
41.96215336301371 29153
37.937942395445766 31023
40.5683695989726 31111
39.32536065205479 31139
36.37260694823419 34013
41.062651867237776 36027
41.7167482150685 36041
47.73353647287674 37011
47.78636195842469 37021
45.73736313307616 37059
40.11180966027398 38011
37.57601236164384 38051
44.47622690351508 39027
43.2549043139767 39101
43.41054225572135 39117
42.883704121095896 40001
44.21239743387946 40019
43.22835133102083 40113
39.58663779451781 41063
41.9492921089156 42029
42.06058043505207 42071
42.298984276260256 42107
42.289148332890434 42109
45.022321850684904 45025
44.92657030664083 45057
37.89358339999998 46021
38.784072813698636 46061
38.77488344876711 46135
45.501881054484954 48141
47.76931955178083 49041
41.1264738609315 5045
41.54892292032055 5091
45.30106683424656 51159
45.21788167670958 51171
45.01485370082191 51775
35.863812389616434 53007
28.802114425041644 53067
43.81868646301368 54105
38.703157477323266 55025
44.69272938004906 8013
43.50326603287674 8053
41.12573189690558 2122
41.12573189690558 15001
41.12573189690558 15009
