44.278816202904096 12033
37.12604500905753 12086
46.067310480547945 13097
41.49526859753425 13103
45.30798604863014 16013
39.954535074134235 17001
40.12235364290658 17035
41.656637131099465 18075
40.73614574712329 18103
43.61131870732738 18173
36.512019311643876 19041
37.778085244383576 19047
37.44145783013699 19079
37.53614689135343 19195
41.539072854794455 20005
40.74665258529038 20045
39.1613845058219 20091
42.73966265479453 20109
42.90476457260277 20171
40.66973604096164 20177
43.126312438356194 20203
44.82555899358355 21039
43.69537780493153 21049
44.992063271232865 21105
43.61243401232878 21165
43.974628191780816 21197
44.80716065496164 21199
42.4818458461515 22007
41.36186246518632 22097
37.18513992260273 23023
44.86966359450523 24019
39.77049069299887 24027
40.838142659537 25001
37.033100692358886 26033
39.210320285419186 26041
37.01341861007753 26099
41.01326316603013 26159
36.588213209589064 27031
35.591654970202455 27037
36.4255458199452 27095
36.57709442741645 27149
41.76089849452053 29057
43.169106104109616 30039
37.26354425684929 31151
43.61546016085207 32001
40.60708530883121 34015
47.98071884939972 35045
46.196978980813725 35047
41.19285253257536 36009
39.81221266138902 36039
44.01450676810413 37061
45.70364431503835 37185
41.10962134619314 39011
38.555342028085505 39093
39.69707614341207 39133
41.23483728219177 40033
41.824850377468486 40097
41.7491827109589 40111
34.42342394487943 41041
29.88553134880135 41067
40.8567454054219 42027
41.75539506758358 42057
46.017126878904165 45039
46.29933784931507 47027
50.686704180032905 47123
46.743084919767135 47189
43.68266362465203 48043
38.12969434739728 48057
42.654016308219184 48115
43.40773070411234 48165
40.097185895342434 48171
41.417056024657576 48191
39.20566978767123 48287
42.11026825753425 48295
38.43021860890414 48325
39.69584160781205 48331
41.02637704840824 48363
41.21696730958901 48447
39.60270631616439 5011
42.68466311690136 5071
43.181469226712316 5077
40.454447986301425 5079
43.41180473606494 5123
42.70930361828768 5137
30.534721305189027 53011
37.18284034677532 53065
44.146595723287696 54001
43.88507423835145 54085
44.52316340458632 54097
39.94862260986301 55077
38.92773102980823 55081
38.41304832499998 55121
43.64580083834519 56043
49.0722639045014 6029
31.766822522054802 6045
47.92441024383018 8037
48.3244112849315 8047
43.07151259176711 8063
41.628811244332454 2180
43.843279022819175 12005
44.89149185917812 13145
45.87076715068496 13181
45.21022434833424 13285
41.04740913516629 17033
41.7710759735214 17133
38.19574508517725 17141
41.14241235650688 18023
40.23869519897259 18181
37.795727279432874 19009
37.889502085862986 19103
37.88475373333973 19171
38.66515528035344 19173
40.35771077716437 20013
45.43458880054797 21009
39.938977438572614 22115
42.88834318812606 22125
42.10724993411748 24013
43.377527326282156 24045
37.93520206693675 25009
38.30139428054796 26039
39.03583911842084 26091
38.246650183013685 27049
33.77551286684493 27123
36.45232263976989 27145
38.229293321016435 27157
41.56349442701095 29109
45.03000740639641 29155
42.1340156739726 29229
42.92594831575344 32013
40.25854943855421 34025
47.102183820265715 35043
39.60786398802194 36019
44.336404067087685 37017
45.182110917808224 37053
45.078625662328754 37079
43.868116281271234 37103
37.07370257534246 38023
39.27624419452054 38033
35.07890771506854 38079
41.283219598449335 39065
38.4068885981041 39085
40.6521953328767 40055
40.371816124657535 40087
36.92589763995339 41029
41.028743752066575 42061
40.00071491899453 42131
43.94418820308439 45041
47.99629870339179 45073
47.880200767104135 47015
49.98073924292054 47063
52.11260063909863 47155
42.45172210408498 48135
36.09584165205483 48175
42.970350794512285 48189
36.06299728376713 48409
41.440670984657544 48499
42.45160417321099 5005
40.25301626095892 5053
44.79075106105206 51033
45.020519084928836 51079
46.19001852329049 51131
43.22099375434797 54049
45.84408052144658 54063
43.876283757534246 54073
38.47383669965754 55019
45.21553033835616 56009
45.29983941188765 6005
39.08725924974302 6077
38.76066633031505 6093
47.026104910273986 8003
48.09660577602742 8051
43.244301235616426 8061
46.093615635619194 8071
43.0606979881424 8075
42.22056742191777 8115
41.628811244332454 2020
45.09575022191779 1027
42.3993685657534 12003
48.29822916712324 13123
41.269390724178095 13183
46.343423906008255 13217
46.80432942667943 13297
45.00397299862736 16005
44.95972022723287 16019
41.032893817534266 16049
39.09610032821915 17011
39.851088386301385 17023
41.51643509143835 17027
38.08664828520547 17093
39.43655313630135 17139
39.976160422727936 17163
39.85887932191781 17171
40.148218794553415 18007
44.13414468273973 18123
38.56736885752875 19053
38.81833221794793 19111
37.95275090273978 19177
37.393217791772564 19193
41.51605973698628 20039
43.0168554931507 20067
44.460603720537826 21007
43.472878879999946 21175
40.58458227490137 22035
40.25559012000003 22065
40.49969811324655 22107
37.64798162711232 23015
44.852931927848225 24017
38.743716633235046 26147
36.32293812520548 27005
37.18966109223832 27043
43.8280587227397 28137
43.81494091233615 28143
42.40281875981642 28147
41.035857650216386 28163
40.13452508698632 29079
42.076991775334236 29085
41.281868809958894 29159
38.07252397237861 29510
39.11290692397261 30047
43.651977600934266 30057
42.346607783561645 30097
40.64258944120822 30111
38.284840115068484 31003
40.74561623835618 31063
39.52833441369864 31149
36.13786917643836 31155
47.564427945205495 32009
37.91242916038085 33015
32.40563826036272 34017
35.88548708191778 34031
47.493893175361656 35006
44.75089232328771 35021
43.96751024734795 35025
44.840266812054786 35027
39.98263929808222 36107
46.6678807680247 37005
43.79488780445478 37047
46.90093132794518 37111
38.35567457808218 38001
35.2319898568493 38097
40.61911714868931 39005
43.47128056335617 39025
42.83024874849318 39031
43.229008313257516 39131
41.62431035046933 40047
41.94616679315068 40089
36.44451400513699 41065
42.32533596477835 42055
37.336694845646875 42101
41.0459653024658 42105
42.52086257989863 45029
45.91943221157804 45083
41.45809158767129 46007
37.3296851150685 46057
37.700672570901396 46099
36.580573089041096 46109
38.77600006575343 46117
49.32012504761368 47011
36.546486060725734 48029
41.39002319411506 48067
38.5599404519704 48113
44.01732452876707 48301
42.23629815472056 48303
39.810366376712345 48411
41.22344897534247 48433
41.36275979657529 48503
35.14059505388221 48505
39.736467654783524 5003
44.00776347262277 54053
39.63071706465758 55039
38.859938690043826 55123
43.55110131498901 6047
36.10284966575342 6105
47.816716063013715 8021
40.54074755311697 9007
41.628811244332454 2164
43.73517551111235 1005
44.89561057222191 1133
41.43071499558357 12031
43.82293649483564 13175
42.778532058452065 13209
44.57418018849315 16067
41.4021457458904 17025
39.24079495561643 17045
39.28912075506845 17053
41.71155368 17159
40.75227215372933 18069
40.68204904143834 18169
37.88782239655069 19013
37.5277536171233 19125
37.83319371972603 19139
38.34754198309862 19145
36.334309061016455 19153
41.19893116072053 20021
40.358059250082185 20035
42.24259106712327 20063
41.305220227397214 20065
39.7348764949718 20073
42.91230706301369 20093
41.270683562564386 20103
40.73113699657532 20121
39.81799208630139 20127
39.484562887671274 20183
45.607672334794536 21031
43.302304132194244 21067
44.91601102849315 21103
45.288505846964384 21183
44.60218691643838 21225
40.69973412383559 22121
36.24850602820818 23017
38.9390209632575 26087
38.96176341093423 26109
38.01988654841918 26141
38.71708734521916 26145
36.698594310684925 27025
35.68368574542467 27061
42.15310210867398 28131
41.495768001369846 28153
41.5214417470849 29019
38.88945208493154 29171
40.6013583917808 30011
39.46332735342468 31061
37.96912098841917 31119
38.84340196712331 31175
43.40901555950143 32510
39.167608865916435 34007
39.4400664049041 34027
44.74711390366574 35035
38.639190176547956 36045
33.03070707494273 36081
48.539171438783534 37097
38.05205070273976 38053
36.67480062850985 39035
41.45725387259917 39037
41.86725452410958 40123
45.65231940107122 4019
38.22496131506851 41021
32.80997612603287 41047
37.69518698630139 41055
40.495317945691774 42013
40.73856750756906 42043
39.62689951345835 42091
41.019017094210426 45019
38.61274185753423 46053
46.34031838356164 47101
38.00770835780821 48007
39.686993671780854 48019
41.36215489978849 48121
38.61978363054247 48149
40.05586755798902 48193
39.970546726027415 48267
37.16503221278086 48285
40.52179033150137 48419
39.387136839635865 48439
35.43715065480275 48469
43.74815881780821 48501
47.26659885750689 49047
41.662159672054834 5051
44.07127920627696 5111
45.562992934246545 51141
46.359760077180795 51197
44.37716677477535 51199
40.497341321713165 5125
43.51056449917807 51570
44.136512764383596 51620
41.645064608490394 51710
44.06682657444108 51790
39.55679479587122 53003
42.29619853493149 54065
38.20029844431234 55119
44.597499585616454 56015
46.699944971191805 6039
43.5512800164384 8011
47.27714492465753 8023
46.008968131126004 8069
48.25169772465751 8085
45.292511591531586 1077
44.84880919288493 1121
41.90339235159724 12029
43.071586762328764 12109
41.93104903616439 13039
43.59176258857261 13091
44.0793557844822 13095
43.421126232438354 13131
47.496259081643835 13257
42.183369514520564 13267
42.91130268309865 13271
48.83383322739449 13281
42.09815870684932 16003
44.849284660276695 16031
42.133189402191775 17101
39.28734703105752 17169
43.58246188136988 18071
41.712417562527165 18095
38.68671490890412 19055
38.523658416827416 19065
37.83492986301371 19067
37.75136074301365 19157
44.51635060977808 21021
45.29936622465755 21061
44.82297878238629 21085
44.833637074868506 21109
45.56091038684935 21231
40.61804402918876 22017
40.499095936854765 22071
41.63055041579449 22087
34.89962152117835 27003
34.3800706410959 27069
41.993208819862986 28017
41.181974199076706 28029
43.45174315945201 28047
41.358525763013674 28069
41.620978717808235 30059
40.94535175205481 30087
38.32568441095887 31127
37.28831205589043 31131
41.13847659450136 31145
44.17789847123291 32015
42.43669550629564 34001
34.29627564172769 34003
40.282148626128794 34005
36.01846346572933 34039
45.652031641090375 35053
40.013880819405465 36017
38.215585323262445 36087
41.06635730808768 36121
44.49925851780823 37177
34.19722334136986 38067
44.25457882193342 39071
43.24886161292244 39079
40.98606699696718 39161
45.95502548282743 4003
40.87605484931509 40057
41.55080043452054 40063
37.94847455479452 41049
38.570497361170666 42007
40.2244656073167 42089
40.944997185753444 42117
39.33591519999997 46075
38.47654552602741 46085
37.79761719863012 46087
36.447156712328756 46091
51.18922606329866 47009
44.84391239041094 47095
47.57909422328764 47127
39.694104111128745 48027
38.240573486382196 48039
40.80443334443834 48225
36.40507273835617 48297
48.89513983972601 49025
45.3424356104548 49045
40.99735845553425 5007
45.03174710465754 51025
44.62055738904108 51091
47.51911365663289 51105
45.06914672970959 51111
44.744245626654816 51165
45.99188198274797 51590
36.941488009090406 53005
29.568269451265486 53029
43.178258050522764 54051
36.78493613150687 55007
38.731650111780866 55065
39.00442107150684 55083
37.41899986520547 55095
38.999222916164406 55103
45.068592913698645 56017
42.87873466849316 56045
51.77385955277805 6065
44.78883611831784 6111
41.628811244332454 2013
41.628811244332454 2060
44.31436883776713 1059
43.79714582705484 1093
40.91810159927949 12103
45.02000726430413 13021
45.671722831095856 13077
47.07792762479452 13115
45.52926797170135 13149
46.96398935940271 13157
44.54444777465751 13163
42.475821594630126 13185
43.58027509040546 13201
44.44543488426578 13215
44.99115761050412 13225
44.09645922301366 13321
39.04637490479452 17147
41.62693216301371 18009
43.20993656369866 18013
38.71680765008488 18091
38.44000010027398 19005
38.04387531712325 19095
42.84189643013694 20081
44.08295973448711 21093
44.43460310849315 21167
39.900055552263 22053
40.68983979138386 22093
40.56244823563561 22095
35.683639127180875 23011
35.22101154229041 23025
38.109063124657546 26031
39.391696615342454 26057
39.57756203328764 26067
38.94136499515067 26157
37.10759824041093 27023
37.634336602353414 27083
37.56945571052059 27105
35.17690831534247 27119
41.33751102054797 28015
42.60154026255889 28115
39.808660100684946 29111
41.06141965867669 29145
42.02696048493151 30075
37.57530714246574 30091
38.40575156164383 31015
42.02387863055344 34029
46.124376760739715 35007
39.64257609970959 36007
38.217793472337 36035
38.33036986821644 36043
37.62398108719588 36057
45.695516033205486 37101
47.21682284582165 37119
47.38271975955889 37189
35.16867738445478 38093
39.25197547734247 39123
37.94588037856274 39173
41.36869315205478 40029
41.58254904 40035
39.680042987397265 40051
49.22616312901912 4007
42.2301380020548 40083
34.60530688472874 41011
39.76170576575341 41023
40.93974435843561 42083
41.17135361191506 44009
43.263424873052074 45005
48.1124635928904 45007
44.21170486303012 45017
44.64588379130681 45033
44.10095067062193 45051
37.4946536593726 46011
39.78171753698633 46095
46.509399898630164 47085
44.82632902347396 47109
47.01616732835897 47133
46.83393605424657 47151
39.926850610553146 48035
40.202238103424655 48093
41.490712323298624 48185
40.566600168493125 48241
41.227631992465774 48277
41.43571411375478 48339
42.46079165963287 48375
41.60495716438355 48387
41.04018581620545 48485
45.725939673961655 49005
39.5114200082192 50021
42.54165689178078 5049
43.47727699085368 5075
46.104589351484904 51027
46.076019908904094 51071
46.76771540219179 51077
44.72435660958901 51580
43.98218781918001 51630
42.89355691397261 51840
44.545723566189054 54007
45.282456154937016 54045
43.28661804856167 54057
44.43635264201919 54093
45.76614426847944 54109
38.00987813835615 55037
38.55769158606686 55059
36.92277243150957 55133
47.45938587945207 8027
46.199828343835605 8055
47.17621934794522 8057
43.730623415890385 1057
44.30977342203565 1117
41.80898341643832 12067
38.28098677630407 12111
45.96773224932875 13247
43.78258730616434 13315
44.51394867945207 16025
34.35516965574794 17031
39.675294456881645 18003
42.577285299452086 18043
43.74268021187671 18117
41.67072323424658 18159
37.37140451287674 19169
40.27821261643835 20049
38.858728939737006 20157
44.68775904107125 21001
45.57105444201095 21051
45.47009274337643 21143
44.6147310959167 21211
45.926591864383525 21235
40.36788220391509 22085
36.901798545057524 23005
35.2961908788055 23019
43.751331709969875 24023
44.769660613972604 24041
38.20056029191504 26007
38.78907852205478 26035
35.02646772465755 27077
37.55544421643835 27143
36.82929766301369 27151
41.123314163441094 28019
41.793070187945226 28039
41.78403580823565 28077
41.71088189589042 28083
43.91619924886576 28093
41.16177877670138 28123
42.45341675561644 29073
42.26462127032329 29105
42.359523413714236 29113
40.326449818082146 29115
42.339112589958916 29125
41.210078130123264 29175
38.76159950547943 29199
41.5457702360685 29217
41.74260319232878 30003
42.87430058712328 30081
40.85020313424655 31113
44.18812182269862 32007
47.92277804930685 35055
40.17517117586193 36021
31.44354880127259 36061
38.0710535634493 36065
47.31654106849862 37003
46.580328669389026 37007
48.513066725139176 37025
49.71882464540001 37039
50.772971406383554 37075
48.42858807571505 37159
34.969257906849315 38031
35.744814399999996 38075
40.84576713799148 39113
41.63600718767122 40059
42.00469397742137 42051
40.355579142603005 42077
43.790667545205466 45067
47.73187677444109 47025
47.801227389041074 47091
39.870638299528764 48015
41.78666715616438 48105
37.579800652054814 48127
42.12393557627945 48237
39.68183791243563 48251
43.805796495890434 48421
41.668399967465724 5001
40.59351996257808 5099
46.20960478669042 51035
43.65603781754791 51061
46.29027007602738 51133
43.302923342993424 51153
43.20897820304936 51800
33.14490841670409 53009
29.715006426202752 53057
38.06181778810134 53063
38.78018501095892 55078
37.204926311399994 55113
36.44505780422466 6033
47.63597288395068 8045
47.877199279435594 8049
47.577234647945225 8109
48.41489581534249 8117
39.36248220309315 9001
41.628811244332454 2068
41.43653669523837 12009
42.27634512166569 12023
42.84648995433425 12045
42.552486243901384 12101
44.4876527309589 13053
37.53898519178714 17007
41.88784519477644 17081
40.88285429610661 18057
39.10307656735067 18099
38.24320935753424 19017
37.445431233783566 19099
41.44381568247397 20037
40.81022394794522 20145
42.74407083726029 20175
40.73141142602735 20207
42.906224955479445 21135
40.54394866394515 22001
39.82608426849313 22013
41.19862420054796 22029
40.05048329589041 22043
36.13067983541098 23029
43.18044948036846 24011
41.528963218827386 25003
38.95323347200549 26009
40.233464419073975 26021
38.299361768567124 26049
40.04046566147397 26101
39.024613516095876 26165
35.81042399085478 27029
40.40931898736439 28049
41.69102578980547 28067
41.421312229539716 28075
42.35294758993701 28161
41.211717736986344 29063
41.0974731082192 29119
39.29353473150682 29129
44.92490503241915 29143
42.1908235061644 29167
43.51110564839178 30001
43.253170064832865 30023
39.94883168493147 31083
38.173650610958866 33019
39.31306209281371 36115
46.278730535972564 37045
45.67195405124657 37051
47.01200859769206 37071
45.659905932416436 37169
38.13512813835616 38089
39.622438251011204 39077
41.34302476774466 39107
41.971819264383605 39159
43.456056789947965 39163
40.34248201261919 40031
41.48196300273972 40073
48.504688170504096 4015
38.68680030684935 41069
40.79955885028301 42063
40.094018644032595 42069
40.2293474042814 42085
40.356382996457484 42121
42.66742332787675 45013
45.80811486331233 45087
36.97790318172601 46037
37.46702885479455 46039
37.376559315068484 46073
37.33164648219183 46107
45.13979970135343 47023
45.437321680547946 47033
47.502367951021895 47141
36.43694781683837 48025
44.135094616438344 48229
35.04429019999998 48273
41.57719363835616 48373
43.09667843972604 48377
42.34325830410959 48393
47.01815566301366 49033
37.670867744931506 50019
43.76893413665834 5031
43.26617156383556 5067
42.31639535708324 5095
45.547839803657546 51143
47.48393127761649 51169
43.9682497198192 51680
36.966742800005505 53019
42.69901326027123 54061
44.31653806931505 54079
45.538938070339746 54101
39.500828659726 55027
38.0220164041096 55033
39.60670848565482 55139
45.983472169863006 6009
48.09289141315064 8015
44.53284485479453 8059
48.417403404383556 8093
41.628811244332454 2070
45.823751999999985 1029
44.28394497762469 1087
42.6797773769589 12053
42.084583836712326 12079
41.65156483320277 12117
48.142012713810935 13047
46.596669340019155 13057
44.416620399712876 13089
44.71849528630135 13197
44.07504383227127 16083
38.84946709698629 17041
35.36592679189559 17043
36.594715311527935 17097
43.94315325068492 17127
36.96790941150686 17161
43.26108576493152 17193
39.80724484547946 18045
41.98412930082193 18119
38.63746951311149 18127
38.199908351594495 19115
37.82142903653701 19119
39.033861047501354 20041
41.33651911643835 20107
41.03859541205478 20133
44.935812623287646 21075
47.05723867347397 21095
45.379804390947946 21125
45.85021529931504 21147
44.35303569041096 21215
40.02696909643835 22003
41.66104909408222 22113
38.57752585534247 26079
34.533172321673966 27137
37.37254230136984 27173
44.136715123695915 28045
42.36302866616026 29099
40.28564674072054 30013
39.098535053893194 30021
42.025350835616415 31057
41.37049840000274 31101
44.86094336986298 35059
37.412729037017286 36001
40.24205927757534 36015
40.708826856164386 36073
45.81679288005754 37055
50.44059197863015 37173
40.07080967002797 39039
42.07423839064025 39083
41.669594092378354 39091
40.15910044000004 40039
41.26471674432523 40093
42.01446211369865 40105
41.82163669826304 40145
38.77226846301372 41013
45.70712266393148 45065
46.11661717935262 45091
37.41166301917806 46077
37.094291432876716 46111
45.271349237671224 47045
49.02139993239458 47121
46.30396042739728 47137
41.19843238356165 48023
41.35743856438358 48119
35.359520726284956 48355
37.285462127024374 48493
47.70145188383561 49007
49.397346798630146 49037
38.52551096794518 50011
42.624185651665776 5009
44.58348747197535 51019
42.070481304115866 5117
42.86562328809586 51650
44.239361289517824 51735
43.089812829994514 51810
44.42224869781369 54039
43.60343911960824 54095
39.69991061760547 55001
38.570566467109586 55023
38.91154600821919 6069
29.868958856167133 6081
49.13445489041094 8079
49.82072347905754 8083
45.04379342710955 1017
44.65685929630411 1033
42.026859236701355 12105
41.84641957260275 13001
42.86503120821917 13027
40.4506162868274 13051
41.2843685390411 13191
46.424124941917825 13211
44.25872648219175 13239
42.6714251054822 13279
42.63466697760274 17055
43.9102706821918 17059
40.57419507006576 18015
44.05399854200191 18061
37.315483967512336 19015
37.33919982808218 19035
38.51499215390683 19057
36.393912019178096 19063
38.4076025260356 19185
42.27641337534246 20135
42.490465427672596 21117
46.09272720684932 21121
41.67606735479453 22023
40.419067794934264 22079
37.20359378746572 23031
39.25759482739726 26085
37.89202940821647 26095
37.514348210964435 26103
36.610822415226295 26125
38.2761297256329 26129
36.45505895638354 27035
36.15391437479454 27163
41.14112225268499 28001
41.333654978980796 29089
41.7239719684822 29209
43.15190838281097 30031
42.446188105010926 30043
38.55647727945202 30083
40.472868380822 31065
37.619017062219186 31067
41.801968002739706 31075
37.87746980273972 31173
37.89688095167669 33003
43.95043200883563 34009
46.108453444293154 37105
45.86878958293146 37161
35.25293340000003 38091
41.610819177576985 39023
43.409237132876704 39115
41.328880682191794 40023
41.618962067123306 40045
39.80452074557503 42095
39.95163369189863 44001
36.825375156594504 46005
40.67126119178084 46071
47.255982515290384 47013
47.014753512328745 47055
48.21009417085207 47065
46.430663226917794 47081
43.0721751863814 47157
47.93182738203286 47163
42.747469583561625 48103
43.58415054109591 48117
42.819457543624644 48233
43.88720178630138 48243
41.00018308903018 48253
40.993111882465726 48349
41.46307584657534 48415
34.548323368775335 48427
44.01657046179427 5055
41.783469252113704 5085
41.97936949497887 5105
45.42938652367672 51089
46.8781067706137 51195
42.83186329863013 5147
29.69988743531481 53035
32.53702406575343 53069
45.81474062054793 54089
48.74125845068497 56035
47.98981965401647 8029
47.07946298668495 8041
41.628811244332454 2016
41.628811244332454 2100
45.046970273364416 1009
43.306331783547954 1067
47.0792855561671 13055
43.553853770747956 13277
44.53866837446027 16085
38.289845965731494 17019
38.93224153616435 17063
39.71142186346901 17113
40.19178400927783 17117
41.448286658450115 17121
38.58691336436985 17129
41.048042163984675 18001
43.54537540546656 18079
39.84241690500823 18151
37.9228865561644 19133
37.05330472670409 19181
40.59111205068494 20007
39.04709835890411 20017
39.66844377602741 20111
43.757454855724085 21023
43.482373900273956 21161
46.67222988424652 21213
46.602807805479394 21221
44.376139088574526 21229
39.87306043771506 22069
39.5468280884603 25005
39.90870558493975 26089
36.92211605119231 27019
34.66418400931511 27135
36.62400775826985 27139
42.20572634863013 28011
41.93379676006578 28133
42.07482511977533 29007
42.07221800896027 29029
39.606533856746296 29189
39.523668194539766 29211
38.63826341001644 30089
39.99839494831509 31047
44.49058173972604 31165
38.45081273561649 31169
47.465614807232846 35049
41.26361816945205 36031
33.451440545955634 36047
38.02986289846579 36091
47.000169510134285 37057
46.41217067376986 37077
46.049586075238345 37153
45.20936379052602 37155
35.72609824476165 38077
37.65568823795615 38105
40.49866002136985 39125
40.79020411533695 39139
43.680168422132866 39167
42.25731505244382 40081
40.848128253561626 42035
38.08809880136988 46041
45.69534168904106 47039
46.918414547945176 47049
48.70221453802748 47073
42.40110327945208 48011
40.10701121004661 48049
41.601623213698645 48125
35.63963221737263 48131
37.06482984110134 48239
39.91859269589042 48265
41.17396287397259 48275
40.4006504219178 48327
48.193761926027385 49031
39.66459144657531 5013
39.81188459726028 5025
40.037985269041116 5027
43.29175945750028 51043
46.26293029863011 51115
41.3944958103255 51510
43.48845271342466 54103
37.76441639824661 55109
45.30358779589042 56031
40.91957005292056 6059
43.44447902423833 6061
49.16238132328768 8091
39.69588804633562 9009
40.82798924786631 9013
42.428189545241096 1097
46.40447258224381 1103
42.09523789224386 12047
46.93178596697809 13013
40.93569338810684 13025
41.59996951506849 13049
43.583979141095874 13071
46.80192177168768 13085
48.379588150684924 13241
39.619848545796465 17091
39.08246048849311 17109
38.084256569862966 19051
38.23090002282743 19089
38.376094480821905 20115
43.59479513150688 21069
44.04404765031948 21073
43.821228878082216 21077
45.52965457479451 21119
43.34868127299371 21209
41.21679258434028 22033
33.63039953947122 23003
40.197142007621615 25011
37.734404722191826 26071
39.69552674116166 26117
33.75299921782902 27053
37.854781358356156 27161
38.21001559506849 27169
42.78898310021563 28027
41.52671471917808 28061
38.91508291643834 29005
41.593735626484936 29011
39.99801229025755 29047
42.33488939542194 29059
41.25128567917535 29101
40.696138860274 29117
39.58318457041095 29147
42.21751071952054 29225
39.76904275616439 30015
37.729769432413704 30029
37.33095081093424 31037
37.43084817945204 31043
42.626060173972554 31161
43.38477189068492 32019
38.946799842621914 36075
35.09554429863014 38039
38.21965987671235 38041
34.539252423745225 38099
39.381153382473954 39043
42.80024710303756 39045
43.77268719177643 39053
42.633178907534244 39075
39.65781593639451 39147
39.638067859074525 39171
40.70347716712329 41025
35.505159803808205 41033
41.46243186502246 42011
40.46868792778331 42017
42.570548464226555 42059
47.118825846583576 45001
40.97129687303562 45015
48.48197299935069 47019
44.39032607726711 47037
46.60477649835616 47043
46.985668043835624 47087
45.37880073516606 47097
46.73464746675893 47099
45.04096325013693 47131
47.26333277808221 47169
42.5372561 48065
37.491908435827916 48187
40.64566812328764 48435
38.164347062991766 48481
48.65002614623287 49021
38.17168915863012 50005
38.479401367908764 50027
43.95974636187671 51003
39.86129647307205 5103
44.19864439780821 51137
44.20965418681015 51179
47.366334013509615 51191
42.98399211965207 5129
47.58821797739725 51520
44.508606629115036 51660
36.9640887000822 53021
45.572054355369886 54025
44.43075061986302 54087
43.82903681127643 54107
40.0258815075808 55117
38.23050695118081 55131
34.07013755261644 6015
46.67706712643834 6057
40.68057207981095 6099
45.36350087847394 8035
43.632488126186345 1003
42.97692504200546 1041
42.669351423561636 1107
41.178928294712385 13029
44.02814815479451 13037
48.92840784000004 13111
44.368310848557805 13121
45.95928385324384 13133
45.50055510093149 13151
45.6686062767123 13171
44.651807286301334 13249
44.360197069178064 13273
44.208041599999966 16033
43.79611901643836 17087
39.2479631419178 17137
44.04210658767121 17151
37.692851049561924 17167
41.14785513932688 18063
40.566393729984675 18107
41.39508093534247 18153
39.253854211343295 18167
44.20329207034246 18175
41.11263244109591 20003
37.4551213192556 20015
39.265467294520576 20053
39.13282445479453 20089
40.9157215780822 20097
39.339809972602744 20105
44.526054478767115 21079
44.381464526931516 21091
38.323961545000024 22073
41.9562336569863 25019
39.77620407187316 26025
38.51727606259805 26065
39.668686170380795 26123
39.29631953562186 26151
36.61372443286574 27011
36.58287385684933 27153
36.87890715069042 27171
42.31796125297534 28005
41.36763108109591 28101
41.48406211027398 28105
41.79720196298904 29015
41.77039568698632 29049
41.470359262465735 29163
41.21073257896711 29173
44.522767854246595 29201
41.86800912219179 29213
42.69340560931507 29219
39.78606663287669 30025
40.654870195205525 30063
38.440418498630144 31035
38.73282277671233 31089
41.72453612054794 31135
38.21872590110137 33009
44.59516420777809 35005
44.81383243561643 35029
44.634911738709576 37019
45.5935204160548 37031
45.60018199529866 37065
47.96617703150683 37121
44.15010626947399 37133
46.1382273917808 37181
35.13368087534246 38103
39.85819774833807 39099
41.07850368410959 39149
42.921598401841095 40067
39.93816322054798 40149
34.623052615986296 41015
32.37718526800139 41071
40.56731497106964 42039
39.359866091458365 44007
47.172758327101384 45045
36.423287882191815 46045
49.27577259504927 47093
47.89347917029037 47115
41.60878652785479 48063
41.86201898219181 48129
37.300433235600835 48177
40.809953078936985 48199
41.08849638590713 48203
41.46889516986302 48211
39.673539980054784 48361
40.46737172418436 48365
41.0684608260274 48379
42.06926276438356 48383
43.4459303223616 48475
34.376013442330674 48479
47.19806841917807 49009
39.71088758066849 50025
45.57713519479455 51001
41.78271579851235 51059
42.55104707870411 5115
46.45604253925751 51185
39.61918329041094 53013
38.28245720252052 55063
47.3896476744438 6109
49.346302982191794 8007
49.472673043835606 8067
41.628811244332454 2090
41.628811244332454 2185
41.628811244332454 2240
41.628811244332454 15003
42.70973885388216 1013
42.91640767083838 1045
45.80725622434795 1079
44.37417997723013 1113
43.29203671301371 12037
41.09738513881919 12049
44.740872282873944 12091
43.79390556958358 12131
44.36338347900547 13033
46.349089186430156 13045
45.61958741369865 13141
42.41444505569315 13161
39.08865640273968 16009
42.209777247945226 16075
38.52944554263371 17143
43.87435708164386 17181
42.87231215410962 17185
42.16990900273972 17191
43.089986382654004 17199
42.57687876290491 18019
43.04542594166603 18027
42.67110130572194 18105
43.08282207068492 18139
39.83314483424662 18171
37.292552700443835 19189
39.41166656986304 20061
39.07078696849317 20117
40.19664039178081 20167
42.77489833698629 20199
43.1404463671233 21063
38.14952271232877 23013
36.39714439041092 23027
37.07094692055615 27073
37.35980490527398 27103
37.94875214794518 27147
41.654507335158954 28085
41.16720220624658 28099
40.85412354978081 29041
40.48069497705478 29127
43.348513893150695 29181
43.28631766438354 29186
39.26005616438358 29227
39.30605038630138 30033
38.06093448949863 30085
36.376929918712314 31025
43.00709397352603 31033
38.03188808128493 31081
41.446355339726026 31085
37.98780125114248 31121
41.78188231527753 34033
39.95375459152442 34035
47.978628498630144 35028
40.16260690741645 36025
38.60619230330136 36049
36.71356715500823 36059
38.892219481849324 36095
39.52195821780277 36103
38.779366835380806 36117
46.79946143688494 37151
43.37069048571561 39073
43.627171929452054 39111
43.319889242926855 39121
43.31144148958575 39129
42.34446495888413 39135
43.43420440030795 39141
40.15463210957535 40075
42.418325679010984 40079
41.855232495205456 40107
45.73726796375892 4012
41.06403454520826 40151
41.387338865027665 42009
40.318828646002736 42015
45.92445684554795 45071
36.89059805342466 46051
37.725042500463 46067
48.336985331515095 47007
45.534848294520536 47077
40.51895430507397 48005
41.17877457264108 48147
41.16664773424655 48151
41.08769337534246 48155
32.210056579758906 48215
39.718002652517825 48299
39.405641792271226 48309
38.1617078717808 48321
40.03449680547944 48333
39.49608997808221 48385
40.53207129972604 48395
40.53397445296438 48405
42.55806615615339 5083
45.69514802982466 51083
45.69592467671228 51193
42.41216208450905 5145
35.460939118356166 53047
41.353651572605486 54009
39.51766828068495 55015
34.11693823468766 55031
40.01032915525205 55047
39.882770434468505 55137
38.99926980128223 55141
46.85746995315071 56013
46.201502333561656 56039
46.991038245654785 56041
41.60951897686026 6103
42.581577925904114 8005
46.65935556027399 8081
42.4489631917808 8095
47.347978896232846 8107
41.628811244332454 2195
41.628811244332454 15005
42.389554549473964 1053
42.97829786025755 1075
46.833463096635654 1083
42.39573614452057 1131
44.27917645571784 13081
46.95914368493148 13105
42.183579482153455 13109
45.54843727890409 13113
44.76209286575344 16037
42.695523020985775 17157
39.76681829926521 17203
41.7603484210959 18059
43.36291498547945 18093
43.80693381735976 18155
37.79941105298082 19001
38.52379792829863 19019
37.84873238536443 19131
42.73232698104657 20055
40.841671889863 20059
38.64152012555347 20169
45.620394333324626 21035
41.98139859151152 21111
43.81378577808217 21181
43.773220517808205 21239
37.526337937060276 22019
39.70522007287673 22027
40.8008847806411 22051
44.886030706569834 22075
41.7732081135589 24025
38.49771752700819 26081
40.70827180703557 26127
39.16826186639454 26155
36.14903717457259 27057
36.09159025068492 27087
34.80336582123288 27089
36.43462463253426 27097
37.84383455613973 27101
41.89151048400004 28065
43.81461725260273 28117
41.12637411141094 28155
39.479280548342444 29001
43.94802841552326 29017
42.07130639863015 29027
42.76834624428766 29055
42.02752023559452 29067
42.31480467602738 29139
41.12404126095895 29195
40.741318142465765 30037
39.54565260410956 30061
39.993213193150694 30073
38.47235722739727 31133
37.6003929082192 31143
37.86647008082193 31167
46.99941533748768 32003
43.14067345872959 32031
38.44080420189424 34023
44.49251645317535 35013
39.38353985825969 36079
38.598916882250144 36083
40.44054649260276 36097
39.40891721397261 36099
40.867320851849335 36101
40.05173761430685 36109
44.414903616701366 37013
46.526920240997235 37081
45.88385088543559 37171
35.0127793479452 38005
35.12410880182467 38071
42.700774660498624 39087
36.34007747685812 39095
38.714258270509596 39143
42.175767365950975 39151
42.057594701860275 40131
38.20261002209207 42003
40.57504568899917 42081
41.82175892178908 42133
46.06825456312601 45055
47.89010153835618 47061
37.47930700993153 48013
41.04392783972603 48075
37.49512434337258 48163
41.79036096082193 48227
39.24335915364573 48245
36.972691160958924 48255
41.139310613389064 48257
43.33410640273977 48279
38.550474408221916 48323
40.779798496638385 48397
41.42620412056826 48459
41.398331578082185 48467
45.45594231172878 49049
38.56340498670138 50015
46.22318050501642 51103
44.36440571726024 51183
32.70177410108221 53027
43.96894286849315 54021
46.15801850761091 54055
37.463917811506846 55005
40.893506834402736 55029
35.716498126931526 55079
36.86257925972601 55129
47.09093193767129 56023
40.251334987915044 6089
39.40956870540277 6113
43.234519169520524 8087
42.90002785293837 10001
44.64979112876712 1123
43.499862887060274 1125
40.51418669039177 12071
41.637180102383525 12087
42.530797019865766 13031
46.69138244978634 13059
44.68009180317805 13063
46.68319272152877 13139
42.773830535616426 13309
47.44105815342468 13311
39.43145953698629 16035
38.526495460711494 17085
44.16666364931507 17153
41.94209211301371 17189
39.208910373438364 18039
37.69921732904986 18089
43.35505729773702 18101
43.72888408219125 18129
39.91919686917808 18131
37.54533847944933 19121
37.74916878239176 19167
37.068967256652 20079
38.31552787239448 20113
40.34277395706849 20151
40.66364481917808 20163
35.79759575453367 20173
44.96718613305122 21059
44.85424203698742 21157
39.793746742454836 22041
42.67754798926024 22057
43.999334460600004 22063
40.18531999452055 22081
44.01595917397261 22105
45.395485920564646 24009
39.801631809389015 26059
37.75916397397259 26083
37.82536214492466 26115
37.28059658222462 27013
35.108219016038376 27017
37.39472544246574 27033
37.91257829939182 27099
36.48498835375887 27111
36.061709157876685 27115
43.256750280547934 28057
41.270011809589015 29025
40.25267634336711 29087
42.64839158540272 29149
39.18526427397259 30051
41.21010013698631 30107
41.885377271232855 31005
36.5858885354822 31053
38.56074134794518 31183
38.36700752704195 33011
44.682951852972565 37143
35.01296340907123 38015
35.15045633972603 38043
35.70246420273972 38047
35.364001014616434 38073
43.99197132084988 39015
41.52287253062107 39057
39.85391782052599 40027
40.91106251780824 40129
40.37458896639094 42037
45.91374014195231 45023
45.60687341609045 45063
36.7766344931507 46049
46.09772144931509 47005
46.861792959235636 47119
45.876754719178074 47135
47.33654845808223 47159
48.90014585004663 47179
41.1734985068493 48081
40.55146134904108 48133
40.27456960182113 48259
42.69365897945208 48461
33.63559686849314 48489
48.80003268219179 49017
42.52175737443837 5061
44.27028531232878 51017
45.20936526794521 51139
43.036393567104135 5127
44.050097620778054 54011
37.70805812694246 55051
38.677801732602745 55053
38.48148086085477 55085
38.5218223890411 55125
47.027197008421865 56037
33.87022229648771 6087
45.27002608063559 8039
46.50443361683836 1049
44.5459590895589 1115
42.01857186432328 12001
40.996290744410935 12015
43.06551048400823 12069
42.539195198123295 12119
43.91308852054796 13007
47.1022713486302 13011
45.265887653876725 13079
46.70966153012329 13219
38.35028935767124 16017
44.18464358356164 16063
41.43595986438355 17013
38.68207258720275 17071
38.884644826712325 17107
38.13273628231426 17197
42.25209007776464 18065
42.52896752191782 18083
41.13707278942275 18133
37.16893625273975 19025
37.81987049150687 19029
38.20609209917809 19087
37.811819457567076 19135
36.88524725967891 19163
38.025350473287666 19175
39.78071883196434 20131
42.8126722728274 21043
44.21457797691231 21151
44.20472180081039 21185
44.35899888931508 21217
43.12329595342277 22005
35.819929913915075 23001
41.469620920547925 25007
39.15649542416164 26045
40.55663520824658 26121
36.29669389835617 27021
37.90501777805756 27133
36.465068455695906 27159
41.084693799452054 28051
40.93410775576162 28089
43.00744358446497 28119
43.149994018246566 28145
41.38850751452055 29053
39.68303456712605 29081
42.14173862951151 29169
43.45715495397256 29221
42.86027540171232 30093
41.2198157198041 34019
40.556611918806034 34037
46.25824517808216 35057
44.11679862763563 37129
45.723995958920575 37195
46.45377629043836 37197
35.511026768013686 38021
35.33639947397262 38049
35.982220617898655 38101
43.65937817387561 39009
40.743961518222974 39033
39.586792152645444 39069
38.88013299028904 39103
43.412135518553455 39165
39.31188185993152 40015
40.26640150004657 40017
42.102581282876685 40061
42.343420954876706 40119
43.345222877260255 40139
39.36568475256578 42019
40.51188963616442 42031
40.392172064069015 42103
42.07650329588078 42111
42.93366647646303 45089
35.954307480136954 46013
39.80277231472056 46103
49.31741905534239 47057
48.269852376712336 47067
45.455571473519754 47075
40.88336398769312 48085
40.21924410787672 48143
41.225177056164384 48313
40.534194154463044 48347
40.70866075616439 48403
41.88386608219174 48407
41.09303206575346 48417
41.358738037075035 48423
42.96596499267946 48437
41.5668075931507 48471
48.268685399986296 49015
47.597914637260295 49039
38.95261035171509 50023
42.23562088424658 5081
44.01285079177812 51009
46.27431972945208 51051
44.5077334127918 51109
45.91830069999995 51119
45.9161591478356 51121
43.88793770684931 51163
44.04159108734165 51177
44.64666253424659 51181
42.8587355630137 5135
42.29383786208492 51550
41.53353527232877 51600
44.15736950301369 51820
44.89396067213975 51830
31.981738099863044 53041
33.62379640428767 53049
38.82386923810959 53071
36.75526947800547 53077
44.16238180821918 54031
45.19265710684932 54059
43.556670461643826 54091
37.086684133443846 55003
38.346636276172546 55009
38.03793932175068 55089
38.97155325753426 55115
40.93173921367945 6021
41.89135210334523 8001
43.11701584657533 8121
43.99947346686849 1051
42.93589260912877 1061
45.98653024838089 1095
41.591149706164366 1119
42.2609528993096 12073
42.39573618176165 13003
41.78760452784933 13005
42.853489189975335 13043
43.134927358904136 13075
47.523735075616436 13119
41.1810651240329 13179
45.518785351780785 13189
47.00414386119181 13195
45.79539620328769 13207
45.72640299178085 13265
45.94783792808216 13317
45.248580125120576 16065
42.82073795524659 16073
40.240446978767146 17135
43.37838826009507 18005
39.87050346794519 18113
37.90505397643836 19023
37.59290371232876 19069
37.80539408548218 19113
37.79468742602739 19117
40.039739683561635 20009
41.371436166027415 20011
39.14473526780823 20029
41.20455307123289 20033
41.188185460273985 20165
42.88182410820356 21015
42.13278818061892 21019
43.57580181424656 21127
44.30929502649313 21155
45.354744063698675 21233
43.872616205479446 21237
39.2437894280822 22067
41.430154514556705 24003
37.565625788726024 24510
38.37592022739725 26001
38.743572566027396 26143
37.66239885471233 26161
38.0442092227537 27131
41.274433206849324 28023
42.44992985273974 28135
41.254032393920546 28151
42.45632493698633 29091
39.70445018356164 29103
41.62202268659012 29183
42.31509279520548 29215
43.04495825917812 30009
38.881089610945224 30041
38.489616882191804 31077
43.05900381095892 31123
37.966750632876746 31125
38.84519245890413 31129
36.68579003698627 31159
37.883605107224675 33001
39.28738918615888 36011
39.29368215813698 36069
40.28890586595069 36105
45.8392659510685 37135
43.95925789043289 37141
46.400677372082264 37157
37.06558710320545 38061
40.66194862795423 39029
42.830554329906285 39119
40.576807293942196 39137
39.78411197189508 39153
44.01290224520548 40025
43.40695932784657 40085
41.01765105267121 40115
43.88750526081095 4027
33.406823311709594 41003
31.6390545819178 41009
36.14473769726024 41027
39.715528720410944 41035
38.37583287156465 42045
41.08292595340821 44005
45.483681292542485 45021
46.21700240939727 45047
45.50498576076714 45079
37.486929599999996 46069
37.46600872602737 46097
49.917287636986295 47107
46.484309274756995 47147
48.46467639109586 47173
45.252899531241894 47183
45.873210623841096 47187
41.957293380821916 48169
40.87239900273973 48197
41.17373445616441 48207
41.09208040642195 48223
41.67540130509316 48291
41.528837989041094 48345
42.57214425295891 48357
45.95205070821918 49029
43.853547744744105 49035
45.14700467961644 49057
44.28540159633429 51011
44.192872464495856 51015
44.47592349589041 51049
42.98418371186575 5107
45.112268335616434 51113
44.644008039452075 51147
46.901707834013685 51167
45.986406500435606 51750
44.760022128306844 51770
31.62060229117094 53031
44.87889712383563 54043
42.732435458765494 54069
40.02537271333973 55071
39.59108998191779 6011
44.88654748829587 6035
50.189091305219215 6071
32.69775258936054 6085
43.99542811369864 8073
47.95620135800823 8105
39.919787532577814 9003
40.97852392438356 9015
42.23815524821921 1035
41.9481883079452 1129
41.85512704749042 12019
40.4101218514438 12055
42.05452689042741 12107
45.08091120547943 13125
44.76927971209038 13153
43.689143301369896 16015
42.6973581516126 17047
40.498200967465735 17049
38.47058527144497 17177
44.28354195068493 18143
36.65304949589039 19059
37.79520263561644 19107
37.32195579123288 19197
41.04699329698635 20001
39.15255743013698 20027
41.08179678082192 20047
42.044517593742505 20057
42.59383378219179 20069
39.946453306849335 20141
39.165376860273945 20143
39.58104635733973 20161
38.770574162260274 20209
45.548750614408235 21195
39.02898931907945 26029
39.41246811758135 26075
40.268842203487644 26139
37.345977664375354 27129
41.944657543561625 28025
42.689755845389044 28059
42.9833219909589 28071
42.43028662054249 28087
40.30283343306849 28149
44.86343831205481 29069
41.129429853424675 29177
43.73877700646384 29187
42.46932730958903 29203
43.67090260458083 30067
39.62248349041098 30069
44.23369640821919 31007
41.039210624657514 31031
43.62253727534245 31045
40.21637538630138 31073
41.31042286301374 31091
37.42406654050409 31141
46.306532361536995 35001
35.18308695289562 36085
39.09674791851507 36113
44.298386059758926 37049
44.9922432739726 37131
46.511758702556165 37149
47.20766734773092 37179
45.37634912722742 37183
35.18539559041097 38003
35.743147301369866 38081
43.141273588072565 39017
42.63647721995065 39019
44.10614710058712 39047
39.99507286087835 39155
41.18635828356165 40005
41.69524831334799 40013
41.941455537883265 40021
41.22443414976709 40043
42.16099695388962 40091
42.95795205547947 40095
41.83408159796987 40125
39.099089149716434 42073
40.60697310199289 42125
45.511348903561654 45081
37.93249783651504 46023
45.1889240968219 47071
47.3502101619671 47103
45.23375049486246 47167
42.108129594520584 48033
40.110567810253436 48099
42.014079695890416 48173
41.98942248024932 48179
39.68632883788274 48217
43.201612624657535 48371
43.17877994521918 48445
38.59840927342464 48463
43.7148979753315 48495
46.088956494520545 49023
46.81520666574246 49027
40.73808295287671 5019
42.234788931750685 5033
44.80730101826028 51081
44.96674386638085 51161
46.37540435205477 51640
42.474316624657526 51685
43.51559202923559 51700
43.627747494898635 54099
36.590767968479504 55013
39.40318304034249 55057
39.066702607123254 55087
44.34102932602736 56027
44.36809466794521 56029
43.640317948391804 56033
35.63428881943287 6053
44.35810353972607 8025
41.273155790908504 9005
40.84557146815892 9011
42.24989553893152 1099
42.26229807850408 12013
40.60211251945753 12021
41.60852538904105 12077
42.67957659222468 12089
41.96642482465753 13065
43.57849212547942 13099
46.220664458465784 13159
44.222899358917765 13235
40.271190986293156 16061
39.12176754521097 16079
44.31419402739724 17003
39.06989232008492 17057
40.14982495945205 17061
40.61372095115534 17083
39.71630800109591 17123
40.444314570344346 18021
41.79236465671424 18035
39.79913901528221 18085
39.24220496203014 18149
42.05790067751179 18177
37.753156592232905 19149
36.63058410501643 19151
40.067060463021065 20191
40.75829368013703 20205
43.777454854794485 21097
45.94058241301917 21107
41.59632422190412 22009
39.22885215159454 22021
40.5780608027315 22031
43.059777680832816 22077
38.29584866334247 23009
38.80152436472601 26047
40.6318707934932 26105
36.20094803517808 27001
38.146311586849286 27039
36.658645128191736 27041
36.79254753927397 27091
35.09623527068496 27113
36.707989982876725 27121
35.36306785205482 27125
40.9657724105041 28007
42.66091261849315 29065
42.82868827361258 29071
39.29200823561641 30109
44.900267082191775 32011
37.47263647083285 36089
45.556664135802684 37063
45.968605878641064 37085
49.99801780776714 37087
46.52309425047124 37193
48.67459077150683 37199
43.04966008904109 39059
40.87208160657531 40141
40.50956206758544 42053
40.71869708082191 42113
40.52708532431507 42123
43.56414969267674 45027
41.115283795178065 45035
45.52719691230955 45069
43.70977041630134 45075
37.86568769863011 46015
38.1009006557014 46027
36.24852832602741 46089
37.760272736986316 46101
46.677812254532036 47165
47.79199039543015 47185
40.548292846223 48041
36.54302344931505 48123
41.70136885866332 48367
38.00865232945207 48507
48.455562347945204 49055
44.290927544733435 5021
40.82135275438931 51013
45.15191032237259 51057
44.7350510390411 51135
45.358708063698636 54005
44.882648978857524 54083
38.770350919863006 55041
42.18599401506848 56011
45.981470819178085 6003
31.457711308586294 6023
28.36388923657122 6075
41.628811244332454 2050
41.628811244332454 46102
43.14871096621095 1047
42.27014412602738 1091
43.11541291712327 1109
43.039888385545225 12063
35.738492248901395 12099
46.47054711986303 13221
47.55615901550685 13227
46.97694273818078 13233
46.03886432383559 13237
44.65349805753424 16023
43.14954338081099 16045
39.302300166575336 17021
40.007046363326 18097
37.3048180561644 19073
37.53752360730139 19093
37.726453026652024 19179
42.677031646575344 20101
42.33475964931508 20119
44.504116778082185 21045
46.722843541102236 21141
44.561709382649305 21159
44.69064814041095 21203
40.04330606393974 22059
42.68787731938629 22101
38.69094808997477 24005
40.970531323172345 24031
44.1883884221685 24035
40.65873782497973 25013
39.24103270526304 26063
39.009345501389035 29045
41.54235971138633 29137
41.81267489495892 29185
38.78487544520549 29197
40.47016025479453 30027
41.75800670587943 30049
38.000508008767106 30053
41.764803749315035 30077
39.03169415342465 31071
34.844235945131494 31109
43.850681670758945 31157
47.729588795890436 32017
45.30305121232877 32021
41.005312946916426 34021
40.32388017596604 34041
44.96305124657535 35019
47.46911630148222 37035
46.00379658205481 37093
44.58247614840824 37117
39.05466336986305 38007
41.94259144246573 39021
41.694274032887684 40037
41.73701738447314 40077
42.14690303767122 40103
46.6413077452164 4011
46.62881400838631 4021
33.758008174452065 41007
37.96850581324931 41031
38.27223537096713 41059
39.90635544229287 42079
40.1100006878959 42115
37.40305123013697 46003
37.58229628219181 46043
39.217616030136966 46063
41.07867534136987 46081
38.44374759726027 46105
36.547400581736994 46115
38.99246113835615 46123
45.64295785171234 47017
51.14513059849592 47029
49.95687831158907 47059
47.71058214794521 47129
48.651448142928714 47143
46.7674533787315 47149
46.62561706630137 47161
48.97762439109587 47171
39.80374116643833 48053
42.18972495890685 48107
43.898977052054796 48359
40.88063810849317 48457
37.81100754795065 50009
41.78526600164385 5015
40.71465773424656 5073
46.26524008630136 51021
44.39028268034521 51036
43.68077045650684 51093
42.841605166760026 51107
45.76553315772055 51117
45.368122371917806 54075
45.81731417290412 54081
39.09893892503834 55097
38.217386066262996 55101
32.90288408685453 6013
43.36922213862191 6073
39.7993634841041 6083
44.03103121093701 8089
41.628811244332454 2150
41.628811244332454 2282
43.45185020631778 10005
43.00063514195617 1069
43.475810504178064 1073
46.65009047254244 1089
45.32641881047398 1111
41.9294382690411 12041
42.86013161760273 12133
45.02885274876708 13073
47.91282313630143 13083
43.49016287123289 13165
44.64024346335618 13261
43.254306151421936 13275
44.830723354794536 13289
45.43128373287668 13301
44.83901445021919 13319
43.185781308063056 16001
40.9221215689433 17079
43.438693034931525 18125
38.264310518493176 19037
38.34996747080467 19061
37.71333048698631 19101
37.59376038849313 19127
38.734360587671254 19159
40.60663760732245 20031
43.08884160821914 20075
39.9443933972603 20149
42.033519832876735 20153
38.297151560676724 20155
39.00389923563016 20159
41.98770088219179 20195
45.16595317899453 21169
44.87948053260273 21207
43.53030123561646 22091
44.288051758474 24047
37.641941665767106 26043
39.35317300750134 26107
38.88586291506851 26113
37.97257865041095 26135
37.89063288812878 26137
35.41860307808219 27071
36.31815335205479 27155
41.890954052739716 28031
41.73235774516987 28103
42.26241714178084 28113
40.820185541252044 28121
40.931500159589035 29003
43.85841498493152 29023
42.91160202739727 29035
41.954206306670386 29051
40.746274109589024 29061
43.48540313239538 29123
44.83910780410959 29133
41.83658721863014 29141
40.73683349222741 29205
37.727852936980796 31021
38.050931115068494 31179
46.53445634246576 35003
43.6057896068548 35009
41.58610510278352 36013
39.61070153545753 36111
46.748957551016424 37001
46.68413781563288 37027
49.42662943424655 37043
41.264809630339215 39169
41.42710674520547 40053
47.03400867882738 4009
40.82605121964656 42021
40.80723369748411 42087
40.57862347123288 42093
37.72422915068496 46017
38.254016273287654 46065
40.24384421917811 46121
38.0677459739726 46125
46.6992624246655 47125
42.10769547945206 48045
43.73966239178084 48079
43.21783788356166 48195
35.28406967083562 48249
42.03629379046849 48329
44.5415124228537 49011
46.57039147033149 49013
39.22471346027399 50013
40.86471729726027 5017
42.911638109190974 5023
42.167144425556145 5029
44.5729357821918 51007
44.30986934600001 51053
46.13337430959178 51063
45.26134742821916 51067
44.90264317386027 51095
43.62597397901921 5113
42.19912282707401 5131
41.25822804138438 5143
35.24381830356162 53059
42.19003908709559 54003
38.98275092835616 55055
37.55377612328768 55107
38.5408366627685 55127
46.354709895068495 56001
48.537263653893135 6043
48.08837944203018 6051
47.32108488492877 8043
48.651741230137006 8065
48.02139313423013 8119
41.628811244332454 2105
41.628811244332454 15007
44.03135886609864 1021
42.5204974830849 1063
40.25649235136985 12043
41.277091058876735 12083
42.95577199497263 13019
46.64473837091237 13117
46.58786762904108 13143
45.407804230821924 13231
43.209927721917786 13283
48.55808220181367 13291
47.95028987712321 13295
40.71047386028604 17051
39.601302867945215 17105
38.73622178575346 17187
43.561067960729616 18031
42.93029976635233 18041
37.920500083561656 19075
37.30372897671234 19141
37.37822503972604 19143
42.33331415068489 20193
44.50629773700003 21025
44.426583685836704 21027
43.784977057547955 21173
46.058609147350396 21177
44.52600433561645 21223
42.88576083885208 22109
40.218495033368775 25027
40.72997438027122 26005
37.4487087452055 26013
39.90576297933428 26027
37.78794161917257 26053
37.20796028410958 26061
39.12440650191782 26073
39.8174604364263 26077
38.80999628931505 26097
39.14859786573973 26153
36.256737098312335 27009
37.069882928082194 27063
44.260239055967126 28003
42.936913193380825 28081
42.589706648698645 28095
43.876117365068474 28139
41.4320706058904 29009
41.76715586128223 29043
40.1187738356164 29075
39.04115347278354 29095
40.19278437520547 29165
39.91780647808768 30017
41.28936335068488 30045
39.27092779084384 30101
39.214957890410965 31099
44.400997346808225 35015
31.9368099922534 36005
37.59366457504658 36055
46.64105622694516 37033
46.028817252523275 37069
49.76170794794247 37099
36.483485430137 38055
43.2876104835444 39001
40.73695372509865 39175
41.82542406411641 40101
40.32077719065755 40109
41.3859437735186 40127
42.287896603661636 40135
48.78985184416163 4017
40.38871349500823 41001
40.559156460728765 42025
44.915128432542474 45003
37.143384745205466 46025
37.74736054246576 46119
47.79345830068494 47041
44.74166106164931 47069
47.9990065328767 47175
47.94804351078357 47177
42.19857036530409 48077
38.4443366529726 48091
40.167066991780814 48137
40.96306007513945 48161
40.76184445863011 48183
40.42752438739726 48221
41.61328783835622 48235
41.42076761095891 48315
39.812170369863004 48319
36.44049214657537 48391
39.929691263013694 48425
41.174068924931504 48455
44.41903486829043 51031
43.75464288813426 51087
44.557009806575394 51145
44.81877890136987 51595
43.77403796712327 51678
29.822358594377544 53073
44.21712629999999 54013
44.29473011416437 54023
38.70899243150685 55045
43.16269911141642 56003
46.58950314630133 56007
29.87533286446082 6001
45.65127338232879 6025
34.597744650137 6055
45.87996476562745 8101
41.628811244332454 2198
41.628811244332454 2220
41.628811244332454 2275
45.49424428052603 1043
44.788375834402736 1127
42.704913917813705 12039
39.473636761276744 12061
42.1923284249178 12097
47.3126199598219 13015
42.53164889378081 13069
44.88005263630137 13193
41.0513543164411 13305
38.71600177610961 16055
44.20551408024412 18077
42.217338507857825 18081
43.17236033013699 18115
41.80691807363014 18135
36.91168966164385 19091
37.316760763698625 19161
43.35241421643836 20187
43.59340809224385 21011
46.916763312290904 21047
43.878635975340536 21191
39.20636338355892 22083
38.67731434120549 25023
40.023744509336446 26015
38.215348062093135 27045
37.01511231824929 27067
37.803303928767136 27081
41.999728164068465 28035
40.938823138356156 28063
41.21960082372603 28097
43.205130549753456 28107
41.53204976894244 28129
44.149689628767135 28141
41.46409872671232 29013
44.6731388058219 29207
42.11698089452053 30007
39.36062920273972 30079
38.16173576346028 30105
38.08941962328768 31011
39.06923965680546 31019
38.82896151780816 31163
44.22939783835614 35011
48.04321117552331 35031
40.29683972931506 36123
47.975413364853154 37109
44.920735184246595 37137
46.71577829238627 37145
44.267617401824666 37187
34.80773625753425 38095
40.791135451460846 39003
42.419723708883566 39089
43.89423427077998 39105
40.48809207260267 40009
41.83913274623288 41045
40.73143045357046 42047
40.742267435342455 42099
43.49370694657534 45009
39.59440956164383 46093
36.88761624109587 46129
48.100245464972616 47035
45.119715160528735 47113
48.32276621732327 47153
40.856733942457566 48001
38.32452770754661 48157
41.55664284963618 48213
35.37123091369861 48247
40.914405814726045 48293
40.87710559952053 48473
38.93551446214877 48491
43.61988870819562 5037
42.53162817739728 5089
44.93380337374522 5093
43.477054512328785 5101
44.66115355445203 51023
43.002879386287404 51069
45.19069557534247 51097
44.81343279361646 51127
43.44799027587941 51760
37.41787493095891 53001
37.78694730890408 53043
43.60212232602741 54017
45.57168769610136 54019
43.99547907616437 54041
48.42173163013699 8097
45.112498604252075 1015
46.15520256713973 1019
41.63207967520549 12075
42.01616229726026 13101
43.885517651506845 13205
43.952231226027386 13287
41.46329775950684 13299
38.5314122178337 17015
38.31528531220826 17037
42.625696145200834 17145
43.54191477369859 18047
43.40929241921176 18051
38.01133230340002 18141
40.05728489664933 18183
37.759022810958925 19165
41.176102718725986 20043
41.23396142534245 20087
40.142677168043825 20147
43.20692289178082 20189
42.41585097041101 21037
44.99621626232879 21055
44.987587482739684 21071
44.658065025205474 21099
46.34047021838906 21133
44.47549860821919 21139
42.168463217205804 22047
40.22953823015064 22123
39.469727397945185 22127
42.71882630121339 24015
36.267460035809286 25017
36.38849113033181 25021
40.101297109128794 26023
38.74867643790956 26111
37.49736097205481 26119
37.67152300767128 27047
36.15314185934794 27075
37.48840416086298 27085
37.395562172597245 27127
43.49111910110547 28033
41.653867181756134 29083
43.270068458904106 29093
39.937480326027384 31017
42.37631540273972 31069
41.66465162465753 31087
39.33555958082194 31103
43.99001109863014 31105
40.61965681369861 31171
37.589094717808194 31185
39.338396724715054 33005
48.445424785399986 35039
44.931205279451994 37095
49.2853743244822 37113
34.78669883013698 38019
34.80995626044658 38035
36.65243208356161 38085
43.192071663143025 39157
41.442458355252064 40041
41.42162380609942 40121
41.901951546731496 40133
40.8217843988904 40143
41.32245681150685 40153
42.596039487671256 45049
41.91115633287672 45053
38.005011801369854 46009
43.72889196438357 46047
44.929836161140024 47047
46.76486091689864 47083
39.631297035616434 48031
40.771996900452024 48059
40.894292861419146 48073
42.28946267671233 48153
41.97004235720003 48181
43.937066090410944 48205
43.18557623992059 48219
39.391720131506844 48271
40.86860939724578 48289
43.43130108356987 48337
41.18234649424655 48353
40.93592641093423 48429
41.7038797479452 48431
42.75221242465751 48443
37.580920907697816 48453
48.12574157671233 49001
48.823501172602704 49019
46.3723077662822 49043
42.41039923013153 5047
42.27173850273974 5087
42.81189935434248 5097
43.89133718082192 51530
45.42261644164385 51690
36.46414572876712 53037
36.28131024566574 53039
39.23055696630138 53075
43.51106998329864 54033
37.93398853224932 55017
38.274930960273956 55091
43.01143965774521 6115
43.68572554033974 8014
46.98701691369864 8103
41.319957826712304 1023
42.90892191917806 12059
42.07657633013697 12123
41.563922992287694 12127
42.07051721575339 12129
43.39950402285201 13107
43.404766467123316 13155
45.4722770666493 13169
43.32292854063286 13253
46.505000597260306 16041
44.60032000914521 16059
45.74328876986299 16081
39.60334355936986 17029
39.13654438001209 17115
43.42257502463179 17165
43.96024465207477 18025
41.48859142400824 18053
42.49692939512027 18055
43.82248921736084 18137
44.20352613095892 18147
38.168738791786275 19011
37.48050363780821 19085
37.71623246107125 19123
36.631817409863025 19129
41.126702821945166 20051
43.68655918904108 20129
40.783008236164385 20139
41.813342089041114 20179
38.730875182191774 20201
44.57608183152875 21137
45.56279976256437 21149
45.97706942328765 21171
43.241244913698644 21205
40.801144578082194 22025
44.361909335624695 22103
42.89612566225203 22117
37.367446419197265 26131
35.81624434191781 27007
43.64605045972601 29157
38.99378797328767 30005
41.50147075068492 31117
39.29608273974244 31147
49.498619764657526 32023
43.47151397808215 32027
46.33241498356168 35033
44.868924386301366 35051
44.49358093150684 37029
47.668626294268506 37089
45.03854342415892 37163
45.78549927749864 37165
45.28603601780824 37191
35.62412222136982 38059
40.244007888547934 39007
41.28781673118276 39041
38.77091480398794 39051
43.03360200931513 39067
41.651493623120544 40049
46.362268158449304 4013
34.23042148689589 41043
40.35988725990247 42127
44.07624215982466 45011
45.044274475927374 45031
47.651719313698635 47031
47.27776340274795 47117
41.694400433331495 48037
38.10091242597261 48209
41.412394720547965 48263
40.08028001187123 48307
36.43028968219178 48311
42.55021282314524 48381
40.9928580516411 48401
40.01421072246573 48465
41.33541781506848 48483
46.46618256575342 49051
40.08208295616437 5043
42.89358153184928 5063
44.319486968493166 51029
44.2154175890466 51125
46.03986266821918 51155
43.39426059452055 5121
40.85393219360112 51610
42.756932591796435 51683
45.57477805674791 54067
44.82977911413969 54071
39.83687180752604 55021
37.95024123246576 55035
39.02056198311317 55049
39.483605432040555 55111
39.37400778059096 55135
45.0286047157863 56025
30.67051542000002 6041
41.57496946798354 6101
48.69541872146026 8019
43.111240161643835 8099
50.51386522191782 8111
41.628811244332454 2110
41.628811244332454 2170
43.79317352969865 1011
42.96307266163562 1065
41.861135236742456 12017
42.299892562567116 12125
45.569620483723305 13009
44.31078138794519 13177
44.096483491780845 13243
41.0924879376712 17005
39.699657923600014 17075
40.4659267791781 17149
39.88290495070684 17173
38.71612375807945 17179
37.13803625307864 17201
40.01926655067398 18157
43.0055639712329 18161
37.84197898356167 19039
37.028818395616426 19049
37.64287067124108 19083
35.96552989178082 19147
40.83425481369862 20019
40.42656371870766 20077
39.435410534246564 20095
41.28301564828771 20125
43.995187543835634 21081
42.20280438019534 21089
45.65531407534248 21193
43.85972038630133 21201
39.74944411272877 22011
41.034643802839206 22055
42.2111185571444 22099
38.92777248036987 22111
40.24453317211776 22119
35.02711221130136 23021
43.510005395616425 24029
44.952391944041054 24039
35.435650704512284 26163
42.20335358767122 28073
42.17988741187396 28091
41.005471430128736 29107
42.2342575520548 29151
39.64725212260271 31041
39.77032190866847 31137
39.07874081780821 31181
46.9771348931726 32033
37.92603019256056 33013
44.247835179928785 35037
40.23089382778903 36051
38.213649151035554 36067
36.18605213342655 36119
45.984528733816454 37037
44.41925257616439 37139
35.1925689214822 38009
35.89794506301366 38029
37.149649504109604 38037
35.007383267123295 38069
35.749830898630144 38083
39.30317130958905 38087
42.8853558422841 39097
40.627343907891216 39109
41.15767963105751 40003
48.52823867542468 4001
41.066267354794526 41037
34.19421995581643 41039
34.15985521952052 41057
42.80689635747068 42001
40.694552553013715 42033
39.78179810682196 42129
46.59033721774246 45059
37.161285939726014 46031
43.5272971232877 48017
38.291361130958904 48021
40.47982609958084 48083
41.234194073972596 48101
41.620370597238356 48159
34.59758841369862 48261
42.386034549315035 48317
47.852745751221946 49053
45.1108105780794 51037
43.71343861707398 51041
43.653625241884924 51149
43.6497627823096 51730
26.963455424686334 53033
37.79241112821916 53051
29.66825092669127 53053
30.34082585068494 53055
43.55049306575339 54077
45.336804884816445 56021
45.93919951150408 6017
32.37407114779454 6097
43.83711102739728 8009
41.628811244332454 2188
41.628811244332454 2290
44.67770018782196 1081
38.18322322996714 12085
42.11973077298902 12121
44.35352109498907 13023
47.35235468150685 13137
42.54771832465746 13173
37.92631595342469 16021
42.73671901284116 16027
38.40817573466602 17073
39.42967346849316 17155
40.05976388447951 18049
39.53440020821916 18121
38.047026083835625 19183
37.17512005386302 19187
41.695180852054776 20025
41.23775520856166 20099
40.09891411232874 20185
43.26414663088386 21029
45.92944758630684 21033
43.888545576712346 21123
44.57864844931503 21189
47.06063949589037 21219
45.70173566072795 21227
40.54740896911783 22015
36.027026547337 23007
42.75508798247946 24001
34.49196842654109 25025
38.21130220181643 26003
36.32633446153695 27141
43.76747872876715 28009
41.640258073972596 28041
40.79314613972605 28055
40.99894901315066 28079
42.892612359539726 28109
41.0970124460274 28159
41.813088301391765 29077
40.60575483397258 29121
41.75810015410959 29135
42.615770073978055 30095
37.774987401832895 31039
42.083912367123304 31049
39.420079098630126 31115
35.166489047723275 31153
38.21389673647669 33007
43.05030802619669 34011
43.706015699726 35041
40.570054178358895 36063
44.138225073106845 37073
44.53208494756988 37107
34.802324967123276 38027
40.666321754748196 39049
42.2821587269534 40069
41.356458267739434 40071
41.43747929465206 40137
49.383966251810946 4025
38.71683176040274 41017
41.27858281724103 42049
40.643805774917794 42065
40.820117378630115 42067
37.15489866457808 46029
46.03736853790493 47021
45.40120336183205 47053
43.384119295205515 48003
43.09896705376714 48097
39.555417863112595 48139
40.83952751361645 48231
36.54221932054794 48283
42.6050921433918 48305
40.337621631506856 48351
43.58879586301372 48369
40.655257696575354 48399
41.00234921301373 48487
40.392725824871256 50003
44.3958985331507 51175
42.54812410821919 5133
40.512085468835586 54029
38.06220733527398 55093
44.644417547583565 6007
46.80056694475618 6031
46.24497343014523 6063
40.63296468335345 6067
47.65408434738358 8077
42.52272901643837 8125
42.04239377135342 1025
42.34503718287671 12007
41.271998493243856 12115
41.322531599465734 13127
48.779737198630166 13213
44.64343356180276 13245
42.94234754684931 13251
45.7125966495589 13255
44.96384178631235 13269
44.607500494794536 13303
45.09276998173696 16043
44.03082520684934 16047
45.63890205205479 16071
39.16721833315069 17017
42.590224257529854 17065
44.294651271232915 17069
37.03396925638683 17089
39.686058900427135 18033
40.088922171232866 18073
39.869894214726045 18087
42.478924708961635 18109
43.588216604939966 18163
39.044993503013686 18165
37.52206444796435 19027
38.503774625550676 19043
38.20728625569314 19045
37.51746362830959 19077
36.57792310364933 19109
38.318304418630134 19191
39.32052343698631 20123
40.93909213150683 20137
43.168004072876705 22037
39.19007169205477 22049
42.84077310199346 24021
38.81271942390137 26037
39.11375111005479 26133
40.21812902852054 26149
37.21747762877811 27093
37.91181128219178 27117
41.59509349205479 28013
41.717213111391736 28111
42.18740066438356 28157
41.37108072208221 29021
42.41254622739726 29161
42.88011506027396 29179
40.68334544657811 30099
39.953986419178044 31009
43.292448260273964 31013
38.222477613698615 31027
34.8305716682192 31055
38.13762346758629 31095
45.42559763424659 35017
39.30625149576984 36053
36.336634700239976 36093
44.52228349109588 37015
49.205438099526 37115
44.67086011421915 37147
48.9031176234767 37175
34.800467718394536 38017
37.29608330958904 38025
36.20580449589041 38065
38.438289890945185 39055
40.129619585882715 39063
43.20716849176438 39127
42.620298002747944 40099
34.7937906549096 41019
32.95157125230138 41053
39.48428675445205 41061
40.328632236909314 42005
41.124382078629864 42041
40.753084533424634 42119
40.00983673989043 44003
44.89613898401915 45037
43.706085261846574 45043
39.655981824657516 46055
37.81150106277534 46083
48.17946962738905 47001
45.75365173698358 47079
49.98625126054792 47105
32.89103928495946 48061
38.51600602246578 48089
43.763466441095844 48109
43.942873446575355 48111
39.958287337444666 48145
40.060931125877275 48167
41.435014672602755 48335
42.99279317883562 48497
45.58657362538358 49003
39.959752924657565 50001
43.38642290602739 5035
44.64753644976984 51005
45.43669045582191 51073
45.52992684219181 51099
45.02367664657534 51101
47.00617197594792 51173
42.87507791890411 5141
43.29373522542463 51670
47.02017145479449 51720
35.979802259246554 53017
32.00482164948768 53045
46.04404807534246 54047
37.91861102967123 55099
38.36349366028247 55105
35.3629285895137 6095
49.31613666027399 8033
41.628811244332454 2230
43.30278352465756 1085
39.805496625441116 12051
41.5862793192 12057
45.08671559550876 13067
47.162770923287624 13187
44.38260902876709 13259
44.43439251232878 13307
39.26289645399725 16057
45.16182008082193 16077
39.68549406301369 17009
38.698503454506834 17095
39.27234499333999 17099
39.22843809589038 17175
39.15362432031973 17183
41.12793231863013 18011
43.24678298904109 18029
40.256678669178065 18111
38.0998845068493 19031
37.25369323424659 19081
38.581002795068514 19105
37.88681157397255 19137
35.659056543287655 19155
42.364522709589046 20023
42.17173701095895 20083
46.95555574308763 21013
44.25904265068493 21065
45.015202060596415 21083
44.21508155800768 21113
44.153351546575344 21153
41.423223698635354 24033
45.778827992737014 24037
38.85960179834796 26055
37.358502803767124 27015
38.287533129863014 27055
35.785505952054834 27167
41.4834658150685 28037
43.93302426837397 29031
40.55930669575344 29037
43.25844253356169 29223
37.86938847671233 30019
38.0302348287671 31059
38.20311279198357 31079
37.789788568493165 31097
36.50244615232878 31177
40.29017585801921 36029
39.486135076306844 36033
40.42620703251506 36037
46.55787153317808 37023
45.2728260899617 37083
36.33162693152601 38057
35.08288461369861 38063
40.626503274657566 40065
41.92140932224387 40147
40.779493997260246 42023
41.35118662076796 42075
40.89802574791313 42097
37.91030493425482 46079
38.460750775342454 46137
47.54026350168495 47003
45.81789563424655 47181
43.40489471596711 48069
42.10034057030412 48071
40.5043210630137 48095
36.60181700465564 48201
41.29649036986302 48269
43.526198527671255 48389
41.12487369041094 5041
40.785536717019475 5059
44.07339606472604 51047
44.25557177392602 51085
42.13245201551235 5109
43.81959399726026 51187
40.32000579221698 5119
39.417647518356155 5139
42.38690841689317 5149
43.752217416684935 51540
41.65105418346578 51740
31.86227754076985 53015
36.64208578840548 53025
43.29121727123288 54027
38.237413827397255 55011
38.85042237213783 55067
38.42906489369865 55069
38.40072246282742 55073
43.75702562269862 56005
43.17030821643839 8017
44.08087976059178 8123
42.87401220801368 1031
40.56194676350355 11001
42.341090456616435 12065
39.50122967714245 12093
43.34886247945204 13017
43.26246179334247 13087
47.86872739999998 13147
41.20436357328765 13229
45.08757508664385 16011
45.84145335068492 16029
43.96324589753424 16053
39.031684245652066 17125
40.48968875096437 18017
38.25059801643839 19007
37.26313957905478 19033
37.75232603104109 19071
43.086756783561626 20071
42.542966650684946 20181
40.4176663712329 20197
46.35066167714523 21003
43.551181899073995 21017
44.25735482920548 21041
45.72771519816987 21053
44.512854589041105 21087
44.26190517899456 21129
44.32347157626574 21187
41.04218073488439 22089
38.90290566136988 26011
40.14249147616437 26019
38.599675063942485 26051
38.721408136978056 26069
36.34946820547947 27051
36.21192044623289 27059
36.20512443835619 27065
41.78162841917809 28043
41.809262646561635 29039
41.118297848454795 29097
39.05001616369866 30035
40.00924278767123 30065
38.5019408246575 30071
38.587039270315046 31001
38.07898383287672 31051
38.46555327671232 31093
38.246259893150686 31107
42.95763550684935 32029
37.07514522882189 33017
45.757750738356116 35023
46.39268254777261 35061
41.07804050641098 36003
39.435500099079455 36077
46.65913708493149 37123
35.385148275342466 38045
42.217002988059214 39061
44.276096606849265 4023
29.269110509504664 41051
44.3894456434685 45085
37.136757001369865 46059
47.57177847277534 47051
46.77802329863012 47111
40.100232867397224 48051
43.55357809726029 48341
41.1103718109589 48413
40.316526011884925 48441
41.63714261061646 48449
40.73945499298627 48451
39.63771017043012 50007
38.44548523150684 50017
41.337298696438374 5057
42.497352413698664 5065
45.56854783561644 51045
44.49965399863017 51157
28.570601223092865 53061
42.805428674518645 54037
38.65393750749506 55043
40.06324573150677 55061
38.94247217168492 55075
44.692934501369834 56019
46.11056433972603 6091
50.15707550855342 6107
41.628811244332454 2130
43.84031983655071 1001
44.31737794429039 1037
44.98385208610412 1055
43.622919868734265 1101
43.107973210975324 1105
35.547756819972584 12011
40.971864386024656 12081
41.42201369910686 12095
44.592296148863014 13093
47.78358259207671 13129
45.72207774442195 13135
45.15258722191779 13199
46.57005811592738 13223
44.217453046575315 16039
42.006335709575346 16087
39.34574937315068 17039
38.39859829561124 17195
43.00405768684934 18145
41.0694407917833 18179
38.155998626027404 19003
44.1470160164644 21101
43.95829738033976 21115
44.020744821904096 21145
44.18296775239726 21163
39.06308213068495 22061
42.38178628459341 24043
40.67153897314547 25015
35.62470185296437 27107
37.18317016074243 27165
41.41200410904113 28127
42.02460223178081 29131
38.75167219452055 30055
40.1592828438356 30103
41.937033372602755 31029
44.439570713460306 32005
40.26643593926851 36023
39.561939799067645 36071
47.31987105843562 37009
44.78282410958083 37041
45.91056102426028 37067
44.40587916767123 37091
46.135816650523296 37125
45.78701004520271 37127
47.602990851230125 37167
36.488144410958924 38013
43.089502426849315 39013
41.438370665521646 39081
42.73528101876713 39145
42.34239277990682 40007
40.85643425260276 40011
49.84240702914795 4005
42.11056957753428 40117
31.70879295788632 41005
45.077135799210154 45061
47.99481897161918 45077
40.03892171643837 46019
43.31942997397259 46033
37.27883156643835 46035
37.87399509133422 46127
50.77547504780816 47089
49.81385384821914 47139
48.514956161882175 47145
41.44772664657533 48009
34.213379291780825 48047
37.54854440993147 48055
41.226085854794505 48087
40.01887170739726 48281
41.58946333060904 48343
40.18631841648495 48477
40.04677949681183 5039
40.26708015569313 5069
44.1632246431507 51065
44.53941509479451 51075
39.77988635616438 53023
44.921866981723284 54015
44.26240819954241 54035
46.41776909635893 6019
50.01023062784653 6027
39.995007761404935 6037
42.10617449383558 6049
39.784356921635634 6079
40.98797450807781 8031
49.74219974931502 8113
41.628811244332454 2158
41.628811244332454 2261
41.083831916704675 10003
43.82688335342469 1007
42.646379529164406 1039
47.07167413151784 1071
40.43927134793697 12027
42.34272603342464 12035
44.291212609534256 12113
45.974693729687644 13035
43.87879344109587 13061
43.87651301186849 13167
44.95538663197807 13263
45.28433292329585 13293
48.39660250424108 13313
46.661424135616436 16007
44.882451422602685 16051
39.59564878904111 16069
39.15913329355888 17067
43.26998796616765 17077
38.52779807214326 17103
37.350756319865205 17111
40.12165997647889 17119
38.19701637397261 17131
43.61569331545231 18037
41.27511703643838 18067
36.943283910988235 19021
38.59678895479373 19097
40.694875839282176 20085
44.279966576986304 21005
45.42500630547947 21057
46.105682752506844 21131
44.136351988123025 21179
40.80182412876713 22039
42.63796226264305 22045
38.56095792401644 26017
38.87716083218166 26093
34.98664502465206 27027
37.81316293377811 27079
37.83754971275071 27109
40.51735778536438 28021
41.45383086848216 28053
41.0145349410959 28125
40.956978955254755 29033
42.25167087945205 29153
37.022067362591784 31023
40.811272094520554 31111
38.18051534383563 31139
34.68626547034029 34013
39.339757398974776 36027
40.16305136986301 36041
47.62491909369864 37011
47.97929537973696 37021
47.37564457534519 37059
39.098984412328754 38011
35.9988284219178 38051
44.46960286786193 39027
41.24893235449285 39101
41.50757750318908 39117
42.09483658520548 40001
43.348051197515076 40019
41.59576296113699 40113
40.55254132875067 41063
41.271577701178344 42029
41.74193062988735 42071
41.084832475137006 42107
40.872663862671224 42109
46.10559746876715 45025
46.33688721389945 45057
36.457359265753425 46021
37.41692967945207 46061
38.136204891506836 46135
44.32020984927668 48141
48.078482759452044 49041
42.118334058958894 5045
41.30889792669859 5091
45.37503302054793 51159
44.23616784990683 51171
45.0439089260274 51775
35.64570465716167 53007
31.12274658739944 53067
44.266578191780816 54105
38.87367734404934 55025
45.30642126896713 8013
49.89698399178084 8053
41.628811244332454 2122
41.628811244332454 15001
41.628811244332454 15009
