12033 37.859319922835354
12086 33.98087487333695
13097 36.45957894520548
13103 35.10537789041095
16013 42.63224479452059
17001 38.25621398782464
17035 38.08897360728769
18075 37.87152230921645
18103 37.83738046575344
18173 38.690630585326005
19041 38.803067054794546
19047 38.07337736986302
19079 38.10776279452055
19195 37.86681333334521
20005 39.98030438356164
20045 39.978015417200034
20091 39.32468860272602
20109 43.06670301369861
20171 43.09384739726027
20177 39.884689487084934
20203 43.458885479452086
21039 39.287976438342476
21049 38.8294511780822
21105 39.09658575342469
21165 38.32035712328766
21197 38.47485794520551
21199 38.97977256359451
22007 37.176185388112316
22097 37.93677878875066
23023 35.89351660958905
24019 40.07475522069314
24027 38.750329080953975
25001 39.61407955967671
26033 35.25051951079452
26041 36.963167471986324
26099 36.21236124047477
26159 39.45088361643288
27031 34.98111999999996
27037 34.88923656236768
27095 35.787916086093134
27149 37.21237497715534
29057 40.46827684931509
30039 37.674649863013684
31151 38.222904657534265
32001 42.12124954991236
34015 37.142908593138856
35045 46.19605020339727
35047 46.61397416830683
36009 38.65088366600274
36039 37.49920491326298
37061 36.624543835610936
37185 37.155169178071255
39011 38.811153449556144
39093 35.6591071007644
39133 34.30055491977261
40033 42.42282602739725
40097 41.45744477929866
40111 41.92386501369863
41041 31.347794391627385
41067 28.268681583237264
42027 39.02249628812903
42057 39.78453762556166
45039 35.664458630136984
47027 39.08056726027398
47123 40.63459706458352
47189 38.898470163113096
48043 43.85405242010135
48057 35.17913375342469
48115 43.60709616438357
48165 43.30630520547123
48171 42.22413441095889
48191 43.645065479452064
48287 38.82586753424657
48295 43.34839575342465
48325 40.91199215753428
48331 39.833059178106865
48363 41.849005388104125
48447 42.531038904109565
5011 36.65304986301369
5071 40.499460776282184
5077 38.7087363013699
5079 37.368147397260266
5123 38.81946470317532
5137 39.68331360732876
53011 28.742906093249054
53065 34.49890025113151
54001 38.78582897260274
54085 37.45977123286848
54097 38.181906666665746
55077 38.73298646575339
55081 37.78363905630602
55121 37.51546236301375
56043 42.31492356160824
6029 49.671522641754784
6045 32.57657112328767
8037 47.54783142853701
8047 49.65666027397258
8063 44.059769589079465
2180 38.807564448724776
12005 36.76205280662193
13145 37.45472602739731
13181 36.089636027397255
13285 36.78952534247587
17033 38.164220547940545
17133 38.87681031962931
17141 37.24792273972025
18023 37.972548630136984
18181 37.390688424657526
19009 37.85350465753153
19103 37.6627402853726
19171 37.63789611873151
19173 37.94834748858354
20013 39.28118347030956
21009 39.57375282191779
22115 37.61481618723014
22125 37.89454794520273
24013 39.85629552992411
24045 39.62454953133425
25009 38.0136015643534
26039 38.2171229041096
26091 37.73334865993425
27049 37.05882098630137
27123 33.956978570121606
27145 36.41524077472113
27157 37.31083520549123
29109 40.513895068465786
29155 39.665550502276716
29229 39.554684999999985
32013 40.22321424657537
34025 38.91040309035343
35043 46.8800746477233
36019 36.68884226389038
37017 36.92053694060821
37053 39.130179138947966
37079 36.70027520547945
37103 36.753398173509595
38023 36.21580164383561
38033 39.603198904109604
38079 34.069584931506895
39065 38.852182778882145
39085 37.225808294756206
40055 41.7447939726027
40087 41.44530625569313
41029 37.05198339457805
42061 39.29502582191425
42131 36.796094129145224
45041 36.24900464924193
45073 37.334811762574546
47015 38.79999780820825
47063 40.77195682651784
47155 42.10155511414248
48135 44.04112368883562
48175 35.37532041095887
48189 44.68737464232058
48409 35.43180643835617
48499 41.44630076712329
5005 39.48009184168492
5053 38.018933219178074
51033 37.381569236802456
51079 39.9458581735123
51131 40.87864337898353
54049 38.98687745813154
54063 40.365120547947924
54073 38.34451794520547
55019 38.04356962328768
56009 45.19013465753428
6005 43.5273301065589
6077 39.42017240365478
6093 38.14544673190137
8003 46.36912890410961
8051 47.0978237671233
8061 44.343443561643845
8071 46.662896894978076
8075 43.523565342465766
8115 42.583443013698634
2020 38.807564448724776
1027 36.76040705479452
12003 34.93049465753425
13123 38.69963041095888
13183 35.05976675798548
13217 37.724399978930656
13297 37.52911293150139
16005 42.79419988790686
16019 42.696812850635624
16049 37.18696871232877
17011 37.184824301369886
17023 37.54365164383564
17027 39.47781938356168
17093 35.62830739726026
17139 38.07242376712332
17163 38.50222777623289
17171 38.58027424657536
18007 37.326968127863005
18123 38.84370290410959
19053 38.13284776254794
19111 37.95488976336712
19177 38.12470520547942
19193 38.139480537394796
20039 41.74515397260273
20067 43.163330273972576
21007 39.398829771693165
21175 38.01750564383563
22035 36.03213643837535
22065 35.436532219178105
22107 35.22058155251779
23015 36.707283774731486
24017 38.40427320548496
26147 36.770068588146295
27005 36.65147989041097
27043 38.24849278539807
28137 37.78753063013701
28143 38.41348602740273
28147 36.88738885847205
28163 36.586190593629354
29079 38.87223294520547
29085 40.09862529682192
29159 39.5179539975178
29510 37.8457721478693
30047 35.331401780821885
30057 40.68728876712055
30097 40.7116810958904
30111 39.534373912671214
31003 39.08886191779727
31063 41.05044410958907
31149 39.37914054794519
31155 37.02448087671234
32009 45.33806328767118
33015 37.58120928601645
34017 33.827135017318916
34031 35.41993262191779
35006 47.370669628194534
35021 45.06097890410961
35025 43.190447458153436
35027 45.33955797260272
36107 36.993668082191775
37005 40.03362219178903
37047 36.844894288720575
37111 40.7988549589041
38001 38.893467397260295
38097 35.28268534246574
39005 37.02414383560551
39025 38.456107226027356
39031 38.87132701369865
39131 38.68812251140821
40047 42.146471004558904
40089 41.59826489726031
41065 34.51860547945204
42055 40.786768604748495
42101 35.343516019584115
42105 38.66574668493151
45029 34.08726261796162
45083 38.28550534047644
46007 40.17410589041094
46057 38.576970684931496
46099 40.484285368550715
46109 37.282855684931526
46117 38.04331315068493
47011 39.628452141320544
48029 41.4353018257233
48067 40.63263996084657
48113 41.158544632676694
48301 44.540264931506876
48303 43.968251627723305
48411 41.64951191780821
48433 42.83222767123286
48503 42.41487226027399
48505 35.07089178080547
5003 36.19073475537807
54053 38.41662575342192
55039 38.767552849315045
55123 37.52725499023014
6047 45.24643524182271
6105 34.3787844931507
8021 47.05981835616441
9007 39.987543150701356
2164 38.807564448724776
1005 36.62028039573535
1133 37.55828152642028
12031 35.10245098264656
13175 37.02278946258632
13209 36.13984639269315
16067 41.05811117808219
17025 38.887832534246584
17045 37.57857906849316
17053 37.69314104109589
17159 38.68306767123285
18069 37.46541875189424
18169 37.84600907534243
19013 37.31907826965207
19125 37.64450219178082
19139 37.574729863013694
19145 37.78187287671152
19153 37.48630237349209
20021 40.81532228309317
20035 42.22832806971508
20063 42.61192410958902
20065 41.77531397260276
20073 40.99490255708766
20093 43.28744876712329
20103 39.840048613013664
20121 39.85933143835617
20127 40.595151917808224
20183 40.22531863013697
21031 39.43719693150687
21067 38.96905175745757
21103 38.908231835616455
21183 39.60873080236165
21225 39.47147883561644
22121 36.64617194520547
23017 35.786589041109586
26087 37.853931244276716
26109 37.11132500978356
26141 36.93216054795343
26145 38.386175704512326
27025 35.92644021917805
27061 34.23171935241619
28131 36.815411506843816
28153 35.37310246575344
29019 39.288843127057554
29171 38.35388287671233
30011 40.17631369863015
31061 40.18741219178083
31119 38.59149780824381
31175 39.16661479452053
32510 43.933559412876726
34007 36.32091881782359
34027 36.9759178767123
35035 45.222518818493164
36045 37.15741813698632
36081 34.61884255300108
37097 39.38533996266934
38053 38.48048698630134
39035 34.25471238588929
39037 38.565535730594554
40123 42.40284391780823
4019 45.30148869663836
41021 36.46249232876712
41047 30.68775415683015
41055 35.72388520547945
42013 38.5060643835589
42043 38.66314190938304
42091 37.06769782249757
45019 35.71708437711509
46053 38.686508630137
47101 38.36334972602736
48007 35.963741972602726
48019 42.007152328767155
48121 43.47029007901369
48149 38.167925205490384
48193 41.88725780820824
48267 41.297401369863
48285 36.460737534230184
48419 38.85538662098082
48439 41.065252018717764
48469 34.37094233473425
48501 43.53510643835615
49047 52.69766767121094
5051 39.14433539726027
5111 39.32672320941094
51141 39.35546246575346
51197 40.294388812778045
51199 38.05321520547121
5125 38.60911167644108
51570 36.23562345205479
51620 36.87113410958906
51710 37.8472640081288
51790 39.30527100458356
53003 37.30942767122195
54065 39.62537541095889
55119 38.002202146108786
56015 44.55366136986302
6039 48.898758713531514
8011 44.673161917808244
8023 46.81664712328772
8069 46.19731235501369
8085 46.124581972602755
1077 37.74935977584002
1121 36.69617544211044
12029 35.11730136985478
12109 36.327985623287645
13039 35.07876347945208
13091 37.00615799089038
13095 36.73705297818904
13131 35.9498311872082
13257 36.96810799999998
13267 35.44672493150689
13271 36.35345890409591
13281 38.74028776253148
16003 37.80335931506849
16031 41.135015479438394
17101 38.74470071232877
17169 37.91626748859176
18071 38.42854052054794
18095 37.409014276189076
19055 37.563532397260275
19065 37.40401800389589
19067 37.42445583561642
19157 37.67721238356164
21021 39.555263365953465
21061 39.587265821917775
21085 39.15326489237262
21109 38.54783926941917
21231 39.06935539726025
22017 39.47302905836985
22071 37.72254038230249
22087 38.3291968251537
27003 35.25217668262796
27069 32.91045082191776
28017 36.53803691780822
28029 36.09921036530137
28047 38.73552629530002
28069 35.40703246575341
30059 38.42785068493151
30087 39.00450349315068
31127 38.12878315068496
31131 37.58915041095891
31145 41.34835095889863
32015 41.99905698630138
34001 40.020962283095905
34003 34.88388317443483
34005 37.334820757028794
34039 36.04569122275317
35053 46.2033340182822
36017 36.886388584460285
36087 36.623618853539455
36121 38.123002490682175
37177 37.500568219178064
38067 32.91158147945207
39071 38.908050593597274
39079 38.47626356165476
39161 38.41093662101373
4003 45.97389452054794
40057 42.42579999999998
40063 42.08365972602737
41049 36.88274602739724
42007 38.40218515711783
42089 36.854528808611
42117 38.1536304657534
46075 38.39971369863016
46085 37.88666547945202
46087 39.500707260273956
46091 37.00412931506852
47009 40.83828742660553
47095 39.459279999999985
47127 38.80428876712329
48027 42.04511497157259
48039 35.394633456890446
48225 39.4098353816055
48297 36.37033746575342
49025 46.32633
49045 42.17771404732876
5007 41.54807790884218
51025 36.94186597260272
51091 39.62373616438355
51105 39.07070748854518
51111 37.38490776252328
51165 40.32234857966024
51590 38.12615309931507
53005 36.33650044427674
53029 27.695510267457532
54051 39.36181156773696
55007 35.34314367123288
55065 38.09602065753422
55083 37.390849671232885
55095 35.982166301369844
55103 37.83571884931505
56017 43.2364006849315
56045 45.01153082191783
6065 50.70552072755342
6111 43.67088680972053
2013 38.807564448724776
2060 38.807564448724776
1059 37.44935951292605
1093 37.212412705479444
12103 37.812472336616445
13021 37.86231886053973
13077 36.13648335616438
13115 37.54014671232878
13149 36.329352602704944
13157 37.02638849316299
13163 36.78770965753425
13185 35.552341446575326
13201 36.222608036531525
13215 37.456953243710956
13225 37.52000027398082
13321 36.74538389041095
17147 38.11594390410961
18009 37.62049828767124
18013 38.500919041095905
18091 37.514144119383545
19005 37.231423945205464
19095 37.774183835616434
20081 43.03916794520549
21093 38.35997930261481
21167 39.57955698630138
22053 37.245005244638364
22093 37.48338093934794
22095 37.995417160629586
23011 35.515104834287705
23025 35.216301305416465
26031 37.03748626712324
26057 38.63166482191779
26067 38.64781234983013
26157 38.31527711275067
27023 37.85629684931511
27083 39.0796804305167
27105 39.51210652966575
27119 34.66092391780823
28015 36.52687506849312
28115 36.990432968035606
29111 38.4179706849315
29145 40.9368502739863
30075 40.31587972602739
30091 36.122939589041096
31015 39.033529589041066
34029 39.62776475397256
35007 46.56712958904933
36007 36.65604304856437
36035 36.825740200882194
36043 36.91579563084654
36057 36.74198131849315
37101 36.45844823013698
37119 38.24553889591126
37189 40.684378967328776
38093 36.06794703195065
39123 37.46876314013151
39173 36.924509882547966
40029 42.245694520547936
40035 41.37421665753425
40051 39.2736908219178
4007 48.939915804794545
40083 42.8787240068493
41011 32.08906750262467
41023 37.55865232876714
42083 39.0208839041233
44009 40.64358696673973
45005 34.554181004556185
45007 37.139563357923606
45017 33.88571360727945
45033 36.95595063924934
45051 37.3992483156411
46011 39.34979342463562
46095 38.8876660273972
47085 38.707958082191816
47109 37.96164774951778
47133 39.12548352251238
47151 39.051626684931506
48035 41.84975870840823
48093 41.52517958904111
48185 39.31790447491238
48241 37.903213767123304
48277 42.01612216895068
48339 39.22130267470959
48375 45.25106062854244
48387 41.7824349315068
48485 42.46018162163012
49005 42.124106290843855
50021 36.427893328767155
5049 39.15431547945208
5075 39.219167625545175
51027 38.7056461839781
51071 40.61105479452054
51077 40.31076120547942
51580 39.17644630136984
51630 37.36957109589947
51840 39.15491523287671
54007 37.055506392695875
54045 38.37746733636986
54057 40.15660434441371
54093 39.801345479449274
54109 39.17868771689865
55037 36.49223082191778
55059 37.7952475459753
55133 35.98780066580135
8027 47.59980219178087
8055 46.720009315068516
8057 47.16287863013703
1057 36.87412000000001
1117 36.35168818492768
12067 34.76451780821917
12111 37.319086737221916
13247 37.46366363469477
13315 37.023133835616456
16025 41.268407671232886
17031 33.75973834825237
18003 37.152498501709594
18043 37.88083736986299
18117 38.59303835614521
18159 37.72874006849316
19169 37.784223931506844
20049 41.36309780821918
20157 39.61324593606025
21001 39.22218297456709
21051 38.22680356163561
21143 39.44369013700001
21211 38.957573850808224
21235 38.583346095890406
22085 37.98642739728219
23005 35.089700610224675
23019 35.119044597999974
24023 40.318473228983564
24041 40.12840463013698
26007 37.0363953424712
26035 38.79742971358083
27077 32.70342178082192
27143 37.53961102739723
27151 37.48380287671231
28019 35.91620611870411
28039 36.22687342465757
28077 36.36575570779179
28083 37.24678465753427
28093 37.82440264841096
28123 35.943231187213684
29073 39.3833075068493
29105 39.815213150679455
29113 39.428373972599985
29115 38.990657972602754
29125 39.45957990867394
29175 39.262485890413735
29199 38.34496561643833
29217 40.14440936072879
30003 40.11361687671237
30081 37.16043978082191
31113 40.47377890410958
32007 41.5700144618411
35055 47.318039178073946
36021 37.91502268752603
36061 33.33989245911807
36065 36.814288459819196
37003 39.422280978465736
37007 37.84528844749318
37025 39.205013195099994
37039 40.33512630135889
37075 41.57014219178631
37159 39.233542082165236
38031 35.30916520547947
38075 35.97801178082193
39113 38.4375812230493
40059 42.84852301369862
42051 39.15418971840822
42077 37.72666569215614
45067 36.422994589041096
47025 39.11246861489861
47091 40.85952690410956
48015 37.58507543379452
48105 43.38243890410956
48127 39.15703178082193
48237 42.450316347024625
48251 41.125946976536994
48421 44.20726438356166
5001 38.405950273972586
5099 38.380623013701424
51035 40.050123209380835
51061 38.03650891216163
51133 40.100783013698624
51153 37.77794862517725
51800 36.97158635029866
53009 29.956254859720563
53057 28.241454566213704
53063 35.94243354468221
55078 37.46871219178084
55113 36.04460041093974
6033 35.831308730575344
8045 45.77017571603836
8049 48.593761826495886
8109 47.194317123287654
8117 48.63051084931513
9001 39.29204217349835
2068 38.807564448724776
12009 37.55964491453424
12023 35.00639780822193
12045 35.67595671231509
12101 37.55277272338357
13053 37.31726301369866
17007 36.84600082190109
17081 39.21539083439448
18057 36.9055167895918
18099 36.713919132443834
19017 37.23565383561648
19099 37.65335315070957
20037 40.73022219180273
20145 41.80587178082192
20175 43.24133813698629
20207 40.88378041095893
21135 38.49900801369867
22001 37.8537528310685
22013 37.17732767123289
22029 35.81543736986301
22043 36.39575583561643
23029 35.24960904108492
24011 39.40778273970685
25003 39.138374956098616
26009 38.540751976501355
26021 39.15921971460823
26049 38.122205761783555
26101 39.654287975663024
26165 39.02682345890415
27029 35.145530228331516
28049 36.38325178957534
28067 35.8179905675233
28075 35.333385133385725
28161 36.21503634701095
29063 39.82002753424658
29119 41.255503698630136
29129 38.474701506849314
29143 39.72180904109587
29167 40.22751958904109
30001 39.85314675801921
30023 38.7341240182575
31083 40.485315890410945
33019 36.118780630136975
36115 36.518646107969865
37045 38.609412988762706
37051 37.25631517729313
37071 38.37865209691508
37169 38.85178152206024
38089 39.38742674657534
39077 36.66178526869316
39107 38.46575211569041
39159 38.87160643835619
39163 38.63595333334247
40031 41.374162500000004
40073 41.443691780821894
4015 46.63724911757539
41069 36.79618876712325
42063 39.53318141753422
42069 37.205335286738624
42085 38.395307351599975
42121 38.90795294520547
45013 36.29401340410958
45087 36.75609439880189
46037 37.458354155260274
46039 38.72846958904109
46073 38.0572928767123
46107 37.211289315068505
47023 38.13351415527124
47033 38.685181753424644
47141 38.92438911415068
48025 35.960000195709576
48229 42.92599068493151
48273 34.17956389041097
48373 38.71526868493153
48377 43.06878410958903
48393 43.93123917808222
49033 44.661323835616436
50019 37.361010246575326
5031 39.37698451251234
5067 39.23978915068494
5095 38.69015844747672
51143 38.2147421917808
51169 39.314806803657504
51680 37.791736625794556
53019 34.20234365295067
54061 39.23287335616986
54079 38.235314657534246
54101 38.75617095890411
55027 38.74085650684929
55033 36.77115397260273
55139 38.75910926161204
6009 44.27560468493148
8015 47.851628273972594
8059 46.13301880484111
8093 48.656891287671286
2070 38.807564448724776
1029 36.82326698630137
1087 36.78038582189862
12053 37.11288199252601
12079 35.22605934246577
12117 36.84961658174523
13047 38.883205902857796
13057 37.692837997906
13089 36.784867053381646
13197 37.35308493150683
16083 40.014636868890406
17041 37.85368317808216
17043 34.10479194445837
17097 36.71007755754791
17127 39.185181986301394
17161 36.85994099999999
17193 39.203702465753445
18045 37.65695073972604
18119 38.31786016438356
18127 36.07042458904113
19115 37.81588347032604
19119 39.77742575341097
20041 40.509307077643854
20107 39.966883287671244
20133 40.78478071232877
21075 39.14604863013697
21095 38.7074798007343
21125 38.52648134878628
21147 38.844983561643836
21215 38.87468993150683
22003 37.372891780821924
22113 38.496303036549854
26079 38.47647583561642
27137 33.66877039018409
27173 38.41857664383558
28045 38.594491467721085
29099 39.06907589042738
30013 36.37132483188492
30021 38.14852812786306
31057 42.48550547945204
31101 41.58129269405754
35059 45.27065726027395
36001 37.21422341185476
36015 37.531371743430114
36073 38.05846158904108
37055 40.29160657533152
37173 41.17346772602741
39039 38.148129558602754
39083 38.411724885827404
39091 39.1066703611671
40039 40.12322005479454
40093 41.859268584501365
40105 41.75556547945205
40145 41.44791608966331
41013 36.811077260273954
45065 35.75554484018436
45091 36.9651237522329
46077 38.57271767123284
46111 38.35025534246579
47045 39.12431982876716
47121 39.67884821915617
47137 39.07748767123287
48023 42.545353150684946
48119 41.96468383561639
48355 35.091505036353155
48493 38.908097658769826
49007 48.64764043835617
49037 46.364291917808195
50011 36.87929758904113
5009 40.305772681027385
51019 38.47622470890413
5117 38.873817716917806
51650 38.10245795324107
51735 38.52081826484937
51810 38.67326655874521
54039 38.35437673817999
54095 38.502753150684946
55001 38.41455444225727
55023 37.481216986283016
6069 38.130558256545214
6081 28.35895055832766
8079 48.43040383561649
8083 46.5260632485178
1017 36.98080739726468
1033 37.51879360078655
12105 36.48279808220823
13001 35.2163557260274
13027 35.72131309589043
13051 35.77909067337535
13191 35.71202054794521
13211 37.466711178082214
13239 36.69706684931506
13279 35.93808963470408
17055 39.38019712328411
17059 39.42795123287668
18015 37.85313185908222
18061 38.19094547945668
19015 37.90867491194275
19035 38.83253143835619
19057 37.71379145704193
19063 38.55271856164383
19185 38.137982648402705
20135 42.54398821917809
21117 38.11587341795621
21121 38.444533835616454
22023 37.31398205479455
22079 36.782378505597244
23031 36.250135328767115
26085 38.730075410958946
26095 35.91083388127122
26103 35.497314646123286
26125 36.537244458130935
26129 38.03589041094245
27035 35.493541797945205
27163 35.10577923835614
28001 35.92179491628765
29089 39.32868648403563
29209 40.216684611863045
30031 40.40143723536984
30043 38.63267652966027
30083 38.0601131506849
31065 40.86850191780819
31067 38.40115279844657
31075 41.27961123287673
31173 38.22118397260275
33003 36.57062724782191
34009 40.9192081849315
37105 36.75353599577264
37161 39.20248933615205
38091 35.29537452054796
39023 39.06548295146576
39115 39.007016164383536
40023 42.23944197260274
40045 42.92724917808221
42095 37.314670116863304
44001 39.41464567866848
46005 37.78266689495425
46071 39.346179589041064
47013 38.98950498132054
47055 38.49245941780824
47065 39.28323917809593
47081 38.44152415525206
47157 38.36844182235066
47163 39.97448491045202
48103 43.85365698630141
48117 45.06203390410964
48233 44.81487334638082
48243 43.81462438356164
48253 42.38280990867398
48349 40.94260731506846
48415 42.95191938356164
48427 34.730239196334246
5055 39.4311660273973
5085 39.01515011986301
5105 39.490227579942456
51089 38.84833749512602
51195 38.82200645083013
5147 38.99363561643835
53035 27.26446542873426
53069 29.24175616438358
54089 40.158929041095895
56035 46.02580986301371
8029 45.829138434438406
8041 48.846734088523306
2016 38.807564448724776
2100 38.807564448724776
1009 37.76815963471555
1067 36.236085936082205
13055 37.67486570776711
13277 36.35498112630682
16085 39.01727424658904
17019 37.78266282254247
17063 36.29712263013698
17113 38.68117079852052
17117 39.146178988405495
17121 39.30444995435153
17129 38.0971730593616
18001 37.810992798443856
18079 38.52066611872056
18151 37.75204045663013
19133 38.14098643835619
19181 37.6217795205644
20007 42.162031780821906
20017 40.72176767123289
20111 40.345435993150716
21023 38.80126310501371
21161 38.761251561643846
21213 38.97487746575341
21221 39.37739726027393
21229 39.51102538813614
22069 36.90360371386027
25005 38.85990839452054
26089 40.00392315065203
27019 36.16853969722139
27135 32.71327978082194
27139 35.830903392046544
28011 38.46157753424658
28133 38.01606982388493
29007 39.291632759309586
29029 39.79549083435616
29189 38.35088800440495
29211 38.64148301370412
30089 35.45918292236438
31047 40.24247095892877
31165 43.98266356164384
31169 39.34846479452054
35049 47.51899225753425
36031 36.75511146468492
36047 34.63509264382932
36091 36.57155858630138
37057 39.001914665618926
37077 37.18478507902632
37153 37.653675865493156
37155 37.16821717189586
38077 36.59697648402271
38105 37.11777193736712
39125 38.24653764383561
39139 37.42169247487397
39167 38.75877059931509
40081 42.61807694716987
42035 38.74323838661868
46041 38.01131465753421
47039 38.17468787671232
47049 39.19197602739727
47073 40.00564880926302
48011 45.14768986301369
48049 41.46984317354519
48125 43.51807452054795
48131 35.647852602726005
48239 34.76266219178354
48265 41.83566315068492
48275 42.620099041095884
48327 41.60120383561646
49031 46.41513643835617
5013 36.683957808219176
5025 37.13926589041092
5027 37.9760338082192
51043 39.02141095890141
51115 39.72674575342464
51510 37.48996306417833
54103 38.967236712328784
55109 35.995825753455335
56031 45.78054136986304
6059 40.250170885925506
6061 42.68854551813425
8091 47.11971506849313
9009 39.516027068205474
9013 39.243372772813686
1097 36.71219578466331
1103 38.50483297818931
12047 35.0146017351644
13013 37.33073143074873
13025 34.61413114155069
13049 34.35080972602739
13071 36.15626361643834
13085 37.51230447488301
13241 37.67003079452054
17091 36.18241448276439
17109 37.67888328767121
19051 38.063926986301375
19089 37.43583406391231
20115 40.93736390410956
21069 38.65794520547945
21073 39.098326102117284
21077 38.421915890410965
21119 37.625297972602695
21209 38.977121917802755
22033 37.10161743299012
23003 32.627853127846606
25011 37.3842608523644
26071 36.152322630136965
26117 38.60109797679728
27053 33.988879019529044
27161 37.83547802739724
27169 37.39073106849313
28027 38.185414481410945
28061 35.74563821917811
29005 38.279708767123296
29011 40.57352885843833
29047 39.38355698631782
29059 40.058447397224626
29101 39.45057336377812
29117 39.16422443835613
29147 38.7050866849315
29225 39.96978202054797
30015 35.891696164383575
30029 35.007348377794514
31037 37.76888502283016
31043 38.0858412328767
31161 41.39725260273971
32019 43.102033342465724
36075 37.59936417570141
38039 35.201876986301365
38041 39.06305424657533
38099 33.58505182645475
39043 37.14021589041915
39045 38.90164868884931
39053 38.28755577298084
39075 38.09247702054796
39147 37.2898546966904
39171 37.91455674278082
41025 37.77476999999997
41033 35.34306714041098
42011 38.445277552504656
42017 37.77783148384987
42059 39.360584414041085
45001 36.23716963471863
45015 34.98483955556713
47019 41.23258246576711
47037 38.21873279164302
47043 38.65220049315066
47087 38.93851226027399
47097 39.15239168950959
47099 38.23396229140823
47131 38.8858290958904
47169 39.177230273972626
48065 44.84167068493149
48187 40.23426765233419
48435 41.99791013698633
48481 35.31725808218629
49021 47.03290123287667
50005 37.696581808219186
50027 36.006464794545224
51003 38.87290803239452
5103 37.181567716895906
51137 38.18429758904109
51179 37.49595086757727
51191 40.09676259219452
5129 40.118156529704116
51520 40.152357808219186
51660 40.161604582794546
53021 36.351435468926034
54025 39.91145917809039
54087 37.612516095890406
54107 38.53961128557262
55117 39.35239898837807
55131 37.507811722104115
6015 32.42936590993972
6057 45.81905350684935
6099 42.82560593413504
8035 47.326021482156136
1003 37.50083142732192
1041 36.17555027395888
1107 36.000465698630116
13029 35.36985436400793
13037 36.37557780821919
13111 39.330228273972615
13121 36.63188752081863
13133 37.199091115479746
13151 37.264101117808195
13171 38.12068109591508
13249 37.21523438356161
13273 36.72391349315067
16033 41.76714054794521
17087 39.46529678082192
17137 38.488259150684904
17151 39.51461123287671
17167 38.264852215024646
18063 37.06376440966273
18107 37.8224016134118
18153 38.19274772602743
18167 37.328362211352356
18175 38.41986671232411
20003 40.43196698630134
20015 41.153006111717794
20053 40.94827671232875
20089 39.87824849315067
20097 42.24356630136989
20105 40.56607917808222
21079 39.22251527397259
21091 39.075771141561624
22073 33.76641017123285
25019 40.35621742465754
26025 38.357955658627425
26065 38.52369223744929
26123 38.56964921544929
26151 37.770594474898594
27011 37.41831059359807
27153 36.117583869863005
27171 36.5098899597203
28005 37.00281497716907
28101 35.638988821917835
28105 35.827105376712325
29015 39.90468310504927
29049 40.07918191780822
29163 39.03982602739724
29173 38.94561324200274
29201 39.604013808219186
29213 39.909693917808205
29219 39.32823654794521
30025 39.213275342465785
30063 35.71120749315069
31035 38.94259821917805
31089 39.255755616438336
31135 41.91036630136984
33009 36.263709949547966
35005 44.65010893835617
35029 47.34827630136438
37019 38.31532321295617
37031 38.8038495001863
37065 36.84968718198359
37121 41.739649520547935
37133 37.36416993368768
37181 37.2550964109589
38103 35.503962602739705
39099 37.31620799218907
39149 38.84906780821918
40067 43.26963872146572
40149 39.92496383561644
41015 33.017719041093144
41071 29.531049266704382
42039 38.236069708150744
44007 38.87453689303561
45045 38.22385402444741
46045 36.75621424657536
47093 39.62568278130138
47115 39.19975022827753
48063 41.373489041117814
48129 44.11642438356168
48177 37.78038415524932
48199 37.25168445828222
48203 40.527572544027386
48211 43.259239726027396
48361 36.69793964776002
48365 39.77209707762191
48379 41.64050287671231
48383 43.54383863013698
48475 44.10137525113976
48479 35.046365515380835
49009 50.04481041095892
50025 37.3474250076192
51001 40.858779068493135
51059 37.7321643442666
5115 39.92517663763289
51185 39.840195790780825
53013 38.047609863013726
55063 37.39417835616435
6109 46.38445748444109
8007 47.9594901369863
8067 47.579208904109564
2090 38.807564448724776
2185 38.807564448724776
2240 38.807564448724776
15003 38.807564448724776
1013 35.86110136985125
1045 36.12577193738794
1079 37.90738228311125
1113 37.35265867229915
12037 36.56764349315068
12049 35.27197447487944
12091 37.04186639491207
12131 36.528056189309574
13033 36.393840045687654
13045 36.49168992746465
13141 37.64954493150688
13161 35.68280968035067
16009 36.719133150684954
16075 36.73266253424654
17143 36.82107865867671
17181 39.47381293150688
17185 38.866672054794506
17191 38.962056219178095
17199 39.48104717808493
18019 38.01292268705261
18027 38.770905322917855
18105 38.6288734776767
18139 38.45220706849313
18171 37.540406712328746
19189 38.17311589041095
20061 40.29439530821919
20117 39.30522767123292
20167 41.10511123287669
20199 43.42153863013699
21063 38.09562397260274
23013 37.772211068493164
23027 36.34016804794521
27073 37.98521041097263
27103 37.69605424658275
27147 37.75655386986304
28085 36.311761689499455
28099 35.64206254406847
29041 39.21820045660823
29127 38.65684030821919
29181 38.99872760273975
29186 39.61112993150682
29227 38.48506520547946
30033 37.16227205479452
30085 36.65243789955616
31025 37.03430420092408
31033 43.09570538814795
31081 38.60910191781094
31085 41.59139260273974
31121 38.607584383547966
34033 37.57523464610876
34035 37.819627771940304
35028 47.64499999999999
36025 37.06032363992878
36049 36.73145178082464
36059 37.19917328522904
36095 37.40051188356167
36103 39.53957367737261
36117 37.63214417185754
37151 38.12479679061176
39073 38.87014270061369
39111 39.196979931506824
39121 39.28327972601366
39129 38.99795991568766
39135 38.81907205479177
39141 38.81956165996982
40075 40.13582867577258
40079 41.32242630135343
40107 42.11580301369862
4012 43.15572484019452
40151 42.31298374427401
42009 39.17932734746303
42015 36.89577804305205
45071 35.29686318493149
46051 37.80396027397261
46067 39.155255342449315
47007 39.57939780819998
47077 38.182892511405484
48005 38.68951751810954
48147 43.00250039574793
48151 42.68221287671232
48155 42.732970136986296
48215 33.245173288909584
48299 41.94073680364385
48309 41.17956050494519
48321 34.897518328767134
48333 41.770488904109584
48385 41.22680630136988
48395 39.92707046575338
48405 38.40652264841372
5083 40.60556214612877
51083 37.899364992427365
51193 38.72062376712327
5145 39.17411955741923
53047 33.75164027397259
54009 39.21521324199998
55015 38.612937335013704
55031 33.64846735159534
55047 38.94582333331783
55137 38.80965178081173
55141 38.26050340049067
56013 44.239583342465735
56039 44.75169986301369
56041 46.86246063926302
6103 40.2316931755918
8005 45.19220306401368
8081 46.44408294520547
8095 42.92794657534249
8107 46.841664726027396
2195 38.807564448724776
15005 38.807564448724776
1053 35.54407929982384
1075 36.763265753426545
1083 38.750553818493145
1131 35.39910178082191
13081 37.209914566224676
13105 36.43397720547944
13109 35.39439388126028
13113 36.59096579452058
16037 41.862809041095886
17157 39.340695007630146
17203 37.78104502282466
18059 37.452677534246554
18093 38.67686589041099
18155 38.49416365298077
19001 37.7108655707699
19019 37.54785972603013
19131 37.6617979908822
20055 42.94947760272054
20059 40.2314087671233
20169 40.553113105033695
21035 38.805564779315084
21111 37.91932891772793
21181 38.82116438356166
21239 39.20374448630139
22019 36.64157259026849
22027 37.335660876712346
22051 37.57709676233207
22075 40.25151482495451
24025 39.397794890677275
26081 38.4964712500712
26127 39.860219882594485
26155 38.638585060419146
27057 35.59526888454793
27087 35.84587657534247
27089 33.67762301369864
27097 35.86942804794523
27101 39.511493333320566
28065 36.29982073058822
28117 37.60230098630138
28155 35.980085844745204
29001 38.60817530332331
29017 39.23388639269046
29027 39.41445667808219
29055 39.449211278523286
29067 39.479228493161614
29139 39.283738287671234
29195 39.376037602739736
30037 38.62262712328764
30061 36.020462739726035
30073 35.975073424657545
31133 38.59800630136987
31143 38.12813410958905
31167 38.348454657534226
32003 46.33583055721176
32031 42.470088265665495
34023 37.582983660251784
35013 46.16972819915345
36079 37.43183192503209
36083 37.75491444227124
36097 37.89782339726031
36099 37.237347260273935
36101 37.698112429235614
36109 37.79010282307944
37013 36.856738406002776
37081 38.555507968219736
37171 39.24906856787401
38005 34.8676354109589
38071 34.7013046575315
39087 37.701729075342456
39095 36.03539535541645
39143 36.87188586301095
39151 37.025621204232884
40131 41.60219213307125
42003 37.830433635265486
42081 38.198015011823266
42133 39.59503098630273
45055 36.01766785386218
47061 39.364960068493126
48013 39.20630184931505
48075 42.919430821917814
48163 39.30331059360547
48227 43.563443780821906
48245 36.09905894978001
48255 37.15049821917808
48257 41.55229476407672
48279 44.525322849315074
48323 39.45065275496164
48397 42.22909133250959
48459 41.05077624264111
48467 41.48392189041096
49049 43.79699991872329
50015 37.63143436399453
51103 39.46486401826848
51183 36.73701989041097
53027 29.47528996575343
54021 36.143659041095894
54055 40.326960034246575
55005 36.26824731506851
55029 39.262090898021896
55079 36.07514216874959
55129 35.497381369863035
56023 45.55018794520546
6089 36.48375357304737
6113 37.7002244169836
8087 44.59275054794522
10001 39.38010055650684
1123 36.80312832876711
1125 35.80068694841452
12071 35.17882623370684
12087 37.180489452049315
13031 35.48620938357807
13059 36.71145021003287
13063 36.384518284931495
13139 37.20797566973312
13309 36.33721178082189
13311 37.521990684931495
16035 36.34516863013698
17085 37.878825205488475
17153 39.445414794520545
17189 39.349819931506886
18039 36.8179346347014
18089 34.851885659775306
18101 38.758045296789035
18129 39.175014951068505
18131 37.03739650684929
19121 37.75791196346932
19167 39.26351397263013
20079 41.16801757991504
20113 41.042614716250945
20151 41.93061662100272
20163 41.209503287671254
20173 40.86261518780823
21059 39.554971697446554
21157 39.02299808221647
22041 34.50099205481646
22057 37.55085630731234
22063 38.48184273971531
22081 37.63288780821918
22105 38.478113150684955
24009 39.883507625569834
26059 38.153267465767115
26083 35.293062602739745
26115 36.58282960309043
27013 37.83039099315067
27017 33.82813444226823
27033 38.77517212328768
27099 37.85944650064933
27111 36.62596058017533
27115 35.021431130136996
28057 37.43893726027398
29025 39.59494575342465
29087 39.128073424657515
29149 39.04982639271234
30051 35.316278356164425
30107 38.83633780821918
31005 41.60523589041097
31053 37.262540669708486
31183 39.13674520547947
33011 38.03138972601973
37143 37.097805205482196
38015 37.307144383539715
38043 36.39322356164384
38047 36.80478027397261
38073 36.32465150684028
39015 38.76919741247668
39057 38.62318212915619
40027 41.74234830313975
40129 42.36083506849315
42037 37.80806436532495
45023 36.323843486931494
45063 34.494366386575074
46049 36.87674219178085
47005 38.617364931506835
47119 38.332325866235614
47135 38.33736027397258
47159 38.90672410958905
47179 40.987516438350724
48081 42.585613972602765
48133 41.73777912328769
48259 43.20947022832057
48461 43.9264995890411
48489 34.14549035616443
49017 46.3298094520548
5061 40.50707278538904
51017 38.94455808219175
51139 40.97345945205482
5127 41.16056374429865
54011 37.8152795560164
55051 36.26097917808218
55053 37.81080252054794
55085 37.41607761252222
55125 36.91097736986296
56037 46.6647484703233
6087 34.08032622759918
8039 48.1630445009781
1049 38.32066320939727
1115 36.83696815593779
12001 34.93419428083015
12015 36.07880832731232
12069 36.58714162916165
12119 36.00018302810686
13007 36.411020821917816
13011 36.908014726027396
13079 37.74887762556716
13219 36.91111041094987
16017 35.591955129383564
16063 41.0722273972603
17013 39.247405616438364
17071 37.61694630136521
17107 38.16009671232875
17197 35.11411345711509
18065 38.03914632245479
18083 38.865887616438364
18133 37.84928739725287
19025 38.24455404109589
19029 37.56771589041095
19087 37.93495041095888
19135 37.784318630109624
19163 36.90921590788409
19175 37.84353773972602
20131 39.164772602717825
21043 38.13377827791504
21151 38.90773512616987
21185 38.603886927609075
21217 39.236964876712335
22005 37.881970645763296
23001 34.83918375733425
25007 40.02568013698631
26045 38.51927002934247
26121 40.03163378342741
27021 35.256882
27133 40.14623324200549
27159 35.8838441095973
28051 36.62684569863015
28089 36.383189849964126
28119 37.63198666666298
28145 37.31973365295066
29053 39.31364876712332
29081 38.68194255706849
29169 39.657202922383576
29221 39.629200657534255
30093 38.89554654109585
34019 37.96672322445973
34037 36.67295737386933
35057 46.22813013698634
37129 38.130774476961605
37195 36.69951167987399
37197 39.07650305283207
38021 36.340136255695924
38049 35.48247095890408
38101 36.45851087460822
39009 38.668351050216415
39033 37.67248773444933
39069 38.04036367903836
39103 35.05041583115888
39165 38.30664162724381
40015 37.7774098972603
40017 40.83408566837534
40061 41.51504691780822
40119 42.77104617243015
40139 43.88754958904108
42019 38.836610423419174
42031 39.54266183561644
42103 36.50514362251125
42111 39.34893950423291
45089 35.48940117060825
46013 36.53836373287668
46103 42.6600389279425
47057 40.27743397260275
47067 39.61402219178082
47075 38.70465369863285
48085 43.22359242607946
48143 41.59644184931507
48313 39.6582535616438
48347 38.99054086406028
48403 38.338163744265756
48407 39.107452876712344
48417 42.3737909589041
48423 40.89742636152249
48437 45.22858831048219
48471 39.81836383561642
49015 47.66017817349314
49039 46.27906049315069
50023 37.192006286939765
5081 40.7964456849315
51009 37.85840021307123
51051 38.445991301369844
51109 37.80150068493699
51119 38.83396020547944
51121 40.41337803082191
51163 38.27884267123288
51177 37.39493760733423
51181 36.95792342465754
5135 39.19896034246579
51550 37.47747563646574
51600 37.70707835616438
51820 39.26053545205478
51830 37.410878538813684
53041 29.45179404109591
53049 30.36523009786028
53071 37.70425420089589
53077 35.8018905388137
54031 40.48238785389042
54059 38.03970117416986
54091 38.84104698630132
55003 35.81290223090439
55009 37.7002941501718
55089 37.92284898019179
55115 37.66176799500355
6021 40.26988232877259
8001 44.29476832087398
8121 44.091145205479435
1051 36.57277119636083
1061 35.76614881275804
1095 38.42849375949615
1119 35.096906027397246
12073 35.39769511686028
13003 35.28822803653151
13005 35.08345625575068
13043 35.8195914155096
13075 35.87566369863013
13119 36.82499934246577
13179 35.2422265557682
13189 36.7333951232877
13195 36.66269219180272
13207 38.174570246575335
13265 36.829766027397234
13317 36.368129178082214
16065 42.825479041090425
16073 37.42720447487398
17135 39.265519246575366
18005 38.56756721458358
18113 37.18388586301367
19023 37.32973353424653
19069 37.71948456620824
19113 37.54749867273697
19117 37.826036369863004
20009 41.418898424657584
20011 40.268240054794546
20029 39.80272219178082
20033 42.550683561643844
20165 41.836091095890396
21015 38.07825635119315
21019 37.689704615380826
21127 37.82286136986302
21155 39.289340137002746
21233 39.70799869863013
21237 37.96929534246577
22067 34.96279773972604
24003 39.31767055581506
24510 38.39039560547942
26001 37.74774816438356
26143 38.68925728767122
26161 37.08215140821918
27131 37.17663704954767
28023 35.280859794520545
28135 37.0702858219178
28151 37.644439423205505
29091 39.18216520547944
29103 38.60530410958903
29183 39.035769568241086
29215 39.44505198630135
30009 41.432681643835664
30041 35.28198840181097
31077 39.02887698630138
31123 42.51612328767118
31125 38.66453945205478
31129 39.57467246575343
31159 37.57413630136988
33001 36.02603495889045
36011 37.17858490263561
36069 37.29818503013694
36105 36.19821020548301
37135 36.400408385495645
37141 37.60214226483835
37157 38.65967256361643
38061 37.97967433792054
39029 38.3462797488548
39119 38.9667615140904
39137 38.64393538157262
39153 34.15990816436713
40025 44.33910726027401
40085 43.91678940638632
40115 40.91428888886847
4027 44.12797520798631
41003 30.785084444443807
41009 28.702110876712336
41027 34.00395458904111
41035 38.43048373972601
42045 36.48783577055151
44005 40.246624109575365
45021 37.92702815596057
45047 35.67329776908138
45079 34.53570416192326
46069 37.360835616438365
46097 38.78482657534247
47107 40.02365528767126
47147 39.026295283734264
47173 39.482198767123315
47183 38.58065765878361
47187 38.28653600150057
48169 43.54918630136986
48197 42.50003095890415
48207 42.54693561643836
48223 41.70855914763124
48291 37.162650978490376
48345 43.76969315068496
48357 43.64674474886025
49029 43.22962301369865
49035 41.572968924773434
49057 42.110492410958905
51011 37.77272328769589
51015 39.34668979980001
51049 37.61264904109589
5107 38.48971785386851
51113 39.90178054794522
51147 37.661475890410955
51167 39.38001189823288
51750 40.36989278536988
51770 39.544287456819205
53031 28.71597275929976
54043 38.129706958904116
54069 39.26706528159177
55071 39.5120501225507
6011 38.14211391780823
6035 41.931026118726024
6071 51.21940117087939
6085 33.958405296059745
8073 45.87567794520549
8105 47.26809232876161
9003 38.94334840264739
9015 39.56043261369863
1035 35.58066684931512
1129 35.428011232876756
12019 35.16583402738359
12055 35.20020807711782
12107 35.42062206285755
13125 37.03186712328767
13153 37.48471566407669
16015 39.101935068493184
17047 38.905165388126846
17049 38.765255102739715
17177 37.97701753425891
18143 38.41029852054796
19059 38.874818520547954
19107 37.76298828767122
19197 38.143346246575334
20001 40.66014810958907
20027 39.98216780821916
20047 42.09880712328766
20057 42.712254363972576
20069 42.949143424657564
20141 40.67940301369864
20143 40.33188054794523
20161 40.08559534245752
20209 38.97746614482469
21195 37.623102710879486
26029 38.37274193888219
26075 38.32120396537808
26139 39.81220853966846
27129 37.94089105021288
28025 36.14344043835616
28059 38.64429055771396
28071 36.88482846575341
28087 36.108617906059465
28149 35.92685924657184
29069 39.67709578082191
29177 39.57025602739727
29187 39.74503738479996
29203 39.10726972602738
30067 41.66641123286572
30069 37.28385506849313
31007 44.32910273972604
31031 40.20269479452054
31045 42.349448630137005
31073 40.63757671232877
31091 40.7956087671233
31141 38.004361448147975
35001 46.367398297046556
36085 35.856720238787695
36113 36.207916496060264
37049 37.01987801696987
37131 36.888246356164366
37149 39.452616007843
37179 37.898704503846574
37183 36.057366877143004
38003 35.8920437671233
38081 36.516926712328754
39017 38.39863351369862
39019 38.67147510763291
39047 39.14834105674795
39155 37.06231265751505
40005 42.37727342465753
40013 43.195056961424626
40021 41.743474216155064
40043 42.03911981735617
40091 41.770446849301344
40095 43.866033082191755
40125 42.18056791095888
42073 38.07142171236163
42125 38.5901228511507
45081 34.750792931506844
46023 38.891431872164354
47071 37.93942881280822
47103 38.93379287669259
47167 39.11023306637808
48033 43.51031013698631
48099 42.447607253084946
48173 43.6274287671233
48179 44.13076410958627
48217 41.24436640100273
48371 43.92041712328763
48445 43.715634885843805
48463 40.8456730958904
48495 44.209491872128794
49023 43.83360246575341
49027 44.5914468493041
5019 38.25993145205479
5033 41.39462475716439
51081 36.76661497717535
51161 39.636258082169846
51640 40.084315068493154
51685 37.7501071232877
51700 37.723998256550686
54099 37.78652600249588
55013 35.31816383563478
55057 38.005283561618334
55087 38.26023619178086
56027 44.75841013698631
56029 42.7860785753425
56033 42.07558652968493
6053 34.82402687288765
8025 45.974905753424665
9005 39.34802077893696
9011 40.48749387146579
1099 35.5240839530178
12013 35.20514748859453
12021 34.479384916498645
12077 34.685407397260256
12089 35.194089908687644
13065 34.681248904109566
13099 36.15177232876711
13159 38.08724301369397
13235 37.26205433790959
16061 37.05155625570958
16079 36.26432410959176
17003 39.56285006849312
17057 37.381847146134234
17061 38.87612608219179
17083 39.11848420089863
17123 37.389731671232866
18021 37.85709118722275
18035 37.601714036528776
18085 37.024486157158925
18149 36.611488101789
18177 38.48061898469587
19149 38.73963447489864
19151 38.32410520546576
20191 41.93567392693973
20205 40.86605273972605
21097 38.89493561643834
21107 39.9079279223726
22009 37.240865357715066
22021 34.506868675813685
22031 38.707863796498636
22077 38.14582589039999
23009 37.828664335210924
26047 37.80986441780821
26105 39.96291130136983
27001 34.83240251141562
27039 37.77401715068493
27041 36.6707417656
27091 38.44066863012685
27113 34.2051715616438
27121 37.030530410958924
27125 34.642630273972586
28007 36.06552990866027
29065 39.47385424657532
29071 39.26258035454516
30109 38.91754082191782
32011 42.62045095890408
36089 34.91600588062467
37063 36.38002959360277
37085 36.72520625063834
37087 42.20901251712329
37193 39.45629998045206
37199 42.53500224657533
39059 39.312145753424645
40141 41.81666246575341
42053 39.17791680363012
42113 37.30341890410958
42123 38.769136143312316
45027 34.93855148403018
45035 34.55782487671234
45069 37.29650230920277
45075 33.93965816438357
46015 38.05266123287673
46027 38.67103269406216
46089 36.75503123287671
46101 39.94020863013701
47165 39.18567710372329
47185 39.024343698638354
48041 39.47828046313969
48123 36.18518668493154
48367 41.8842048017507
48507 40.21112705479451
49055 46.04061561643833
5021 39.422789086780845
51013 37.4115423775137
51057 37.96068748857612
51135 37.197097876712334
54005 38.60593297945208
54083 39.35287882582193
55041 37.43097671232876
56011 43.11009726027398
6003 45.873961095890444
6023 29.342670082189027
6075 26.88631980852684
2050 38.807564448724776
46102 38.807564448724776
1047 35.67332927854793
1091 35.25296242009207
1109 36.38256147260271
12063 35.65580251556984
12099 35.3292071062137
13221 36.517846301369836
13227 38.04579374428851
13233 37.38552121332495
13237 38.00389227397257
16023 42.30359041095891
16045 37.42349826485017
17021 38.61433372602738
18097 36.71170629037261
19073 37.99556376712329
19093 38.45039607306852
19179 37.77445927770962
20101 42.86810794520547
20119 43.07029506849317
21045 39.322061205479436
21141 39.31379858445753
21159 37.505278721471235
21203 38.848492602739725
22059 35.526247579890445
22101 37.87367472602742
24005 38.80049875175672
24031 38.158601244967116
24035 40.08744256537533
25013 37.87398468944412
26063 38.53619305935889
29045 38.215489315065774
29137 39.09678566207122
29185 39.98951278540002
29197 38.341813835616435
30027 37.884136027397304
30049 37.45421056753973
30053 35.154782301369906
30077 37.19342397260273
31071 39.31362082191777
31109 36.93199319881478
31157 43.55671853049591
32017 46.782036438356144
32021 44.238172054794525
34021 38.13527958371124
34041 37.0621215008948
35019 45.204600547945205
37035 39.33011784356329
37093 37.522556499246576
37117 36.622012922380826
38007 39.93928767123286
39021 39.25169901369859
40037 41.956273542074
40077 41.74761899544386
40103 42.687813287671254
4011 46.82832493151781
4021 45.719759967147944
41007 30.23413262557536
41031 35.73329570779726
41059 37.402840821909585
42079 37.12371329820162
42115 36.70324697383699
46003 38.42337945205477
46043 38.86058219178081
46063 39.71144465753428
46081 43.61714197260276
46105 38.84666794520546
46115 36.98739579907398
46123 38.616186986301365
47017 38.45860756849316
47029 42.24338922375068
47059 41.33600460271237
47129 39.32470531506849
47143 39.629034429241116
47149 38.45234181715588
47161 39.171311178082185
47171 41.958272945205515
48053 41.988642568493134
48107 44.00425863012604
48359 44.97557561643835
48457 37.957884273972596
50009 37.96593278540552
5015 40.8382656438356
5073 39.02940616438359
51021 40.40365191780818
51036 36.69263515980545
51093 37.07651520547944
51107 38.42875064278412
51117 37.43404155250414
54075 39.56071616438354
54081 39.686931232887694
55097 38.45719471626958
55101 37.29664845579865
6013 32.24892946918628
6073 39.93393313583698
6083 38.55684123748765
8089 45.515303600775376
2150 38.807564448724776
2282 38.807564448724776
10005 40.04247539933699
1069 36.04359166875671
1073 36.25846628791806
1089 39.32984368174742
1111 36.56236123286492
12041 34.95278876712325
12133 35.66397796480001
13073 36.54680627397263
13083 38.81385828767126
13165 35.98449109589039
13261 37.07644085616431
13275 35.823025354934224
13289 37.62749780821918
13301 36.92016794520547
13319 37.70513698630136
16001 37.30646951937645
17079 38.40823671232791
18125 38.56462308219176
19037 37.36026506849313
19061 37.46672131718414
19101 37.886388082191836
19127 37.615505123287676
19159 38.17870178082192
20031 40.59554410959178
20075 43.61224547945207
20149 39.858143698630144
20153 42.1866295890411
20155 41.38878322320522
20159 41.210708493153426
20195 42.283717260273995
21169 39.39114511416985
21207 39.139627561643834
22091 38.04275452054795
24047 40.53829077054795
26043 35.88604356167396
26107 38.63785990033974
26113 39.146361369862994
26135 37.6416600547945
26137 37.47028269404111
27071 33.78657054794522
27155 37.047390000000014
28031 36.11224643835617
28103 35.47671543378628
28113 36.88668756849315
28121 36.34452631152054
29003 39.788555547945194
29023 39.17439375342463
29035 39.04387561643833
29051 39.360968785410925
29061 39.27774013698629
29123 39.39102401827127
29133 39.73635828767123
29141 39.65978005479454
29205 38.87984684932327
31021 38.01676045662464
31179 38.48398561643835
35003 46.63340301369862
35009 44.00454098172877
36013 39.16832418003289
36111 36.328458985756725
37001 37.325338447491205
37027 39.472755761489076
37043 39.56363205479457
39169 36.636828339041095
40053 42.411857397260256
4009 47.10656459663288
42021 38.75579753426028
42087 39.281583858448464
42093 38.026918767123256
46017 37.81734876712329
46065 37.615907397260294
46121 39.395408356164396
46125 39.66588342465752
47125 39.14406162274251
48045 44.74077479452053
48079 44.07294575342467
48195 44.10148616438355
48249 34.969107671238355
48329 43.973501481476724
49011 41.50358545408519
49013 51.53337068490955
50013 36.70026369863011
5017 37.05478417808219
5023 39.633332798435625
5029 39.57818351598905
51007 37.15705452054793
51053 36.65256786692052
51063 40.199943470317834
51067 39.16504950684933
51095 37.33107133250413
5113 41.9724795890219
5131 41.131398819824675
5143 41.99259877568488
53059 32.869881643835605
54003 39.330892935394566
55055 38.095835013698625
55107 36.94851052054795
55127 37.28852727272274
56001 47.723467150684904
6043 49.271752100446584
6051 48.142928675799986
8043 47.91216771034794
8065 48.37103205479453
8119 49.083965068501385
2105 38.807564448724776
15007 38.807564448724776
1021 36.20633245054738
1063 35.46262748858545
12043 35.474959726027414
12083 35.239146718873954
13019 35.73118273972872
13117 37.475535476406044
13143 36.99479024657537
13231 37.93162698630138
13283 36.44741904109592
13291 38.89248146119453
13295 38.61366598524603
17051 39.32051303327124
17105 37.61694865753423
17187 37.37415561643835
18031 38.67142484019179
18041 38.62673933464495
19075 37.55432397260274
19141 39.139386027397286
19143 39.38949068493153
20193 42.52337123287671
21025 37.67402317025206
21027 38.83863684930956
21173 38.655034931493155
21177 39.860061369860254
21223 38.79786315068492
22109 37.827422974545186
25027 38.34475801689591
26005 39.5470097830986
26013 35.39129849315067
26027 38.0369552677452
26053 36.18285835615892
26061 35.292244164383575
26073 38.51952398173426
26077 38.47813463591783
26097 37.32583336986302
26153 37.07455999997809
27009 36.093116103512344
27063 38.88102075342465
28003 37.76150724070683
28081 37.38542663301644
28095 36.874277656006306
28139 37.77845328767126
29009 40.77840544031616
29043 40.00039954989862
29075 39.111514246575325
29095 38.98258250293424
29165 39.46667690410959
30017 38.09678940637808
30045 38.32970876712329
30101 35.32832739726573
31099 39.86564671232877
35015 45.695266552479474
36005 33.86720996322412
36055 37.31576098033148
37033 37.97152853881095
37069 36.866719383590976
37099 40.506148280071265
38055 38.02373794520549
39001 38.76659205477259
39175 38.03391388129316
40101 41.524146044520535
40109 42.055916996517844
40127 42.0690395433918
40135 41.49149689499452
4017 47.906121705709594
41001 37.3375668949671
42025 37.57969986298383
45003 35.63560112909315
46025 37.87218465753429
46119 37.37495726027396
47041 38.839093424657555
47069 38.246054063934224
47175 39.3240315068493
47177 39.01735187216435
48077 42.90563954338082
48091 41.565364611868496
48137 41.56145123287668
48161 40.7606079843644
48183 40.7231166465753
48221 41.56815016438355
48235 42.938641643835574
48315 40.67098157534247
48319 41.41264698630138
48391 34.872276301369865
48425 41.6006930136986
48455 39.26138526027401
51031 37.860703561635624
51087 36.51462475614243
51145 37.06141106849315
51595 36.75855945205476
51678 38.17911342465753
53073 28.561287792124645
54013 36.93542726027399
54023 40.34521059360822
55045 38.212408458904115
56003 41.78088867579449
56007 45.797221260274
6001 29.418199472589052
6025 44.71522015906574
6055 33.41267487671231
8101 46.93297365879177
2198 38.807564448724776
2220 38.807564448724776
2275 38.807564448724776
1043 38.09280424658496
1127 37.50665640792576
12039 35.55116331809864
12061 37.81587749772054
12097 36.5922253190822
13015 37.660046611876666
13069 35.5488453272685
13193 37.37396554794519
13305 34.8152054794211
16055 36.41184590684931
18077 38.67806258318628
18081 37.60686808219451
18115 38.11351684931508
18135 38.156622671232874
19091 38.20529479452058
19161 38.301072191780804
20187 43.43153287671233
21011 38.564346301383544
21047 39.54565525595343
21191 38.79029890412055
22083 34.30642703195069
25023 38.30616433972601
26015 38.643247770857506
27045 37.45736447488493
27067 37.56011283106109
27081 39.36732410958905
28035 36.26906984693014
28063 35.79286109589042
28097 36.1191812785315
28107 37.09055689498354
28129 35.93256831049948
28141 37.6851281506849
29013 39.72097486301369
29207 39.48148174657532
30007 38.09230191780821
30079 37.975583013698625
30105 35.6093632876822
31011 38.81421904109585
31019 39.63779210459999
31163 39.22243506849314
35011 44.49867452054796
35031 47.53440638195616
36123 37.68924969863013
37109 39.19432575344438
37137 37.56913883561645
37145 37.6042659882622
37187 36.76800465753697
38095 33.748030958904096
39003 38.907605462846576
39089 38.86919150684933
39105 38.559466392682204
40009 41.67105636986305
41045 36.92042558219178
42047 39.51674176560546
42099 39.22155769863012
45009 33.872902739726044
46093 42.034442520547955
46129 37.173959589041125
47035 39.5683484735726
47113 38.275076275989015
47153 39.57559981737261
48001 40.033045977586305
48157 36.439040879593435
48213 41.045375116852334
48247 35.2721091780822
48293 40.888979075342455
48473 37.99103123288412
48491 40.8566785685808
5037 39.05966041093974
5089 39.78446767123286
5093 39.520347305950665
5101 40.809871095890415
51023 39.04837547945205
51069 39.285579530328775
51097 37.68539479452055
51127 37.038418904084935
51760 36.35145827729863
53001 36.09949397260273
53043 35.62500547945209
54017 37.662840136986304
54019 39.23964372148491
54041 37.32585446575343
8097 47.53415397260271
1015 36.86048261598521
1019 37.57477657533894
12075 35.22792027397807
13101 34.93293520547947
13205 36.41101901369864
13287 36.88825013698629
13299 34.643503044134214
17015 37.899553972611784
17037 36.440257716879444
17145 39.399601324217265
18047 38.71176597260274
18051 38.73333839531509
18141 37.09770164750686
18183 37.04298998045478
19165 37.74369150684932
20043 39.782834246583555
20087 40.07660582191783
20147 40.70843945205205
20189 43.40210589041095
21037 38.156339649315065
21055 39.67948047945207
21071 37.326468273972566
21099 39.3192722739726
21133 38.25378481406027
21139 39.458576575342484
22047 37.07012242662577
22123 35.62449543379176
22127 35.743305068493186
24015 38.68716697907644
25017 36.874235084862974
25021 37.094115009484916
26023 38.0386925342575
26111 38.36738165824659
26119 36.958746958904065
27047 38.016628082191765
27075 35.129503652962455
27085 37.39261929549124
27127 38.46967210045752
28033 38.195909871298646
29083 39.77564881277807
29093 39.41441328767125
31017 39.48358191780824
31069 41.98074602739727
31087 41.78555808219178
31103 39.013292876712335
31105 44.51130739726025
31171 40.34128356164383
31185 38.2601873972603
33005 37.174853715753414
35039 47.44384834093424
37095 37.88658630136987
37113 39.00955899543014
38019 33.40262547945206
38035 34.28548094367121
38085 37.6282294520548
39157 38.73385380299452
40041 41.455981643838314
40121 41.94032733404388
40133 42.159647914791776
40143 41.32279764541123
40153 42.73478876712329
45049 34.29282958904109
45053 35.11812876712331
46009 39.261267534246564
46047 42.978503287671245
47047 38.48308707348218
47083 39.0129569863014
48031 42.526339041095895
48059 42.03295707762469
48073 39.719311484035636
48153 44.42234506849314
48181 44.07049089568219
48205 44.633232054794526
48219 44.09780070449586
48271 41.34657945205479
48289 39.85644054794248
48337 43.46982753424931
48353 42.63676405479454
48429 42.21697771690414
48431 43.2487671232877
48443 44.1615704109589
48453 40.09795813245752
49001 46.316485205479474
49019 48.079527260273935
49043 44.94349595362194
5047 41.0109972602767
5087 41.522226643835616
5097 40.1696347945178
51530 38.12811232876711
51690 38.762959342465784
53037 35.654840034246575
53039 34.79325351597809
53075 37.06028465753428
54033 38.14910611457533
55017 37.24468595266849
55091 37.13351575342469
6115 41.2760038160411
8014 45.9238701522137
8103 47.9504779452055
1023 34.981216027397274
12059 35.60806054794519
12123 35.20353082191781
12127 36.72106747485479
12129 35.519073493150685
13107 36.28433529679451
13155 36.403011506849296
13169 38.19108858448219
13253 35.994980365301416
16041 43.320332739726055
16059 40.12206228311506
16081 44.12999863013697
17029 37.92009659816796
17115 37.792304448032915
17165 39.4438311111452
18025 38.55294456620001
18053 37.80503126712328
18055 38.69555814308768
18137 38.572110365331504
18147 38.93714093150684
19011 37.70377397258628
19085 37.57505687671234
19123 37.712649158495914
19129 37.01621326027396
20051 41.63263817352604
20129 43.66193424657534
20139 40.29785380821914
20179 42.2331012328767
20201 39.46332356164385
21137 39.290433515991786
21149 39.854503013695876
21171 39.27484349315072
21205 38.349597602739706
22025 35.661100456630145
22103 38.61703221406493
22117 37.305534670003006
26131 35.70187242011232
27007 34.61388230136984
29157 39.41118339726027
30005 35.8966024657534
31117 41.06740082191782
31147 38.6612781735014
32023 47.27980180821918
32027 41.49485917808219
35033 46.72204383561646
35051 45.91259267123285
37029 37.88522863013698
37089 40.60241385084386
37163 36.749536164383585
37165 37.439236555780866
37191 36.68991801898905
38059 37.75861649315068
39007 38.44591637260276
39041 38.41023733853425
39051 37.61724840183011
39067 39.3062820821918
40049 41.976498082202774
4013 47.01557038133417
41043 31.955789954339746
42127 36.984340234854
45011 34.814274246616435
45031 36.61910078767121
47031 38.7864397717041
47117 38.50332990866767
48037 40.745994505320546
48209 40.612055123287696
48263 43.16030191780825
48307 41.38751433790409
48311 37.01824575342465
48381 45.328688001909576
48401 40.23806107483013
48465 42.37971539726027
48483 42.9938423287671
49051 45.59815184931511
5043 36.95492032876709
5063 39.459429315068476
51029 37.8700102739726
51125 38.61421515982739
51155 40.40078013698629
5121 39.01782458904112
51610 37.52559753427041
51683 37.73561307239917
54067 38.91580097845208
54071 40.24808191782193
55021 38.71689520546577
55035 37.21755998630136
55049 38.18984168949674
55111 38.21529157009319
55135 38.41357385845676
56025 44.73451837138356
6041 29.263492014933696
6101 39.77036868883837
8019 49.47482520549038
8099 43.97827600000001
8111 48.397299726027356
2110 38.807564448724776
2170 38.807564448724776
1011 36.68892283106493
1065 35.4493397260255
12017 36.230781674260236
12125 35.10274803652331
13009 38.0676712328904
13177 36.86714936986305
13243 36.586307945205476
17005 39.70451541095889
17075 37.13539750380275
17149 38.624780821917795
17173 38.57163324203561
17179 37.22529565298357
17201 36.89943235725042
18157 37.554835409112606
18161 38.845578493150725
19039 37.883255159821935
19049 37.70490816439179
19083 37.764162694049304
19147 38.41460109589039
20019 41.666314520547935
20077 42.15827424655618
20095 41.826394520561635
20125 41.265488008446574
21081 38.69606876712328
21089 37.805418234383595
21193 37.80153171232875
21201 38.84448821917811
22011 37.62171510763565
22055 38.29296028033232
22099 37.99503088418111
22111 35.36590748859178
22119 38.36953823164932
23021 34.75160575342468
24029 39.626524438356185
24039 40.48753064577808
26163 35.504721267476725
28073 36.50894301369866
28091 36.60453447487589
29107 39.314468023487656
29151 39.415915342465745
31041 39.64163356164384
31137 40.329241643830116
31181 39.8107476712329
32033 45.31913515982738
33013 36.8070533789844
35037 44.75640557079727
36051 37.61249284017261
36067 36.75614078671589
36119 36.27164417594027
37037 36.40048651214136
37139 37.57465405479453
38009 34.70168575342738
38029 37.011809589041114
38037 38.307800821917795
38069 34.72928123287671
38083 36.51419287671232
38087 39.774129589041145
39097 39.095983470290385
39109 38.68640956293697
40003 42.16439497716711
4001 47.414544863013695
41037 39.18868397260276
41039 31.990887161506837
41057 30.701429075342432
42001 40.600713567615074
42033 39.54418187671234
42129 38.42806252602739
45059 36.5551692183578
46031 37.59388506849314
48017 44.18870219178086
48021 38.84460893150685
48083 41.717812785394514
48101 43.103125479452075
48159 41.667007945194534
48261 33.86578931506851
48317 43.82479780821913
49053 47.048331102410955
51037 37.76688410961641
51041 36.44279895813973
51149 36.29662320939756
51730 36.3049427895644
53033 26.623649401315348
53051 35.05612597260269
53053 28.573362322372624
53055 28.02037273972603
54077 39.60310989726028
56021 46.83883445530961
6017 45.300467116906894
6097 30.99216071398216
8009 44.33854643835615
2188 38.807564448724776
2290 38.807564448724776
1081 37.1463134348088
12085 36.96075213306851
12121 35.04336180041096
13023 37.30544520546303
13137 37.1569816780822
13173 35.288191232876706
16021 34.791493013698634
16027 36.56958744448605
17073 37.11239658589398
17155 37.19032589041095
18049 37.338578173567115
18121 37.69991136986299
19183 37.88184257534247
19187 38.20227655251509
20025 42.82912082191782
20099 40.9939262328767
20185 41.6633898630137
21029 38.19486442921096
21033 39.71849899544114
21123 38.816067328767126
21189 38.017675068493155
21219 39.53450767123294
21227 39.272199977178055
22015 39.23933711082741
23007 35.99438252664931
24001 40.104091637893156
25025 35.94765799488053
26003 36.170236073041075
27141 36.1130378331452
28009 37.72959589041094
28041 35.74418589041094
28055 36.24503452054794
28079 35.899229808219175
28109 37.27758697107039
28159 35.68932438356164
29077 40.09270840038904
29121 38.972194027397244
29135 39.389959109589
30095 40.959104200906864
31039 38.12648191781097
31049 42.26506767123286
31115 39.48038438356162
31153 36.512959802521934
33007 38.72428440844657
34011 38.514733408528755
35041 43.93570926027397
36063 38.64803699079998
37073 36.87356922374523
37107 36.69760038355066
38027 34.972017260273965
39049 38.211843327219164
40069 43.08799817352053
40071 42.61396679951232
40137 41.89358423412056
4025 48.00180718197807
41017 37.04492966895892
42049 39.25926211073969
42065 39.78472073761642
42067 39.25035183561645
46029 38.24406136985204
47021 38.696728828011
47053 38.57293483364933
48003 43.81237191780822
48097 44.40872952054792
48139 40.509302766221914
48231 42.13313952415618
48283 37.38353753424657
48305 43.728783926923306
48351 37.750078972602736
48369 44.432010410958874
48399 42.02897856164384
48487 42.27184109589044
50003 38.063318675816404
51175 36.80365183561643
5133 41.14900226027393
54029 39.32788647260274
55093 36.45222489726029
6007 43.10990013965205
6031 48.493518893978106
6063 43.86533068494245
6067 39.88601866554408
8077 45.95918214455344
8125 43.34426315068494
1025 35.32157251142933
12007 35.220250958904096
12115 36.84167070533972
13127 35.92972705020272
13213 38.849452636986314
13245 36.66021561062136
13251 35.33952263013698
13255 37.82067803652684
13269 37.5745410959014
13303 37.24391035616436
16043 43.11262757991783
16047 40.09009876712331
16071 42.51042273972601
17017 38.07943687671232
17065 39.239348219191776
17069 39.614830958904136
17089 35.31591756762685
18033 37.507551019753436
18073 36.59801671232878
18087 37.27623702054795
18109 37.88561079027672
18163 38.997880821915054
18165 37.55432432876712
19027 38.04331488584739
19043 37.4166771689699
19045 37.419228995428234
19077 37.83234109587399
19109 38.240175707734224
19191 37.24240553424659
20123 40.12466753424656
20137 41.3141884931507
22037 37.986917808219225
22049 35.5436309589041
24021 39.714541194690156
26037 38.60467905356986
26133 38.9265752054767
26149 37.766627155501375
27093 37.33963543378163
27117 39.917312712328766
28013 36.14603627397261
28111 36.02111625569232
28157 36.96522410958903
29021 39.981924493150714
29161 39.548329424657524
29179 39.199426027397266
30099 36.44542630136712
31009 39.795032054794525
31013 42.44007123287118
31027 38.81712178082192
31055 36.439681875650116
31095 39.03563105023836
35017 45.74521075342471
36053 37.05522642123291
36093 36.75699535521782
37015 36.68856609589046
37115 42.374300639279404
37147 36.60622433219178
37175 40.47423330723016
38017 36.07545354919642
38025 38.61385945205479
38065 38.58372301369864
39055 35.92120634052601
39063 38.098975679646564
39127 38.95373703196162
40099 42.86424575342741
41019 33.26540775839725
41053 30.34070127854245
41061 37.65358095890413
42005 39.53318778657809
42041 39.32968241544057
42119 38.269072465753446
44003 39.586712230399975
45037 35.077395479425476
45043 36.96563373776712
46055 38.972987123287695
46083 40.18293985056162
47001 39.19872929984928
47079 38.62498273972054
47105 39.99306668493151
48061 33.657633701790395
48089 36.83932553424658
48109 43.82925726027394
48111 44.45476082191779
48145 40.682858675811
48167 35.97900374429314
48335 42.93673698630135
48497 42.69015036113429
49003 42.33133325030959
50001 36.46607991780823
5035 38.66724817808217
51005 39.13360068495069
51073 38.45700465753424
51099 38.10020668493152
51101 37.362957671232884
51173 40.22440928463011
5141 39.89072750684933
51670 36.08678735814023
51720 38.89588849315072
53017 34.73804770547943
53045 28.485370332676702
54047 39.355080821917774
55099 37.12629826485015
55105 37.96637441239372
6095 34.279811963480284
8033 46.74505068493151
2230 38.807564448724776
1085 36.032062739726015
12051 34.994337455994554
12057 37.369555071986305
13067 37.13804155024825
13187 37.684295273972616
13259 37.00478890410959
13307 36.95122232876711
16057 36.919407514684934
16077 42.34109397260278
17009 38.14506506849312
17095 37.01738972602742
17099 37.01112512722465
17175 37.06503383561642
17183 37.548433447513155
18011 37.560940794520555
18029 38.2710980547945
18111 36.74412020547945
19031 37.50307101369864
19081 38.12827513698631
19105 37.53840471232873
19137 37.428598904109585
19155 36.607407013711494
20023 42.784476438356165
20083 42.640426575342445
21013 38.63250578384932
21065 38.542330547945205
21083 38.832422526638354
21113 39.229243165931514
21153 37.627461575342444
24033 38.11706586781286
24037 39.751340241756125
26055 38.857434880136985
27015 38.00701311643833
27055 37.32022043835617
27167 36.648010821917794
28037 36.261982876712324
29031 39.30363226027398
29037 39.463957876712364
29223 39.111539931506876
30019 35.844398356164405
31059 38.80774821917811
31079 38.75274520547943
31097 38.045889863013684
31177 37.18336120547942
36029 38.92634760043011
36033 35.74289870841642
36037 37.67060284932604
37023 39.60797665143288
37083 36.94775664381645
38057 38.425729406391795
38063 34.66994739726027
40065 41.6059581849315
40147 41.99063785034795
42023 39.045147534246595
42075 39.19512119310907
42097 38.43260439498438
46079 39.678258995416435
46137 38.47666931506849
47003 38.57461165904218
47181 38.09621041095888
48069 45.07909826484929
48071 35.93172159815618
48095 41.7399446575342
48201 36.13456060615121
48269 43.014866027397254
48389 44.00856399999998
5041 37.619604712328766
5059 38.514698082183585
51047 38.45677136986299
51085 36.77534725431643
5109 39.793070228312324
51187 39.63242873287672
5119 38.573140314345174
5139 36.42179827397262
5149 39.94162981733696
51540 38.74490207761915
51740 37.29261493591779
53015 29.02005234020275
53025 35.219810034246564
54027 40.06836646575341
55011 37.31366334246578
55067 37.75677730591782
55069 37.82620608219179
55073 38.07832637237206
56005 43.07671283760275
8017 44.2788010958904
8123 44.97798205302192
1031 36.021949804294806
11001 37.37407028084655
12065 35.297422465736965
12093 35.908368356178066
13017 36.48863495890409
13087 36.01056767122464
13147 36.77853687671234
13229 34.683377808219134
16011 42.71650691780819
16029 43.77198890410958
16053 40.22350378082194
17125 37.836592054808264
18017 37.71759668739672
19007 38.05509802739727
19033 37.68721579079729
19071 37.63938118724195
20071 43.671382191780815
20181 43.017296164383566
20197 40.23620150684933
21003 39.349264246575345
21017 38.8925243835617
21041 38.74071954334246
21053 39.10065406396436
21087 39.22425157534249
21129 38.11772420092878
21187 38.84248410958907
22089 37.29487654371808
26011 38.540321698630116
26019 39.86822515068491
26051 38.35373604261373
26069 38.26137585998354
27051 36.879914931506875
27059 35.94759428082189
27065 35.474192465753454
28043 36.22466487671231
29039 40.23858301372879
29097 40.82262270238902
30035 35.8260755479452
30065 38.00380657534247
30071 35.70001178082193
31001 39.130298234405494
31051 38.38683753424659
31093 38.98162643835618
31107 39.32340246575895
32029 42.70132739726023
33017 36.458332306849314
35023 46.288393972602734
35061 46.627270852356155
36003 38.31841409906028
36077 37.06499115231783
37123 37.96144146121369
38045 36.31718191780823
39061 37.894108522776996
4023 44.348462986301385
41051 28.31706834896414
45085 35.01018721857424
46059 37.33104958904108
47051 38.988891628621914
47111 39.22999808219175
48051 39.214810356164364
48341 44.52130109589043
48413 42.269921643835644
48441 42.135963121860264
48449 41.64350065068495
48451 42.29444475616442
50007 37.190483819953435
50017 36.37710454794517
5057 39.297402246575345
5065 39.289146301369854
51045 40.13081205479449
51157 39.76628219178085
53061 27.35563493151861
54037 39.17673863012879
55043 37.77109641551973
55061 38.89778712328764
55075 37.12853132420002
56019 43.322172876712315
6091 45.027428219178084
6107 49.723358064642184
2130 38.807564448724776
1001 36.32951328765644
1037 36.665454520558086
1055 37.352783205495086
1101 36.524605433078605
1105 35.54213260276056
12011 33.302493199254734
12081 36.24117234984107
12095 36.939212412139725
13093 37.33365662100823
13129 37.86641859968191
13135 37.44032550127204
13199 37.32583595890412
13223 37.10081348235479
16039 39.23065216438359
16087 37.422049863019154
17039 38.326676876712355
17195 37.50466509893371
18145 38.297530356164366
18179 37.51545444226848
19003 37.619622739726026
21101 39.26531138231784
21115 37.589464018246574
21145 38.93932884770957
21163 38.32019541095892
22061 35.728446657534235
24043 40.092345136986296
25015 37.342701415527955
27107 35.792516255724145
27165 38.29334091322658
28127 36.12895693150685
29131 39.53215178082195
30055 37.094616712328786
30103 38.143888493150676
31029 42.238678356164385
32005 44.632206849345195
36023 37.42057442922738
36071 35.73880502166662
37009 40.54432803652334
37041 36.85690794520276
37067 39.06631868608846
37091 36.79853326027394
37125 37.4847003348356
37127 36.81385698630959
37167 38.532696311912346
38013 36.71286493150684
39013 39.33296713698629
39081 39.24420948181096
39145 38.23617742465753
40007 43.24700675799177
40011 40.71871758904109
4005 48.27394964773149
40117 42.46966098630138
41005 29.967380325342443
45061 35.926128297457495
45077 37.983945088047406
46019 41.40014397260278
46033 44.60798027397259
46035 38.720028630136966
46127 38.44378401825862
47089 41.24781911720548
47139 39.952765315068476
47145 39.518356214200004
48009 42.60279086756987
48047 34.40255876712328
48055 39.06302345890409
48087 43.017426849315065
48281 42.23007369863014
48343 41.25698447487943
48477 38.80625365297808
5039 37.3970905936082
5069 37.75450027396986
51065 38.087240890410996
51075 37.167329205479405
53023 37.78313013698628
54015 37.87227972604384
54035 38.2905504109562
6019 49.71160584013614
6027 48.39979945205208
6037 41.62850193452603
6049 39.877568082191765
6079 37.188261106219166
8031 43.46406441207126
8113 47.42215410958903
2158 38.807564448724776
2261 38.807564448724776
10003 37.625473175989036
1007 35.95295712328768
1039 35.779886712338616
1071 38.86102124535838
12027 34.81446712327945
12035 36.85149579452057
12113 37.09354695890405
13035 38.08582018265945
13061 36.35665753424659
13167 36.85209497715892
13263 37.61063031963289
13293 37.89749780822463
13313 38.618259178083306
16007 44.05657068493152
16051 42.42641253424655
16069 37.159293232876706
17067 37.93989976518356
17077 39.47033628181093
17103 37.30333333333149
17111 36.36802507376329
17119 38.71656738826904
17131 37.37940753424657
18037 38.52860469666028
18067 37.92637234246575
19021 38.550513196345214
19097 37.51902360730055
20085 39.79990420088765
21005 39.336437260273975
21057 39.15807342465753
21131 38.156060639265725
21179 38.82706803654029
22039 37.5796726369863
22045 38.34840995434794
26017 38.54535346679998
26093 38.112141895352316
27027 36.15626718652273
27079 37.51433077623835
27109 37.56008239101371
28021 35.650440913245774
28053 37.22491808220272
28125 36.668656575342474
29033 39.36739726026575
29153 39.39826657534248
31023 37.59939506850493
31111 40.607792671232865
31139 38.88430315068492
34013 34.9687019243515
36027 36.784585330342175
36041 37.21110499999999
37011 41.18958860273973
37021 41.68511083658635
37059 39.15250246573699
38011 39.58494753424654
38051 36.91847287671231
39027 38.87345649925481
39101 38.27605375951783
39117 38.1965263470137
40001 42.1138825205479
40019 43.26263108341369
40113 42.09329217931234
41063 37.81597872145754
42029 38.13748290267258
42071 38.96847214427344
42107 38.49103865753425
42109 38.60080828767125
45025 37.301275561643855
45057 36.898972191755334
46021 36.954855616438365
46061 38.93044575342464
46135 39.02352728767119
48141 42.37901009276441
49041 46.39901528767123
5045 39.3809727123288
5091 40.123380296797286
51159 38.59853479452056
51171 40.40941494672054
51775 39.81876438356168
53007 34.543252798430125
53067 28.50339264189205
54105 37.79024410958905
55025 38.33929264884359
8013 47.700522360989005
8053 48.551224657534284
2122 38.807564448724776
15001 38.807564448724776
15009 38.807564448724776
