12033 41.482653127721306
12086 34.27759294086062
13097 42.93001963237704
13103 40.28948255956283
16013 45.44030758948083
17001 36.68236896387707
17035 37.01618934152734
18075 39.231137642844274
18103 38.28334722540984
18173 39.99410550348471
19041 35.65085087704917
19047 36.45337949836064
19079 36.02739508306009
19195 36.78363182058469
20005 38.385569757513665
20045 38.12944371174945
20091 36.71663267798114
20109 42.34232726775955
20171 42.55471350819673
20177 38.00823762007702
20203 42.83602669398907
21039 42.25621299456285
21049 42.54264345874315
21105 42.32561972677593
21165 42.49098764617483
21197 42.568624519125684
21199 42.72784359600381
22007 40.734646076491806
22097 39.99362504916941
23023 36.488363984631114
24019 43.71435323135162
24027 37.82875355039099
25001 42.066809618587406
26033 35.31778671468577
26041 36.92378810678964
26099 36.05159905587077
26159 39.16331835301367
27031 35.668447013661236
27037 35.40678625064424
27095 35.37353886456008
27149 36.45711603276775
29057 40.55929477868852
30039 40.98771628142079
31151 36.05290825819674
32001 42.11186800118033
34015 39.535386803524304
35045 45.85873328067489
35047 45.86615421779509
36009 40.511743230412556
36039 37.95672176155734
37061 42.2456061763634
37185 43.179252510023744
39011 39.68411439291393
39093 38.88269492040436
39133 38.10994992694154
40033 44.14647914890712
40097 40.6817372203907
40111 41.367072409562844
41041 34.289944235598405
41067 30.77675857509698
42027 39.88850919909565
42057 39.79697081057021
45039 43.33180496284153
47027 43.06083682103827
47123 47.01742479156283
47189 42.65131598048603
48043 44.13287038709565
48057 37.84044649289619
48115 44.58559170696723
48165 44.84768910746724
48171 42.49982055901638
48191 43.74603732786888
48287 41.18704683196722
48295 43.549161857923494
48325 40.958340781420766
48331 41.687986156481706
48363 43.568291589242904
48447 43.887865393442624
5011 37.62874721202184
5071 40.49652006783062
5077 41.171090795081966
5079 38.57307066188523
5123 41.45318410153004
5137 40.4797681976148
53011 30.663520635647263
53065 36.77340416099726
54001 42.047696671448065
54085 41.68064193805736
54097 42.21583706283061
55077 38.263692342076496
55081 37.80544658381149
55121 37.51246280122952
56043 43.76820419763936
6029 51.204022826825124
6045 33.298355968306005
8037 48.9190413559809
8047 49.848422352458996
8063 43.321884142092884
2180 40.38456311572579
12005 41.51833299715298
13145 42.40221807650273
13181 44.13812218989072
13285 42.120010040215845
17033 38.21828085292076
17133 38.36983954188714
17141 36.700142843265006
18023 38.98601023428961
18181 37.60247668545083
19009 36.35657597543442
19103 36.15354646265302
19171 36.47113100774592
19173 36.71732545721037
20013 37.833580884314195
21009 42.9344118079235
22115 38.49661582855659
22125 40.67035760747811
24013 39.898230186218846
24045 42.68189646704918
25009 37.8880697731096
26039 36.856364930601096
26091 38.752279836177586
27049 37.54776152814207
27123 33.94607172545929
27145 35.29784004579784
27157 37.38176820443992
29109 40.477274189322415
29155 42.219688981303285
29229 40.535495997950825
32013 42.593522648224074
34025 40.35382489610654
35043 44.901511342784175
36019 38.50208976475685
37017 42.42816297492622
37053 45.13516519633061
37079 43.09146834836067
37103 42.58231483517483
38023 37.794568702185735
38033 40.335170961748624
38079 35.785651316939884
39065 40.40016858080327
39085 38.8491454909399
40055 43.623388833333316
40087 42.992407000926185
41029 37.41993857304916
42061 39.64461111089068
42131 38.70851888759837
45041 42.1698146693169
45073 45.27469872480602
47015 44.106305725863365
47063 45.72707485471584
47155 48.24704135883881
48135 44.02124049123227
48175 36.81300501775955
48189 44.60418083637432
48409 36.70279316940712
48499 41.24433785956286
5005 40.08276411081419
5053 38.67604963797817
51033 41.69272569906174
51079 42.958983246808735
51131 45.61755784696448
54049 40.58180834697815
54063 42.98001808104918
54073 41.732716693989104
55019 37.79179769911201
56009 45.42231312978143
6005 48.84756169368309
6077 41.60138332048963
6093 39.30010149726776
8003 46.59425948838799
8051 48.724799860655736
8061 43.557768202185805
8071 45.98665890301367
8075 43.08789622222677
8115 41.99071157923499
2020 40.38456311572579
1027 41.929853503415266
12003 39.441116988387996
13123 45.28796833879784
13183 40.00995573863662
13217 44.24680506622133
13297 44.42067377156284
16005 44.27852533022404
16019 44.19438272207923
16049 39.78154617267757
17011 36.728795218306004
17023 37.30675414207652
17027 38.14444254610656
17093 35.64944297786886
17139 36.3924575669399
17163 36.885827618827044
17171 37.17783461612022
18007 37.44718975954917
18123 41.15851777049182
19053 36.33759804281147
19111 36.012804767773254
19177 35.45359880874318
19193 36.348516966060124
20039 41.06351986202187
20067 43.11001322131148
21007 41.90777586887704
21175 42.30867033989068
22035 37.6883527021967
22065 37.691550578688506
22107 38.18840959201642
23015 36.8752088357694
24017 41.12106148471475
26147 37.16578291203009
27005 36.03835572568308
27043 36.445324645292374
28137 41.712940790710384
28143 41.57768558288062
28147 40.968159981789654
28163 38.5509156010948
29079 37.172394866120186
29085 40.10720123225407
29159 38.987952981368835
29510 35.36978457457433
30047 38.35657938285521
30057 43.11855438435244
30097 42.56816903825142
30111 41.57269661979235
31003 37.41925733332513
31063 40.24034683879782
31149 38.74663002732241
31155 34.61525947103825
32009 47.65862369398909
33015 37.60555099516285
34017 32.16469874979508
34031 35.63783424590161
35006 46.688049444210385
35021 44.71331781420764
35025 44.83583719520765
35027 45.55681994644809
36107 38.10719474972675
37005 43.9592690974617
37047 42.07978295964211
37111 44.93505945273226
38001 39.84325693169403
38097 35.08465904713115
39005 40.42329176304916
39025 41.26726564153003
39031 41.16396125628413
39131 42.22303747862569
40047 42.68695385474318
40089 41.22822547506831
41065 35.42288115983608
42055 39.877847584613086
42101 36.5412583716574
42105 40.272136760109305
45029 40.893780586784146
45083 45.10365633247626
46007 39.41862988524591
46057 37.27137540027318
46099 37.06843683169125
46109 36.65672639480878
46117 37.946608967213095
47011 45.23950395728144
48029 39.94273098539317
48067 40.76229852420846
48113 40.07251003127869
48301 45.2505238415301
48303 43.95672910187156
48411 42.24138156147541
48433 43.74391957923499
48503 43.93025006830598
48505 34.51265014846994
5003 37.125288661579255
54053 41.45912226593442
55039 37.66599292459017
55123 37.7096607638661
6047 47.87823483464367
6105 38.78838330928962
8021 47.13043386338793
9007 39.240428080099754
2164 40.38456311572579
1005 41.10823468336337
1133 40.75642173575681
12031 38.98135208517761
13175 42.035403759336084
13209 40.94668366030054
16067 43.90593532349732
17025 37.995054267759556
17045 36.99846946612023
17053 36.69052946721309
17159 38.53562401748633
18069 38.330454644169414
18169 38.27878286270494
19013 36.93110527948908
19125 35.776734042691274
19139 36.36439950382516
19145 36.5775008287732
19153 34.76273842189616
20021 40.726443813765016
20035 41.41217306681146
20063 41.896786812841526
20065 40.80420327185791
20073 39.559626824218526
20093 42.93206440163932
20103 38.00988997989755
20121 38.737994185792346
20127 38.90904306010928
20183 38.871087191256834
21031 41.91585837431694
21067 42.29965103005138
21103 41.69780042404374
21183 41.61193651405573
21225 41.07674720013663
22121 39.159247295628425
23017 35.39561707552732
26087 37.604561327642074
26109 37.3923249535355
26141 36.22066576683879
26145 36.99653029807107
27025 36.023805590983564
27061 35.23594592102734
28131 40.47121774774864
28153 38.982359344945365
29019 38.703041810333296
29171 36.58428844672133
30011 41.913818377049196
31061 38.98274307786886
31119 36.9874832786803
31175 38.274067700819685
32510 42.55821200331966
34007 38.09019564129806
34027 38.592269728278644
35035 45.68650404261198
36045 37.90692018852461
36081 33.569676946951056
37097 44.225943065746726
38053 39.29774292349727
39035 37.49638164096173
39037 40.178542433510934
40123 42.781457387704926
4019 46.015044796972695
41021 37.269211256830594
41047 33.05500792224015
41055 36.64142332786886
42013 39.58809645250957
42043 38.484005187994256
42091 38.36572691687788
45019 40.57715603733059
46053 38.0777029398907
47101 42.145786121584734
48007 37.80357733989074
48019 42.06594355956283
48121 43.07723249707701
48149 40.348482685007944
48193 42.22354181146995
48267 42.034799897540964
48285 38.619017123879765
48419 39.78930853916205
48439 40.861323960507114
48469 36.067533934919965
48501 44.80424519808741
49047 47.201581729978145
5051 39.916096506694004
5111 41.85913468930323
51141 43.239015295082005
51197 43.559473797371595
51199 43.654472459789645
5125 38.74310999907131
51570 42.10588870273223
51620 43.276185125683064
51710 41.86397458150546
51790 42.49899878324316
53003 38.81309466390709
54065 40.34349801161202
55119 37.755654928959
56015 44.65293175546449
6039 50.140872950486326
8011 43.90570540437157
8023 46.73560248907097
8069 45.55054129818308
8085 48.88307713005464
1077 41.22210024985738
1121 41.768518421401666
12029 39.47112882786613
12109 40.510411285450836
13039 40.653830052185825
13091 41.47573352503827
13095 40.6165616803224
13131 40.02800163704647
13257 44.747330421311474
13267 40.4687573759563
13271 40.782724566502736
13281 46.09405233151635
16003 40.69206767213113
16031 43.96769336337709
17101 38.96892150983606
17169 36.47590668943715
18071 40.599518902732235
18095 39.32458522447214
19055 37.454336257513646
19065 37.66010904370491
19067 37.20217126338796
19157 36.089442745355214
21021 42.94248445472706
21061 42.55392600136613
21085 42.196844652228684
21109 42.72894377412292
21231 43.253131178688555
22017 39.38243380660655
22071 39.1229636750612
22087 39.991875161849734
27003 34.39598993678551
27069 34.661242825136576
28017 39.097878739071014
28029 39.314638211724024
28047 42.145527184723996
28069 37.77715993715842
30059 41.29813802185795
30087 41.22974379918035
31127 36.62947098770492
31131 35.6895867251366
31145 40.68723990803826
32015 43.891787767759546
34001 42.70508756398385
34003 34.40121286109374
34005 39.22328313801504
34039 35.74350171284838
35053 45.38918727734699
36017 38.45924830760656
36087 37.66243938537705
36121 40.00685010728144
37177 44.48495044808744
38067 34.587407022404356
39071 42.70718306559017
39079 41.98129556555159
39161 39.502969758056274
4003 46.735370272464515
40057 43.665693112021835
40063 41.78749913989073
41049 37.30360213114754
42007 38.242323216172416
42089 39.148769853352476
42117 39.34857433387979
46075 38.21397307650274
46085 37.87271116803281
46087 37.35989525409837
46091 36.90739678688525
47009 47.31810991015028
47095 42.23968856147541
47127 43.81929232103826
48027 41.92230312367459
48039 39.053303516944815
48225 41.74314447461939
48297 37.23063925887981
49025 48.9001541270492
49045 43.16496284177593
5007 39.65604250294262
51025 43.03733284754098
51091 43.07197285245906
51105 44.35056753187982
51111 42.96941582148443
51165 43.012570781581985
51590 42.866272358658435
53005 36.36753906565847
53029 30.19047910537599
54051 40.666946340950794
55007 35.96812031147541
55065 37.48995172131151
55083 37.81079804699454
55095 36.8947859527322
55103 37.79002145027325
56017 45.35373153961748
56045 43.64427440437157
6065 52.188429276038214
6111 46.19230950635517
2013 40.38456311572579
2060 40.38456311572579
1059 40.69820477595955
1093 40.15657893784154
12103 39.69308008574315
13021 42.95183703117486
13077 42.39890448456282
13115 43.27562982117489
13149 42.055924830606585
13157 44.450055877785225
13163 43.09120110655735
13185 39.49603825759562
13201 40.32208186977048
13215 41.985750877617484
13225 42.349363243144786
13321 40.84130313114753
17147 36.16635899180325
18009 38.856588737021845
18013 40.44004395286886
18091 36.72329391793442
19005 37.61128509180328
19095 36.12967173497265
20081 43.063885390710425
21093 42.04140479967134
21167 42.99635203333335
22053 38.823085460554616
22093 38.81461145706363
22095 39.29895174294208
23011 35.556606650008185
23025 35.33766643347814
26031 36.42523363968583
26057 37.68736018797816
26067 37.973948514306
26157 37.290401971210386
27023 36.95744506010929
27083 37.543905509382526
27105 36.90370919943446
27119 35.069856520765036
28015 38.88757704781418
28115 39.81296559470411
29111 36.60199515027322
29145 40.492272452393436
30075 42.669094948087405
30091 38.04600550819673
31015 37.8219860245902
34029 42.267978702994526
35007 45.92278150910656
36007 38.09864160613664
36035 37.40552936851093
36043 37.58179065387434
36057 36.72196430367217
37101 42.80372056054648
37119 43.19063843129533
37189 44.760324032775934
38093 35.928570111571055
39123 39.0941132339071
39173 38.356940297442875
40029 42.10952596584696
40035 41.01655122677597
40051 43.05070625928963
4007 50.236895982311445
40083 43.40293576366123
41011 34.68334883522403
41023 39.242167581967195
42083 40.61720178918033
44009 41.07668890171587
45005 41.34448576500822
45007 45.25829300792354
45017 41.17876226047267
45033 42.5901156475355
45051 42.62053426304646
46011 37.37893913116669
46095 38.41527701092894
47085 42.16110404371588
47109 40.94146612607267
47133 43.62301776074074
47151 43.971395213661154
48035 42.158998658086624
48093 42.4535710170765
48185 42.15910232512649
48241 39.33662682342897
48277 41.402504642518316
48339 42.39446183046393
48375 43.736536722019146
48387 41.05366198565573
48485 43.92036891772211
49005 43.40543927007376
50021 38.355984456557394
5049 40.240067883879796
5075 40.978359314196716
51027 42.5573320995519
51071 43.165186594945375
51077 44.02874999071038
51580 42.24514023360655
51630 40.38196314617761
51840 40.77971827322403
54007 42.02586306647813
54045 41.943684019751394
54057 41.76583517173222
54093 42.88596226957926
54109 42.46588451093167
55037 37.38805516530052
55059 36.60487409043605
55133 35.81054925252896
8027 47.550322937158406
8055 46.196806814207655
8057 47.936812950819686
1057 39.749700320218594
1117 40.8486085463907
12067 39.2558408784153
12111 36.42288131244537
13247 43.68033258032791
13315 41.2142455327869
16025 44.693153754098354
17031 32.46161108792131
18003 38.277576362090166
18043 39.60080477008195
18117 40.90911654462295
18159 39.249801454234955
19169 35.79218946133879
20049 40.465942144808736
20157 37.820048220396174
21001 42.80442626934125
21051 43.05864625043719
21143 41.470170699450016
21211 42.04246713326094
21235 43.186752049863365
22085 38.98181542975109
23005 35.34882217192022
23019 35.43209447700708
24023 42.19086850272675
24041 43.47508512923495
26007 36.16875864301092
26035 37.178634741964466
27077 34.90467211612024
27143 36.927774719262295
27151 36.60564861133879
28019 38.39646492261475
28039 39.80120931748637
28077 40.101222781407095
28083 39.362516489754086
28093 41.39421700545275
28123 38.61527493806831
29073 39.34157441202188
29105 40.4170776033579
29113 39.13838355932271
29115 37.49583496775956
29125 39.63963700092076
29175 38.35118582467486
29199 35.89100738387982
29217 40.163034233136585
30003 42.30895074153006
30081 40.526864702458994
31113 40.182651051912565
32007 43.667023435008176
35055 46.56366243533331
36021 38.458803487890684
36061 31.643040641768017
36065 37.294942197016404
37003 44.039934096805744
37007 43.25651935246447
37025 44.371844236167206
37039 46.77106997072136
37075 47.82464192074046
37159 44.38488761812378
38031 35.622882355191265
38075 36.96292186065574
39113 40.77712067657566
40059 42.8062597773224
42051 39.87580630305459
42077 38.521906461360686
45067 42.17603915915299
47025 44.519280169087445
47091 44.94363883333332
48015 40.63675830967486
48105 43.08090212021858
48127 38.010326161202144
48237 44.77352198177785
48251 41.08579910490436
48421 43.99801119672128
5001 39.728350688183056
5099 39.32760378962565
51035 43.49316335246451
51061 40.76974070877078
51133 44.50803284153003
51153 39.935418706356295
51800 42.925569034726784
53009 33.70491133915843
53057 29.757645567781413
53063 36.74084207812021
55078 37.9651370068306
55113 36.58442388935246
6033 37.30151854753199
8045 48.47784863960386
8049 48.98269105554095
8109 47.797243084699424
8117 49.53750380273224
9001 39.16868884306831
2068 40.38456311572579
12009 39.06462781295356
12023 39.324172772325156
12045 40.814161112920765
12101 40.263862946407116
13053 41.977312002732226
17007 36.24961305034643
17081 38.64545477994099
18057 38.83371211266011
18099 37.078857202879796
19017 37.51809660997262
19099 35.89146764389344
20037 40.542767535786886
20145 40.936250277322415
20175 43.25535236775958
20207 39.667869472677566
21135 42.55445023224047
22001 39.784684803038225
22013 37.845638768852446
22029 38.90450315355193
22043 37.812548009289664
23029 36.36184616624588
24011 42.53281534274423
25003 40.11917678225953
26009 37.31312733842898
26021 38.190276214117496
26049 37.16253727359013
26101 38.24727964968577
26165 37.59947761987707
27029 35.73137247541806
28049 38.6501035378159
28067 39.25858827008744
28075 38.075593916877054
28161 40.0372645446284
29063 37.88326765300545
29119 40.25701512636612
29129 36.74810183196723
29143 42.21851858971857
29167 40.520281406420764
30001 42.71547615390981
30023 41.67390041984424
31083 39.51409585519125
33019 37.0470100592896
36115 37.99776266489616
37045 44.42690070788466
37051 42.55157609080328
37071 43.80534514410742
37169 42.86173482875681
38089 39.81206179474042
39077 39.60849274502183
39107 39.61767539377651
39159 40.966988679508205
39163 41.929638047334194
40031 43.37864690436338
40073 43.200068983606556
4015 47.9655449416093
41069 38.295504095628395
42063 40.02500418936065
42069 38.8873662719918
42085 39.545985927065566
42121 40.16925305334423
45013 42.03448437506827
45087 44.32228074286887
46037 37.160908713133914
46039 37.40720908743168
46073 37.17752469125683
46107 37.45594792622951
47023 41.14877028596092
47033 41.88182303879778
47141 43.73651206446256
48025 37.18517702071283
48229 44.209247207650264
48273 35.46088358087435
48373 41.84671815655736
48377 43.534950315573774
48393 43.93076561475411
49033 44.9111870136612
50019 37.39275828524593
5031 41.527815532161206
5067 40.94192799945353
5095 40.46058818395901
51143 42.720837149311485
51169 43.863694589251374
51680 41.82753633563387
53019 37.21268738707102
54061 40.22662482581966
54079 41.3079182352459
54101 43.205413590144786
55027 37.947701789754106
55033 37.34141651639346
55139 37.46427006622678
6009 48.65398646010929
8015 48.68945108251364
8059 46.10181644242621
8093 49.259879234972665
2070 40.38456311572579
1029 42.487381930327885
1087 41.464161114071004
12053 40.34954195715027
12079 39.30615129016393
12117 39.073164839043706
13047 44.247551485338754
13057 43.095451932846984
13089 41.68862096354431
13197 42.185728771857875
16083 43.06279840318853
17041 36.13441682896174
17043 33.296014517640984
17097 34.61770143166858
17127 41.130636575819686
17161 35.689476740300506
17193 39.85713375027322
18045 37.59247639945355
18119 39.69132333879781
18127 35.668779185024576
19115 36.33364992897265
19119 36.98410691164481
20041 38.60566563338796
20107 39.48620203415301
20133 40.11974544644807
21075 42.33456873497267
21095 44.03645354867213
21125 42.80955570094667
21147 43.355052081284136
21215 42.19973757991803
22003 38.451891247540935
22113 40.937176660295094
26079 37.10249720765025
27137 33.84333771683331
27173 37.27503428415298
28045 42.526496229882525
29099 38.700940594815286
30013 39.407055823644825
30021 39.66231234791531
31057 41.84455739071035
31101 41.03042791619945
35059 45.01234691256831
36001 36.01541046106094
36015 38.03141189519942
36073 39.3399477122951
37055 45.90247694018578
37173 47.70966121693994
39039 39.382340686112045
39083 41.40683750545901
39091 40.7557079145683
40039 43.198970584699495
40093 42.75650871855461
40105 41.59614606489071
40145 40.500549514273246
41013 38.181941636612024
45065 43.956684222204935
45091 43.39729510757735
46077 37.247041927595646
46111 36.89618438524591
47045 42.191211675887985
47121 45.16644279781967
47137 43.408310948087426
48023 44.027150352459046
48119 41.694282075136606
48355 35.86562288570927
48493 39.47895269472318
49007 47.12890577923497
49037 49.08785930601093
50011 37.770502581694
5009 40.265786797016396
51019 42.245039481453546
5117 40.228493047382514
51650 42.871078118917985
51735 43.754302103833375
51810 43.05093170466123
54039 41.219708496190414
54095 41.420811614754115
55001 38.26445408705466
55023 37.54509245398631
6069 41.11511050696448
6081 30.701192037397846
8079 48.914676748633894
8083 48.76666389112295
1017 41.97491345993715
1033 40.940400310887966
12105 39.441825915896175
13001 40.203037745901625
13027 39.75317812349728
13051 39.644938508311455
13191 40.606962657786895
13211 44.65655659234973
13239 41.49721917759564
13279 40.849977274601095
17055 39.47470605806474
17059 40.52477019125682
18015 38.129060029281376
18061 41.314186609747814
19015 35.70325422601093
19035 36.28120811543718
19057 36.089171099114736
19063 35.53371320560109
19185 36.25611559473224
20135 41.90025338524591
21117 39.860931381199435
21121 43.25399261816939
22023 39.866350860655714
22079 38.16781260945355
23031 36.951390659084716
26085 37.84617893510926
26095 35.776400030054646
26103 36.347226112114754
26125 36.00541381917595
26129 36.662115554622936
27035 35.85825395274867
27163 35.86224563333333
28001 39.15196995505738
29089 38.65198687434699
29209 40.11452646082516
30031 42.69356273705465
30043 41.453675669423525
30083 39.335255371584715
31065 40.0144022021858
31067 36.30957938918032
31075 41.22293831147543
31173 36.80843896584701
33003 36.77272663166116
34009 43.896070566102416
37105 42.76311605694512
37161 44.7499806256634
38091 35.455234530054646
39023 41.11631809165024
39115 41.6006354911202
40023 41.43267613934428
40045 43.42688698633879
42095 38.31114882146121
44001 39.69681465101007
46005 36.785158644803296
46071 38.40763303688525
47013 44.243905859169395
47055 42.605393295423504
47065 44.17977637796446
47081 42.337988568307935
47157 40.9115757374123
47163 44.129254506131126
48103 43.830389316939865
48117 44.505043250683066
48233 44.013014153784134
48243 44.65942897540983
48253 43.29371407467761
48349 42.34098226448089
48415 43.72806480396175
48427 34.84775193098088
5055 41.57538379964209
5085 39.729447898270514
5105 39.853474630240456
51089 42.871590076888
51195 43.55897807673771
5147 40.947256214480895
53035 30.136134262296714
53069 32.6348876775956
54089 42.795940027322395
56035 48.74414576502734
8029 48.92015023223499
8041 47.14977037401912
2016 40.38456311572579
2100 40.38456311572579
1009 41.842279739223
1067 40.47047650637432
13055 43.157619683041
13277 40.565491211907094
16085 42.12104274134427
17019 35.54397302828962
17063 36.28600324617482
17113 36.92741046001914
17117 37.412210801174865
17121 38.096301744549166
17129 36.053569275953556
18001 39.18607100116939
18079 40.60126969307295
18151 39.079359265314196
19133 36.6970305922131
19181 35.38689414094259
20007 41.69965009426228
20017 38.821518833333336
20111 38.676085702868896
21023 42.049801298715046
21161 42.35406756775959
21213 42.62949782786887
21221 41.9087228464481
21229 42.96539312018583
22069 38.018615488460654
25005 39.84891992039345
26089 38.05276929779782
27019 36.30863153018308
27135 34.75659342185791
27139 36.15041675083881
28011 39.859301383538245
28133 39.57935497930709
29007 38.84056551679234
29029 39.87393973074046
29189 36.3804765557601
29211 36.94347378873498
30089 38.10718553919126
31047 39.32323970686336
31165 44.57863614207652
31169 37.30866987978143
35049 46.137040602622974
36031 39.97460019525954
36047 33.33839453613414
36091 36.814223748743174
37057 43.679324654602475
37077 43.13382343883006
37153 42.90953330775027
37155 42.72877325252241
38077 35.80805824543716
38105 38.53554497189889
39125 39.47941589617486
39139 40.52462350674588
39167 41.60493006152732
40081 42.23227368969127
42035 39.871751713721316
46041 38.084872575136636
47039 41.56209795423495
47049 43.83158430601089
47073 44.72683302355734
48011 44.264922136612014
48049 42.33627756831146
48125 43.99311458196723
48131 35.777206350638544
48239 37.38515935609559
48265 42.169385330601116
48275 43.89883524999999
48327 42.479871054644775
49031 47.945722972677586
5013 37.81578351775956
5025 38.09464303825136
5027 38.81128505464485
51043 40.92210433059647
51115 44.845658897540964
51510 38.58676281391034
54103 41.195864146448066
55109 37.21221434426228
56031 45.40591024863391
6059 43.2055818567213
6061 44.72801892330599
8091 49.398292215846965
9009 38.609468683054644
9013 39.09219874412733
1097 38.791632770734736
1103 42.166362335052206
12047 39.45181214844536
13013 44.38281522238798
13025 39.59446555736885
13049 39.519197185792365
13071 40.2697014090164
13085 44.22097146084969
13241 45.7249629770492
17091 36.668342951571034
17109 36.235056796721295
19051 35.71138170218578
19089 37.65176346449726
20115 38.435220000000015
21069 42.51094949180331
21073 42.165252202694816
21077 40.56892643442621
21119 42.494134343169385
21209 41.997220336270466
22033 39.71417897862051
23003 33.3380468810492
25011 38.88143665621039
26071 37.13926194480873
26117 37.85419709940162
27053 33.88889042614126
27161 37.21115918524592
27169 37.30780427213112
28027 40.58902514754756
28061 38.75046461202183
29005 36.87766811065576
29011 40.5869453406011
29047 36.67372648192265
29059 40.51607416030599
29101 38.83025695627596
29117 37.64748242677595
29147 37.08082295409836
29225 40.81119964754101
30015 39.15054046174865
30029 37.13224484583716
31037 36.11549219581148
31043 36.399120299863384
31161 41.25444950136615
32019 42.66062039781421
36075 38.025460583103836
38039 35.57113506830601
38041 39.85165604644808
38099 34.86216439573774
39043 39.260256806456304
39045 41.57760969974836
39053 41.717521393453545
39075 41.122684563524594
39147 39.681232476756854
39171 39.146137505765026
41025 40.21668195901639
41033 36.028839362073754
42011 39.42708630100712
42017 38.99613567565303
42059 40.00957679809647
45001 44.59659551776774
45015 39.89017575821585
47019 45.1699143309071
47037 41.00137529964237
47043 42.35354397950818
47087 43.32391828073772
47097 42.20143496297811
47099 42.11324756832102
47131 42.25376822923499
47169 43.177018101092905
48065 44.194731131147556
48187 40.258677049280585
48435 42.35826865300548
48481 38.749996882785794
49021 48.9481684375
50005 37.683077101092906
50027 37.44579834515853
51003 42.00556151628962
5103 38.29412614527322
51137 41.44840557103822
51179 40.15428674952404
51191 44.130170872841525
5129 40.624929114770524
51520 44.19461851775955
51660 42.75145893217214
53021 36.36302915780875
54025 42.92912059873223
54087 41.88999534836069
54107 41.60326373256528
55117 37.67299642160113
55131 36.73944839314752
6015 34.67101885832239
6057 45.706883024316944
6099 44.69956706638908
8035 46.56618595181698
1003 40.38772801488089
1041 40.22511286838251
1107 38.65452646885243
13029 40.18274860657922
13037 40.79527319398912
13111 45.966625102732266
13121 41.427778943139344
13133 44.512844917647506
13151 43.102010705464465
13171 43.3682578078306
13249 41.75862713661201
13273 41.04072466734974
16033 43.601491636611996
17087 40.8141913217213
17137 36.72995355546449
17151 40.895235463114766
17167 35.46375066618851
18063 38.74233714910214
18107 38.58036370856557
18153 38.787860911475356
18167 37.153480522524596
18175 41.117180147546456
20003 39.31623804098355
20015 38.51582389828141
20053 39.16673455327867
20089 38.33761771038251
20097 41.81787186885245
20105 38.89261632513663
21079 42.92182289822407
21091 41.221362974492045
22073 34.974706489275995
25019 43.05630709508194
26025 38.747610509658465
26065 37.55803517095082
26123 37.89194438774047
26151 37.32597281559562
27011 36.51640158289071
27153 36.03967875239071
27171 35.90593383125953
28005 41.00460532788253
28101 38.38106363715844
28105 38.27510448736338
29015 39.599951316060114
29049 38.245307696038246
29163 38.451484163387995
29173 38.05724156377322
29201 41.89293643551911
29213 40.02119468825136
29219 39.13291721038253
30025 40.79342917213112
30063 39.324623667486335
31035 37.484685077868846
31089 38.030833652322386
31135 41.358236415300595
33009 37.36051840294538
35005 44.65291431480601
35029 42.02550847042894
37019 43.20159501333606
37031 44.79900711906008
37065 43.26500487097979
37121 45.37924782650272
37133 42.810297331989084
37181 43.194074063114776
38103 36.090259867486346
39099 38.54617271935983
39149 40.116652506284176
40067 44.75642169307023
40149 43.32342139890708
41015 35.075378153002745
41071 32.75556668047868
42039 39.99955815763387
44007 38.6156219105954
45045 45.228032942545894
46045 36.723060393442616
47093 45.35148934359128
47115 44.089632977677596
48063 40.88132643989155
48129 43.988397016393456
48177 39.24662997496804
48199 39.4068260886552
48203 40.355869293909564
48211 43.50679977868853
48361 38.364488048671845
48365 39.9761102964254
48379 41.502861730874315
48383 43.40189556284153
48475 44.67247118399453
48479 33.37520780895656
49009 47.654716366120255
50025 38.590951000144784
51001 44.83235904207653
51059 39.185423322509294
5115 40.202067734956266
51185 43.371299242174864
53013 38.767158407103864
55063 37.16802558262297
6109 49.48421964753555
8007 48.06646135724043
8067 48.47435826448085
2090 40.38456311572579
2185 40.38456311572579
2240 40.38456311572579
15003 40.38456311572579
1013 39.956718061021846
1045 40.10648637413937
1079 41.54183550182734
1113 41.699294149456286
12037 41.342254382513666
12049 38.76154914341808
12091 42.07289992317215
12131 41.14580623199725
13033 42.662253158469944
13045 42.84915450867483
13141 44.08303478825135
13161 40.47962886065575
16009 38.161826472677575
16075 40.89693056352456
17143 35.53676850677598
17181 41.15285673715848
17185 39.37928930806012
17191 38.86219086338795
17199 40.01423342404372
18019 39.64434472907951
18027 40.0985028122541
18105 40.130187953548955
18139 40.51713599344263
18171 37.36389419535521
19189 36.42758850821585
20061 38.52752511372954
20117 37.602641413934435
20167 39.6896732855191
20199 42.71690818306009
21063 42.42662095901637
23013 37.52758794016392
23027 36.589561556694
27073 36.961794231311465
27103 36.72627010617486
27147 37.433006169740416
28085 40.12274316074047
28099 38.14300646448359
29041 38.11203967759287
29127 37.309051493169406
29181 40.63629997472676
29186 40.12392889275956
29227 36.83554384426234
30033 39.414061784152985
30085 38.49016736340164
31025 34.90078686384425
31033 42.813741609300514
31081 36.96864595719945
31085 41.06025673224045
31121 36.9629537896175
34033 40.63775320914315
34035 39.094599711994285
35028 46.275115202868896
36025 38.76461529001093
36049 38.08372737508745
36059 37.66914506053385
36095 37.670286770833286
36103 40.723626595314734
36117 37.850853058480865
37151 43.59768900556309
39073 41.997979566363384
39111 41.37683164549181
39121 41.43694618855465
39129 41.74368555044809
39135 40.88505354304289
39141 42.10852590871581
40075 43.583031709464485
40079 41.27253630396176
40107 41.516116264344255
4012 45.3875627935519
40151 42.41346145719123
42009 39.99791975681691
42015 38.59217156440163
45071 43.649514665300565
46051 36.8773615273224
46067 37.31412197270766
47007 44.80399218032788
47077 41.45728707969319
48005 40.500150536625675
48147 42.40105474253334
48151 43.586099575136586
48155 43.888107032786905
48215 33.78858723542211
48299 42.3844600906194
48309 41.31689613797763
48321 38.542307677049166
48333 42.30483049180327
48385 41.463246751366114
48395 41.76908095081969
48405 39.80342172314754
5083 40.71061704642347
51083 42.788220487849756
51193 42.7611408770492
5145 40.23900181293442
53047 36.233629181420774
54009 39.849054931240445
55015 37.4083773246421
55031 33.551070193967206
55047 38.23440796128962
55137 38.2647170085874
55141 37.98912541096449
56013 47.00124821284155
56039 46.13700121857928
56041 45.71503617306828
6103 41.24446132044532
8005 44.66885698283609
8081 47.699552991803266
8095 42.24279432240434
8107 48.259259110997284
2195 40.38456311572579
15005 40.38456311572579
1053 39.5607927283033
1075 39.33743854918307
1083 42.572538973273225
1131 39.05122371516391
13081 41.22731350546721
13105 44.71432815573767
13109 40.5241463378743
13113 42.39301129439891
16037 44.719332013661166
17157 39.580515280830305
17203 36.791490493297836
18059 39.41209395573768
18093 40.62718870846993
18155 40.410962329686626
19001 36.2785495765164
19019 37.32339636841526
19131 37.21963598360927
20055 42.714097658262304
20059 38.68458283770488
20169 38.43869790504098
21035 41.96724447933878
21111 39.617229088954915
21181 42.43234359699454
21239 42.427905472677644
22019 36.563800958826526
22027 37.923621769945335
22051 38.93945760444782
22075 42.23183323410653
24025 40.52021816507266
26081 36.83957551361204
26127 38.98500463780053
26155 37.75539635664753
27057 35.84233903004374
27087 35.820692692622956
27089 34.916695189207644
27097 35.51820784016394
27101 37.37997917303828
28065 39.90900800909563
28117 40.4096490021858
28155 38.48220936976776
29001 36.713734419590175
29017 41.10706339710849
29027 39.07120259494535
29055 39.79983044172674
29067 40.351242489062855
29139 39.105943588114734
29195 38.52408613319668
30037 40.896410273224035
30061 38.96125465710385
30073 38.874516226775945
31133 37.026629262295096
31143 36.39381692349726
31167 36.83726735928959
32003 46.15958014544099
32031 42.169346632401655
34023 38.16719681907843
35013 44.42272885307374
36079 38.67602346610741
36083 37.375709942478146
36097 38.321243184699426
36099 37.829872552185805
36101 38.901674073046486
36109 38.10717706937154
37013 43.64766295778958
37081 43.05390128685056
37171 43.12725393406008
38005 35.620393159153
38071 35.59027607648906
39087 41.4095209845301
39095 36.821638451622384
39143 39.037609542095616
39151 39.80739143948088
40131 40.95456808528691
42003 37.600452991059015
42081 39.02010847599179
42133 39.20368132858139
45055 42.675106111112015
47061 44.38603787295085
48013 39.657951961065564
48075 43.68510816530056
48163 39.16978899908636
48227 43.724519609016376
48245 38.27532442760301
48255 38.257826739754115
48257 41.99389789892184
48279 44.68587307650272
48323 39.09893404523768
48397 42.05847248782376
48459 40.8327878774347
48467 41.914745029508204
49049 43.605310615377036
50015 38.08688997813663
51103 44.514736132945366
51183 43.07132298415299
53027 32.95027914929374
54021 41.53234219808742
54055 43.21939680898361
55005 36.987505386338775
55029 38.40109032362299
55079 35.09099336848907
55129 36.287416389617476
56023 46.179208027322396
6089 40.48084405039972
6113 40.55587125137707
8087 43.72244461714478
10001 42.380877824128405
1123 41.687884319672094
1125 39.130765603179526
12071 37.195255649292356
12087 40.22829176846448
13031 41.03256318352184
13059 44.67616171002729
13063 41.64546402136613
13139 44.050127894209865
13309 40.88684695218581
13311 44.8117320726776
16035 38.69492139617488
17085 37.192866986363356
17153 41.5631472773224
17189 38.611732418715874
18039 37.680538644494504
18089 34.61907750881969
18101 40.5516220746967
18129 40.383633817715584
18131 37.29944408265026
19121 35.82666586428963
19167 36.734514355183066
20079 37.877422462210355
20113 38.51590206089891
20151 41.13054291898363
20163 40.08458308060112
20173 37.34591921326778
21059 41.08274658030028
21157 41.53080839298363
22041 37.02524794537239
22057 41.035294393453555
22063 42.287206829817734
22081 38.359764412568296
22105 42.65724358989071
24009 42.88547062615137
26059 39.170952373849744
26083 36.68518840300548
26115 37.295966792559874
27013 36.63819534925409
27017 34.3655874805
27033 36.77927557855192
27099 37.29970736039347
27111 36.268520699631125
27115 35.349911923838754
28057 40.060504499999965
29025 38.058820020491815
29087 37.58863357012022
29149 40.235540370672105
30051 38.71843096174864
30107 41.26701825956283
31005 41.41737448907106
31053 34.97579694077597
31183 37.87639016939889
33011 37.29120926390436
37143 44.05807753278961
38015 36.93716879755465
38043 36.37965873770492
38047 36.81081300546449
38073 35.77416960475141
39015 42.311391821807916
39057 41.30039866760712
40027 42.28271587871309
40129 43.585454784153036
42037 38.84908506522407
45023 43.563227671136595
45063 42.558644724385246
46049 36.86235932786888
47005 41.90001686612024
47119 42.642230605933605
47135 41.921421956284135
47159 43.420873461202156
47179 45.093491750057396
48081 43.16817043442624
48133 42.69829711803278
48259 42.7611919981675
48461 43.81086256693988
48489 34.75973053060109
49017 48.866609933060126
5061 41.185247841557356
51017 42.348411800546444
51139 43.47446324043716
5127 41.61553635061475
54011 41.00831697900874
55051 36.85233918667214
55053 37.721790201639365
55085 38.21929333019676
55125 37.854067390710384
56037 47.30363653622403
6087 35.79787251781556
8039 46.548687293896144
1049 42.87979157592894
1115 41.507012204937155
12001 38.590386600092884
12015 38.243962069081974
12069 40.22353916968305
12119 39.64487159476502
13007 40.54867496174864
13011 44.49671696516395
13079 42.731870076519144
13219 44.75322407058198
16017 37.27960930478688
16063 43.796432453551894
17013 38.5492992773224
17071 36.251351891612025
17107 36.22067018135245
17197 35.50071769915297
18065 39.9015939201287
18083 39.473985415573765
18133 39.156228394633885
19025 35.796101931010945
19029 36.31107425245901
19087 35.92134167322402
19135 35.86063717031965
19163 35.83983095321038
19175 36.29831088524588
20131 37.66111295538795
21043 42.42735372089426
21151 42.76488916321256
21185 41.16841208956941
21217 42.829039290710355
22005 40.8002843343235
23001 35.214694793046405
25007 42.8893974672131
26045 38.013750710969965
26121 38.706230101412594
27021 35.88662667404374
27133 37.210224728579234
27159 36.129566417128416
28051 38.64756553825137
28089 38.750137275330324
28119 40.726545024581185
28145 40.18654134696174
29053 38.806085231147534
29081 36.945096481800554
29169 40.03781906588251
29221 40.1931853672131
30093 41.6531729576503
34019 39.680043616228986
34037 39.4151929862623
35057 45.72456462226773
37129 42.71116255471586
37195 43.05670761950247
37197 43.34377096565844
38021 36.239238866103875
38049 36.3495795081967
38101 37.15632811832514
39009 41.76355114972052
39033 40.44354798824594
39069 39.42857236337048
39103 39.206599421010935
39165 41.63927219577975
40015 43.152124796448106
40017 42.53737545931968
40061 41.15457144125683
40119 42.81845460863387
40139 43.664126133879805
42019 39.240849869631674
42031 40.4324969191257
42103 39.33157196112295
42111 40.675345813041
45089 41.212373570806044
46013 36.405749802254086
46103 41.87815810419125
47057 45.44227863551913
47067 44.85477220491802
47075 41.828285633868866
48085 42.78644204026451
48143 42.38009085314211
48313 41.982849312158436
48347 40.486002923487675
48403 39.560555302375136
48407 42.47417109904373
48417 43.352800827868855
48423 41.50346900954427
48437 44.5838228506421
48471 42.46491982923498
49015 47.68410974043986
49039 46.66541647814207
50023 38.19248990365575
5081 40.83933531284153
51009 41.89391498573767
51051 42.71492414207651
51109 41.96094350364754
51119 44.21417752732236
51121 43.23912140307649
51163 41.90106961816938
51177 40.7364511474426
51181 43.56546386885246
5135 40.32208137295082
51550 42.293676270887964
51600 39.121198836611974
51820 42.51106837868851
51830 43.67859680053553
53041 31.919206596994552
53049 33.70121698360381
53071 37.981221204923465
53077 35.73294591839344
54031 42.67485881694535
54059 41.76565213739346
54091 41.181872433743145
55003 36.27131480133334
55009 36.773600416103804
55089 36.55719654204373
55115 37.84026428563936
6021 40.49885925910384
8001 44.52200921121418
8121 43.663565676229524
1051 41.10457782147269
1061 39.98884932375959
1095 42.489143404695085
1119 37.20334618442623
12073 39.09481835251363
13003 39.9854938761448
13005 40.04968023318582
13043 41.257783558303245
13075 40.061374409153004
13119 44.887610613114774
13179 40.15001853415571
13189 43.72183091803279
13195 44.738440007279486
13207 43.58668941693986
13265 44.33187036065572
13317 44.327542818306014
16065 44.216026464051915
16073 41.711424544617515
17135 37.055765265710384
18005 40.41066163095437
18113 38.60338174016391
19023 37.15906680928961
19069 36.647959396169405
19113 36.2788120536093
19117 35.93270847814212
20009 40.05673178381148
20011 40.08293706666669
20029 38.16532382650273
20033 42.382342740437124
20165 40.81334915710384
21015 39.92928178862543
21019 41.36401041445055
21127 41.96149527923496
21155 42.88774223679234
21233 41.45273259084698
21237 42.39766640846994
22067 36.10306188797814
24003 39.15871451802299
24510 36.296356205874304
26001 36.68150484153008
26143 37.17419656666666
26161 37.130939220081956
27131 37.56485540375408
28023 38.34217067349725
28135 40.067899372267746
28151 38.82867111160848
29091 40.3471509310109
29103 36.63839318579237
29183 37.934823859607974
29215 40.316393706284174
30009 43.438172026229516
30041 38.5931676552787
31077 37.81305819125683
31123 42.625789144808756
31125 37.051157262295085
31129 37.94490746038251
31159 35.44113478825137
33001 37.03585697996445
36011 37.87053324318851
36069 38.104554738251366
36105 39.10266038161479
37135 42.116331704528946
37141 42.4283639648634
37157 43.12416357416392
38061 38.51842273767485
39029 39.36521507750903
39119 41.263543010475956
39137 39.56561183452379
39153 38.54859007227842
40025 44.121623617486335
40085 44.91620422403196
40115 40.79718904857647
4027 44.68181095557651
41003 33.59878148709837
41009 31.761245110928975
41027 35.052595972677565
41035 39.39734188551909
42045 37.73626024618278
44005 41.311698506243204
45021 44.512740841538246
45047 44.09584106399643
45079 42.36135121472406
46069 37.471841112021885
46097 37.204412672131184
47107 45.99142592349729
47147 42.02547410109232
47173 45.00621764617484
47183 42.219318965461746
47187 42.103044323746715
48169 44.10898722131148
48197 43.75110229234973
48207 43.85187589480875
48223 41.27266950698196
48291 41.651869292930584
48345 43.914549161202196
48357 43.781304755920765
49029 43.747682445355174
49035 41.51795795086775
49057 42.80408523016395
51011 42.31327312296176
51015 42.591490888838806
51049 42.26819608333333
5107 40.82336537659369
51113 42.824198684426214
51147 42.38277920710382
51167 43.46583308622951
51750 43.232891399819685
51770 42.463276249704954
53031 32.1398820866639
54043 41.71871317704916
54069 40.36705375912298
55071 37.56881080702461
6011 40.04340289945351
6035 44.62447977716391
6071 52.71876359852455
6085 34.97469721450111
8073 44.68819991120219
8105 47.62284130689616
9003 37.98057253093936
9015 39.59095685628413
1035 39.52708821748636
1129 39.03154596448087
12019 39.00227789316666
12055 37.78103305101093
12107 39.14498336736615
13125 43.57131184972678
13153 42.35537760301913
16015 42.75836353551917
17047 39.31136618488797
17049 36.820934585040966
17177 37.06828948906341
18143 40.82122646393443
19059 35.83593658469944
19107 35.817316895491814
19197 36.11618951748636
20001 39.731325087978135
20027 38.24395299316938
20047 41.507893307377024
20057 42.368910300937166
20069 42.73028912295081
20141 39.27395622131149
20143 38.53631525409839
20161 38.39930979937979
20209 35.784627369609595
21195 41.73972268336611
26029 37.18930255232784
26075 38.73355585164754
26139 38.299660175174886
27129 36.871280688959004
28025 38.59076454972674
28059 41.16163182384973
28071 40.632341700000005
28087 38.680577710395916
28149 38.30529952276584
29069 41.973617075409884
29177 38.22852537568306
29187 40.49976614034702
29203 40.18404936885248
30067 43.41258476320491
30069 39.722464710382525
31007 43.98757938251367
31031 39.720753789617454
31045 42.53370063387978
31073 39.71359083606559
31091 40.54244755737706
31141 36.26806167640983
35001 45.24101326271858
36085 34.997345439924906
36113 37.86891104064204
37049 43.34487680522134
37131 43.14412821366122
37149 45.42820171155462
37179 43.609898576813386
37183 41.92683900549289
38003 35.65886541598364
38081 36.27908976502733
39017 40.68906107931144
39019 40.45866542624043
39047 42.36357482281774
39155 38.77041331252049
40005 41.9046796441257
40013 43.016288652985274
40021 40.89958055223496
40043 43.39123205829237
40091 41.49766426274865
40095 44.279158747950795
40125 42.58579277516938
42073 38.51639787296833
42125 39.02060031496581
45081 43.38445072896174
46023 37.5371502076448
47071 41.15551326868308
47103 43.35347405495929
47167 42.294458409185815
48033 44.177827846994546
48099 42.233866680032
48173 43.81849717486342
48179 43.89129715336069
48217 41.86907031470274
48371 44.007797665300565
48445 44.86364430512568
48463 40.46271335573771
48495 44.93877343168306
49023 45.015164852458994
49027 46.510140020937165
5019 39.25728261803281
5033 40.63431714880602
51081 42.992974027341525
51161 42.60896204218851
51640 43.61200069945359
51685 39.77499215163932
51700 43.168851490210386
54099 41.29337883808086
55013 35.98754682833882
55057 38.07006623107378
55087 37.18164643408471
56027 44.61339046721311
56029 44.84817051092899
56033 43.90332602822675
6053 37.3466150153142
8025 44.91497427322407
9005 39.409824156420775
9011 40.34548759915822
1099 39.38621834312019
12013 39.46062253732789
12021 37.41974469335248
12077 39.261308071038265
12089 40.91612530713933
13065 39.61158703688529
13099 40.39393041092895
13159 44.36191697450547
13235 41.75933144171858
16061 39.26595633242622
16079 38.43710332149182
17003 41.89700409221313
17057 36.32342518421308
17061 37.61732540819672
17083 38.00961839389153
17123 36.93765757267759
18021 38.53102068487702
18035 39.0705408898899
18085 37.944904151887975
18149 36.87678413661201
18177 40.25319683961774
19149 36.624756746368874
19151 35.4654971502896
20191 41.006507894811456
20205 40.19129929576508
21097 42.13914789398906
21107 41.539997298928135
22009 39.28061840527322
22021 36.46880096995082
22031 39.31074614441913
22077 40.72369902457646
23009 38.195722970748626
26047 36.899495028005475
26105 38.90907858196722
27001 35.51104489295356
27039 37.58423085300551
27041 36.3211028895
27091 35.975389226308714
27113 35.09709962677594
27121 36.36090840300546
27125 35.25158703415305
28007 38.35925319031688
29065 40.197779700136635
29071 39.05981793557379
30109 40.18492687431695
32011 44.53478104918035
36089 36.47051562031423
37063 41.91820333253824
37085 42.853427942514756
37087 47.47251685320215
37193 43.687789371964485
37199 46.11720375355189
39059 41.04722621775951
40141 43.858213834972645
42053 40.51885160747543
42113 39.23747790846991
42123 40.355987684538256
45027 41.37553487636614
45035 39.899275738142094
45069 42.68134086492895
45075 41.18641060382511
46015 37.48377414480875
46027 36.97695468668853
46089 36.68189243169399
46101 37.488487964480875
47165 42.35736496817674
47185 44.194057893442626
48041 41.45044832039969
48123 37.748383684699434
48367 43.93166722447046
48507 39.23433494535522
49055 48.58724621857923
5021 41.5322546862596
51013 38.37290008803143
51057 42.64592705827323
51135 42.794452566939874
54005 42.136098000683035
54083 42.92715947112296
55041 38.66131180942625
56011 43.67829665710381
6003 46.30274126502734
6023 32.03534784144534
6075 29.26382630362377
2050 40.38456311572579
46102 40.38456311572579
1047 39.373219635344284
1091 38.04794931739892
1109 40.479068128415314
12063 39.75883628716118
12099 35.071603823103835
13221 44.66497979849726
13227 44.42389830283331
13233 43.53610607610656
13237 44.34494732786883
16023 44.829419142076496
16045 41.729192707636614
17021 36.40895780491806
18097 37.75864236860521
19073 35.81047793784149
19093 36.43154885427593
19179 35.67448378194262
20101 42.32318097267761
20119 42.916235258196735
21045 42.795633450819665
21141 42.1945809344246
21159 41.54096700911202
21203 42.66186092418032
22059 37.55817818851367
22101 41.70987498333606
24005 37.71133677842107
24031 38.78280612636583
24035 42.77017610853935
25013 38.66531716244702
26063 37.26166701004645
29045 36.050541010898954
29137 38.364416698543714
29185 39.93419161021313
29197 36.15644553825133
30027 40.52277522950822
30049 40.583128148710344
30053 37.549359284153034
30077 40.37352972267762
31071 38.38927727322401
31109 33.9574083942139
31157 43.640176509431704
32017 47.35896048633877
32021 45.431211265027315
34021 39.45847484871177
34041 39.05174235209647
35019 44.90982055737704
37035 44.03238530514701
37093 42.89157001003386
37117 43.32681636885793
38007 40.16516109016393
39021 41.20254631420764
40037 41.62806698138797
40077 41.25152463387155
40103 42.960395931693945
4011 47.0346667722923
4021 48.759356508663956
41007 33.59397092213661
41031 37.11516294353822
41059 37.597043433888
42079 38.64482436942626
42115 38.742582394677605
46003 37.22119183060114
46043 37.370336685792346
46063 40.701533079235
46081 43.27156892568305
46105 39.62229948907102
46115 36.60849922494809
46123 38.3287059931694
47017 41.89632245628413
47029 47.56566019949181
47059 45.98919104481691
47129 44.46418129999999
47143 44.95743704324861
47149 42.96673355227213
47161 42.00970317759563
47171 45.844878848360665
48053 42.40855293784155
48107 44.199827911644846
48359 44.36801134153006
48457 39.968186277049206
50009 37.50267042530872
5015 40.12115906448088
5073 39.775521292349744
51021 43.45915462568304
51036 43.00600180327595
51093 43.20468157718577
51107 40.37178996084237
51117 43.32181077140053
54075 43.3647078032787
54081 42.73051551831804
55097 38.056966503710385
55101 36.517823019025684
6013 34.91809501858985
6073 44.00419227065576
6083 40.863833701101065
8089 44.585032139311494
2150 40.38456311572579
2282 40.38456311572579
10005 42.948297816575945
1069 39.980187852830596
1073 40.26726716998115
1089 42.9987049827079
1111 42.00269624499453
12041 38.908147119125694
12133 39.91163278686341
13073 43.11129640765027
13083 44.12703138729508
13165 41.85406927595628
13261 41.309660409153025
13275 39.92520242151092
13289 42.86340553142075
13301 43.823943633879765
13319 43.25303960836062
16001 41.64854195714482
17079 37.709464035508184
18125 40.080934534836075
19037 37.618239023224085
19061 37.056440508939886
19101 35.59711564617488
19127 36.2100599478142
19159 36.577971754098385
20031 39.1737441284317
20075 43.20092021311473
20149 38.325624903688535
20153 41.6069927814208
20155 38.93743678351363
20159 39.24550671312295
20195 41.400518382513674
21169 42.91651318943441
21207 42.8556680830601
22091 42.193340781420765
24047 43.52128677910658
26043 36.84746578691803
26107 37.603688182805996
26113 37.395017730874294
26135 36.568680691803266
26137 36.57104145582236
27071 35.29496224726772
27155 36.307828278688525
28031 39.59116544672132
28103 38.004963350644815
28113 40.98422806045078
28121 38.9613932614631
29003 37.71274057035519
29023 41.03030312349728
29035 40.434926859289604
29051 39.210900132073796
29061 37.556792137978135
29123 40.8723391976448
29133 42.39603944672132
29141 39.52081173333333
29205 37.5920510364399
31021 36.38512069855741
31179 36.98440339207646
35003 46.40550979234971
35009 44.31010758833335
36013 40.79859013191529
36111 38.253576017847024
37001 42.88745946045519
37027 43.928756998568296
37043 46.622654303278686
39169 40.367398154967205
40053 42.28290650683061
4009 48.043496236789586
42021 39.599747713648625
42087 39.62464353140436
42093 38.75082913729505
46017 37.45340658469945
46065 37.65322966393443
46121 38.89792896174861
46125 37.356603139344244
47125 41.75139372677074
48045 44.1909337650273
48079 44.79516192622951
48195 44.02252423907103
48249 35.7371743196716
48329 43.92728556971857
49011 42.35903856513091
49013 46.182769958972706
50013 38.10432465163933
5017 38.31416607035516
5023 40.52356696954919
5029 39.7817741561612
51007 42.59853577732241
51053 42.63906840321557
51063 43.7235253934508
51067 42.889421919945356
51095 43.66158047564481
5113 42.378712955833336
5131 40.63367472719129
5143 39.728083443259536
53059 34.13579504316937
54003 39.9094466803134
55055 37.638190247404374
55107 37.083231640983605
55127 37.315503077859
56001 46.454516635792345
6043 51.084920859303345
6051 49.42030608558739
8043 47.424325096991836
8065 49.560486732240456
8119 48.142212631601076
2105 40.38456311572579
15007 40.38456311572579
1021 40.665430070117466
1063 37.95939337523689
12043 37.26501003961745
12083 38.45215796101366
13019 40.114916023677594
13117 43.603722108124856
13143 43.2247327295082
13231 43.01714948019129
13283 41.529443636611994
13291 45.79272625366393
13295 44.11234473875954
17051 37.16189420139072
17105 36.92139573989071
17187 36.27544764918033
18031 40.642350313299445
18041 40.57192050196419
19075 36.853360132513686
19141 36.39737059699453
19143 36.61506481693991
20193 41.9804606079235
21025 42.45056172171037
21027 41.831472670303256
21173 42.50875926637708
21177 41.762457822713955
21223 41.235126931694
22109 41.54026942373222
25027 38.98696505914314
26005 38.791582460046456
26013 36.78477081830604
26027 38.26331403151643
26053 36.88937758430055
26061 36.431489181967194
26073 37.388862263762306
26077 38.60729436969948
26097 36.569532353551935
26153 36.588174954461756
27009 34.96468616393444
27063 36.26595738729508
28003 40.64697565145435
28081 39.82044010410954
28095 39.318720554043715
28139 40.573856973360634
29009 40.17210041920492
29043 40.33013521723227
29075 37.23533154234973
29095 36.2823649449273
29165 36.73235808606557
30017 40.48382624910107
30045 40.83226716939889
30101 38.47989275045357
31099 38.75261012158471
35015 45.7199589004836
36005 32.6919719448738
36055 37.55195392550549
37033 43.12837281193443
37069 42.94639882376419
37099 47.25581590406828
38055 37.97323153142073
39001 42.444750073343386
39175 40.26460713480876
40101 40.78469149476503
40109 42.13549123690436
40127 41.47646618213388
40135 40.87477078837706
4017 49.37375900642618
41001 39.643112803265026
42025 39.04917212499182
45003 42.80669148113933
46025 37.16972665027321
46119 37.508338259562855
47041 43.92154112090166
47069 41.11329407920848
47175 44.58408296311476
47177 44.354757624464774
48077 44.795977124799684
48091 41.1859637764115
48137 41.786864863387976
48161 42.28960829473035
48183 40.28383054142078
48221 41.517142454098384
48235 43.237153270491824
48315 40.839127110655745
48319 42.10559249590163
48391 36.72166768579236
48425 41.83539622267756
48455 41.96712825573771
51031 42.19376446699183
51087 41.76863292098113
51145 42.324744146448104
51595 43.01599211065574
51678 41.79172946448086
53073 30.5555640166276
54013 41.77740269808745
54023 42.981084533699445
55045 37.51063228654372
56003 43.57251291348361
56007 47.39395447431697
6001 31.54381476275823
6025 44.69085794448635
6055 36.02258139173495
8101 46.073000390803266
2198 40.38456311572579
2220 40.38456311572579
2275 40.38456311572579
1043 41.70151152200818
1127 40.713768562071
12039 39.51435020310656
12061 37.24617693361201
12097 39.427672525661194
13015 43.50930795901091
13069 40.23974702641532
13193 41.90432183196723
13305 39.7994565801858
16055 37.27578825071037
18077 40.94327696292733
18081 39.31279118380214
18115 39.80054616120219
18135 39.63325565778689
19091 35.62864366530055
19161 36.07351128142075
20187 43.38162761748634
21011 42.41652704097816
21047 41.64910547022458
21191 41.661598599278705
22083 36.197132629345084
25023 39.104789861092875
26015 38.47334425507104
27045 37.54328665983059
27067 36.5390137003607
27081 37.662192830601086
28035 39.92291710463389
28063 39.1374546830601
28097 38.69354266393167
28107 41.009544017773194
28129 39.079094641155734
28141 40.63477586748635
29013 39.519121854508185
29207 41.723830408469944
30007 41.38409487431693
30079 39.87786172131151
30105 38.034958212202184
31011 37.18830379918036
31019 38.54624198037432
31163 38.29286865846995
35011 44.43737724590166
35031 47.40872838718848
36123 38.53642235355191
37109 44.29343185006527
37137 44.28618243442623
37145 43.23595528417487
37187 43.78913987431421
38095 35.40930690437158
39003 39.36853080610876
39089 41.415357977050014
39105 41.48630403644266
40009 43.45608717144809
41045 40.81088709392075
42047 40.80320078143443
42099 39.116465648633906
45009 41.32281820560114
46093 41.67954051256829
46129 37.5825503647541
47035 44.6762581963388
47113 41.2264403723899
47153 44.621156958103846
48001 41.71905933806421
48157 39.36100728664727
48213 42.40181347238826
48247 35.01254000000001
48293 42.21389055464478
48473 41.40348166666204
48491 41.58402639811667
5037 41.54132320948632
5089 40.05095090915298
5093 42.06069322018853
5101 41.06850921721311
51023 42.169018771857914
51069 40.898281554653835
51097 43.14202702185795
51127 43.079639418027334
51760 41.725378427666655
53001 36.79274387923498
53043 37.219904135245876
54017 41.441190722677575
54019 42.508914545315044
54041 41.52272676612021
8097 49.28701591598361
1015 41.8800018611284
1019 42.5694707267732
12075 38.906953200653014
13101 39.4712806980874
13205 40.4317848180328
13287 41.02412587841529
13299 39.62691811749454
17015 37.01037254189343
17037 36.51587738185247
17145 39.508845102915295
18047 40.78213717650275
18051 39.80440017600931
18141 36.26943469331965
18183 38.261023487898896
19165 36.33806674726777
20043 38.03378302637434
20087 38.33932178346994
20147 39.64238181967217
20189 43.455841105191254
21037 40.03858997540984
21055 41.24415196311471
21071 41.70427770792352
21099 42.761614262841555
21133 43.107260496103834
21139 41.06827389617487
22047 40.57932611088062
22123 37.22001233970957
22127 37.19010642964485
24015 40.9580630222992
25017 36.00596494405056
25021 36.58703398413822
26023 39.191729726322414
26111 36.81533811878692
26119 36.25142397322405
27047 36.94058057978142
27075 35.31196567667758
27085 36.74218574862842
27127 37.09628420214751
28033 41.413005094901656
29083 39.36569799816122
29093 40.638666562841514
31017 39.08645751092898
31069 41.995887978142065
31087 41.237593521857924
31103 38.56959258196717
31105 43.76068581967215
31171 39.98594588251367
31185 36.39729418237707
33005 38.36749932227871
35039 46.55413458315301
37095 44.89412336338799
37113 46.7204186335765
38019 35.26241643306012
38035 34.88552467576502
38085 37.94776339754101
39157 40.90593274654755
40041 40.65287936550272
40121 41.351604980868856
40133 42.171269268669384
40143 40.309634876834146
40153 42.99939811912568
45049 40.97585833387979
45053 40.79939175956284
46009 37.417079456284135
46047 42.746456021857924
47047 41.930517604548655
47083 42.18234820495081
48031 42.21812288387977
48059 42.72350440891805
48073 41.19576721788439
48153 44.32825654371585
48181 43.79109164080764
48205 44.162608811475394
48219 44.77720253084697
48271 40.70449213661205
48289 41.816101406165856
48337 45.416587432616666
48353 43.31652048142078
48429 43.31426925136886
48431 43.497784975409814
48443 43.131756374316936
48453 40.44117067863359
49001 48.04450457377046
49019 49.30977846174861
49043 44.63650658573496
5047 40.56180244078961
5087 40.50908369467213
5097 41.268031539144786
51530 41.88063550273224
51690 42.814947391803294
53037 35.81855397096997
53039 35.424180202185795
53075 38.38872644043716
54033 41.103099332724334
55017 37.18748395505462
55091 37.504352122950806
6115 42.43636630306553
8014 46.07507977230873
8103 48.00892386338794
1023 37.798212135245855
12059 39.953021832650265
12123 39.73938254508195
12127 39.288424293677586
12129 39.70412784972677
13107 41.83183405646449
13155 40.72223678005467
13169 43.706054127978106
13253 40.036894599300524
16041 44.630112323770504
16059 43.06492409836886
16081 45.50473177322405
17029 36.6810596561639
17115 36.30220331298908
17165 40.21574147208634
18025 41.19291030142895
18053 38.753003538642076
18055 39.948356699459005
18137 40.66270015164834
18147 40.62854221420763
19011 36.60056826230054
19085 35.891089554644815
19123 35.8222119094399
19129 35.00597505355189
20051 40.47732390026506
20129 43.65464818852459
20139 38.72988683770492
20179 41.487366497267786
20201 37.65956177868852
21137 42.80084143167489
21149 41.650605214022676
21171 43.038347169398925
21205 42.41487226092897
22025 38.23313895446447
22103 42.61215697571035
22117 41.36427798209837
26131 36.66789080419943
27007 35.71895505464478
29157 40.86445272021858
30005 38.93335245423498
31117 40.78020247814208
31147 37.26842238615302
32023 48.40496163879779
32027 42.792726431693985
35033 45.97099836885241
35051 44.25524487636613
37029 44.27532913797813
37089 46.06108199899723
37163 42.70221165774122
37165 42.78369314517459
37191 42.89730134947676
38059 37.57385119234971
39007 39.70465420655738
39041 40.198965571831394
39051 38.930628956587434
39067 40.829811051912586
40049 43.62040524104648
4013 47.13069376036068
41043 34.100733164196726
42127 39.20847424219675
45011 42.02714928459287
45031 42.39353600583876
47031 43.99562159879043
47117 43.17370933697075
48037 40.63803558573882
48209 40.87205203606557
48263 43.84525908743171
48307 42.25835001183605
48311 37.42528736065576
48381 43.845608849816934
48401 40.62053758511861
48465 40.96603903497271
48483 43.510098618852446
49051 44.92372965983604
5043 37.948506341530056
5063 40.18431040300544
51029 42.1650064576503
51125 42.337230682139314
51155 43.27524574344262
5121 40.75361193306012
51610 38.538590399825424
51683 39.93136237629704
54067 42.92684008352461
54071 43.350987258650264
55021 38.11642559060379
55035 37.157642670901645
55049 37.75492076684698
55111 37.93084653637432
55135 37.934238434887945
56025 45.25526819430328
6041 32.072982741776755
6101 40.95681371101369
8019 49.94458660931694
8099 43.504833298907094
8111 50.218399516393426
2110 40.38456311572579
2170 40.38456311572579
1011 41.25264995538799
1065 38.3713396088415
12017 39.34424341892625
12125 39.26999571948361
13009 43.96271532938796
13177 40.830272624590165
13243 41.07433826366117
17005 37.57506474658471
17075 36.92180327625136
17149 37.55270407322401
17173 36.62075555919398
17179 35.66780375745356
17201 35.90790013728197
18157 37.784017408887976
18161 40.771421312841554
19039 35.99023267579236
19049 35.41383553151092
19083 36.553541193524644
19147 34.99902234153002
20019 41.19391484972676
20077 41.384591333344254
20095 40.316501096543696
20125 40.92651168536884
21081 41.364009945355185
21089 41.77778663476612
21193 43.00224930259566
21201 42.31022336338801
22011 38.22015694537348
22055 40.526587325414496
22099 41.022922578231956
22111 36.18143133969863
22119 38.72335122155059
23021 35.25835426400273
24029 42.20751830437159
24039 44.07636088211201
26163 34.73772688514998
28073 40.211667540983576
28091 40.498936045062834
29107 38.403528531609275
29151 39.36045092213117
31041 39.1174576646175
31137 39.34218396720767
31181 38.42808499726775
32033 46.48933392257374
33013 36.90443815650545
35037 44.41754454552186
36051 39.055257824215836
36067 37.11040426407922
36119 36.450025380651354
37037 42.486004650492916
37139 44.07330806557378
38009 36.06768758740984
38029 37.21972767486339
38037 38.8496587568306
38069 35.81469910109289
38083 36.88423064207648
38087 40.6022808196721
39097 41.39027818716117
39109 40.26791043284781
40003 42.26595137704646
4001 48.47926752346176
41037 40.71107662295082
41039 34.22945368825411
41057 33.93805342998635
42001 39.983475857203246
42033 40.69339405737704
42129 38.8214622529235
45059 44.6059045559153
46031 38.009551870218544
48017 44.56852245355191
48021 40.737938181967195
48083 42.571249121136624
48101 43.84445240710381
48159 41.035077214021086
48261 35.061707740437136
48317 44.23247324453548
49053 47.98801567134427
51037 42.56855639071588
51041 42.09361696670164
51149 42.30611546214754
51730 42.208561047669434
53033 27.589178430258457
53051 37.00528876393442
53053 29.553336942603565
53055 31.08517360997269
54077 41.543706660177605
56021 45.06712651833607
6017 47.67207447825409
6097 33.822625246732535
8009 43.99651469808743
2188 40.38456311572579
2290 40.38456311572579
1081 41.70260449342078
12085 36.83237438592349
12121 39.31493474786343
13023 42.13252072223224
13137 44.69149226229508
13173 39.7714343592896
16021 37.48985496038252
16027 41.0092430510601
17073 36.496117127754104
17155 36.81854898497267
18049 37.691955556909846
18121 37.90069096038251
19183 36.06302559836069
19187 35.72551797471584
20025 42.55658478415301
20099 40.68001406796445
20185 40.45503882786886
21029 41.044709095942046
21033 41.518403988169396
21123 42.604945224043725
21189 42.5933575874317
21219 41.94502586816938
21227 42.32707295093361
22015 39.20982269102022
23007 35.8202669878552
24001 41.23122461553282
25025 35.01019731947812
26003 36.44238552820762
27141 35.292549226035504
28009 40.80688716803276
28041 39.52089258333335
28055 38.11296111202184
28079 38.284173864480856
28109 41.17057039494536
28159 38.14986516229508
29077 40.367142269882486
29121 37.556002633879764
29135 39.14817590300546
30095 42.78765030235789
31039 36.62869595812837
31049 41.83439363387979
31115 38.84116393442623
31153 33.7897148682642
33007 37.4194326882896
34011 42.31593490950631
35041 44.43998837923499
36063 39.129466177469936
37073 43.39682308926502
37107 42.74123326286422
38027 35.419113680327875
39049 39.575816563492666
40069 43.46468448726313
40071 42.39140932089619
40137 43.958745674846476
4025 49.47624794970766
41017 37.939123443541014
42049 40.29402997785247
42065 40.67615725597266
42067 39.46358164371583
46029 37.16709216940165
47021 41.90390478596613
47053 41.94774879176502
48003 44.7043396243169
48097 45.219492836065584
48139 40.91472382530159
48231 41.66134605967678
48283 37.24416948360657
48305 44.570197222221324
48351 38.9222487568306
48369 44.439929413934436
48399 42.76590630122954
48487 43.80191581284153
50003 39.327542395480876
51175 43.20969545136611
5133 41.33068615983607
54029 39.60094056933059
55093 37.38966397677592
6007 44.51207063601368
6031 51.04650969577789
6063 45.86364275993986
6067 42.82535110145904
8077 48.689696686740426
8125 42.54178586475412
1025 38.865526845172084
12007 39.24447679439891
12115 39.08496549590711
13127 40.72913708379781
13213 45.17848281591532
13245 42.66966217486613
13251 41.36713621092892
13255 43.37477578870219
13269 42.42374063024591
13303 43.27880706721311
16043 44.35534179143173
16047 43.074739644808744
16071 44.202229710382525
17017 36.51536552076505
17065 39.36148120124781
17069 40.939274006830594
17089 34.98297538318412
18033 38.71326027413936
18073 37.10039265266393
18087 38.74585004474045
18109 39.80280386865489
18163 40.404857069193426
18165 37.19435886666666
19027 36.15382076090438
19043 37.53543808469941
19045 36.70044741530873
19077 36.116297183978155
19109 35.61455895901637
19191 37.64630444316942
20123 38.58610110382515
20137 40.453009393442656
22037 41.567081631693966
22049 36.72953771147537
24021 40.30910764527733
26037 37.55830801415576
26133 37.57309374179786
26149 38.96495475827051
27093 36.37691931237158
27117 37.525834063934425
28013 39.105291404918034
28111 39.84322607195901
28157 40.41929773633878
29021 37.88700762841528
29161 39.85569479808741
29179 40.42613648770491
30099 39.45907077412296
31009 39.36291284426235
31013 42.65731603279511
31027 37.15026994398905
31055 33.33460511242269
31095 36.94886526503826
35017 44.287536301912574
36053 38.09621381833605
36093 35.17693388192103
37015 43.30737254098362
37115 46.492786653002746
37147 43.230753119784154
37175 46.96182136845625
38017 34.64722878613112
38025 39.26910063387978
38065 38.3717087021858
39055 38.778287395792084
39063 39.71192577364972
39127 41.852417459005494
40099 43.94746720580875
41019 35.13614622849728
41053 33.21235923176146
41061 38.8211561786202
42005 40.08165323039073
42041 38.74137968818087
42119 39.042506337978104
44003 39.43574545957047
45037 43.13993827231966
45043 42.26747305465302
46055 38.41440635792347
46083 37.090592393185794
47001 44.76826220733882
47079 42.0691295373388
47105 46.12797955273225
48061 34.306470570372696
48089 39.5628634295082
48109 44.9070045956284
48111 44.078736995901636
48145 41.782765624740485
48167 39.61550449388526
48335 43.392939099726796
48497 45.4465846651959
49003 43.65992557278414
50001 38.49850422240436
5035 41.19601566215845
51005 42.25904539481968
51073 44.0796270638661
51099 41.703975583606514
51101 42.88293195491805
51173 44.0247528642869
5141 40.587070664480855
51670 41.986337580016354
51720 43.73448248907103
53017 36.066397846994555
53045 32.02234136712213
54047 42.766830549180355
55099 37.57344812978141
55105 37.216606822196425
6095 37.25935254979562
8033 49.233161292349735
2230 40.38456311572579
1085 40.14756147404374
12051 37.124754179560135
12057 39.216115372896226
13067 41.9491564130847
13187 44.62019594330603
13259 41.584590090163935
13307 41.435057099726784
16057 38.50005588952186
16077 44.44778489207647
17009 36.750753103825105
17095 36.22556334586611
17099 36.70416032008471
17175 36.724974465847026
17183 36.773798813426225
18011 39.03026664289619
18029 40.22864923224047
18111 37.270422790983616
19031 36.66474596666663
19081 36.26157971174862
19105 37.03773777759565
19137 36.35999754371584
19155 34.12036296529043
20023 42.24593552459019
20083 42.09651687978142
21013 43.944560481177575
21065 42.64433032240435
21083 42.10761202764207
21113 42.83075051427925
21153 42.11008369672131
24033 38.772058818765586
24037 43.33130892333883
26055 37.31928526715848
27015 36.72287144467213
27055 37.34107293497269
27167 35.79193684972679
28037 40.011008717213116
29031 41.26163445070763
29037 38.212286589890695
29223 40.790061933060116
30019 37.930970295081934
31059 36.93827785792353
31079 37.3674620811967
31097 36.40799113661202
31177 34.76182883442623
36029 39.27259853830327
36033 38.42365362569951
36037 39.34728040765847
37023 44.13898071433059
37083 43.07450394968662
38057 38.44362445536066
38063 35.49180646994534
40065 43.60535436646171
40147 41.69284393418582
42023 40.53008837021861
42075 39.27863183296314
42097 39.11211165153009
46079 37.62197055554374
46137 38.5471535519126
47003 43.74650818124839
47181 41.526915144808754
48069 44.658114089278676
48071 41.084856115689355
48095 42.58148032786881
48201 37.99695840585574
48269 43.78797633333337
48389 44.60673813497271
5041 38.85151240928961
5059 39.168077941087425
51047 41.30860966564209
51085 41.96673584306641
5109 40.748769222224055
51187 41.71845430191257
5119 38.556191643866434
5139 37.45270972131147
5149 40.31067588433879
51540 41.832558342898885
51740 41.808069676366124
53015 31.716179245215855
53025 36.25471610063933
54027 41.69406281639343
55011 37.43981051311478
55067 38.49382534880603
55069 38.16025685737706
55073 37.85989662577325
56005 44.34494260420759
8017 43.48774398633884
8123 44.83515668327729
1031 40.00721328670493
11001 38.17425434359589
12065 39.436166373393434
12093 36.86842392714206
13017 40.79448279836066
13087 39.990404264256796
13147 45.25452827486339
13229 39.70319112568305
16011 44.455398575819665
16029 45.050513327868835
16053 43.14950775300548
17125 36.23716955739892
18017 38.01175257350823
19007 36.113615818579234
19033 36.46890877099182
19071 35.959688403439884
20071 43.10773086338799
20181 42.478033277322396
20197 38.7801047704918
21003 42.96153500774043
21017 42.339746189426236
21041 40.924940572869666
21053 43.111006478145626
21087 42.81585261680335
21129 42.51767421038527
21187 41.54377931512379
22089 38.838573431087426
26011 36.88601653387978
26019 38.32607315846993
26051 36.864533734707614
26069 36.833799080458995
27051 36.26125550546449
27059 35.49401141734974
27065 35.29811358743167
28043 39.3293001748634
29039 40.30737975411201
29097 40.553823207153
30035 38.413055663934394
30065 40.47441966120217
30071 38.26091609562842
31001 37.83728533302184
31051 36.91457657650275
31093 37.72000071994534
31107 37.4514771639071
32029 42.32585102732237
33017 37.03369736065575
35023 45.04991680054647
35061 45.642590716434405
36003 40.03009393293442
36077 38.21936162537156
37123 43.77344712656831
38045 36.14212334836068
39061 39.90608079189997
4023 45.18942598524592
41051 29.825197903351107
45085 41.5591553138306
46059 37.212061132513654
47051 43.98618625865656
47111 43.130630543715824
48051 41.56147292295081
48341 44.00987050409837
48413 42.831374565573746
48441 42.35612491651089
48449 40.83717021448088
48451 42.69012399737707
50007 38.40865673307105
50017 37.63696718715845
5057 40.10723813114753
5065 40.178139560792346
51045 42.977779893442616
51157 42.191047453551896
53061 29.253998963810663
54037 40.329480632636624
55043 37.387285785297784
55061 37.78146287021853
55075 37.64931185699996
56019 44.9148038456284
6091 44.07660745355189
6107 54.00121033636342
2130 40.38456311572579
1001 40.435293638229524
1037 41.53270401455465
1055 41.5914084287814
1101 40.781929931964484
1105 38.98661516486066
12011 33.35176379182512
12081 39.66779200735788
12095 38.60646685321855
13093 41.572553142092886
13129 44.05172019095901
13135 42.63779075147349
13199 42.55305080464481
13223 43.27421989242896
16039 42.91395672131149
16087 40.771580038262265
17039 36.59161360710384
17195 36.75021949014207
18145 40.0892920989071
18179 38.84164263662024
19003 36.52108567486338
21101 40.95983742523687
21115 41.775240239541
21145 41.39338390468306
21163 41.804845058060074
22061 36.64070174781421
24043 39.990185154748076
25015 38.904595801139884
27107 35.26437134608196
27165 36.45604062656285
28127 39.363714880327855
29131 39.563750639890735
30055 39.11569010655735
30103 40.58722373497269
31029 41.60681177322401
32005 43.566294379300565
36023 38.54341836840165
36071 38.66445325797812
37009 44.69466505830054
37041 44.02587715755458
37067 42.802235619287465
37091 43.2852563387978
37125 43.0821726824656
37127 43.05064606771258
37167 44.38013103529753
38013 37.586936161202196
39013 40.687781552732275
39081 39.95132917949726
39145 42.08415392745902
40007 43.25728692713934
40011 43.07416958688526
4005 49.80794189685247
40117 42.60308063879776
41005 31.80895556585789
45061 42.18496817564479
45077 45.45463547227593
46019 41.844130001366146
46033 43.685432325136624
46035 37.0704508545082
46127 36.75659710745081
47089 46.586260874024575
47139 46.34400990327866
47145 45.043668186032804
48009 44.22114654372322
48047 34.787716122950826
48055 40.21305359187159
48087 43.749457751366116
48281 42.37331926994535
48343 40.876612904386064
48477 41.33379308015492
5039 38.41614888069124
5069 38.62593359699452
51065 41.93313177390714
51075 42.132259281420744
53023 38.97344756010929
54015 42.17803611021308
54035 41.693318843372396
6019 49.772406276361195
6027 50.613957581494546
6037 41.39505970214372
6049 41.78646941461749
6079 41.111310966352434
8031 43.689070029673246
8113 49.74216529371582
2158 40.38456311572579
2261 40.38456311572579
10003 39.95809121137597
1007 39.85059762090162
1039 39.90290273654646
1071 43.43149144362846
12027 37.835180090155745
12035 39.95614289849728
12113 41.47558284557379
13035 43.93226324861477
13061 40.931405401639346
13167 42.47976560656282
13263 42.66487127413935
13293 42.90068839775954
13313 44.601010012158504
16007 45.2634967062842
16051 43.99158339754098
16069 38.78492174289617
17067 36.201890653792375
17077 40.35082887063009
17103 36.759885147210404
17111 35.881592015721274
17119 36.87533731115409
17131 36.407532594945344
18037 40.54704542505465
18067 38.80173893360657
19021 35.900837052827846
19097 37.08178897404725
20085 38.14891795447348
21005 42.69115160054646
21057 42.864114909836076
21131 43.39828135245085
21179 42.46830442440629
22039 39.2269715887978
22045 41.521908540639345
26017 36.69819500652466
26093 37.85177599870762
27027 34.786796088076535
27079 37.16756766165027
27109 37.19411530171038
28021 38.611940227672136
28053 38.99452222221034
28125 38.429174163934405
29033 38.23162355645085
29153 40.1225606693989
31023 35.703892721327854
31111 40.03794719501365
31139 37.225202669398904
34013 34.36494657108442
36027 38.430439110820515
36041 39.38721517281416
37011 45.07377251092898
37021 45.87814061256563
37059 43.696730455132226
38011 40.65055356284153
38051 36.89203878688524
39027 42.69056601757378
39101 40.60219384424317
39117 40.9034295614891
40001 40.75351081202187
40019 44.47813436092353
40113 41.92021358198635
41063 39.71302842987432
42029 39.70610721404619
42071 39.488302915420206
42107 39.38333488743169
42109 39.259863470969925
45025 42.60392016284153
45057 43.37127562764479
46021 37.38180483060107
46061 37.11841179234975
46135 37.276540085245905
48141 43.2324990181284
49041 47.677602142622966
5045 39.69885203519125
5091 40.30130432034506
51159 43.14579531147542
51171 42.47238074135521
51775 42.67432932622952
53007 35.880729447131145
53067 31.12973737985247
54105 41.86764744808744
55025 37.521104306250244
8013 47.59239060568576
8053 49.81875244535518
2122 40.38456311572579
15001 40.38456311572579
15009 40.38456311572579
