12033 42.87778615838796
12086 34.77291744896179
13097 41.550382241530066
13103 38.99651301202184
16013 43.99617334426232
17001 36.719316810551646
17035 36.605865297765845
18075 38.6241457888366
18103 38.33386259808746
18173 38.24432134672568
19041 36.47714873702189
19047 37.01702335464482
19079 35.47183880437161
19195 36.32736297720221
20005 38.682993575136614
20045 37.881231508947536
20091 37.111437880848875
20109 42.02831538797811
20171 42.47792455464484
20177 37.7447461261434
20203 42.33344139890713
21039 39.176019694885255
21049 36.91035493961748
21105 39.28800168579235
21165 37.506584644808726
21197 37.60121085519127
21199 40.13636743481968
22007 41.307052874751335
22097 41.59801836829783
23023 35.62022855259562
24019 42.22248718851367
24027 37.54206914861122
25001 40.691765044617455
26033 35.5568962012186
26041 37.15817050027052
26099 33.25807803862864
26159 38.00839456193444
27031 34.9093327076503
27037 33.30972096956227
27095 34.91012890672401
27149 35.31348121311478
29057 39.54725793852461
30039 38.13737838524592
31151 37.2452793756831
32001 42.17542666158472
34015 37.72192395668658
35045 42.59755082515575
35047 45.05192587587979
36009 39.481077720636605
36039 37.82415845301366
37061 40.12890459986883
37185 41.25337770445084
39011 38.67465867412951
39093 35.683439075931354
39133 37.70644629202408
40033 40.862881960382545
40097 41.328297805084695
40111 41.04705123278689
41041 33.33284127613936
41067 31.23210784044015
42027 38.15019589002539
42057 38.82613955007624
45039 42.15527963114755
47027 40.929880845628404
47123 45.06830481849179
47189 40.01370601195356
48043 42.15638264206556
48057 39.38613741311472
48115 41.80780060655736
48165 42.43148746628687
48171 41.28733877103822
48191 41.136954991803314
48287 39.671411994535546
48295 42.03025124590164
48325 40.014479626024574
48331 39.6474157892295
48363 41.46253262659645
48447 40.65844184699455
5011 38.40793594644809
5071 39.847044773680345
5077 40.169942593579215
5079 38.58483319740436
5123 40.34959258015929
5137 40.13190842894262
53011 31.73130267261887
53065 35.21467508334155
54001 39.677522325819645
54085 38.743647043730334
54097 39.8313459189563
55077 37.33199660109287
55081 36.67229786218581
55121 36.24208036236336
56043 40.3878432040246
6029 51.85791463448038
6045 31.936850395355183
8037 44.577132574732275
8047 45.42593513114752
8063 41.73340034336336
2180 39.183884465269685
12005 42.63150061603006
13145 40.533739131694034
13181 41.56645384562844
13285 40.853799428942615
17033 36.98529163755983
17133 37.66992198588168
17141 35.11398562120652
18023 38.717662945696716
18181 37.729087036202166
19009 35.82061441439346
19103 35.17128618318389
19171 35.39682570265112
19173 35.43313773861746
20013 38.32228065572402
21009 40.757561073770496
22115 40.580272285284124
22125 41.538226396174856
24013 39.32131341325108
24045 41.01216279680328
25009 36.62298982475437
26039 37.03792789836064
26091 37.399296957954064
27049 36.16187712295081
27123 31.563949257778674
27145 34.226157306207654
27157 36.04870329825412
29109 40.24392560539341
29155 40.07263354783882
29229 39.17008935587436
32013 40.569137094262274
34025 38.91063762989755
35043 46.567410712513656
36019 37.899531716715835
37017 40.699742115669395
37053 42.42087737704373
37079 40.36816397062841
37103 40.38129574956287
38023 35.38955636338799
38033 37.15216720218577
38079 33.77679868920764
39065 39.244122697113106
39085 37.10394871349972
40055 41.300779956284174
40087 40.03850773223688
41029 36.86940003767761
42061 38.35057960926805
42131 37.498010800929784
45041 41.1593046964645
45073 42.58948817177592
47015 41.62452872313389
47063 42.7675470339262
47155 45.56056911445082
48135 41.75216651229889
48175 39.09363898633882
48189 42.39010671128146
48409 37.96670465646445
48499 42.17517086885249
5005 39.660366105041
5053 37.703157646857925
51033 39.7144464980407
51079 41.46031977324316
51131 43.85366045171858
54049 38.416377889050025
54063 40.75359300182242
54073 38.67563997540984
55019 36.955506919398914
56009 42.35821597131148
6005 46.05425955770492
6077 38.240349818709284
6093 38.18827176246445
8003 42.738614638661204
8051 44.06306318920768
8061 42.11434472950818
8071 43.82449357467758
8075 41.03629776275411
8115 40.608126349726795
2020 39.183884465269685
1027 39.9847580935792
12003 40.02258120013659
13123 43.50363720655734
13183 39.100740723153024
13217 43.238290519120255
13297 43.17219894625685
16005 42.63900690874044
16019 42.532634916076525
16049 38.017162273224066
17011 35.51153604562841
17023 36.0429806912568
17027 38.609114695013666
17093 33.74260393224042
17139 35.98396112021857
17163 36.534610580926234
17171 37.74126890300549
18007 37.35755951092072
18123 39.42383542240434
19053 34.74227751457299
19111 36.44438380453824
19177 36.659042076502786
19193 37.07391618096175
20039 41.15207076912568
20067 42.20771307923497
21007 39.10581866393446
21175 37.475995452459
22035 39.83519331693442
22065 39.77220921475412
22107 40.592856192163914
23015 36.190386355502724
24017 39.350794319876236
26147 35.089191354502766
27005 35.12863554535518
27043 36.17897404599181
28137 40.64029529999997
28143 40.76180385883064
28147 41.06365402637433
28163 39.41863451825133
29079 36.27690195628414
29085 38.63580313568853
29159 37.973044713103846
29510 33.95995985096064
30047 35.96945449726777
30057 41.112800221314174
30097 39.579623144808735
30111 39.058764718008185
31003 38.09500608379511
31063 40.15140397540979
31149 38.41574973770488
31155 36.99572395081968
32009 47.12384379234972
33015 36.769754907228155
34017 29.552938287225395
34031 34.04806860516395
35006 45.907170060120215
35021 43.18670633333334
35025 43.19440926091528
35027 44.306774165027335
36107 37.15830678797817
37005 41.12444825500278
37047 40.814321294464506
37111 41.09364067650274
38001 36.96046399726776
38097 34.22188146789619
39005 38.24836286116012
39025 37.78194140819668
39031 38.34443609344262
39131 38.10514138891448
40047 40.27818508108743
40089 38.90929025512293
41065 36.96486599965848
42055 39.0956506288243
42101 33.97829158261805
42105 39.20212059289617
45029 39.19668681055191
45083 41.313804889589065
46007 40.117923072404345
46057 36.52343365300546
46099 37.114552450297836
46109 35.720662515710345
46117 37.71047663934427
47011 43.998545601237694
48029 39.40844960121857
48067 40.53569456946995
48113 39.81355881712788
48301 42.809011795081965
48303 41.76294091248089
48411 40.29482581830599
48433 40.57173786338799
48503 41.084646488387996
48505 36.09544009290165
5003 39.32537431148634
54053 36.90359445262021
55039 37.10971116120217
55123 36.737241930907125
6047 46.08906740163031
6105 36.98073591147543
8021 43.366295603825186
9007 37.36328416758798
2164 39.183884465269685
1005 39.64342540195082
1133 38.75674970762844
12031 40.134177526065585
13175 41.29421588463661
13209 40.105924861551905
16067 42.65787864426228
17025 37.932040075136634
17045 35.89059820218578
17053 36.53428505737705
17159 37.739382920765024
18069 37.61793581543771
18169 38.04902159255467
19013 35.68934263465848
19125 34.152252522541
19139 35.45763249016394
19145 36.037762785983624
19153 32.829720664767734
20021 40.88394848130604
20035 38.635406297811485
20063 42.45965100819671
20065 41.646434357923496
20073 38.26525285884154
20093 42.1411794262295
20103 38.327615212163934
20121 38.15222750683057
20127 38.71097198087431
20183 39.502723341530036
21031 40.10208024043718
21067 36.23538864199536
21103 38.201350217486336
21183 39.766473123738514
21225 39.485345790300535
22121 39.72862599945354
23017 34.90662653967486
26087 36.695570006734165
26109 37.06097866865028
26141 36.23513963207924
26145 36.16508332371887
27025 35.255487285519116
27061 34.57867711325681
28131 41.21665106921307
28153 39.243106773224035
29019 37.75921851836338
29171 35.84686009972682
30011 39.5738171557377
31061 39.42908350136613
31119 37.962571864592924
31175 38.44161852868855
32510 44.320658402814196
34007 36.05622099393415
34027 37.5243822534153
35035 44.34291896249998
36045 37.32211764819672
36081 30.033655742533337
37097 41.437582383904314
38053 36.482965215163965
39035 33.444013404721304
39037 38.63954214549834
40123 41.1448828939891
4019 43.27327305437973
41021 37.64019677595629
41047 33.073764258617494
41055 37.52077405191252
42013 38.57562343715218
42043 37.30875595054015
42091 36.8364852916344
45019 38.862465592887986
46053 37.98682755737704
47101 40.690860077868884
48007 39.761434572677565
48019 41.049605297267746
48121 42.08551961696778
48149 39.68306985637159
48193 41.25560562934154
48267 40.052812637978136
48285 39.140952500000004
48419 40.34377668853825
48439 41.01641331860605
48469 38.20109810050547
48501 42.83295971038253
49047 44.97219345218853
5051 37.18487626489071
5111 40.51674014987703
51141 40.49665682377048
51197 41.22491232831227
51199 41.12821671195357
5125 37.48872490761009
51570 39.33804922240436
51620 41.11586296857924
51710 39.01302776859561
51790 40.68646342484703
53003 37.40115422768849
54065 38.72368875341532
55119 37.14334492168308
56015 41.46441252459017
6039 47.61664499812021
8011 42.44701536885248
8023 43.8230781106557
8069 41.33219370362569
8085 43.90083939617485
1077 39.88159873114483
1121 39.46236155008334
12029 39.514562637516406
12109 41.58660729221309
13039 40.6544337043716
13091 41.1513766507623
13095 40.8420855126503
13131 40.42224137525681
13257 42.23886742622952
13267 39.49875046775959
13271 40.35168662021584
13281 44.31902343624046
16003 39.14569981284155
16031 42.55758815938527
17101 37.7090079989071
17169 36.77586164571665
18071 38.74219118278689
18095 38.988447693486876
19055 36.53145335382516
19065 36.52861372795081
19067 36.406692458469934
19157 34.97616142732243
21021 38.65320487001752
21061 40.507466015710364
21085 40.14206800859566
21109 39.03779314384977
21231 40.75287899180327
22017 39.237914810059316
22071 38.12189195090711
22087 39.98610437190708
27003 32.93794629334423
27069 32.94106149590166
28017 39.30787209221312
28029 39.958709442180336
28047 42.557167550144804
28069 38.39994686612024
30059 38.918658980874326
30087 39.09685135792351
31127 37.419632594262325
31131 37.14713294480873
31145 40.48681195902189
32015 42.55648821038251
34001 40.62440834985792
34003 32.19589133047676
34005 37.44492811177407
34039 34.13035731155737
35053 44.422347115694
36017 37.58657344672595
36087 35.49377256252267
36121 38.20563599479261
37177 41.243348415300524
38067 32.97133422568306
39071 39.47223930693854
39079 37.28573584504893
39161 38.0880103992153
4003 44.63351459305737
40057 41.24065551366118
40063 40.962051301639335
41049 37.55087906830607
42007 36.145448035448915
42089 38.845319525496436
42117 38.689578201639335
46075 38.34379267213112
46085 37.58876228278691
46087 37.44909495081967
46091 35.92939662021857
47009 45.021826560508245
47095 39.68842370218578
47127 41.718111286885254
48027 40.51919991253275
48039 39.806858353866126
48225 41.826640679163916
48297 38.89122649795081
49025 48.61437256557376
49045 45.308539234729494
5007 41.66946719740988
51025 41.04618504426227
51091 41.07050240163934
51105 41.10804162751912
51111 41.058939472680336
51165 41.0203908773462
51590 40.311314103889345
53005 36.65959631471306
53029 28.20988181863411
54051 36.9638355616415
55007 35.344980548633885
55065 36.47607546612023
55083 37.161506985519104
55095 35.66133139918035
55103 36.801550201639365
56017 41.25669828551911
56045 41.85132376092894
6065 51.754622483633874
6111 47.27012906958198
2013 39.183884465269685
2060 39.183884465269685
1059 39.3691832610929
1093 38.90578984050547
12103 40.98745611342348
13021 42.564194186639305
13077 42.07827263019124
13115 42.0700958021858
13149 41.042918564661186
13157 42.309355729265015
13163 41.460061465163946
13185 39.972439643934415
13201 40.601576325128384
13215 40.01739455489617
13225 41.78777999363659
13321 41.204197274316954
17147 35.756095887978155
18009 38.54408049863386
18013 38.576414357923476
18091 36.900821775571025
19005 36.54426325628415
19095 35.258600993169395
20081 42.42283432513663
21093 39.189054643059045
21167 38.160117170491816
22053 40.45741897151094
22093 38.61443595668308
22095 37.73301061798907
23011 34.79019153473223
23025 34.8191441248798
26031 36.22827063797817
26057 36.76622661584698
26067 36.596666763768084
26157 36.71088695984673
27023 35.51420909972679
27083 36.24184473222407
27105 36.98866817120494
27119 33.87252260683059
28015 39.16969346584698
28115 39.78570222996172
29111 36.728780301229506
29145 40.9510678075929
30075 40.54808514207651
30091 35.42521110245904
31015 37.83104632240441
34029 40.510642076371575
35007 44.00807094169125
36007 37.132191099528406
36035 37.5564986451866
36043 37.25565283851091
36057 36.67994151303417
37101 40.43194143377045
37119 41.01325358771307
37189 41.6584872215273
38093 34.66025820492348
39123 37.80449289886828
39173 36.44730611046259
40029 40.47292128688521
40035 41.410285707103846
40051 40.46726055683058
4007 49.134674797538246
40083 41.4807387947404
41011 34.0235123944973
41023 38.06706168852463
42083 39.55086466508662
44009 39.68038062530873
45005 39.78666609107376
45007 42.50976153467131
45017 40.180242208562824
45033 41.464560406658485
45051 41.12316360908194
46011 36.83208743215572
46095 38.73237280327871
47085 40.11214046338798
47109 40.000971813825146
47133 41.528237707273206
47151 41.66141344644808
48035 41.7963204737959
48093 40.68734515846993
48185 40.84431364889342
48241 40.09326638319673
48277 40.21532971900551
48339 41.59292421750002
48375 41.780650237478156
48387 40.06343032581966
48485 40.49019230492788
49005 43.249843667103825
50021 38.90985478456281
5049 39.57947684016395
5075 40.05085865755462
51027 39.640700733008174
51071 40.7922997896175
51077 41.43571557704921
51580 40.023460363387976
51630 38.53783394674153
51840 38.938101089071026
54007 39.34517131055736
54045 38.60752250879235
54057 39.29115381460629
54093 40.626938872494534
54109 39.626741276412616
55037 37.276629934426204
55059 34.59179319381723
55133 34.16295312249072
8027 43.708413765027345
8055 43.367194795081964
8057 44.47243160382515
1057 38.30324689836066
1117 38.404406495711235
12067 39.477694624316925
12111 38.76142303763113
13247 42.7643604012896
13315 41.15588959972676
16025 43.44464632240438
17031 30.63548187823528
18003 36.67550146991147
18043 37.39547097896176
18117 39.5287736676101
18159 39.08007547814208
19169 34.34125547363388
20049 38.94298320765027
20157 38.68391714846174
21001 40.07622475568303
21051 39.62494115119125
21143 39.099668536396166
21211 38.11098779994594
21235 40.390808809426225
22085 40.42204766939343
23005 34.235991471176554
23019 35.07445401290984
24023 39.98779366120329
24041 42.019474289617484
26007 35.99668562778961
26035 36.925350453789655
27077 33.80338608743167
27143 36.08778923975409
27151 35.343753238388
28019 38.98398509198635
28039 41.09848920273226
28077 40.1459055965328
28083 39.44645935245903
28093 40.611640664855216
28123 39.22498159928962
29073 38.56088538087433
29105 38.77571064889619
29113 38.78293029663141
29115 36.876885713114774
29125 38.54478064207102
29175 37.548852018207626
29199 36.60185746994535
29217 38.813775234502735
30003 40.06137890327869
30081 37.95122821967216
31113 39.64656115300545
32007 42.3817123530273
35055 44.89263475682786
36021 37.682873069999445
36061 28.440575169170227
36065 36.348956297902745
37003 40.4431381553604
37007 41.42970290709017
37025 42.18526920391802
37039 45.08404806285518
37075 46.21674939526228
37159 42.269095714739635
38031 34.109524620218565
38075 34.67274698907104
39113 37.648755020901625
40059 41.341909066939905
42051 38.56938256739892
42077 38.27316276264561
45067 41.046343317964485
47025 41.53040309836613
47091 41.91122724644805
48015 40.17106208698904
48105 40.09278574863388
48127 37.93967473087434
48237 41.99314039342353
48251 42.644412736856275
48421 43.1178541885246
5001 39.20291797336061
5099 37.95401573314209
51035 41.07087592936965
51061 39.174951761009
51133 42.65317659836065
51153 38.4194801931541
51800 40.656422704450804
53009 28.47418238954178
53057 28.67070700445544
53063 36.608472552680304
55078 37.422192370218575
55113 35.7415129349098
6033 34.887615471594806
8045 44.26231198059561
8049 45.419035728609266
8109 43.17716369125684
8117 44.98681698961745
9001 36.591608082742084
2068 39.183884465269685
12009 40.031569370448075
12023 39.73696784223687
12045 41.22983814845355
12101 42.33282354518307
13053 40.18502368032786
17007 34.62937149533716
17081 38.81154671881311
18057 38.29714236035929
18099 37.840994023456275
19017 36.411028621584734
19099 34.34115193775413
20037 40.07414660108469
20145 40.869305036885265
20175 42.1280794344262
20207 38.928517225409855
21135 37.25269687431693
22001 41.01723734789069
22013 39.704685283606516
22029 41.39949130874319
22043 40.98195367049179
23029 36.157949217931716
24011 40.68482105915573
25003 39.37605890389346
26009 37.289205683814224
26021 38.10961765996314
26049 36.15220893432157
26101 37.903295672117494
26165 37.68985842178961
27029 34.72233935428416
28049 38.95838586685246
28067 39.59101609483606
28075 38.981572688934435
28161 39.66909504010108
29063 37.71665555874315
29119 41.4247702937158
29129 35.63573433879782
29143 39.82060485838171
29167 39.005153454234964
30001 41.24563452639615
30023 39.01559158105737
31083 39.89539815300545
33019 37.89885492677597
36115 38.46225145258742
37045 40.88923312503387
37051 40.80394151463935
37071 40.892135712340405
37169 40.13653966542516
38089 36.1168301875
39077 37.701235904613114
39107 38.50912713327954
39159 39.87504471994535
39163 37.988993781420746
40031 41.3489228647814
40073 40.74479212226778
4015 46.95617790971036
41069 37.655800459016405
42063 38.768646866010386
42069 37.59175869736723
42085 38.2868109461877
42121 39.089075520711766
45013 41.07217033866121
45087 41.484603592565605
46037 36.16135553552461
46039 36.598140357923505
46073 36.97860106557375
46107 36.7521937896175
47023 40.1449477213279
47033 40.56712584262295
47141 41.49321682494808
48025 39.1895470530929
48229 43.110109204918004
48273 36.531813940437154
48373 41.367369400273205
48377 41.34033241666668
48393 42.30467292622949
49033 43.869160647540966
50019 36.54651969590164
5031 40.15798981532647
5067 40.28160737595627
5095 39.74850576413933
51143 40.20661368774316
51169 40.6059694567459
51680 39.581581170414715
53019 34.47968070397813
54061 38.49190177220764
54079 37.42573257158472
54101 41.023716757745895
55027 37.173159174180356
55033 35.848016868510925
55139 36.87146808430002
6009 46.54378078142076
8015 44.048744620765014
8059 39.92600619826338
8093 44.384720799453575
2070 39.183884465269685
1029 41.21859650204916
1087 39.90259241118307
12053 42.07032105831145
12079 39.64670323387977
12117 40.85022978393168
13047 42.766029978907106
13057 41.36041587294975
13089 40.340010713729484
13197 40.73713150546446
16083 42.236264542347016
17041 35.45434118360651
17043 30.928795789065337
17097 33.06123325889921
17127 38.890547646857925
17161 34.257808180532805
17193 38.928534383606554
18045 37.13818342295084
18119 38.089605297814224
18127 35.79281008396722
19115 35.8706098970866
19119 37.376493824248634
20041 38.813285504095646
20107 37.9818825942623
20133 39.61758143606558
21075 39.41235911338797
21095 40.66777373944535
21125 39.80661725306282
21147 40.700636581967224
21215 38.18382349385242
22003 40.469728136065584
22113 41.69923445424045
26079 37.28099505683061
27137 32.9405932883934
27173 35.90693510587431
28045 42.10244403865025
29099 38.02825699379291
30013 37.29296171693441
30021 36.89558055189345
31057 40.91741775956286
31101 39.955726592912576
35059 43.47503403005462
36001 35.61530567259478
36015 37.25932295368391
36073 37.31803960437158
37055 43.604733791131125
37173 45.59361950819672
39039 37.64345732240107
39083 39.38370228252731
39091 39.997447221315824
40039 41.163071457377036
40093 40.68106209289616
40105 41.28498153961747
40145 40.579285719438545
41013 37.58126214002736
45065 41.25670653641256
45091 40.7786013477459
46077 36.764459386612025
46111 36.69705622677594
47045 40.315610368510924
47121 43.71016885430329
47137 41.29037644262297
48023 40.659335814207665
48119 40.89481200273224
48355 37.66922501692621
48493 40.5011860879563
49007 47.309691874863354
49037 47.267407097677584
50011 37.16032218825136
5009 40.89358738837432
51019 39.86578326269946
5117 39.75881742989151
51650 39.817192475236276
51735 41.2860846894481
51810 40.7251361469836
54039 37.92950895458389
54095 38.234498868866126
55001 37.18082382243993
55023 36.615599303289635
6069 38.620751676601095
6081 29.265199815573755
8079 43.46574977049181
8083 46.294397511718515
1017 40.338942418043715
1033 39.37225928747814
12105 40.34477193247265
13001 39.636573951366124
13027 40.133096409836064
13051 39.1863186656667
13191 40.28292400204918
13211 42.99471173442622
13239 39.85471702732242
13279 39.93855114434974
17055 39.27839068852185
17059 39.68007582240436
18015 38.18727447346723
18061 39.16062609379403
19015 34.455972877442626
19035 37.03636417349726
19057 36.079324762778946
19063 36.110012655737684
19185 34.95125733970956
20135 42.64860518715847
21117 36.41336793820573
21121 40.20395471789625
22023 42.2212701010929
22079 40.93857114993987
23031 36.04221747172131
26085 37.23417352459015
26095 36.901836452658486
26103 36.46786023314209
26125 33.9481170864063
26129 36.46764435479509
27035 34.94786206906557
27163 33.99255974071041
28001 41.434209963551865
29089 37.61275939069126
29209 40.166544856554665
30031 40.902370490691276
30043 39.12480111658468
30083 36.512385200136606
31065 40.241074669398884
31067 37.596925331379786
31075 40.004274265027334
31173 37.914226539617495
33003 36.851307069057384
34009 42.382702097945355
37105 40.30241476882788
37161 40.55231569840079
38091 34.34990883606554
39023 39.84972649460574
39115 38.73452698565571
40023 39.683835003278695
40045 41.75783324043718
42095 38.44212025164888
44001 38.11846551391613
46005 36.42736455009562
46071 39.77269312978144
47013 41.54751724243715
47055 41.114779835724015
47065 42.93219939315572
47081 40.38572370538251
47157 39.71440607668965
47163 40.43951977493719
48103 41.213093806010896
48117 42.84992409904369
48233 42.36122201793714
48243 42.707325382513645
48253 40.50210781057923
48349 41.50876375355192
48415 40.95465593237702
48427 36.208061298527284
5055 40.068120160315296
5085 39.52782186565435
5105 38.47106566029509
51089 39.971500147547566
51195 40.34832504297542
5147 40.22678441393445
53035 28.183653970858188
53069 30.64163269945352
54089 40.344712211748615
56035 43.601790286885254
8029 44.315237337617525
8041 42.74262278087434
2016 39.183884465269685
2100 39.183884465269685
1009 39.323379417734145
1067 40.197627951737694
13055 42.34129994447813
13277 40.81119989345353
16085 40.11007669672408
17019 35.27309681599482
17063 35.28662019371587
17113 36.51193077340161
17117 38.7381640441369
17121 38.51593311064754
17129 36.88075405827597
18001 38.04136221155248
18079 38.710066004553
18151 37.646880193707595
19133 37.9190071161202
19181 33.142511890722126
20007 39.46383112431692
20017 38.17150388797815
20111 38.08260266939894
21023 37.11033295534807
21161 37.17365834863389
21213 40.761189455601084
21221 39.54853904480874
21229 38.69797361931499
22069 40.02548616271855
25005 38.44183554133333
26089 38.06198486659013
27019 34.66595310396719
27135 33.27000428961749
27139 34.36670403786611
28011 39.98361727390712
28133 39.76402955895358
29007 38.2528355960246
29029 38.3657867943306
29189 35.494198152685556
29211 36.251029738603805
30089 35.486547067379774
31047 39.45245470839617
31165 41.45997354918032
31169 38.196404755464506
35049 46.07737778797815
36031 39.87466188506281
36047 30.451073856936603
36091 37.09254417743168
37057 41.31897034892897
37077 41.452535430002754
37153 41.28500952010382
37155 41.30823370684973
38077 35.15393054966121
38105 35.97707034582241
39125 37.80702450710382
39139 38.741601557295105
39167 38.537709657847
40081 41.63427909251615
42035 38.42295597115655
46041 37.29779483879782
47039 39.98937380669399
47049 41.771409847677596
47073 41.39623706703555
48011 42.11651615300548
48049 40.20767491850003
48125 41.16179009562844
48131 37.606704683082
48239 38.913309792338794
48265 40.91158331502733
48275 40.67488221857919
48327 40.12467146994535
49031 47.87114907103828
5013 38.03996659426229
5025 38.106926598360644
5027 38.721329765027335
51043 39.10547386704206
51115 43.534040086065566
51510 36.54887973522567
54103 37.92402722622951
55109 35.64193656671337
56031 42.047196357923504
6059 43.529483783450544
6061 43.54367945431695
8091 44.423888729508185
9009 36.780731123362315
9013 37.6393816678202
1097 41.282871046082015
1103 40.627986427412566
12047 39.73796072585519
13013 42.6814445314235
13025 39.26794970948083
13049 39.65557140846994
13071 40.73878408879779
13085 41.959146211300535
13241 43.7033667907104
17091 36.396398293480864
17109 36.31413804972675
19051 35.97638474180334
19089 36.5379012677623
20115 38.578213727459
21069 37.28273594808745
21073 36.740322956773234
21077 37.32192832650275
21119 38.75596086994537
21209 35.649544428778945
22033 40.30057386500544
23003 33.64862788342901
25011 38.29826669384893
26071 36.99411934535521
26117 36.774026821134996
27053 31.33003238183795
27161 36.40433592513659
27169 36.06529102431695
28027 40.29466775331966
28061 39.343033515710346
29005 37.043212174863385
29011 39.85392210653553
29047 37.231828141015015
29059 38.9226139535628
29101 38.09807906799725
29117 36.85145164808743
29147 36.75957242021859
29225 39.1955776830601
30015 36.95115506693993
30029 35.07782515257106
31037 37.74261252184152
31043 37.10573898907102
31161 40.52552214344264
32019 42.90524284398908
36075 36.45966109461911
38039 34.264455999999946
38041 36.564091845628404
38099 33.32765174636064
39043 37.35328034590903
39045 39.25785307844915
39053 36.38284926230627
39075 38.39191698463114
39147 38.10698072988605
39171 37.5260169802694
41025 38.389074340163944
41033 35.35028141007649
42011 37.72348314902406
42017 37.946294318056566
42059 38.23871125649482
45001 41.7619070318962
45015 38.81500858019673
47019 41.92551857136612
47037 37.98946721731393
47043 40.29718498825141
47087 41.01021946311479
47097 40.963133861858196
47099 40.895460806267764
47131 39.66370874754098
47169 41.096489725409825
48065 42.30964637841532
48187 40.067127383650295
48435 39.781031289617474
48481 39.74438228639616
49021 48.11866955908471
50005 36.84675504999999
50027 38.09060098363932
51003 40.29180248309399
5103 37.911087096081964
51137 39.85973098360657
51179 38.62981974478059
51191 41.05834226021313
5129 40.65564553733612
51520 40.461410183060096
51660 40.76582307573771
53021 36.61490480203005
54025 40.64513840086063
54087 38.748630664617494
54107 38.3271838729467
55117 36.77752791171311
55131 35.95074012284834
6015 35.01385323927323
6057 46.92268490191254
6099 41.628537412531735
8035 42.000524325590156
1003 42.195595208967184
1041 39.28810206420765
1107 38.02483870655738
13029 39.10685550273226
13037 40.493155271857894
13111 44.16131948797813
13121 40.0750618725825
13133 42.65346086925134
13151 42.35523793726777
13171 42.49606321221038
13249 40.93791282240434
13273 40.62340219535516
16033 42.314409658469934
17087 39.55536038729506
17137 37.62652353469946
17151 39.67338764071035
17167 36.72578108615109
18063 37.56104324485767
18107 37.968953647258466
18153 37.26652298907104
18167 35.746354715075654
18175 39.45997615890794
20003 38.62861236748631
20015 36.88528053930053
20053 39.43393208879779
20089 39.02857613934425
20097 40.380841576502746
20105 39.39559074590165
21079 38.497823756147525
21091 39.17343295173335
22073 39.5900709076503
25019 42.16018477103825
26025 37.10347345600877
26065 35.886968754881956
26123 36.60605078115025
26151 36.35138600407732
27011 35.38689200089888
27153 35.040881733264996
27171 34.7284130329508
28005 41.922583846092884
28101 39.25745764972679
28105 38.6189522882514
29015 38.20734945174045
29049 38.46266115505465
29163 38.03679720983608
29173 37.68174701275683
29201 39.61828564289616
29213 39.85170929344266
29219 38.73293364808741
30025 37.819941407103855
30063 37.18625722472678
31035 38.176934688524575
31089 38.04608410860658
31135 40.58936623770493
33009 37.44084575669396
35005 43.01964378081146
35029 43.41804208883062
37019 41.74595186853551
37031 42.749969624863404
37065 40.78502561999729
37121 42.26456591256831
37133 41.020288684366115
37181 41.37417940874317
38103 34.18179903961748
39099 37.35002981056499
39149 39.26997780218578
40067 41.408797336969926
40149 41.149039129781414
41015 34.91081827503826
41071 31.87741028784153
42039 39.22698941839509
44007 37.50626191385462
45045 42.08627236596639
46045 36.00892458333334
47093 42.44226876595354
47115 42.93336954008741
48063 41.29317051911205
48129 41.589427225409835
48177 39.68301436837706
48199 39.905893948571006
48203 41.035666856136636
48211 41.701531183060105
48361 38.64764339254646
48365 40.41367707014481
48379 42.000737266393436
48383 40.67916485519127
48475 42.08572737701642
48479 35.00713629481037
49009 44.41610094535519
50025 38.58439372360934
51001 43.350157598360646
51059 37.33470512727076
5115 39.126682118975445
51185 40.98959891954099
53013 37.501841857923495
55063 36.026848332896165
6109 47.3934980161612
8007 41.9381241502732
8067 42.73601526284151
2090 39.183884465269685
2185 39.183884465269685
2240 39.183884465269685
15003 39.183884465269685
1013 39.115650004248636
1045 39.982099182292366
1079 39.796719287464484
1113 39.922759646281435
12037 41.42207085109285
12049 39.930917996827894
12091 42.72688426321585
12131 41.77686119053005
13033 40.987242347912556
13045 41.812724209576494
13141 42.71180044398905
13161 39.928711762281424
16009 36.33876304371586
16075 39.896043367486314
17143 34.74007243342978
17181 39.552549915300546
17185 37.582816357240425
17191 38.53055686448086
17199 39.433593393077324
18019 37.349975423303
18027 38.58812658351911
18105 38.4431867299677
18139 39.03931401803277
18171 37.081681355191236
19189 36.24049114570765
20061 38.58018217008196
20117 38.423733648907096
20167 40.210097979508184
20199 41.7391507568306
21063 37.18531400683061
23013 36.73004513551913
23027 35.75995611885249
27073 35.69258610566389
27103 36.02315390397539
27147 36.484506698428945
28085 40.620162105642116
28099 38.88066980833332
29041 37.22861996541802
29127 37.11102674760927
29181 39.92069108948086
29186 39.40977898360655
29227 35.901572344262306
30033 37.32798846721311
30085 35.76971176958196
31025 36.94191512201914
31033 40.8612659289563
31081 37.84273737066118
31085 40.58651740983611
31121 37.773807856101094
34033 38.83321991974536
34035 38.24961589033878
35028 46.05803454986336
36025 39.08800135184153
36049 37.67260563231421
36059 34.578099539343974
36095 38.008618714139374
36103 38.23685410113221
36117 34.84512003328497
37151 40.91966095236776
39073 38.834428322026504
39111 37.897556581967216
39121 38.26470580420412
39129 39.31306093275821
39135 38.38710774385
39141 38.64486979541504
40075 41.499404702194006
40079 39.685409443541005
40107 41.35456674999998
4012 42.54077071951093
40151 40.163319686707645
42009 38.70798338249018
42015 38.00543608625708
45071 41.41974951844263
46051 35.84726314344262
46067 37.42268729326773
47007 43.573999109273196
47077 40.01753266846993
48005 40.59347937995354
48147 41.25808518303798
48151 40.61569600956286
48155 40.8164618032787
48215 34.34065288871583
48299 40.665770302811495
48309 40.53007825564206
48321 39.53302243524589
48333 40.68110621174866
48385 40.2433669945355
48395 40.2175817453552
48405 40.3002966776093
5083 38.69008366666666
51083 40.862638488491
51193 41.02214568374316
5145 40.15858519527267
53047 33.765196727868855
54009 36.54742441349643
55015 36.67045438673166
55031 32.528605487904386
55047 37.623234122041
55137 37.559194590180326
55141 37.10018301867213
56013 41.865362135245896
56039 43.76765536748637
56041 44.828519446276
6103 41.60886484649453
8005 39.55182842090441
8081 43.59502746857922
8095 40.909207870218545
8107 44.60225502117484
2195 39.183884465269685
15005 39.183884465269685
1053 40.60869510657646
1075 38.502587121139385
1083 41.11488901815028
1131 38.82105677937156
13081 41.30968008744262
13105 41.947062779781454
13109 39.39399555008196
13113 42.4857392785519
16037 43.69977796721314
17157 38.93382027079018
17203 36.08585461627322
18059 38.62471091229508
18093 38.93188584098362
18155 37.85621492988059
19001 34.63806783698633
19019 36.236880236344284
19131 36.47654976321309
20055 42.38249234060112
20059 38.369345281420806
20169 38.811059338800554
21035 39.15475148907101
21111 36.62276871213826
21181 36.897771120218565
21239 36.67040836714483
22019 38.27002335518578
22027 39.27479683278691
22051 38.45696332692352
22075 43.21248335701365
24025 39.97378230743684
26081 35.14501948037759
26127 37.45783864286041
26155 36.62974677916828
27057 34.99195023613935
27087 34.89546090710379
27089 33.43609642144806
27097 34.85429496960385
27101 36.89212003096991
28065 39.89799266394266
28117 39.943252588524594
28155 39.08790390343172
29001 36.637952642857954
29017 39.878448438071054
29027 38.12476693442627
29055 39.1481507377049
29067 39.28463551821313
29139 38.40181421379782
29195 37.61541357342894
30037 38.49238837978142
30061 36.30032975409835
30073 36.71552073770494
31133 38.02503712568305
31143 37.6462881352459
31167 38.02525064344261
32003 46.17593349989621
32031 41.426330701469396
34023 36.96203237454122
35013 43.7133298464372
36079 36.69331408139755
36083 37.1962401372683
36097 36.83949812513659
36099 35.41445454289619
36101 37.560159496373515
36109 36.642578054177044
37013 40.72994209910386
37081 40.081894989256554
37171 40.359574287624305
38005 33.8762051420765
38071 33.805499901631144
39087 36.129960636508216
39095 35.16279595839866
39143 37.47227263441694
39151 37.60002748724533
40131 40.65838383517759
42003 34.950507411588255
42081 38.444314668934396
42133 38.77050687150331
45055 42.53540918103826
47061 43.00828404986339
48013 39.81270536236339
48075 41.00730214754095
48163 39.09880058742623
48227 40.97890917513663
48245 38.73917387937431
48255 40.18160663661202
48257 41.66754723998632
48279 42.556028095081956
48323 37.96458416638254
48397 41.786531009663385
48459 41.559997551935524
48467 42.361393217213084
49049 46.29667934902186
50015 37.518914338407086
51103 42.336011971759575
51183 41.05706173879778
53027 29.803913050765033
54021 38.69414999453555
54055 40.8338462532869
55005 35.71322314453551
55029 38.168638108374296
55079 32.669360208603855
55129 35.23703548196722
56023 43.3826069938525
6089 42.40368141960652
6113 36.653420776330336
8087 41.07678558060109
10001 40.520936827791
1123 39.88896540191258
1125 37.855315136161735
12071 39.57661920525409
12087 39.193180493893436
13031 39.63028953596997
13059 42.127750005554624
13063 41.40116579732245
13139 42.01306103027595
13309 40.20397776366124
13311 42.66455910928964
16035 36.850649181693974
17085 36.115335559645914
17153 39.29635461475408
17189 38.75305181557379
18039 37.57424305443553
18089 33.6061845068855
18101 39.05604106831804
18129 38.32357254450329
18131 37.902390658469955
19121 33.79440552459016
19167 37.47161750545627
20079 37.621405707190455
20113 38.64144777321859
20151 39.56288009471582
20163 40.89746669125683
20173 35.38635260212543
21059 38.704910335122165
21157 38.68728201092076
22041 40.4397687258606
22057 41.738235033617464
22063 42.487906335745926
22081 39.870482678961736
22105 42.524621633469934
24009 41.31309195353553
26059 37.89616134200356
26083 36.35072310928963
26115 35.94937472970381
27013 36.01644154840162
27017 33.41732611005464
27033 36.42541791939891
27099 36.44118354419399
27111 35.26091905511476
27115 34.652000516734994
28057 39.475510752459
29025 37.68983557240439
29087 37.70008141528964
29149 39.51947529324864
30051 35.943670377049216
30107 38.9658258169399
31005 40.18805787978139
31053 37.47396093474863
31183 38.190178172131155
33011 37.152970055891274
37143 41.211230034647535
38015 34.598306415180275
38043 34.86202301366122
38047 35.69854137978144
38073 35.02369276411202
39015 38.32210940341559
39057 38.76383484872678
40027 39.72838464353465
40129 41.46883450000001
42037 37.952538926249744
45023 41.453054451314195
45063 41.52793125643716
46049 36.29760579781423
47005 39.88221135027326
47119 40.75579142174316
47135 40.154823543715835
47159 40.92842746229508
47179 41.569237940592885
48081 40.42200912431695
48133 40.632632736065545
48259 41.90957587932241
48461 41.04198150956289
48489 34.80316416010932
49017 48.213899398907145
5061 38.04708789161203
51017 40.10443683333333
51139 41.65813181256831
5127 37.770429942658474
54011 36.66078487458797
55051 36.67877083697538
55053 36.49220424316939
55085 37.86535673340435
55125 37.63037558360657
56037 43.02071234836888
6087 34.346813426536066
8039 42.575545630382486
1049 41.949106148737705
1115 39.03293355088554
12001 40.04616153893361
12015 40.11591774507921
12069 42.06884266281426
12119 41.90694975510925
13007 40.607859520491786
13011 42.10330160928964
13079 41.889538084699446
13219 42.47380839481148
16017 35.87106783302732
16063 42.762533513661204
17013 38.61321023907103
17071 36.08216770764129
17107 36.54070457206282
17197 33.12958284936719
18065 39.04011995818088
18083 38.003509344808776
18133 37.9150803083552
19025 35.84957724590166
19029 35.469083326775966
19087 36.201580884699425
19135 34.80604790346172
19163 34.49575641635023
19175 34.39621722950822
20131 38.3902527322268
21043 37.116715933630836
21151 37.947096143374324
21185 38.46298537080765
21217 39.71855023387982
22005 40.860546374710374
23001 34.48312360204371
25007 41.064982950819676
26045 36.33410024199482
26121 36.59293107046093
27021 34.985324222677605
27133 37.207888819661186
27159 35.06197245352461
28051 39.26894109398909
28089 39.2593503070246
28119 40.35227734516394
28145 40.00002553686884
29053 37.71993960382516
29081 36.001380223109294
29169 38.60998225351365
29221 39.8682942191257
30093 39.41414618032786
34019 39.37446272427079
34037 38.55991365695931
35057 45.521676046448114
37129 41.17450208227867
37195 40.69430592351639
37197 40.484267213522934
38021 35.24425900364755
38049 34.08055205874317
38101 34.649670452718574
39009 38.2458440327623
39033 38.914096114130594
39069 37.55394482124755
39103 36.35187248403577
39165 38.549728243247806
40015 41.125392862704935
40017 40.2287822708497
40061 40.623758474726785
40119 41.46778595308252
40139 42.59724856448087
42019 37.51654357158553
42031 39.08557509098363
42103 38.629587329677605
42111 39.17127159561338
45089 40.189898603557374
46013 35.51853590437158
46103 41.42160122189619
47057 42.51698675300549
47067 41.63746095628413
47075 40.869342872959045
48085 41.635386609381975
48143 41.486825582650255
48313 41.1155610990437
48347 40.831537966177585
48403 40.38537595627871
48407 42.141257435792355
48417 40.61414164207652
48423 43.077682919538255
48437 42.49116533240982
48471 41.96919836584701
49015 47.731487536423465
49039 47.35517213606557
50023 37.90939949569946
5081 39.16547090368855
51009 39.782172783842626
51051 39.5088464760929
51109 40.185958161653055
51119 42.26741138661199
51121 40.78906491947815
51163 39.89072742622953
51177 38.968140478506555
51181 41.37468107103824
5135 39.69934382103826
51550 39.69999212518577
51600 37.25698177759566
51820 40.73759214043715
51830 41.34361847357652
53041 31.300160837158476
53049 31.006296676016373
53071 37.47951988615846
53077 36.98290679365847
54031 40.33336280329205
54059 38.29037996446994
54091 38.88290189685794
55003 35.9171130659672
55009 36.1246643076653
55089 35.17072774574561
55115 37.3605178762951
6021 39.87921063389973
8001 38.38302681536507
8121 41.22621872131148
1051 39.371864347530035
1061 40.35222549272405
1095 40.99735389817161
1119 37.50332845150274
12073 39.55076930442079
13003 39.76438100816941
13005 39.653710144797834
13043 39.947757274150305
13075 40.40833794125681
13119 42.203108277595625
13179 39.08459473731692
13189 41.69922197759563
13195 42.04599478689073
13207 42.80436969125682
13265 42.04157971038252
13317 41.68577617827872
16065 42.482186742284156
16073 40.7628468487951
17135 38.15318432752736
18005 38.50118591419399
18113 37.67530062295085
19023 36.27940999398907
19069 36.17846691988524
19113 34.78452082572434
19117 34.108329325819646
20009 40.134893690573776
20011 38.742475271584716
20029 38.986063926912614
20033 40.609898948087434
20165 41.469169005464465
21015 36.78761378709342
21019 36.44799142811312
21127 37.31815293005463
21155 39.29755014344812
21233 39.68602635450821
21237 37.82523553415301
22067 39.805101883538235
24003 38.15254707221883
24510 36.82898923945357
26001 36.46722212841531
26143 37.15195128387981
26161 35.355057578305974
27131 36.341165911120214
28023 39.04289805122949
28135 39.84995356557375
28151 39.54319894765575
29091 39.41223690505466
29103 36.753476333333325
29183 37.59745019523358
29215 39.2306079713115
30009 40.49207196721313
30041 36.83194652957376
31077 38.21270016939889
31123 40.60724442076501
31125 37.87265206284153
31129 38.60605159289617
31159 36.947070474726765
33001 37.15316199325681
36011 35.810437325412835
36069 35.17987685071036
36105 38.844535167814186
37135 39.90270385090438
37141 41.02800425117759
37157 39.99527866498195
38061 35.565074148451615
39029 37.34384874018581
39119 38.605031805257916
39137 38.08173216042268
39153 36.55304988035521
40025 42.991812815573766
40085 42.330357686693134
40115 41.40249327960932
4027 41.5058206476503
41003 33.20509292498911
41009 30.88515506338798
41027 35.9863879829235
41035 38.54875766174862
42045 35.02244532860959
44005 39.82634741617213
45021 40.862606695665
45047 41.187394064
45079 41.91091712624322
46069 36.93882990710384
46097 37.06477612021859
47107 44.27409677677594
47147 40.23277497521861
47173 41.93881150068305
47183 39.645286720062856
47187 39.522502248218586
48169 41.28177569125684
48197 40.84299146721314
48207 40.69771518715849
48223 41.40872839374316
48291 41.860204310453604
48345 41.13081912295081
48357 42.378075887975406
49029 44.9381925546448
49035 45.43805921775682
49057 44.49923694021857
51011 40.1182405828997
51015 40.74955764542568
51049 40.461341918032815
5107 40.117695001382515
51113 41.38444169535518
51147 40.6287335229508
51167 40.66365399375683
51750 40.73379831238442
51770 39.839556406039094
53031 28.05949779196284
54043 37.99596210109292
54069 36.34557632559182
55071 37.23904400819125
6011 38.03603886775958
6035 41.14193515179235
6071 50.68084305079233
6085 33.32599174896967
8073 42.120596360655746
8105 43.14859916940985
9003 36.398713456361214
9015 38.55675976251368
1035 39.663524578142095
1129 40.00100911420765
12019 40.57800447259917
12055 39.6112660566694
12107 40.72914541677051
13125 41.99724479781424
13153 42.01138963825685
16015 42.084793592896155
17047 38.10259921403002
17049 37.28729322711747
17177 35.75807157606556
18143 39.107049337704886
19059 36.44530306557379
19107 35.406822253415314
19197 35.958034691803284
20001 38.95062936939889
20027 38.72399094808744
20047 40.95137152185797
20057 41.83900417096448
20069 42.23847666256831
20141 39.878929019125685
20143 39.12900004644807
20161 38.45187328220222
20209 36.41538832607567
21195 38.238872271521856
26029 37.162563370556825
26075 37.267147962343174
26139 36.646144795745904
27129 35.74891705463661
28025 38.716378693989064
28059 42.35529675735241
28071 40.03836808087429
28087 38.37406486922681
28149 39.484293357256824
29069 40.227613490710375
29177 37.92612396584698
29187 40.04573114134156
29203 39.37220736612019
30067 41.66635838525135
30069 37.7742032568306
31007 41.39910369945356
31031 39.49808803142076
31045 40.839081741803305
31073 39.8949376639344
31091 39.74998982240438
31141 37.583454516013674
35001 45.66050694531418
36085 32.92430652498661
36113 38.367533813509596
37049 40.803984497803285
37131 41.062165385245905
37149 41.18499433100272
37179 41.50363144257104
37183 39.93793504111749
38003 34.69789365505462
38081 35.28308928551915
39017 37.92535146573223
39019 37.927676385647004
39047 40.06909939149398
39155 38.13826973089237
40005 40.00848069262296
40013 40.903444163204625
40021 41.91243811413933
40043 41.72963609652184
40091 40.82896627685519
40095 41.94840139890708
40125 41.34370725945625
42073 36.65320237995902
42125 36.996318937507105
45081 41.07807151912568
46023 37.625739867016364
47071 40.0089269344153
47103 41.66324440346721
47167 41.260241827887434
48033 41.37623796448086
48099 41.066429370873486
48173 41.00703832513659
48179 41.96728705931692
48217 41.81605193588934
48371 41.54251344603825
48445 42.23308241803007
48463 39.243119508196735
48495 42.452668430786844
49023 46.291255008196714
49027 46.61889687523772
5019 37.12909067923499
5033 40.59971365152187
51081 40.94330608470216
51161 40.02366074104453
51640 41.121025756830655
51685 38.039738318306
51700 40.289686059767774
54099 36.93148300645464
55013 35.04338038069124
55057 36.98104792507376
55087 36.60846484726777
56027 41.76589307103824
56029 40.84146318360657
56033 41.549231166213154
6053 36.22384549992074
8025 42.526623715846995
9005 37.90441517186117
9011 38.40177812626502
1099 39.758257564390725
12013 40.34282205008745
12021 39.018363452051936
12077 39.75905772540984
12089 41.16533782081151
13065 39.35431749863388
13099 40.573373361748615
13159 43.17691322315572
13235 41.60903156556283
16061 37.41988385337703
16079 35.80881634425409
17003 39.257209053961795
17057 36.139410284386074
17061 38.472181459016404
17083 38.854267735891014
17123 36.04081596120218
18021 37.20845632923228
18035 38.83215380637074
18085 37.814174638292315
18149 37.667706991010945
18177 38.41700516040924
19149 37.43607782742351
19151 35.996464746822404
20191 36.26650038843799
20205 39.61097574658471
21097 36.185116534426236
21107 40.021399119071056
22009 41.56240638858194
22021 40.37045562749179
22031 40.091807339961754
22077 41.43141297542074
23009 37.48203159788524
26047 36.755516623633866
26105 37.82354930122951
27001 34.70774904192076
27039 36.4307417229508
27041 35.22209244262021
27091 36.06374842166393
27113 33.85111808524587
27121 35.185778407103804
27125 34.06893970081966
28007 38.987680471765024
29065 39.42718596653008
29071 38.87435498553413
30109 37.309445663934426
32011 42.986406153005476
36089 36.80033398740707
37063 39.971481420899735
37085 40.572257798808764
37087 44.38623601185248
37193 40.320878168016655
37199 42.789507009289586
39059 37.92984625491805
40141 41.20394175792353
42053 39.418382149356304
42113 39.0215056502732
42123 39.55713581126313
45027 40.51910172792621
45035 38.68400723125682
45069 41.59024352575137
45075 40.03088394658467
46015 37.43812314071039
46027 37.761929301437185
46089 35.94653906284152
46101 37.110014568306
47165 40.40609489402732
47185 42.10027605693163
48041 39.97932578519673
48123 39.344018421311475
48367 42.57825020517652
48507 38.60937273224042
49055 47.91888423497264
5021 40.15424970446176
51013 36.058212937664514
51057 40.8551784316721
51135 40.834735665983594
54005 38.9473936659836
54083 40.9203427494399
55041 38.01263761953553
56011 41.8217735
6003 47.46655146994538
6023 33.79759545958741
6075 27.845015052967774
2050 39.183884465269685
46102 39.183884465269685
1047 38.695495535347014
1091 38.184564502729486
1109 39.49285972780053
12063 40.57719510532787
12099 35.43990221626506
13221 42.03987057445356
13227 42.57689725317762
13233 42.09213381968581
13237 43.19038108743171
16023 43.59930153551911
16045 40.65372891166666
17021 36.985951603825086
18097 36.96772793946558
19073 34.994592716530065
19093 37.16826574406284
19179 35.40215746322679
20101 42.734443792349744
20119 41.83631315437157
21045 39.70676771584697
21141 40.70659573996719
21159 37.58733427503908
21203 39.28899789002733
22059 40.95542235701094
22101 41.7459570719563
24005 37.80668825468447
24031 37.06080384947541
24035 41.2867283412809
25013 37.20639340952299
26063 36.569874046458175
29045 36.60980405829506
29137 37.831717533691254
29185 38.46380256739618
29197 36.30045544125682
30027 38.84988832650271
30049 38.355902814374325
30053 35.546997875409836
30077 38.069328689890725
31071 38.35059844535518
31109 35.194291449732226
31157 40.959450305038224
32017 47.31414523770495
32021 44.75940780874317
34021 38.61959133027597
34041 38.86447462475382
35019 43.88759399726775
37035 40.575042496467766
37093 41.260013734060074
37117 40.72036996177323
38007 36.833108147540976
39021 40.49546199726776
40037 40.61008878897514
40077 39.811464050070235
40103 41.19233576092896
4011 46.86716872588805
4021 44.677931221232235
41007 31.47440722496174
41031 37.03373728005737
41059 37.56716135575959
42079 37.71556650352953
42115 37.75864276551667
46003 37.22015701639346
46043 37.45114048087435
46063 38.356115912568306
46081 41.84600091311476
46105 37.60876087158471
46115 36.04318227140161
46123 38.26495962158473
47017 39.996706810792354
47029 44.339455679724054
47059 42.46392264280604
47129 42.569770194535515
47143 43.61821792486614
47149 40.087669894464504
47161 39.797867179781434
47171 42.466914271857945
48053 40.84797545321039
48107 41.762353160306034
48359 42.82421925409837
48457 40.25761271202186
50009 36.58538303553283
5015 41.184177260655744
5073 39.05724501229511
51021 41.1116760614754
51036 40.73707585519671
51093 40.876555455942594
51107 38.54819579124182
51117 41.194182316928945
54075 41.33796715368856
54081 40.201787378498366
55097 37.363293814612
55101 34.51236831145929
6013 31.37742539105162
6073 43.93714560925135
6083 42.11220480303826
8089 42.58538934580878
2150 39.183884465269685
2282 39.183884465269685
10005 41.31370938216394
1069 40.42509297019672
1073 37.0157652393098
1089 41.43866975284702
1111 40.42655836474588
12041 39.420242796721304
12133 40.78204108704367
13073 40.94432282254096
13083 42.9277340252732
13165 40.36238325136617
13261 41.05178781250003
13275 40.39779380997544
13289 42.53690234972681
13301 41.945377515027296
13319 42.478004697633885
16001 42.04312353745631
17079 37.2536658533571
18125 38.501139674180344
19037 36.56014318647542
19061 35.999117097253546
19101 35.927078477459034
19127 34.99703917650272
19159 35.074814960382525
20031 38.678805118388006
20075 42.199359204918046
20149 38.27191633743174
20153 41.259695642076494
20155 37.95376288363387
20159 39.07946327778693
20195 42.81234979234975
21169 40.57545492894808
21207 40.304416276502714
22091 42.64436561885241
24047 42.24882113222404
26043 36.755395971125644
26107 36.920079315680034
26113 37.60414228346993
26135 36.58012401420765
26137 36.66803147725412
27071 34.81697673292351
27155 35.35019564754097
28031 39.77030514617486
28103 38.16155024953825
28113 41.320910417008214
28121 39.09810206658745
29003 37.82925845833333
29023 39.86161886502732
29035 39.69855865846995
29051 37.991672430775935
29061 36.97731980464481
29123 40.01931481602461
29133 39.43355741939893
29141 38.22719524918033
29205 37.28058045627321
31021 38.08391790618851
31179 38.124767715847014
35003 46.46890384153
35009 42.792559989765024
36013 40.05830339812104
36111 37.51216872226502
37001 40.06284563821066
37027 40.239832135501395
37043 44.9111571147541
39169 37.73657797944207
40053 39.304986999999976
4009 46.83455531907106
42021 38.7547814765803
42087 37.8455316661795
42093 37.7496780218579
46017 37.13721622950815
46065 37.288843090163915
46121 39.16928062431693
46125 37.64565746994538
47125 40.162945501448085
48045 41.67616473497269
48079 42.94335036885244
48195 42.7772850068306
48249 37.29115752732241
48329 41.31737749634151
49011 44.72331840298359
49013 45.930067388888006
50013 37.17476572404368
5017 39.627375458333326
5023 40.22279485051363
5029 38.95805634106285
51007 40.6220402691257
51053 40.3940446217787
51063 41.141060569235
51067 40.22880302158469
51095 41.36758172080328
5113 38.19846655330056
5131 39.891714462478156
5143 41.99822119752184
53059 34.71715353770491
54003 38.443674024018314
55055 36.38770146311474
55107 36.093872715847
55127 35.75067516243227
56001 42.76025154726776
6043 48.74479366984432
6051 47.85975000909288
8043 42.92324395431691
8065 44.80645466256833
8119 43.433640580158475
2105 39.183884465269685
15007 39.183884465269685
1021 38.94076344323225
1063 37.7562811438907
12043 39.7860750806011
12083 41.11432970736063
13019 40.30706728914753
13117 41.77994944810926
13143 41.97263362459015
13231 42.098082260245924
13283 40.51044907650271
13291 43.93754790529781
13295 42.84511440248909
17051 37.84931368849482
17105 36.67761602950816
17187 35.94552948360657
18031 38.93136471949291
18041 38.82602955698495
19075 35.89502002937156
19141 37.12793048907104
19143 37.06940162841529
20193 41.721835640710395
21025 38.35281947659834
21027 39.83260910110382
21173 37.18947955830415
21177 40.25031208168583
21223 38.59384487295085
22109 41.8468247404399
25027 38.3411388742541
26005 37.494949810916125
26013 36.61476937021859
26027 37.91749957825603
26053 36.776631007016434
26061 35.95360073989074
26073 36.70582793261395
26077 36.859352502329784
26097 36.97530106557375
26153 37.617930971773205
27009 34.09504726807376
27063 36.46360479918034
28003 39.91665329469399
28081 39.58901349010928
28095 38.91931647234974
28139 40.22403865642076
29009 40.94191064675683
29043 39.21637626408196
29075 36.692925631147546
29095 36.677795808702726
29165 37.39309128333332
30017 37.888895608368834
30045 38.75332055737706
30101 36.24894608561748
31099 39.08728615027327
35015 43.351040246147534
36005 29.03427162135548
36055 33.800685629390706
37033 40.51707133518141
37069 41.23725148703004
37099 44.74533795749454
38055 34.82287794535521
39001 37.98672083011392
39175 38.81032722267567
40101 40.98733600789481
40109 40.021327104662284
40127 39.443935166674045
40135 41.12741853947269
4017 48.39830704768578
41001 38.61438981195356
42025 38.59529231080053
45003 41.062916278202195
46025 36.32834985792349
46119 36.99693365300547
47041 41.43340189344265
47069 40.483420233163955
47175 42.841247989071015
47177 42.30234447875137
48077 41.336173345183035
48091 40.623408454218556
48137 40.09578683060107
48161 41.23045304255468
48183 41.31097361420765
48221 42.233306017759574
48235 40.51210938251365
48315 41.16197402663936
48319 40.066521349726735
48391 38.62223286885246
48425 42.09272977732239
48455 41.63626266448087
51031 39.92651884334895
51087 39.28410816512953
51145 40.316145072131135
51595 40.946210244535536
51678 39.780418882513715
53073 29.62642319807761
54013 38.824751371584696
54023 40.440432801460645
55045 36.08979322438525
56003 40.44960186065571
56007 43.34153171639346
6001 29.783472067636865
6025 43.62671749331691
6055 31.252720202527325
8101 42.6715884177022
2198 39.183884465269685
2220 39.183884465269685
2275 39.183884465269685
1043 39.48807899514755
1127 37.92813523511804
12039 40.02652993046721
12061 39.35077281620765
12097 40.14700734599726
13015 41.921533062280616
13069 39.95135851881419
13193 41.3928047021858
13305 39.25906441437158
16055 36.44720079628417
18077 38.68970113231311
18081 37.68654553018115
18115 37.46076335245902
18135 38.702985060109285
19091 35.81488005464483
19161 36.43916768032789
20187 42.48122465300544
21011 37.210665601099166
21047 40.33309686266394
21191 36.78356730054481
22083 39.95992428869945
25023 37.923027939836075
26015 36.891385161697805
27045 36.38486031331692
27067 35.30650749590436
27081 36.84568508469946
28035 40.33682046515298
28063 40.85757744945352
28097 39.08632096812295
28107 40.22856877733878
28129 39.401384275975396
28141 39.752289134562865
29013 37.990807668032794
29207 39.998751803620245
30007 39.16158993032786
30079 37.247093101092894
30105 35.62576777870492
31011 38.02256053415299
31019 38.85982362271039
31163 38.48346221038252
35011 43.21450937158468
35031 45.99669305337976
36123 36.31413552568304
37109 41.16854640937131
37137 41.41227894672131
37145 41.16321566940384
37187 40.86275937250004
38095 33.539530994535504
39003 38.2374252159915
39089 39.472093336752756
39105 37.520857149359834
40009 41.204213777322394
41045 39.730486005464485
42047 39.38939923710465
42099 37.532620035519074
45009 39.81248403551911
46093 40.82608706448086
46129 36.457420562841534
47035 43.04321757456828
47113 40.1118314477022
47153 43.563337975409844
48001 42.16981380750819
48157 40.176709664713094
48213 42.364610747486296
48247 36.67339829918032
48293 41.367613614754084
48473 40.56317472314753
48491 39.666120112808755
5037 40.49996171540626
5089 39.97536863456283
5093 40.437367666207635
5101 41.93781665983608
51023 39.85153652356556
51069 39.08520248048031
51097 41.248231613387965
51127 41.02876775867294
51760 39.02770298578279
53001 36.161585598360624
53043 35.78009398565573
54017 38.58288137704916
54019 39.90254538275682
54041 38.90343772240437
8097 44.69872820423497
1015 40.496506585328675
1019 41.60633889800275
12075 39.99098129085222
13101 39.62271506557374
13205 40.79570914316941
13287 41.184000400273256
13299 39.27621459077051
17015 35.922553732225964
17037 34.96698742568387
17145 39.09690067304729
18047 39.02793267431696
18051 37.694720686193214
18141 37.44299936075958
18183 37.35110699453551
19165 36.80211816461748
20043 38.31879968853826
20087 38.364805174180326
20147 40.20706659929781
20189 42.33844803278685
21037 36.48354635191256
21055 39.772712538934385
21071 37.783226485792355
21099 40.24853903989074
21133 39.651545659653
21139 39.40933270491803
22047 40.95755772598907
22123 39.87287003369945
22127 40.40952523497269
24015 39.53106533450114
25017 35.100126675265024
25021 35.5148324640817
26023 37.75321011269669
26111 36.13219233605737
26119 36.262634833333365
27047 36.350815312841526
27075 34.34807463477049
27085 35.77326394456284
27127 35.995756094724044
28033 40.196078027642066
29083 38.204380428939885
29093 40.0148786010929
31017 38.81414825683061
31069 40.26316823224043
31087 40.730225311475415
31103 38.26917965573773
31105 41.33684942622954
31171 39.22274706557378
31185 37.58478189275959
33005 38.30346323706831
35039 44.76526381601091
37095 41.527307631147536
37113 44.57313849089888
38019 33.598179352459006
38035 33.59125221432244
38085 35.98781613251364
39157 37.976182249421306
40041 41.58792345354924
40121 40.17501629675767
40133 41.440183203096694
40143 39.316233113516674
40153 41.33068571912567
45049 39.27357224316942
45053 39.4696168989071
46009 37.516761562841516
46047 41.132968092896135
47047 41.068046869341536
47083 40.26776857376503
48031 41.25419102322404
48059 40.41431289797817
48073 42.50146433469944
48153 42.045621997267766
48181 41.895337680326485
48205 42.78675151366117
48219 42.39691197854375
48271 38.85065911475409
48289 41.075625741330605
48337 42.597041489048365
48353 40.66165334699455
48429 40.75494955190517
48431 40.82734646448087
48443 40.524602352459006
48453 38.75104643849178
49001 47.34397382103823
49019 47.28897629918026
49043 45.697745558196694
5047 39.92219163477597
5087 41.9137000922131
5097 36.536166455338794
51530 39.92284956010935
51690 39.876475252459024
53037 36.47235386919398
53039 36.79896808560927
53075 36.87035035300544
54033 38.440347702927035
55017 36.04473519698635
55091 36.100332173497264
6115 42.126076414545864
8014 40.11626688146719
8103 44.114489628415285
1023 38.226381239071046
12059 40.47492014071038
12123 39.623610833333316
12127 40.28676325742894
12129 39.908814496584704
13107 40.49013640255191
13155 40.734670719945356
13169 43.173665312357954
13253 40.61357614025412
16041 42.91848549043717
16059 41.089618476300494
16081 43.077207057377066
17029 36.04928794238171
17115 35.78942563539618
17165 39.83466923528632
18025 39.72939743896445
18053 38.561250554344255
18055 38.36141932878825
18137 38.91745089982073
18147 38.865472838797814
19011 35.44988422675984
19085 37.691257955737726
19123 34.84172224512297
19129 36.45630152131146
20051 41.53413005510107
20129 42.679535644808766
20139 38.40782061967213
20179 41.89953312978141
20201 38.45991792076505
21137 39.14124501185795
21149 39.64176287158006
21171 40.961671469262285
21205 37.256370068989064
22025 41.19482638704915
22103 42.23831181043719
22117 41.5028344384016
26131 36.28291692987703
27007 34.60798575081967
29157 39.54754946174862
30005 37.07120505191255
31117 39.94600971584699
31147 37.755371720415326
32023 48.57861558333336
32027 40.59188043989072
35033 44.66688911202185
35051 43.68812110040984
37029 41.51748545081966
37089 41.963899009215844
37163 40.438912223560116
37165 41.45323737784699
37191 40.327481170849715
38059 34.824849605464486
39007 38.70805297431693
39041 38.7353436122664
39051 37.05487732938391
39067 37.525381895628385
40049 40.80557522160576
4013 44.91618798275958
41043 34.001450984543716
42127 38.460823179142096
45011 40.5924576015492
45031 41.64738585830331
47031 41.87204554508471
47117 41.094373149822395
48037 39.71975194002185
48209 40.100495725464505
48263 40.75174489617488
48307 40.00109747994261
48311 38.631385193989054
48381 41.93007857764207
48401 41.98389865362841
48465 38.50367954945354
48483 41.588966457650265
49051 46.253266453551944
5043 38.86936888688526
5063 40.162895600409826
51029 40.364338002732225
51125 40.49318642622869
51155 40.78253254918032
5121 39.91128021448086
51610 36.46211906921613
51683 38.244063295852186
54067 40.48265751522128
54071 41.267168588360654
55021 37.107467553734956
55035 35.85134259439889
55049 36.850090224964504
55111 37.165125442005454
55135 37.48633221289893
56025 41.91014282165031
6041 27.91564508693277
6101 40.43615567412021
8019 45.28574000728687
8099 42.17585271693989
8111 44.896565584699445
2110 39.183884465269685
2170 39.183884465269685
1011 39.61216380236339
1065 38.37608709972405
12017 41.272624989986326
12125 39.88514701641721
13009 43.06214534243444
13177 40.91107300819674
13243 40.28703098360654
17005 38.373645478825125
17075 36.84340521916394
17149 37.63780361857925
17173 36.764231217673796
17179 35.046940526958224
17201 34.27362300073906
18157 37.47461096688935
18161 38.734422581967195
19039 33.87684768489069
19049 33.53061755119947
19083 35.769441384341526
19147 35.87478728688525
20019 39.747448658469985
20077 37.823824451729514
20095 37.60662621310655
20125 40.744386832704905
21081 36.69456464822402
21089 36.79624698816096
21193 39.323213572404406
21201 36.89956981693989
22011 40.25639990825684
22055 41.66072521108197
22099 42.217176312469945
22111 39.32416630281966
22119 39.45413919572132
23021 34.937754486338775
24029 40.6509058147541
24039 42.4675359168415
26163 31.8672445013626
28073 40.51550489924864
28091 40.47081399862022
29107 37.93936388252213
29151 38.31172412841532
31041 39.04368392349726
31137 39.64294964753823
31181 38.924729142076465
32033 45.780582629322424
33013 37.17706462454099
35037 43.07955797997814
36051 36.50086071911473
36067 34.889180305707924
36119 33.0117912455257
37037 39.925325072711196
37139 41.31117492896175
38009 33.931925374303276
38029 35.74606134972677
38037 36.06718309016392
38069 33.848013143442635
38083 34.65067959836067
38087 37.419894420765026
39097 40.11952392008197
39109 38.66166499075763
40003 39.68879160474317
4001 47.04476762114754
41037 38.920362112021856
41039 34.26147884687979
41057 32.04341938148906
42001 39.297725753740934
42033 39.142809773770466
42129 37.184867132213135
45059 41.72512141516391
46031 36.38494563114755
48017 42.769261765027316
48021 39.53145844234971
48083 40.062093780540984
48101 40.85717498087431
48159 41.258703264131135
48261 35.87538707650271
48317 41.43580907786882
49053 47.886448114114735
51037 40.86804729872672
51041 39.42725061779893
51149 39.764970515647796
51730 39.59788863913419
53033 29.088889931994796
53051 35.60070073989069
53053 30.546356285319956
53055 28.736943924863414
54077 39.54370606523225
56021 41.548577020013624
6017 47.04677670581698
6097 29.853304929316383
8009 42.771566372950815
2188 39.183884465269685
2290 39.183884465269685
1081 40.0344612887951
12085 38.56144206167214
12121 39.71908316547188
13023 41.90732030601915
13137 42.37742953312843
13173 39.916243803278675
16021 35.5146104726776
16027 40.96015058137707
17073 35.230988193342924
17155 35.64047909426228
18049 38.07961478825679
18121 36.90561556010929
19183 35.74956281639343
19187 35.52190144670487
20025 41.344521860655725
20099 40.80079183743166
20185 39.801296056010955
21029 37.55789559850162
21033 39.762351990904335
21123 39.49970438319668
21189 38.712215131147545
21219 40.80586946857927
21227 40.344805235786886
22015 39.18538700659347
23007 35.14396331755189
24001 38.89180716701664
25025 33.9545668161216
26003 37.125324256847
27141 34.317234801539065
28009 40.42048861202189
28041 40.202795549180344
28055 39.831667275956285
28079 39.05375094699453
28109 41.252764874918036
28159 38.66976741748634
29077 38.68424569892076
29121 37.1936518967213
29135 38.08641424385243
30095 40.01350696444261
31039 38.16664066393988
31049 40.276957027322396
31115 38.565452680327894
31153 36.413010917863396
33007 36.78321351214479
34011 40.65806373551939
35041 42.83646126502731
36063 38.30655421094209
37073 41.15590224410386
37107 40.15820275464479
38027 33.93174717213116
39049 37.802262243319674
40069 41.30466326960378
40071 40.53689031372159
40137 41.040565957519114
4025 48.65797089864206
41017 37.34161487022405
42049 39.51676480113579
42065 39.24743258932294
42067 37.80147931748631
46029 36.26124809096173
47021 39.74872333424591
47053 40.1767365747459
48003 42.469021321038255
48097 42.930595277663954
48139 41.197435350174054
48231 41.72282222620135
48283 37.991059265027296
48305 41.89127138340433
48351 39.69952416666661
48369 42.98155632377049
48399 40.075206987704924
48487 40.83620311202186
50003 39.420054343117506
51175 41.12560977486337
5133 38.199069622950816
54029 36.662381023565544
55093 35.882642241120244
6007 43.16965230204098
6031 46.486554495566104
6063 42.64117460617757
6067 39.541908420271845
8077 44.033167076882464
8125 41.150044316939926
1025 39.57075305826227
12007 40.400756670081975
12115 40.990416926898924
13127 40.8534289998306
13213 43.448146306010955
13245 40.80351282920217
13251 39.86566675409837
13255 42.709201218109285
13269 41.307958081956286
13303 41.91449968961749
16043 42.59910026775684
16047 42.42365818442624
16071 42.8182996284153
17017 37.065357359562874
17065 39.415396312379805
17069 39.810625892076494
17089 33.16330936896476
18033 37.42182146416257
18073 37.341643588797815
18087 37.72057150273221
18109 38.05642688673143
18163 37.713232209478164
18165 36.20046340765027
19027 35.91402485701094
19043 36.56196531923226
19045 35.65321723954207
19077 34.80304425136883
19109 35.96085669215027
19191 36.48974595573769
20123 39.28706495765032
20137 40.9381571557377
22037 42.371032759562844
22049 39.98625304699454
24021 39.0146378239727
26037 36.17389115960057
26133 37.35355618170767
26149 37.700940514310616
27093 35.34512554462022
27117 37.10767608961747
28013 39.377531483060125
28111 40.327157424396184
28157 42.147095069672105
29021 38.19890720426228
29161 38.81085194644805
29179 39.66769709562843
30099 37.1201660291612
31009 38.86032247540981
31013 40.63526449272952
31027 37.92731286338799
31055 36.2353216685656
31095 37.99679108380603
35017 45.43746256420765
36053 36.35510563443169
36093 34.90048041824179
37015 40.876308560792346
37115 43.04887822994261
37147 40.3978930967541
37175 43.535210862606526
38017 34.4437082794262
38025 35.21597730601095
38065 34.03400659836068
39055 37.69336003591395
39063 38.259376452104114
39127 39.06119750725765
40099 41.51524317485166
41019 34.36802314589893
41053 32.79080048772406
41061 38.31766112500001
42005 38.53965673525112
42041 37.62412952827053
42119 37.82103299153005
44003 38.19339794248438
45037 40.79468683377328
45043 40.6953466725109
46055 38.78908984972674
46083 37.325231202437166
47001 42.28676779220217
47079 39.557892846696745
47105 43.80601969153004
48061 34.24562571986147
48089 39.54325257322405
48109 42.75136609016393
48111 42.84527045081973
48145 40.52968161201637
48167 40.62881668104915
48335 40.73407246584701
48497 42.90910771684206
49003 43.84213635519672
50001 38.705614674863405
5035 40.192891945218584
51005 40.032964226338784
51073 42.17041927424865
51099 39.7603933617486
51101 40.91625249180328
51173 41.548627401617495
5141 40.12251347322403
51670 39.18514582280982
51720 40.55088902732238
53017 35.54004826195352
53045 29.147253262915548
54047 40.09020303893439
55099 36.98404137750546
55105 35.73475451677678
6095 32.42182963924614
8033 45.35936861202189
2230 39.183884465269685
1085 38.91156638456287
12051 39.090165158062824
12057 40.618877954387976
13067 40.24766439012486
13187 42.4347019467213
13259 40.2002282363388
13307 40.55130719125681
16057 36.74129338136066
16077 42.68751691939892
17009 37.0733537704918
17095 35.66332334874179
17099 35.60630135647156
17175 35.75052503415305
17183 36.268472022657626
18011 38.470370103005486
18029 37.972974639617505
18111 37.25650834426227
19031 35.827399642622936
19081 36.17583241598359
19105 36.146672562295095
19137 35.51708518852456
19155 36.26983352950819
20023 41.22262772677595
20083 42.098101398907126
21013 40.876632958404386
21065 38.02680703346994
21083 39.07273378868822
21113 37.47338265758552
21153 37.72809734972676
24033 36.5622212814623
24037 41.91806229075684
26055 37.35797129175958
27015 36.041643140710384
27055 36.287487466666676
27167 35.19786759836066
28037 41.2503554795082
29031 39.34378725125411
29037 38.01446730983611
29223 39.70767212021855
30019 35.61048713934427
31059 37.889071244535515
31079 37.89096296604374
31097 37.60526473087433
31177 37.40512625683061
36029 38.403990073175116
36033 38.800156782568294
36037 37.06632095446007
37023 40.353694050259044
37083 41.00281211723222
38057 34.477223533717726
38063 34.109377743169404
40065 41.13012753210382
40147 40.983960478956284
42023 39.088623991803296
42075 37.857321794390174
42097 37.95052056854262
46079 37.29895640983881
46137 37.73887057650274
47003 41.356626393136594
47181 40.41934203073774
48069 42.786563758639346
48071 42.19637975771039
48095 40.035379232240444
48201 37.68272380992981
48269 40.69828406557376
48389 42.00957278360655
5041 39.2286399092896
5059 37.178502496501665
51047 39.82915239549184
51085 39.67003800465572
5109 37.280038976303274
51187 39.83311464583334
5119 37.87729243577925
5139 38.49387544016396
5149 38.177969844270486
51540 40.09665334359211
51740 39.01525664524589
53015 31.1637539452486
53025 35.785094264393436
54027 39.48958416994533
55011 36.16487473442621
55067 38.012815881158474
55069 37.6916318259563
55073 37.16494250859562
56005 42.30594148051368
8017 42.13456281967215
8123 41.33652386950546
1031 39.86728252498082
11001 35.36845887073144
12065 39.752772184874296
12093 39.278397227221284
13017 40.726940690163936
13087 40.41981650429235
13147 42.32709294043716
13229 39.33651282103824
16011 42.61842342827869
16029 42.78340300136613
16053 42.339480124590175
17125 36.45040774819944
18017 38.23003226453279
19007 35.40068862568305
19033 36.01110775159288
19071 36.76124993624044
20071 42.115940726775946
20181 41.61538081967215
20197 38.44093076775957
21003 41.13665396037978
21017 36.334183155747
21041 37.9387728834235
21053 40.915263540062874
21087 40.06756546174864
21129 38.245325847912575
21187 36.88777862386997
22089 38.60840535332239
26011 36.506255547540995
26019 38.217803626775975
26051 36.539808909826526
26069 36.551598973587424
27051 35.32314221857921
27059 34.961019571379786
27065 34.867378441256854
28043 39.326905816393456
29039 39.06375621219944
29097 40.47228772801092
30035 36.18871707513661
30065 38.24858087158471
30071 35.948929688524586
31001 38.306772823016416
31051 38.02433325956286
31093 38.1797080491803
31107 37.87128083697815
32029 41.95435316939892
33017 36.54813130612022
35023 45.66359133879782
35061 45.32427971083606
36003 38.78415059432243
36077 38.17824717746724
37123 41.46145273041256
38045 35.115228316939884
39061 36.57127279819725
4023 42.11920313032787
41051 31.59943737071778
45085 41.16772604790164
46059 36.62974892076504
47051 42.20411072281424
47111 41.17193128415301
48051 39.8304447349727
48341 42.7394220703552
48413 40.20467244535519
48441 40.04758707155733
48449 40.80934298121586
48451 40.07407247945355
50007 38.060731080792365
50017 37.47615186475407
5057 38.37220145027321
5065 39.68632423975408
51045 40.79339716939891
51157 40.570106047814214
53061 28.692721710430593
54037 38.66774456282243
55043 36.5467131696175
55061 37.43073596926231
55075 37.1063523825164
56019 42.14024453961747
6091 43.90863162568303
6107 50.247543087496446
2130 39.183884465269685
1001 38.819420087857935
1037 39.55341831601367
1055 40.67354047068226
1101 38.85310082830874
1105 38.63510393807378
12011 33.2533469181093
12081 41.296165729879796
12095 40.5392834135628
13093 41.4682553560929
13129 42.33554968397545
13135 41.66150136464481
13199 41.32252411885244
13223 41.629864674423466
16039 42.53241018743171
16087 39.34203326138797
17039 36.37474395901641
17195 35.426586574356
18145 38.64406273797815
18179 37.90283516705575
19003 34.94027021994535
21101 38.439225732985
21115 37.34465145263194
21145 38.57170485792815
21163 39.33041223463111
22061 39.53515441775955
24043 38.86417634001284
25015 37.85172986779674
27107 34.47703501545628
27165 36.07266017307101
28127 39.529142262295096
29131 38.26899763934425
30055 36.55650449726776
30103 38.34043434699454
31029 40.8466835765027
32005 45.75337477887436
36023 37.01233900932433
36071 37.35414094456634
37009 41.732071112019106
37041 41.077382261377096
37067 40.388480416678426
37091 41.02318494426229
37125 40.95170320296724
37127 40.817316832098356
37167 42.0056105557077
38013 35.30152493442622
39013 36.76263019125683
39081 36.637732923121845
39145 37.140461250409835
40007 41.79867266939067
40011 41.034975962295036
4005 48.825723008770474
40117 41.26553910874317
41005 32.44157677362297
45061 41.84263633919948
45077 42.56649108136505
46019 40.1853164262295
46033 42.56791167486342
46035 36.96874761612018
46127 37.5850319945519
47089 43.56489996020765
47139 44.670595371584724
47145 43.06096096597542
48009 40.90965439343634
48047 35.44510478825138
48055 39.60639001400272
48087 41.35706310382513
48281 40.78290525409835
48343 40.844478659393474
48477 39.98802833969668
5039 37.772844625699456
5069 38.168353239182245
51065 40.171152141393456
51075 40.1530136896175
53023 37.352718715847
54015 39.29057475956287
54035 37.988758102905166
6019 48.18139234500245
6027 50.22164214022132
6037 43.532803836027306
6049 39.801935991120224
6079 38.380006169907084
8031 37.81997742602435
8113 44.96450200546449
2158 39.183884465269685
2261 39.183884465269685
10003 38.030136810827315
1007 38.41996142896175
1039 39.913450162770516
1071 42.15303932066671
12027 39.802267792043715
12035 40.68811374590162
12113 42.90960675278687
13035 42.98862752549727
13061 40.17582180874319
13167 41.227029613803225
13263 40.953513221338824
13293 41.71099677128141
13313 42.89656470962569
16007 43.00524092076499
16051 42.42876573702183
16069 37.29638581256831
17067 36.49043817798797
17077 39.38040499959451
17103 35.28046690740244
17111 34.24227920518965
17119 37.397600043197244
17131 35.466306375000016
18037 39.17944935246967
18067 38.771359334289635
19021 36.58897220720218
19097 36.26993424135629
20085 38.453663364308774
21005 37.55341031311477
21057 40.656020646174866
21131 39.834757660300546
21179 38.6069801314656
22039 41.0965240782104
22045 42.239670681057355
26017 36.05553165481993
26093 36.38733384287674
27027 34.51645388021587
27079 36.302513055098345
27109 35.81863015382785
28021 40.192152379767776
28053 39.575533195822416
28125 39.76440209426229
29033 37.37039553826419
29153 39.43787113934428
31023 37.482425002721335
31111 39.73568839275954
31139 38.0497784781421
34013 32.48895336902567
36027 36.71908874076886
36041 39.88243185860653
37011 42.14721824371582
37021 42.05716934211201
37059 41.28983975722705
38011 37.67150588114753
38051 35.92514986612024
39027 40.158639020635796
39101 39.18134197949918
39117 39.44345448497461
40001 42.41586342896175
40019 41.718201449330905
40113 40.40499277397457
41063 38.31551391896722
42029 38.30967226156558
42071 38.75995798294098
42107 38.33317581140712
42109 37.7924965484973
45025 41.71899401639343
45057 41.645223868672126
46021 35.97035851912566
46061 37.13113010382515
46135 37.57796855464482
48141 43.24984879560929
49041 47.46751575846992
5045 39.201122185683055
5091 39.34092136521858
51159 41.38919562704919
51171 40.40460707167133
51775 40.11127246721309
53007 35.22668603338799
53067 30.240159053992347
54105 38.76367052595629
55025 36.02805146406993
8013 42.930597858262274
8053 44.279227560109284
2122 39.183884465269685
15001 39.183884465269685
15009 39.183884465269685
