12033 38.667703793180834
12086 34.29967059502465
13097 38.42360698630138
13103 35.7776384109589
16013 42.670571027397266
17001 36.52367716894001
17035 37.07534228310603
18075 36.33540751468577
18103 36.737733945205456
18173 38.24026109589918
19041 36.235005958904104
19047 36.37639923287672
19079 36.05713035616436
19195 35.99406109588768
20005 38.423226027397284
20045 38.16307186797341
20091 37.29694867861452
20109 42.071865753424646
20171 42.069085753424694
20177 38.63527367951177
20203 42.271804383561616
21039 39.04212292239176
21049 38.96264172602741
21105 38.69334000000001
21165 38.14741506849313
21197 38.415536849315075
21199 39.09749009783833
22007 36.141440502289605
22097 35.83986761355589
23023 34.3876140410959
24019 40.272380761038335
24027 38.1022045728589
25001 36.836907020547955
26033 32.97582649706032
26041 35.50662171856714
26099 36.01286836632057
26159 38.767372675799976
27031 32.767412876712335
27037 33.29761200863836
27095 33.555046418794504
27149 34.78329315068493
29057 38.873231917808205
30039 37.98050931506851
31151 37.7107051369863
32001 43.19203452053967
34015 36.77966560121617
35045 44.12611051889314
35047 45.78728587081643
36009 38.214756151331464
36039 36.77467081279262
37061 38.446023985057536
37185 38.535432602706834
39011 37.83125424658411
39093 35.801797027595356
39133 35.654716391397244
40033 40.85651643835619
40097 38.6318709589123
40111 39.56218715068492
41041 32.373744754265765
41067 30.130608422014234
42027 37.794726805134225
42057 38.58111881278988
45039 36.61160252054794
47027 38.84521945205478
47123 39.38244645790686
47189 38.77755852579343
48043 43.848266027397266
48057 34.23926383561642
48115 42.80484595890409
48165 42.86263817349865
48171 40.7140997260274
48191 41.47419890410958
48287 36.81056917808216
48295 41.87689328767128
48325 39.10045469178085
48331 38.0184364774959
48363 40.38431363774519
48447 40.975252054794495
5011 34.66385271232878
5071 37.111405525096714
5077 36.67712287671234
5079 35.041233493150685
5123 37.03427867581755
5137 37.22550602738164
53011 31.335523975241667
53065 35.33945305935347
54001 38.21070753424658
54085 36.95864703197069
54097 37.685166849312324
55077 37.21898010958905
55081 36.40635202433151
55121 36.18419250000001
56043 39.74057123287672
6029 50.85841048353699
6045 33.57476130136987
8037 48.49250363989038
8047 50.00320356164385
8063 42.945819269402705
2180 38.156385180292496
12005 37.851033220783535
13145 38.331015397260266
13181 37.77560150684933
13285 38.33203818002742
17033 37.34768867579997
17133 38.373379908667395
17141 37.17878620172548
18023 37.04460859589042
18181 36.86996904109587
19009 36.31891388129312
19103 35.57200489723643
19171 35.753508858449315
19173 36.40513753426027
20013 38.1487149771882
21009 39.41096676712329
22115 35.374240684926
22125 35.75016812786219
24013 39.24303015862057
24045 39.75757229992877
25009 36.07077087433067
26039 36.05760564383562
26091 37.9373622989674
27049 35.69905602739728
27123 32.42439716427066
27145 34.22486574398355
27157 35.96597552513422
29109 38.478681135035615
29155 38.57671757990414
29229 37.450087534246556
32013 41.992959520547956
34025 37.39510780918082
35043 44.958482641876664
36019 36.33960262438356
37017 38.77402127854793
37053 40.15446156556165
37079 38.94387664383561
37103 38.67663315071508
38023 34.342090136986336
38033 37.306324931506865
38079 32.663241986301394
39065 38.078883600762765
39085 36.97040831837425
40055 39.240410000000004
40087 40.13626077625754
41029 36.97236545938903
42061 37.94686029681454
42131 36.4262445009956
45041 38.13163119135833
45073 38.446161589041076
47015 38.404526118719716
47063 40.75218573059999
47155 41.77975721462467
48135 43.44619284736988
48175 34.51773520547944
48189 43.043623257219146
48409 33.646479520547935
48499 37.872799780821936
5005 36.83459485540303
5053 35.2721273972603
51033 38.45041553818274
51079 39.77732182650684
51131 41.24729132419455
54049 38.49275681885425
54063 40.56029698629585
54073 38.05979849315066
55019 36.348289965753445
56009 42.915114109589055
6005 45.18910922378086
6077 41.65149404352136
6093 38.641852544027415
8003 45.54139808219177
8051 47.12568739726029
8061 42.57909917808219
8071 45.835142602750686
8075 43.08970630139455
8115 41.71341397260274
2020 38.156385180292496
1027 38.346376369863016
12003 36.19758979452052
13123 38.688672876712324
13183 35.62154045662191
13217 39.53890579556166
13297 39.30949830136715
16005 42.08194427146301
16019 41.53338947163017
16049 37.46060202739726
17011 36.88339087671233
17023 36.889991986301375
17027 38.54986585616442
17093 36.09151641095892
17139 37.13697438356166
17163 37.94412977627507
17171 36.585330547945226
18007 36.906013972592596
18123 38.55949479452058
19053 36.10183196346302
19111 36.03045352429281
19177 35.99577342465754
19193 36.04733890412467
20039 40.67205739726024
20067 41.734972876712355
21007 39.23977433792605
21175 37.83411183561641
22035 35.07539452054984
22065 34.97605139726027
22107 34.95968328766302
23015 34.577731111120556
24017 39.07768538812686
26147 36.55936406488215
27005 34.86170838356165
27043 35.81312351597535
28137 36.366034575342454
28143 36.650340365318684
28147 36.683210045672034
28163 35.438156575345175
29079 36.80614691780823
29085 38.38904949770133
29159 37.87346861768959
29510 37.03891864047974
30047 34.845153630137006
30057 41.13475159816166
30097 40.39906191780822
30111 38.37432559075343
31003 37.53491963470686
31063 39.63637232876712
31149 38.21010410958907
31155 36.81172389041095
32009 48.01355589041102
33015 36.723859705276176
34017 32.93359515927205
34031 34.933777490410954
35006 46.93430489237811
35021 44.12411999999999
35025 42.82175687977534
35027 44.60090849315071
36107 36.08439624657532
37005 40.766258904095885
37047 38.30109184406575
37111 40.63009657534245
38001 36.86029698630136
38097 33.39582171232875
39005 36.77572839350189
39025 39.07093699315067
39031 38.168537643835606
39131 38.7752569863041
40047 40.795254748879415
40089 37.80050684931505
41065 35.5766870890411
42055 38.96773249113177
42101 35.62541081908491
42105 37.85230630136987
45029 35.96230100457533
45083 39.052545261066854
46007 40.17927301369859
46057 36.10652534246575
46099 37.86439619048493
46109 35.152465068493164
46117 37.017950958904144
47011 39.34335267480244
48029 39.194300130249836
48067 36.97654375731396
48113 38.34909301657093
48301 43.2255397260274
48303 42.699144625298636
48411 40.59937986301369
48433 41.102644109589065
48503 40.92340965753423
48505 34.052015981727116
5003 34.85522473579369
54053 38.25203812786852
55039 37.58462547945206
55123 36.51409499020549
6047 47.10184375177533
6105 35.79528060273975
8021 46.538540958904115
9007 38.674005273969314
2164 38.156385180292496
1005 37.424713455117804
1133 37.115148336572595
12031 37.887302921863025
13175 37.51642828240547
13209 36.864829863035595
16067 40.84103967123286
17025 37.61788698630134
17045 36.68292728767122
17053 37.23205632876713
17159 37.60748432876715
18069 36.36324252660932
18169 36.79397051369865
19013 35.841395717394526
19125 35.54897297945207
19139 35.84635986301364
19145 36.68591360732248
19153 35.177057299384906
20021 38.61268849315618
20035 40.750494620194516
20063 42.003071917808256
20065 41.24416794520548
20073 39.550412876686856
20093 41.92791232876712
20103 38.10891174657533
20121 38.034830787671275
20127 39.611623150684935
20183 39.31289068493149
21031 38.9485557260274
21067 39.29590437689123
21103 38.74818586301372
21183 38.79815737769319
21225 38.97622904109589
22121 35.80199172602735
23017 34.95925921030961
26087 37.054789200898604
26109 35.69588915852053
26141 34.628858219186306
26145 37.026378072416406
27025 33.92324956164386
27061 32.49133287672878
28131 37.25251817351235
28153 35.874409657534244
29019 37.55816669815427
29171 36.31705849315064
30011 38.3253073972603
31061 38.9406806849315
31119 37.15383616437807
31175 37.92665232876715
32510 45.37491592953696
34007 36.029879771327394
34027 36.840799241095894
35035 44.60115279109587
36045 35.54537484931509
36081 33.09896753486464
37097 40.79544370483835
38053 36.45528479452056
39035 34.471262051729866
39037 37.67047575342192
40123 40.65207698630135
4019 43.38918649121917
41021 36.92512547945204
41047 32.32181048653451
41055 36.48805369863012
42013 37.65792040291016
42043 37.638067886203565
42091 37.35156326466986
45019 36.7490900371041
46053 37.57519150684934
47101 37.646034383561634
48007 34.317391397260224
48019 40.11485769863013
48121 40.88088733729153
48149 36.15841142858082
48193 40.57000968035887
48267 40.57880219178085
48285 35.40417420091509
48419 36.0669417808082
48439 38.9896651709318
48469 33.82610817154797
48501 42.92591821917811
49047 46.35835904109589
5051 36.09553343835615
5111 37.795788258322986
51141 40.620654383561636
51197 40.941626803616444
51199 39.3279100391159
5125 35.71616163080711
51570 38.25195523287672
51620 38.4189897260274
51710 39.04595711148219
51790 39.23895484019451
53003 37.310602602750706
54065 38.99552821917806
55119 36.28166694063836
56015 43.29328308219176
6039 49.877939452060254
8011 42.56845452054796
8023 46.36999493150687
8069 45.1858311878301
8085 45.55130298630139
1077 37.0856994395863
1121 38.293633412191774
12029 35.45338237444111
12109 38.6276055821918
13039 37.18950410958902
13091 37.594513287663034
13095 37.5502426686767
13131 37.31275315065756
13257 38.18857189041095
13267 36.107324986301336
13271 37.15555643835068
13281 38.547223105032884
16003 38.286971232876716
16031 41.22879027397534
17101 37.80296005479452
17169 36.13610374432134
18071 37.69908476712331
18095 34.97370385041673
19055 36.36260671232877
19065 36.16456614481093
19067 35.92147210958903
19157 35.584708383561676
21021 39.66293001958272
21061 39.403513972602745
21085 38.9092429354411
21109 38.651798721435625
21231 39.019310958904114
22017 36.71166778698493
22071 37.82256401981917
22087 38.376133344074006
27003 33.52114167355287
27069 31.239338767123257
28017 35.69357226027396
28029 35.762272648406295
28047 39.117606490101366
28069 35.65579547945206
30059 39.70067945205482
30087 37.79878410958905
31127 37.364908356164385
31131 37.03523868493149
31145 39.991994155279436
32015 44.05842712328764
34001 38.65015772880001
34003 34.13636221810962
34005 36.85265027397039
34039 35.478129606808224
35053 45.40254319636436
36017 36.19096105021917
36087 36.29976178294657
36121 37.37720699874524
37177 38.98252767123286
38067 31.27773945205478
39071 39.482615342460285
39079 38.411679452054756
39161 37.37697945205288
4003 45.493300864726
40057 39.976697808219186
40063 39.80673430136989
41049 37.07442356164383
42007 38.39671592799043
42089 36.74286506432413
42117 37.011807205479464
46075 37.80400876712327
46085 36.864215342465755
46087 37.15784232876714
46091 35.11549013698627
47009 40.24644557730959
47095 38.669487123287695
47127 38.600497260274
48027 40.68291270391506
48039 33.81852566209945
48225 37.01824277884928
48297 34.885035753424624
49025 45.51533547945204
49045 41.57864632627531
5007 38.878396427155586
51025 38.32838520547945
51091 39.543490410958896
51105 39.41034566208492
51111 38.3879989954392
51165 40.057225609243815
51590 39.61554986301373
53005 36.4950251166
53029 29.991531063271506
54051 39.381828493139444
55007 33.71344723287671
55065 37.27969079452059
55083 35.856904109589024
55095 34.26313112328767
55103 36.85554860273973
56017 40.65288534246576
56045 42.2519861643836
6065 51.277399646180776
6111 44.491163860956185
2013 38.156385180292496
2060 38.156385180292496
1059 36.807604413980826
1093 36.64123123287672
12103 37.102582295071244
13021 38.46368206721093
13077 38.23326379452053
13115 37.93479799999999
13149 38.157951780832846
13157 38.55757693650138
13163 37.83988383561644
13185 36.77609543013697
13201 37.40874602740545
13215 37.91415874383563
13225 38.26408420093421
13321 37.77616093150684
17147 37.37826020547946
18009 35.94491972602739
18013 36.932737876712324
18091 36.99501541098353
19005 36.225716219178096
19095 35.60891856164385
20081 41.73617972602738
21093 38.364317608991776
21167 39.76986860273971
22053 35.19253976515512
22093 37.02744375734164
22095 37.7585956911523
23011 33.98498186477256
23025 33.82210385173972
26031 34.76174729452056
26057 36.983230739726025
26067 37.145505079041136
26157 37.06195561644932
27023 35.38135746575346
27083 36.43321534244659
27105 36.91187575342742
27119 32.78055649315069
28015 35.27070794520549
28115 35.98036694065399
29111 36.48833636986301
29145 38.643522968032876
30075 38.87419534246579
30091 34.35825191780821
31015 37.667518630136975
34029 37.977479776438344
35007 46.003497625569864
36007 36.004985489438354
36035 35.35959170774519
36043 35.538701095917816
36057 35.335433647260274
37101 38.91801283287673
37119 39.72698378620053
37189 40.816049947298644
38093 34.2286462100329
39123 37.33773146470657
39173 36.738142876710384
40029 39.898009726027375
40035 38.58291331506849
40051 36.63270512328767
4007 47.0928189041096
40083 41.699705719178084
41011 32.55988638565206
41023 39.37121397260277
42083 38.428238310490435
44009 38.259942808219215
45005 36.34391680367397
45007 38.24650154547615
45017 35.53048958904108
45033 39.06330009131316
45051 38.53617800502742
46011 36.522319954339714
46095 38.53883095890409
47085 37.946796383561626
47109 36.96366771037808
47133 38.818473385526026
47151 38.937604438356196
48035 39.96252340508495
48093 40.56167383561643
48185 36.41417388129317
48241 35.05207082191781
48277 38.49297833332328
48339 36.76851233805208
48375 43.49839664788493
48387 37.94328205479452
48485 40.961452632350145
49005 41.76047441518083
50021 36.00801049315068
5049 37.05012931506851
5075 37.577288036530675
51027 39.13887037182741
51071 40.929015684931514
51077 41.01520471232877
51580 39.14527465753425
51630 37.91712155250248
51840 38.89360942465754
54007 36.72008557077809
54045 38.50157019789589
54057 39.49736262230685
54093 39.379669497717785
54109 39.522275342468525
55037 34.888753561643824
55059 37.24415805088741
55133 36.12753987575999
8027 46.68542931506848
8055 45.598735068493184
8057 46.18133342465752
1057 36.47735101369864
1117 37.35349951486493
12067 35.45597438356163
12111 37.27545469490409
13247 39.398817479471255
13315 37.80344547945198
16025 41.58955561643837
17031 34.4346254684255
18003 36.28721460044573
18043 38.188874424657534
18117 38.10400182647398
18159 36.31857390410957
19169 35.773050506849316
20049 39.71114630136984
20157 38.6143761643781
21001 39.09588669275807
21051 38.33795799088217
21143 38.92610767122465
21211 38.9744899847762
21235 38.703949280821945
22085 35.82268309195344
23005 34.46285646325204
23019 33.605911643830126
24023 39.82089557728764
24041 40.155530520547956
26007 34.66871248094245
26035 36.90954311332878
27077 31.180310136986314
27143 35.33174643835616
27151 35.035755616438365
28019 35.3729084018301
28039 36.775057753424676
28077 36.084121643827395
28083 35.50249914383558
28093 36.707585479445754
28123 35.99841666666028
29073 37.32221326027393
29105 37.824145205473954
29113 37.38402923682741
29115 37.07343545205477
29125 37.57714675796356
29175 37.52465150685949
29199 36.21482780821918
29217 38.9994664383534
30003 38.93161293150686
30081 36.98236134246576
31113 39.34294575342466
32007 43.02916287669315
35055 46.729699132421906
36021 37.0320450489178
36061 32.337541701862484
36065 35.43178806368493
37003 40.096582309183546
37007 39.93117821917178
37025 41.0084921584789
37039 39.37712606656437
37075 40.423223744287654
37159 41.42153817350411
38031 33.596079178082185
38075 34.13602301369864
39113 38.6933519903364
40059 41.48057369863012
42051 38.72900003044985
42077 37.71307750540547
45067 38.22063263698628
47025 39.21975101980549
47091 41.182027835616424
48015 34.96914666668494
48105 42.329498630137
48127 37.378279452054784
48237 40.83404876711237
48251 39.19373727984221
48421 42.661274794520494
5001 35.842409520547925
5099 35.61250228310139
51035 40.848850567506865
51061 38.19636754231234
51133 40.96242178082193
51153 38.21247073441557
51800 38.46841515655614
53009 31.717706627536966
53057 30.60075741553263
53063 36.355673244619176
55078 35.89326602739726
55113 34.48173972602466
6033 38.428259415523286
8045 45.53551915319449
8049 49.29785552511781
8109 46.54149027397262
8117 50.119718575342475
9001 37.91562539465835
2068 38.156385180292496
12009 38.2611237968466
12023 35.99608303653698
12045 36.54523415527672
12101 37.119890096106836
13053 37.79513868493152
17007 37.16665170257669
17081 38.478928642586325
18057 35.85596031610219
18099 36.09925575341917
19017 35.90504989726028
19099 35.5326266666523
20037 39.2113735740959
20145 41.33041589041095
20175 41.94901358904108
20207 39.12871342465755
21135 38.5089220547945
22001 35.93545842464191
22013 35.74493320547948
22029 35.053985479452024
22043 35.01768953424657
23029 33.8975891464712
24011 39.28455826484109
25003 37.51097350193152
26009 36.51909037182739
26021 38.53194664955342
26049 37.078751971161125
26101 37.42352961947947
26165 36.96410071917806
27029 33.50403242007943
28049 35.86588342480412
28067 36.18778256361642
28075 36.00040377792875
28161 35.0116898630173
29063 37.83733520547946
29119 38.616112876712364
29129 36.431851780821916
29143 38.85302283104658
29167 38.3909388356164
30001 40.34778739729041
30023 39.4817210045726
31083 39.13999095890412
33019 35.742237013698634
36115 35.494787510041064
37045 39.64059420921892
37051 39.9872424939556
37071 39.49075882824439
37169 40.89492961947123
38089 37.26243835616436
39077 36.52987230767256
39107 37.33353038051182
39159 38.35103517808221
39163 38.51788739724928
40031 39.525310222602755
40073 39.80136520547943
4015 47.29229601781644
41069 38.20932164383562
42063 38.59554602741097
42069 37.03045823078493
42085 38.76056221919453
42121 38.55850886986299
45013 37.02491543150685
45087 37.57211832575235
46037 35.46370356165754
46039 36.14350726027396
46073 36.43534356164384
46107 35.7909298630137
47023 37.21232447489863
47033 38.11599769863017
47141 38.46482210044106
48025 34.665683248520516
48229 43.404497534246566
48273 32.57982449315068
48373 36.291504109589006
48377 43.719478904109565
48393 42.30082657534246
49033 44.049743561643865
50019 36.2681418082192
5031 37.760411732452084
5067 37.477400383561644
5095 36.4337683104811
51143 39.34197270547944
51169 39.722913698610974
51680 38.087230684953425
53019 35.54272876711236
54061 38.91436986302737
54079 38.14243183561643
54101 38.70699506849039
55027 37.91079301369864
55033 35.3267320547945
55139 37.036684650841146
6009 46.20289210958904
8015 48.29688410958901
8059 44.21639487592656
8093 49.30791463013699
2070 38.156385180292496
1029 38.15798143835618
1087 37.56695079909316
12053 36.87908018059179
12079 36.23675019178081
12117 37.49969792609862
13047 39.200622714823005
13057 38.42168384615342
13089 38.36321650446767
13197 37.972773013698614
16083 40.1510722113863
17041 37.02330980821919
17043 34.36834950405782
17097 36.360093510615094
17127 39.1220699315068
17161 35.88400643150686
17193 38.560960493150716
18045 36.65082849315072
18119 36.96060290410958
18127 36.84232261130138
19115 35.9522592694074
19119 37.21466630138904
20041 39.640806438348754
20107 38.549888630136984
20133 39.05561605479451
21075 38.62089917808216
21095 39.030015716065805
21125 38.71332092726029
21147 38.87870328767121
21215 38.932821232876705
22003 35.0901640547945
22113 36.8694362100466
26079 36.24491676712327
27137 32.12377541719369
27173 35.8840939041096
28045 38.53315072407124
29099 37.879337677772014
30013 37.418244184315014
30021 36.16572045662741
31057 41.30880547945207
31101 40.36348657533422
35059 44.622247123287636
36001 35.61663959085478
36015 36.48470178084109
36073 37.07711484931507
37055 41.24463132419727
37173 40.66508591780822
39039 37.44511278538902
39083 37.99141335614329
39091 38.344100249056126
40039 37.50618339726027
40093 40.55481378994714
40105 39.19356054794522
40145 39.08996509339011
41013 38.5969
45065 37.521398082202744
45091 37.97287042883701
46077 36.23008082191781
46111 36.42012465753426
47045 38.43052982876712
47121 39.11681360732247
47137 38.89901917808219
48023 40.87899397260272
48119 38.399101095890416
48355 33.16540069678631
48493 37.30336508092876
49007 46.973330630137
49037 45.26516910958902
50011 36.119780136986314
5009 37.45134266146575
51019 38.71177986301373
5117 36.47482191777807
51650 39.29896860593615
51735 39.67971287672959
51810 39.63210319358906
54039 38.35344063580546
54095 38.30275616440822
55001 36.73546861055614
55023 36.536815388142465
6069 38.51843726028494
6081 29.82103650423699
8079 47.525026301369856
8083 45.10505772993696
1017 38.12079013698355
1033 36.88319387475068
12105 37.15973325566024
13001 35.87723347945209
13027 37.01688432876711
13051 36.01937361375067
13191 36.408704109589024
13211 39.01783671232875
13239 37.47084301369865
13279 36.6598899086575
17055 38.81850075343754
17059 38.90585
18015 37.014753542099434
18061 38.35688041095617
19015 35.92741545986658
19035 36.336580684931484
19057 35.93864144458277
19063 36.01368472602738
19185 36.05226136986379
20135 42.121210684931484
21117 38.27119767457535
21121 38.62236972602742
22023 35.85138547945208
22079 35.12570026567779
23031 35.372550815068465
26085 37.15393452054795
26095 34.2026665753178
26103 34.178794623287686
26125 36.235252922908224
26129 36.1846491193918
27035 33.09905253424658
27163 33.502399331506865
28001 35.13931875190714
29089 37.580987123297774
29209 37.75670698629042
30031 40.73931419674248
30043 40.01635196346846
30083 35.749139246575325
31065 39.53559753424659
31067 37.77978555773066
31075 40.67398739726029
31173 36.533041643835645
33003 35.71921215442743
34009 39.84244501712327
37105 39.76355447842797
37161 39.787850305602724
38091 33.55239479452054
39023 38.71821121419424
39115 38.70180582191779
40023 38.70871704109592
40045 41.313143972602745
42095 37.074669738134276
44001 37.056269987531785
46005 35.883529132438326
46071 39.57002589041098
47013 38.891102490652074
47055 37.92716544520545
47065 39.65305948214494
47081 37.76319456619813
47157 37.39226064463509
47163 40.32657454865206
48103 43.096953972602755
48117 43.72428273972602
48233 43.07736203524663
48243 44.36341041095894
48253 41.1052402282877
48349 37.60959827397264
48415 41.758722260273956
48427 33.612336968023
5055 37.84735114153697
5085 36.46297839041094
5105 36.41195625571121
51089 40.12227054794247
51195 39.13723795763291
5147 37.04040986301375
53035 29.537825164892872
53069 31.688425753424674
54089 40.345786438356164
56035 45.571703561643794
8029 45.33963381606847
8041 45.60564448470961
2016 38.156385180292496
2100 38.156385180292496
1009 38.0901684018263
1067 37.36592575343287
13055 37.95061474886853
13277 37.59179802129043
16085 39.72427059360824
17019 36.9630177699901
17063 36.99751575342468
17113 37.43021338457728
17117 37.23132221286746
17121 38.25882650684111
17129 36.236999360700274
18001 36.64374966731947
18079 37.982826255703316
18151 37.1976279147545
19133 36.55000390410959
19181 35.303445388144375
20007 41.18991616438357
20017 39.67448246575342
20111 39.06001952054795
21023 39.110232876712324
21161 38.901690136986296
21213 38.889193082191774
21221 38.9230008219178
21229 39.58261388128139
22069 35.35867354644108
25005 36.301147333698616
26089 38.02002931507672
27019 34.26443671234522
27135 31.22626931506848
27139 33.963063940027396
28011 35.78457904109587
28133 35.80643056754165
29007 37.45777569472491
29029 37.995204433378646
29189 37.27571014389422
29211 36.57139406394247
30089 34.99472904109863
31047 38.80595925636161
31165 42.698972054794524
31169 38.34833082191781
35049 46.08593941369861
36031 36.7213610748192
36047 33.1530656427778
36091 35.25282700821917
37057 41.75731131344658
37077 39.1993674183
37153 39.84086196761783
37155 39.4281677772795
38077 34.47051981736714
38105 35.04978493152878
39125 37.38535643835619
39139 37.14936733333972
39167 38.634585273972576
40081 41.38954340510549
42035 37.672568797561624
46041 36.438906164383525
47039 37.17380986301371
47049 39.00097239726028
47073 40.14535519492052
48011 43.35257534246576
48049 40.50385216894248
48125 41.718579178082194
48131 34.136492511430156
48239 33.97709890412329
48265 40.37976901369864
48275 40.816375342465776
48327 40.9314205479452
49031 46.14384684931511
5013 34.69872397260275
5025 34.8107720547945
5027 35.640561917808206
51043 38.866555342479444
51115 40.65152082191783
51510 37.90751322998438
54103 38.842093863013694
55109 34.40189412916134
56031 44.309740821917806
6059 41.785731399980854
6061 44.143579497155606
8091 46.7468564383562
9009 38.056670970499965
9013 38.20635127068543
1097 37.56071577023835
1103 38.07879337392058
12047 36.17391315067123
13013 38.92597514459726
13025 35.572699908687675
13049 35.537303424657544
13071 37.473282027397296
13085 38.21961799085756
13241 38.19905150684934
17091 37.0551407463392
17109 35.9400365479452
19051 36.02193027397261
19089 36.09410438356984
20115 40.10437431506852
21069 38.595396917808216
21073 39.1928667745937
21077 37.95227863013695
21119 37.50843276712328
21209 39.14290808219809
22033 36.73175879687697
23003 31.642685125553456
25011 35.73487130896273
26071 34.68076723287675
26117 37.0028399999945
27053 32.41726805422576
27161 35.78176564383561
27169 36.20651197260274
28027 35.908732133084655
28061 36.09334219178081
29005 37.255574931506835
29011 39.343214794526006
29047 37.73797561023042
29059 38.161720365284964
29101 37.88362033485587
29117 37.236319342465734
29147 37.14448564383561
29225 37.74975109589041
30015 36.46893465753425
30029 34.30467080031124
31037 36.92391744293974
31043 36.05698657534248
31161 40.81973013698625
32019 44.54016378082192
36075 35.68427464334797
38039 33.51339917808216
38041 36.979026575342466
38099 31.86604360732603
39043 37.04124520547642
39045 38.57930453031125
39053 38.18740199608223
39075 37.46731705479454
39147 36.939391095915084
39171 37.47354036530628
41025 40.038725479452076
41033 34.8878727910959
42011 38.93597061490853
42017 37.826625649971525
42059 39.22830968035259
45001 37.617282100456734
45015 36.278548024356155
47019 41.10731311845753
47037 38.36247641623342
47043 38.07698934246573
47087 38.55701767123289
47097 38.42280785386353
47099 37.61142669986301
47131 38.256330547945225
47169 38.89912821917807
48065 43.09050082191785
48187 38.37469965046193
48435 41.422613150684946
48481 33.99858082189316
49021 46.23568753424657
50005 36.63551808219177
50027 35.74878228311231
51003 38.797676388547934
5103 34.96490009133068
51137 38.3829655890411
51179 38.00452524605667
51191 40.65739601685755
5129 37.161934885835585
51520 40.5690202739726
51660 39.90730022416164
53021 36.48537572185206
54025 39.99808512720821
54087 37.3156920547945
54107 38.31730546889756
55117 37.516384889345204
55131 37.10986636004494
6015 32.24099718198356
6057 46.72312846575345
6099 45.39643366655036
8035 44.64976931055343
1003 38.14398314624655
1041 36.96279388130681
1107 35.73154158904107
13029 35.75597201563559
13037 37.26812095890408
13111 38.887818246575364
13121 38.10639442384111
13133 38.488204109602755
13151 39.01040142465755
13171 39.137070867586324
13249 37.87378219178081
13273 37.46280130136989
16033 40.95709616438357
17087 39.17410116438354
17137 36.43739684931507
17151 39.17448191780824
17167 36.018982315871774
18063 36.05363368557393
18107 36.80780146119835
18153 37.28831473972602
18167 36.45623256357341
18175 38.10563077626577
20003 38.83940369863013
20015 40.21868514226356
20053 40.18012534246574
20089 38.87716794520545
20097 41.2488093150685
20105 39.80613698630141
21079 39.43099849315072
21091 38.51727397260823
22073 34.35297615068489
25019 37.6802117260274
26025 37.713582486813706
26065 37.40355238967947
26123 37.11906869240275
26151 36.88567264840548
27011 34.999529680369875
27153 33.92419023972602
27171 34.7452804512548
28005 36.15034155251779
28101 36.02426865753421
28105 35.41915801369861
29015 38.275022602746006
29049 38.16007376712327
29163 37.14524624657533
29173 37.189880639288475
29201 38.891437178082214
29213 37.38903638356168
29219 37.326106301369876
30025 37.33475506849316
30063 34.98218841095887
31035 37.86262383561643
31089 37.883129863013664
31135 40.74564191780821
33009 35.56778621483286
35005 42.71222323630135
35029 44.69583799086853
37019 39.19955950186029
37031 40.33803031471506
37065 38.63593084147943
37121 41.27588075342463
37133 38.83530702605754
37181 38.78937476712327
38103 34.03831726027397
39099 37.70307547163586
39149 38.0366264109589
40067 41.78835954337617
40149 37.06379226027398
41015 32.974404383542456
41071 30.91250942786078
42039 38.49964998210956
44007 37.05507444866901
45045 38.55092383808246
46045 35.01655479452053
47093 39.46624016634712
47115 39.53749442922464
48063 37.57456821918
48129 42.221327534246534
48177 36.47786515982738
48199 34.79177245329673
48203 36.960479138950156
48211 41.44986602739722
48361 34.72151302024165
48365 36.4768765753241
48379 38.09498383561644
48383 42.732440547945224
48475 43.22633552511506
48479 33.51247688748297
49009 46.14180191780817
50025 36.01210007610408
51001 40.80742931506849
51059 38.12994613679126
5115 36.6175277708501
51185 40.487445031123265
53013 37.92741013698627
55063 36.241639265753435
6109 48.33836059774796
8007 46.30070856164386
8067 45.82742199999996
2090 38.156385180292496
2185 38.156385180292496
2240 38.156385180292496
15003 38.156385180292496
1013 36.64054465754247
1045 37.10881868883286
1079 37.427480243534255
1113 37.776444257093125
12037 37.074039999999975
12049 36.364236027408225
12091 37.91307423989317
12131 37.50904219177533
13033 37.52861292237807
13045 38.20016441578904
13141 38.33983849315069
13161 36.50533406392328
16009 36.69452753424656
16075 37.046246575342465
17143 36.15006884702111
17181 39.01756224657535
17185 38.08692643835616
17191 38.08774679452056
17199 38.98275039267124
18019 38.25739435195208
18027 37.74614755383808
18105 37.16605385772876
18139 36.95440410958903
18171 36.74526684931506
19189 35.958980821923284
20061 39.39595565068496
20117 38.47427534246576
20167 40.420275616438346
20199 42.26107260273972
21063 37.824776712328756
23013 35.5629713972603
23027 34.56516794520549
27073 35.54455525114245
27103 35.422146379663005
27147 36.070786267123296
28085 35.89342726027593
28099 35.80792622310138
29041 37.40658639266575
29127 36.912597328767134
29181 37.50286404109588
29186 38.87933678082192
29227 36.690950958904125
30033 36.36748602739726
30085 34.89866100455342
31025 36.593660273978855
31033 42.71714986300002
31081 37.49730283104933
31085 40.39794493150685
31121 37.44675205477534
34033 37.430956324218386
34035 37.665488356196434
35028 46.365501369863026
36025 36.660460665334234
36049 35.514967710391794
36059 35.328753208636996
36095 36.29257071917808
36103 37.117743181302195
36117 36.41218569115071
37151 40.91503311152905
39073 38.68152782779728
39111 39.09208095890413
39121 38.96943707763559
39129 38.75863169652112
39135 38.51390367580743
39141 38.85749835616714
40075 37.38461762557619
40079 37.989989063915914
40107 40.0494361643836
4012 45.47330949772605
40151 41.07158949772329
42009 38.28109262763838
42015 35.804715127208176
45071 36.5118028082192
46051 35.43324191780819
46067 37.26217442919999
47007 39.38679881279175
47077 37.25375570775424
48005 36.276666414186295
48147 39.92725640792055
48151 41.3702610958904
48155 40.68055095890415
48215 31.59817147777151
48299 40.64598493151234
48309 38.97644402902189
48321 33.85965986301369
48333 40.67423479452053
48385 39.937732876712325
48395 37.68423791780824
48405 35.70967561644386
5083 37.148088858452056
51083 38.90059585998302
51193 39.83469712328769
5145 36.97506703900521
53047 35.28932010958902
54009 39.14544497714248
55015 36.86954834369592
55031 32.35152091323562
55047 37.4859166666548
55137 37.090763913890406
55141 36.3318804995973
56013 41.836782712328734
56039 43.99177568493154
56041 45.67903041095886
6103 40.20622306352054
8005 42.746271864677546
8081 44.85257678082189
8095 42.04096191780821
8107 46.1546357191781
2195 38.156385180292496
15005 38.156385180292496
1053 36.5078684322712
1075 36.3464108675981
1083 38.095871575342485
1131 35.938058630136986
13081 38.008110273991775
13105 38.106056273972605
13109 36.042491780832876
13113 38.530860520547925
16037 42.550207397260266
17157 39.25079089804957
17203 36.92154849315152
18059 35.68174569863012
18093 37.73968945205481
18155 37.926833424625784
19001 35.92394319634164
19019 36.11640726027395
19131 36.061176438361656
20055 41.70477041095067
20059 38.47630810958902
20169 39.75247664387123
21035 38.416426118717816
21111 38.26457316358056
21181 38.87614616438358
21239 39.471760136986276
22019 34.46794995639121
22027 35.66946290410961
22051 37.723761680808195
22075 40.58179512936166
24025 38.46318040376054
26081 36.95285559724661
26127 38.138809941290404
26155 37.34788855762191
27057 33.81733741685206
27087 34.11537109589043
27089 31.9185782191781
27097 33.502995616438334
27101 36.86804182647946
28065 36.18394420091971
28117 36.582757589041094
28155 35.203400639293186
29001 36.644530567525734
29017 38.43100420090852
29027 37.57278184931509
29055 37.53024566209122
29067 37.17035753422739
29139 37.31183568493148
29195 37.648357157534235
30037 38.503761095890404
30061 35.413279863013685
30073 36.11859479452054
31133 37.9505893150685
31143 37.16344109589039
31167 37.003414246575325
32003 45.120604182701385
32031 44.23716908513619
34023 37.05890383874085
35013 44.03156134312599
36079 37.060602105257814
36083 36.05730629484929
36097 36.91070284931507
36099 36.06363290410958
36101 36.8410899634521
36109 36.81666178678081
37013 38.964293997473995
37081 41.334047369616435
37171 40.565521930238326
38005 33.32333794520546
38071 33.10487050229316
39087 37.911578767123295
39095 36.45264684068353
39143 36.706627707771766
39151 37.10959273652655
40131 39.198539041114
42003 36.982476894291224
42081 37.3542326783189
42133 38.628674578348225
45055 37.41421495889669
47061 39.37334595890409
48013 37.49334787671231
48075 40.564413150684956
48163 37.80576529679261
48227 42.74593547945207
48245 34.57790925037344
48255 35.82576917808219
48257 38.169212831051816
48279 43.14113616438357
48323 37.79107403348767
48397 39.1018156164334
48459 37.335514637984375
48467 38.10759189041094
49049 42.73566590544711
50015 36.8366841878548
51103 40.47276739728028
51183 38.39150191780823
53027 31.439382876712322
54021 35.51133863013697
54055 40.78724434931508
55005 34.61962769863013
55029 37.44708566209864
55079 35.434871129527664
55129 33.849574904109595
56023 44.95904705479453
6089 37.91783992579177
6113 38.260506521859185
8087 43.63559383561642
10001 38.881568827054785
1123 37.97418936986298
1125 35.58638693091396
12071 35.90003658194517
12087 38.91924008219179
13031 36.23332853880823
13059 38.565784821909574
13063 38.28902049315065
13139 38.357420517528766
13309 37.02813260273973
13311 38.17359243835617
16035 36.09472794520545
17085 37.13147876712055
17153 39.205899589041124
17189 38.89011253424656
18039 36.14341041096984
18089 36.11220843460218
18101 37.8544515981855
18129 38.67344477492793
18131 36.692105753424705
19121 35.566198264857555
19167 36.77050277886305
20079 40.319003150674
20113 40.26021929550189
20151 41.08485351599265
20163 40.655236986301404
20173 40.22583686920605
21059 38.48152575345726
21157 38.76239159817259
22041 34.5321793607452
22057 37.250656581315305
22063 38.053822159533986
22081 35.824943287671246
22105 38.151694068493164
24009 40.378690182663874
26059 37.8699075342493
26083 33.64184356164382
26115 36.64410430629287
27013 35.51010393835619
27017 32.25741491192683
27033 36.26619
27099 36.21671016190135
27111 34.641510443169864
27115 32.99147993150687
28057 36.54892739726024
29025 37.76759013698631
29087 37.83194940640384
29149 37.228358630137
30051 35.64577808219179
30107 39.20247397260274
31005 40.611550410958934
31053 36.7903469102022
31183 37.73331232876712
33011 37.02906304235127
37143 38.83602639270414
38015 35.53854037489863
38043 34.97463150684931
38047 35.18491123287675
38073 34.40601269408496
39015 39.2875050837452
39057 38.790108563602494
40027 40.743674613348524
40129 40.084537534246586
42037 37.38312432875262
45023 37.173955043613994
45063 35.92253064420055
46049 35.17015561643835
47005 37.80496224657538
47119 37.926516422245214
47135 37.40485383561645
47159 38.45569358904109
47179 40.843045967832865
48081 41.655217534246574
48133 40.71458520547944
48259 40.91483401827124
48461 43.13316479452056
48489 32.245630739726025
49017 45.78361726027397
5061 36.87144821915341
51017 38.80941561643838
51139 40.64925769863014
5127 37.708563652961615
54011 37.845579754383806
55051 34.87987945205751
55053 36.30335890410961
55085 35.883074207441084
55125 35.57204997260274
56037 45.677603356167104
6087 34.03220071653154
8039 45.51395549904112
1049 38.745877788652884
1115 38.213774077967116
12001 35.45591765166029
12015 36.5577112328767
12069 37.30034872799999
12119 36.595968478712344
13007 37.36669986301369
13011 38.22240171232874
13079 38.50442420092056
13219 38.73475652970958
16017 35.77966818873972
16063 40.608944383561635
17013 37.31477794520548
17071 35.949889497716995
17107 36.77252839041098
17197 35.98378773790275
18065 35.79734969441261
18083 37.84162599999998
18133 36.62914982386274
19025 36.11973520547945
19029 36.28595572602739
19087 35.93737008219178
19135 35.79156173514606
19163 35.83309273099642
19175 35.91298445205477
20131 38.26704000000632
21043 37.97512442269834
21151 39.07469515501367
21185 38.67084320940275
21217 39.1780909589041
22005 37.58234870841945
23001 34.325194540117806
25007 37.4392033561644
26045 37.44759917807122
26121 38.35891960859726
27021 33.29078024657534
27133 37.422844383556175
27159 33.903986758005495
28051 35.46687901369864
28089 35.73462825830437
28119 35.76059123289865
28145 36.23213593607588
29053 37.608792438356154
29081 36.752377534227406
29169 37.64017278539673
29221 38.03564389041097
30093 39.86064273972607
34019 37.88838365647506
34037 36.816329969917795
35057 45.086469589041116
37129 39.019666762120565
37195 38.7942181110274
37197 40.828088806268504
38021 34.50483269406577
38049 33.99202616438357
38101 34.823275974713994
39009 38.48558259360081
39033 37.32356004215479
39069 37.4033231310989
39103 35.311600029596185
39165 39.11867057701784
40015 34.18301171232875
40017 39.346472820046834
40061 38.40015828767124
40119 41.46849521352905
40139 42.41760389041096
42019 38.480883026138095
42031 38.74464249315067
42103 36.72010385080466
42111 38.750957951726015
45089 36.963322042317785
46013 34.630518013698655
46103 39.11120085763561
47057 40.317006410958925
47067 39.8580608219178
47075 38.13803310502545
48085 40.376446463599166
48143 40.484394315068464
48313 37.06211582191783
48347 36.264813108536416
48403 35.70953461187669
48407 36.82212383561644
48417 41.107327123287675
48423 37.61329419980876
48437 43.49882630136438
48471 37.44804287671231
49015 46.52137178083012
49039 45.68580317808216
50023 36.62023886084382
5081 37.09443952054794
51009 38.13252039574793
51051 38.74101089041097
51109 38.36720392694518
51119 40.00852109589042
51121 40.81253731164385
51163 38.32276123287673
51177 37.95580919633778
51181 38.62797205479456
5135 37.31397404109588
51550 38.796851199454764
51600 38.12157375342466
51820 39.21419517808222
51830 38.94562155251779
53041 32.930793945205465
53049 32.160757847353445
53071 37.45457707762464
53077 36.725029302893155
54031 39.99414146116713
54059 38.129241526391816
54091 38.19617958904112
55003 34.216826888468475
55009 36.211880882808245
55089 37.13391662102959
55115 36.03740933998356
6021 40.17230762556167
8001 42.45396793389178
8121 43.22353808219175
1051 37.469930812794516
1061 36.94249506850136
1095 38.66413834094332
1119 35.40908315068492
12073 36.69663221595344
13003 36.242512602726016
13005 35.83820502281918
13043 36.64867068492329
13075 37.18505664383559
13119 38.24884947945208
13179 35.70527772992878
13189 38.15019884931501
13195 38.38252803655341
13207 39.01293364383562
13265 38.20702794520548
13317 37.995065684931525
16065 41.42316949772332
16073 38.34545315069591
17135 37.35229965753422
18005 37.62863727854058
18113 36.42580265753425
19023 35.85924027397262
19069 35.926522374430135
19113 35.64039648706025
19117 35.715931232876706
20009 40.8598387328767
20011 38.97644027397263
20029 38.866000410958875
20033 41.312129315068496
20165 41.48868082191781
21015 37.97010819429423
21019 37.99795726025835
21127 37.60834832876712
21155 39.320904063904116
21233 39.032059726027384
21237 37.843313013698605
22067 34.63989650684933
24003 38.546067887219145
24510 37.50863208630137
26001 35.5681944109589
26143 36.59068260273968
26161 37.07236277808216
27131 35.58842663855889
28023 35.90958732876711
28135 35.30354219178081
28151 35.609465392946305
29091 37.19788212328768
29103 36.602420821917775
29183 37.422806169587915
29215 37.52792349315068
30009 40.23343873972598
30041 35.508183698632905
31077 37.65372082191785
31123 41.97266575342466
31125 37.36393452054796
31129 38.453776164383555
31159 37.22742856164386
33001 35.49698666667121
36011 35.894949762071214
36069 36.17735816986303
36105 36.66679187213973
37135 39.045996585134255
37141 38.7148309954411
37157 40.56379989564657
38061 36.13179735160272
39029 38.43591202055071
39119 38.446146258122724
39137 37.758783444223816
39153 35.049009343475085
40025 43.198646301369855
40085 42.65046648401754
40115 38.02677120244385
4027 44.48382012950959
41003 32.19314777776713
41009 31.368993068493136
41027 35.34464636986301
41035 39.83347464383558
42045 36.78182638508959
44005 37.612003549191805
45021 38.99436971550983
45047 37.20869056750711
45079 35.71296016931478
46069 36.00195424657536
46097 36.51902493150683
47107 38.940916931506834
47147 38.72617794520276
47173 39.332108630136986
47183 37.89571424656984
47187 38.1876194372518
48169 42.23617315068495
48197 40.31091890410958
48207 40.89329356164383
48223 38.09601592085397
48291 35.31482786689154
48345 41.68584246575339
48357 42.28400831050684
49029 43.53698410958905
49035 41.33112603126191
49057 42.25414901917808
51011 38.26250575340548
51015 39.28922965228494
51049 38.39264904109594
5107 36.327719726023595
51113 39.78406972602739
51147 38.33673550684934
51167 39.950921878663
51750 40.86553050230412
51770 39.67739537820547
53031 30.713898708429845
54043 38.076357643835614
54069 39.32358193304716
55071 37.30947746216986
6011 39.36931358904107
6035 43.70098380517811
6071 52.410645695523264
6085 35.088918099116434
8073 44.096444246575324
8105 46.48396785387943
9003 38.15802689581176
9015 38.044511890410945
1035 36.493005753424654
1129 36.1005946849315
12019 37.10037858448495
12055 36.12132658548217
12107 36.67971236099453
13125 38.05770301369863
13153 38.15691381775341
16015 39.9153991780822
17047 38.10876648401565
17049 37.26454869863017
17177 37.52380322445482
18143 38.08708126027397
19059 36.31397978082192
19107 35.652833219178085
19197 36.09624969863014
20001 39.034320383561656
20027 39.09374739726027
20047 41.390180958904125
20057 41.5925902152877
20069 41.74382684931508
20141 39.95971589041096
20143 39.47269835616442
20161 39.19049602740082
20209 37.14640779649203
21195 37.69766859407618
26029 36.43480410960001
26075 38.01577561642739
26139 38.41091200309588
27129 35.455778995438344
28025 35.59892969863012
28059 39.18688590018632
28071 35.65636780821916
28087 35.79884716244192
28149 35.32992438356713
29069 38.34790915068491
29177 37.94393054794522
29187 38.53272513077861
29203 37.45695726027396
30067 41.54302315070684
30069 37.10170082191779
31007 43.88528657534251
31031 39.911369589041094
31045 41.17737205479452
31073 39.1280416438356
31091 40.181220821917805
31141 36.995333268104105
35001 44.420408330191805
36085 34.810522601451495
36113 35.20692294159997
37049 38.93656264840823
37131 38.28712246575341
37149 39.75449518591509
37179 39.753234259948485
37183 38.883560123080564
38003 33.96327123287673
38081 34.60448438356164
39017 38.798865315068504
39019 38.34691084147669
39047 39.381277416831786
39155 37.67836531008466
40005 39.58449520547943
40013 40.705650336230974
40021 38.72621205479452
40043 40.29167643835149
40091 38.95793155254057
40095 42.08819828767125
40125 41.316625222602745
42073 38.31452079255998
42125 38.26467680982137
45081 36.63134115068494
46023 37.38380657532876
47071 36.89343990865756
47103 38.51061948252328
47167 38.27777386720519
48033 42.49401424657535
48099 41.0620647872904
48173 42.926401369863044
48179 42.426580156545214
48217 38.7895930510767
48371 43.41157623287667
48445 42.82906073058904
48463 39.199073917808214
48495 43.379349954372636
49023 43.070247397260246
49027 43.77216621004657
5019 35.36946476712329
5033 38.024571058534235
51081 38.229876529679466
51161 39.793642359221906
51640 40.80836438356167
51685 38.159498082191774
51700 39.03080082191864
54099 37.80146017432491
55013 33.50630872146851
55057 36.53488336594795
55087 36.54773602739724
56027 42.61689506849317
56029 41.232093479452104
56033 40.618174474863004
6053 34.77189771689045
8025 43.222617260273985
9005 38.5687606983781
9011 38.49007232455342
1099 36.29902070449588
12013 36.3085810045616
12021 35.285828793383565
12077 35.590794931506856
12089 37.728266712342474
13065 35.67519753424659
13099 37.36461808219177
13159 39.31521086757536
13235 37.91542219178629
16061 37.01940328767121
16079 35.999874155260265
17003 39.176714794520564
17057 36.11844347033071
17061 36.840653315068494
17083 37.34000977169672
17123 36.84597879452059
18021 36.54019954339723
18035 35.42135827399372
18085 36.222957822648226
18149 36.34122414874246
18177 37.387522610835056
19149 36.33797963471699
19151 36.075773150682174
20191 40.95992799088653
20205 38.995701301369856
21097 39.026177698630136
21107 39.05143972601451
22009 35.386832115684356
22021 34.501375981728785
22031 36.28846618393977
22077 35.75295132420191
23009 35.900790137002744
26047 35.77226674657534
26105 38.093520753424635
27001 32.71135178080275
27039 36.266622465753386
27041 34.43964703193973
27091 35.86986333334517
27113 32.45653704109588
27121 34.6345494520548
27125 32.879994383561645
28007 35.483550547937824
29065 37.67449787671235
29071 37.26634660759453
30109 36.85355369863016
32011 44.28956986301369
36089 33.93699481410684
37063 39.0891871050348
37085 39.505671029946285
37087 41.859103407534285
37193 40.08318843444654
37199 42.04906575342466
39059 38.77369794520546
40141 39.944468821917816
42053 38.650692694060254
42113 36.59588273972603
42123 38.57193561641097
45027 36.53768954339264
45035 35.966638345205524
45069 39.3840815655674
45075 35.79323876712333
46015 36.6896717808219
46027 36.32940173515344
46089 35.05184054794523
46101 37.12594082191778
47165 39.005446294853684
47185 38.549364292246565
48041 36.775360932816405
48123 35.23734323287671
48367 40.04712085074574
48507 38.4762144520548
49055 44.97496219178081
5021 37.97431360730411
51013 37.800285316926534
51057 39.28345835618907
51135 38.36528828767122
54005 38.759228561643816
54083 39.087374559695895
55041 35.773213356164355
56011 40.485696027397225
6003 48.09814027397262
6023 29.10925346119726
6075 28.45520587084439
2050 38.156385180292496
46102 38.156385180292496
1047 36.020756968010964
1091 35.7793564840219
1109 37.13379321917805
12063 36.929087297671245
12099 36.30980155035615
13221 38.29291267123286
13227 38.385896392715075
13233 38.014150450095904
13237 38.85881895890409
16023 41.877147671232855
16045 37.87680757992412
17021 36.853518493150695
18097 35.990889417799174
19073 35.98992424657532
19093 36.29554447488495
19179 35.777994769594784
20101 42.07313780821918
20119 41.725183150684934
21045 39.275595835616414
21141 38.85735616437808
21159 37.39040082190769
21203 39.00206143835619
22059 34.80936940638906
22101 36.750480136986305
24005 37.95757255791286
24031 38.2022776259743
24035 39.640546525531484
25013 36.87202383293834
26063 37.08896577626027
29045 36.13992977170767
29137 37.40701817350958
29185 38.59995506849587
29197 36.308175342465724
30027 38.66765835616436
30049 39.30146698628493
30053 35.026217369863
30077 38.03355863013696
31071 38.0245791780822
31109 36.942508174748504
31157 42.72259581567122
32017 45.97983260273974
32021 46.83317904109589
34021 37.90537912827317
34041 36.7629597736822
35019 44.205448493150705
37035 40.135554617767134
37093 40.15672182650629
37117 38.75022388128495
38007 37.634482739726046
39021 38.66513487671235
40037 40.08802461838575
40077 38.249567671218365
40103 41.55544212328767
4011 45.82677853879179
4021 44.3126094209863
41007 32.03984520546844
41031 37.10087255709591
41059 37.298405771690405
42079 37.030918126970974
42115 36.2622042092082
46003 36.79548794520547
46043 37.181030958904145
46063 37.49662931506847
46081 40.322895068493175
46105 36.81302520547944
46115 35.04237680362466
46123 37.9786690410959
47017 37.64356835616438
47029 41.78713016741368
47059 40.961945150684926
47129 38.975695452054765
47143 39.27074484018277
47149 38.31861729384658
47161 38.67054493150686
47171 41.519279794520536
48053 40.60446763698629
48107 42.363028767117804
48359 43.62806958904107
48457 35.07140054794519
50009 36.73392602738359
5015 38.23734608219178
5073 36.136790821917785
51021 40.97004863013697
51036 38.566518904087665
51093 38.57132869863012
51107 38.55036153002465
51117 38.552259391173166
54075 39.58780815068493
54081 39.99164633360274
55097 36.4546947162219
55101 36.88087470112796
6013 34.029152280056984
6073 41.567077362501365
6083 39.547452341052065
8089 42.9625554598822
2150 38.156385180292496
2282 38.156385180292496
10005 40.01212656502464
1069 37.336632851816404
1073 37.26199575763204
1089 38.90262705575614
1111 38.189083744306856
12041 35.3541317260274
12133 36.905911428580794
13073 38.12175364383562
13083 39.28364068493153
13165 36.99400397260272
13261 37.80322270547944
13275 37.189107671238354
13289 38.164446575342446
13301 38.15401164383558
13319 38.13966401826848
16001 38.21474676109148
17079 37.289706940645786
18125 37.94412369863013
19037 35.989617054794536
19061 36.57601345627123
19101 35.81394527397264
19127 35.70051216438357
19159 36.2863219178082
20031 38.983603287664906
20075 42.060625753424645
20149 38.90179589041094
20153 41.02704273972601
20155 40.72056883156027
20159 40.54994986301369
20195 42.193555890411
21169 39.24086054797067
21207 39.04396476712326
22091 37.26119342465752
24047 40.33630015410961
26043 34.3977545596693
26107 36.99351372355889
26113 36.882587602739754
26135 35.59645715068492
26137 35.31621780820545
27071 32.04266767123288
27155 34.64850780821917
28031 36.134061027397244
28103 35.43258356164659
28113 36.43629493150683
28121 36.02514656521097
29003 38.023199383561625
29023 37.92005076712331
29035 37.59065452054794
29051 37.683354392693126
29061 37.33768712328769
29123 38.4237745205526
29133 39.2163475342466
29141 37.998744547945186
29205 37.13143799085481
31021 36.8595368036282
31179 36.76653109589046
35003 46.95339287671231
35009 42.99513536529588
36013 39.30673809000548
36111 36.791054881971505
37001 39.92117620243123
37027 39.626018033835614
37043 38.96884479452053
39169 36.47974130993149
40053 41.116894109589005
4009 45.554095220704106
42021 37.85080345727667
42087 37.84039013698629
42093 37.455929931506844
46017 36.46107561643838
46065 36.53900184931506
46121 39.17631698630139
46125 37.35597890410958
47125 38.61538585176715
48045 42.847955616438384
48079 43.16837424657537
48195 42.643280410958894
48249 33.37401690801918
48329 43.364693292747965
49011 41.94915578385755
49013 46.8981022831178
50013 36.117387534246575
5017 35.30322171232875
5023 37.25060630138111
5029 36.50964643835532
51007 38.441416575342515
51053 38.38384727984025
51063 40.9193375342192
51067 39.724232164383594
51095 38.90585023659317
5113 38.158722100471245
5131 37.774652381438905
5143 39.11631178938357
53059 34.751567835616434
54003 38.81211733856164
55055 37.82671475342468
55107 35.31046887671231
55127 37.43040985057153
56001 47.03373695890411
6043 49.93176178081095
6051 51.927065570742485
8043 45.94460949119728
8065 49.569270547945244
8119 47.10339730593971
2105 38.156385180292496
15007 38.156385180292496
1021 36.92833193303837
1063 35.41952977169122
12043 35.89317123287669
12083 36.108711154580845
13019 36.92719360730959
13117 38.448212042583556
13143 38.08278624657534
13231 39.21131636986302
13283 37.20581246575338
13291 38.642222557046566
13295 38.96800904107945
17051 37.71582692763179
17105 37.46417057534249
17187 35.96663391780823
18031 37.955148584461114
18041 37.461156751465474
19075 35.88039630136989
19141 36.574338972602725
19143 36.7832475342466
20193 41.52525273972601
21025 37.53192677101094
21027 38.57655689496439
21173 38.60735041096714
21177 38.983836742745225
21223 38.4603495890411
22109 37.481853607331495
25027 37.10280055112164
26005 38.53580732874795
26013 34.045543150684935
26027 37.541868518049334
26053 34.78060755384657
26061 33.765418931506844
26073 36.8678370593644
26077 37.91312430667124
26097 35.15150569863017
26153 35.55285214610135
27009 33.968069802128745
27063 36.36488267123287
28003 36.76863424656628
28081 36.371126979082455
28095 36.207527305936175
28139 36.743599452054774
29009 38.4618403131151
29043 37.646918767126024
29075 37.207249999999966
29095 37.30644505264353
29165 37.732708643835586
30017 36.61138826481643
30045 39.398620000000015
30101 35.478260365309566
31099 38.546382739726056
35015 42.98530842467398
36005 33.04503064858302
36055 35.989657862471255
37033 39.76272931507481
37069 38.71839118723915
37099 40.377410989367135
38055 36.309272739726
39001 38.95097890410412
39175 37.51292442922551
40101 38.749954503424654
40109 41.095639660096204
40127 38.51395369862736
40135 38.28982681883998
4017 47.07448209456438
41001 38.21537963470138
42025 37.563861963489614
45003 37.569731274394506
46025 35.670450136986304
46119 36.06981972602742
47041 38.22178636986302
47069 37.33920114155067
47175 39.022126986301366
47177 38.647830258758894
48077 41.41428438354325
48091 39.49332359590222
48137 40.512341917808236
48161 37.73169268101725
48183 37.08764543561645
48221 40.171525205479476
48235 42.25229424657532
48315 36.99524664383561
48319 40.427274109589035
48391 33.86340972602741
48425 40.1341034246575
48455 37.04735282191779
51031 38.28186878994244
51087 38.36096587770823
51145 38.42184312328772
51595 38.20709616438354
51678 38.21178082191779
53073 30.911411893640576
54013 36.49664684931508
54023 39.88465543378907
55045 37.596590342465745
56003 39.705717442898624
56007 44.82032909589043
6001 31.451246580688778
6025 44.566350225375345
6055 33.73943736301371
8101 44.05587801247124
2198 38.156385180292496
2220 38.156385180292496
2275 38.156385180292496
1043 37.86186094366954
1127 37.243447595140836
12039 36.92867449012878
12061 38.21615945204382
12097 37.02610876708768
13015 38.22804387215339
13069 36.47908389651783
13193 38.08277657534248
13305 35.491127123282205
16055 36.471318772602714
18077 38.273140469670665
18081 36.38005874223343
18115 37.5780306849315
18135 36.61350664383562
19091 36.066146712328774
19161 36.210130821917836
20187 42.157584109589045
21011 38.414978630128765
21047 38.86757117520825
21191 38.916583744281326
22083 34.38706972602737
25023 36.190969101369866
26015 37.65889494396708
27045 36.14226214612057
27067 35.029933515978094
27081 36.70345958904114
28035 36.62306631748766
28063 35.257171506849325
28097 35.171134885860276
28107 35.64759981735454
28129 36.021377716904155
28141 36.72601315068492
29013 38.44191986301373
29207 38.512219965753395
30007 39.43599904109591
30079 36.20759397260275
30105 34.60880666667395
31011 37.36742493150686
31019 38.295476338731504
31163 37.970668219178066
35011 43.214456164383584
35031 46.89588731666022
36123 36.64173791780823
37109 40.214824733616425
37137 39.36018671232878
37145 39.188920782797
37187 38.73433278540001
38095 32.41884657534249
39003 38.00382183478138
39089 38.45605509417809
39105 38.38908022830496
40009 39.18210246575342
41045 37.77516705479451
42047 38.373529284632895
42099 37.74883605479452
45009 36.006456917808194
46093 38.595272328767145
46129 35.604511643835636
47035 39.204158943246604
47113 37.63171803148492
47153 39.71795424656165
48001 37.10762734743727
48157 34.13506074621424
48213 37.83806543110549
48247 33.856691095890454
48293 37.97539630136984
48473 35.02145771689863
48491 39.2624232014701
5037 37.36868406392876
5089 36.91736034246578
5093 38.243748241987106
5101 37.72434356164382
51023 39.10626811643839
51069 39.00486861054522
51097 39.16870232876715
51127 38.81683369862191
51760 38.36932776253508
53001 36.5632564931507
53043 36.48963773972599
54017 37.101413561643845
54019 39.380971895
54041 36.72881052054794
8097 48.102439041095934
1015 38.23674145824932
1019 38.142720593583576
12075 35.41486980214795
13101 36.06867410958904
13205 37.53093189041097
13287 37.86235630136986
13299 35.480825388126036
17015 37.222669452054795
17037 36.632037612499175
17145 39.036569223729586
18047 38.142293150684935
18051 38.13327874757285
18141 36.660876452950674
18183 36.17492880625563
19165 36.50752136986301
20043 38.27358100455698
20087 38.54227897260273
20147 39.82932438356436
20189 42.03204643835617
21037 38.45428780273973
21055 39.01807732876712
21071 37.21015989041098
21099 39.228553315068496
21133 38.33901029354519
21139 39.03096479452055
22047 35.625311428580815
22123 34.84840484019176
22127 34.90401328767124
24015 38.309847080004936
25017 35.13712073575671
25021 35.5897178166381
26023 37.45659997719453
26111 36.83859825521915
26119 34.82285112328767
27047 36.0410159178082
27075 33.09570867576163
27085 35.23052571428496
27127 35.91943168947675
28033 37.00222501453396
29083 38.26365657533783
29093 38.113409246575344
31017 38.59918931506848
31069 41.19836027397264
31087 40.54119452054798
31103 38.15999972602743
31105 44.44490931506851
31171 39.49096547945206
31185 37.333287260273984
33005 36.147181147260255
35039 46.38365062404659
37095 39.265243287671254
37113 38.8115112937452
38019 32.05834342465752
38035 32.33470715371151
38085 35.86620753424657
39157 38.134178864955615
40041 38.53580514459453
40121 38.745336986301375
40133 40.584722465758894
40143 39.490972732706076
40153 41.40320783561647
45049 36.0006178630137
45053 36.1511112328767
46009 37.62736561643839
46047 40.89996054794519
47047 37.71705093400934
47083 38.374465570767086
48031 40.67785657534245
48059 41.01073068492875
48073 36.78926289955696
48153 42.61129287671236
48181 41.72416395153425
48205 43.153018630136984
48219 43.05806982387401
48271 39.55000684931503
48289 37.26327835615616
48337 41.9342921917726
48353 41.553344383561644
48429 40.92708054793976
48431 42.392071506849305
48443 42.775520547945185
48453 38.26429750409592
49001 45.52420808219179
49019 45.86146260273969
49043 44.62916358270958
5047 37.58664045660548
5087 38.62001301369863
5097 36.85474237441915
51530 38.222851506849345
51690 40.069700383561646
53037 36.90765078767125
53039 35.96259726026027
53075 37.213740273972576
54033 37.49281102118356
55017 35.71852894143836
55091 35.740733150684946
6115 42.25996272015891
8014 44.16635503804004
8103 45.01439630136987
1023 35.55580575342467
12059 36.865524794520546
12123 35.80297952054795
12127 37.725636137720564
12129 36.33471506849315
13107 37.24002926938356
13155 37.505932465753446
13169 38.73228570776162
13253 37.27173689500546
16041 42.73476219178082
16059 40.5651421917644
16081 43.11565315068496
17029 37.01772091323838
17115 37.217862328794254
17165 38.912685296800035
18025 38.39527753423288
18053 36.194285770547935
18055 37.48039887365808
18137 38.13509652967944
18147 38.3289802191781
19011 35.8090300195781
19085 36.65353375342467
19123 35.62530187866657
19129 36.31192701369862
20051 41.33957050226028
20129 42.329574520547915
20139 38.853893095890406
20179 41.48008246575342
20201 38.63475753424656
21137 39.382079954369864
21149 38.89201589038628
21171 39.09613815068494
21205 38.162070958904074
22025 34.9567361643956
22103 38.416382969083
22117 37.25636174347673
26131 34.191241643832875
27007 33.054693643835606
29157 38.827375726027405
30005 35.98312349315068
31117 40.038885753424616
31147 37.79333872146112
32023 47.18541030136985
32027 42.72481287671232
35033 46.192080273972614
35051 44.9547458219178
37029 39.250037671232874
37089 40.60745629628218
37163 38.941051731054806
37165 39.71990700584631
37191 38.90507844046578
38059 35.93755665753426
39007 38.66132426301373
39041 38.132779342432045
39051 37.337474672779756
39067 38.938961917808214
40049 40.5126480669896
4013 46.221696216419176
41043 33.68749602086851
42127 36.8966653033233
45011 36.707648675797266
45031 38.45468244863017
47031 38.650200821912335
47117 38.13652342464656
48037 37.11210106544494
48209 38.77829887123288
48263 41.628167671232866
48307 40.54549835614795
48311 35.57760904109588
48381 43.61740999529041
48401 36.89279831398932
48465 39.67892139726026
48483 40.98983068493148
49051 44.711432876712344
5043 34.86609687671231
5063 37.44061907534245
51029 38.388323424657536
51125 38.698585022824666
51155 40.926312630137005
5121 37.446184999999986
51610 37.92936465752712
51683 38.13646688849289
54067 38.903242857136966
54071 40.02909424654794
55021 37.51064194063838
55035 35.816758013698646
55049 37.30942488583011
55111 37.04296912536715
55135 36.626469497715085
56025 42.73049194826572
6041 30.08225223411916
6101 40.8510189562877
8019 50.32686283105756
8099 42.23290750684935
8111 47.51851095890413
2110 38.156385180292496
2170 38.156385180292496
1011 37.51944730592328
1065 35.51184255705837
12017 36.451175768646586
12125 36.07820027397535
13009 38.525569223745215
13177 37.63062482191779
13243 37.428276164383554
17005 38.13847589041095
17075 37.0985355251063
17149 36.80291402739725
17173 37.21411264840628
17179 36.34482639268961
17201 37.27782925815972
18157 36.79297982967506
18161 38.130295890410984
19039 35.71816675798713
19049 35.544676602732345
19083 35.91936050228413
19147 35.96002630136989
20019 39.80716356164383
20077 41.18114757989316
20095 41.093992876718644
20125 38.98763827185645
21081 38.546118219178055
21089 38.084844140046854
21193 37.69322660958903
21201 39.0260271232877
22011 35.02856919764905
22055 36.569207881495885
22099 36.16991967621834
22111 34.84046812784574
22119 36.21883526774797
23021 33.40650934931506
24029 38.89655961643837
24039 40.55112861055345
26163 35.25309559489974
28073 36.68611815068486
28091 36.46740420090685
29107 37.741653385527385
29151 37.48904760273971
31041 38.55157650684931
31137 38.867793241991805
31181 38.64865506849312
32033 45.77612009133427
33013 36.087276324172606
35037 43.64612493152604
36051 36.65909163471781
36067 35.617159107654786
36119 35.6524016561192
37037 39.21328543730958
37139 39.07627893150685
38009 33.05186146118903
38029 35.36526219178079
38037 36.52377452054795
38069 33.264128219178104
38083 35.05540219178083
38087 37.4832515068493
39097 38.884771643833695
39109 38.25846641879452
40003 40.822735890426266
4001 46.884059674657514
41037 41.14544643835616
41039 33.704280025495855
41057 32.007474486301376
42001 39.376786015479176
42033 38.05049726027401
42129 37.72128660273973
45059 37.554420580181365
46031 35.94495849315068
48017 43.04566958904104
48021 37.03409734246575
48083 40.764701004542474
48101 40.889757260273974
48159 37.93118273973263
48261 32.135410410958904
48317 43.141202191780835
49053 45.379627997378044
51037 38.50028602740274
51041 38.39723037622439
51149 38.23390833660519
51730 38.258690784574235
53033 29.50488945035041
53051 35.56445758904111
53053 31.93377519910356
53055 30.408436369863026
54077 39.13284092465752
56021 46.207634624939715
6017 46.40447236061919
6097 32.20670320465755
8009 43.133212739726005
2188 38.156385180292496
2290 38.156385180292496
1081 37.782739685432865
12085 37.04000780429862
12121 35.97070943251235
13023 37.87974968034522
13137 38.142450513698606
13173 36.38286150684929
16021 35.24556301369864
16027 37.16040992915344
17073 36.35515281349974
17155 36.892022602739765
18049 36.588677305916995
18121 36.39487506849316
19183 35.77973019178081
19187 36.073941712313115
20025 41.489071780821924
20099 38.815315273972594
20185 41.001033698630145
21029 38.28976923896989
21033 38.977392054794535
21123 38.83063363013699
21189 37.96659890410959
21219 38.82062047945205
21227 39.1073871575526
22015 36.66912339974002
23007 34.69898127856164
24001 39.45779373436161
25025 34.137567222649864
26003 34.85540611872055
27141 34.32712161891507
28009 36.67908506849318
28041 36.27794438356162
28055 35.21336712328765
28079 35.74960630136986
28109 37.32493375951231
28159 35.525574904109604
29077 37.7486494388
29121 37.187980602739714
29135 37.73757787671237
30095 40.229895342427405
31039 36.85660794522741
31049 41.36229369863017
31115 38.324223561643855
31153 36.15842352978081
33007 37.25226034867401
34011 38.04565715552323
35041 42.988650191780806
36063 37.971854718189064
37073 38.52556776258081
37107 38.89516060274794
38027 33.304669315068494
39049 38.011553098605475
40069 41.28466840181999
40071 41.16104391033038
40137 40.00557342466657
4025 47.87907637312334
41017 38.75281312784931
42049 39.746639239794526
42065 38.582206322452045
42067 37.81918964383558
46029 35.888940469665755
47021 38.337120639278886
47053 37.88493035225669
48003 43.28440561643836
48097 42.636002123287675
48139 37.43343558992848
48231 38.694761542863276
48283 36.11811726027395
48305 42.62974785388221
48351 35.03790246575341
48369 43.25795191780824
48399 41.12606842465755
48487 40.380245616438366
50003 36.63695029676987
51175 38.328293369863005
5133 37.25463835616437
54029 39.20637523972597
55093 34.988773664383544
6007 42.98209372548766
6031 48.01672331812057
6063 45.18923968687672
6067 40.99050566785586
8077 44.505988663180794
8125 42.36393506849317
1025 36.017551293778084
12007 36.33879328767124
12115 37.088030399301395
13127 37.081980273947934
13213 38.70801863013695
13245 38.09504707670413
13251 36.39702816438356
13255 39.21933226028495
13269 38.328743013682185
13303 37.904528931506825
16043 41.835681461175376
16047 39.946088630137
16071 42.456714246575324
17017 36.25864038356163
17065 38.49523187213781
17069 39.06465602739728
17089 35.57633641162818
18033 36.895458964986275
18073 36.89309537671233
18087 36.50278678082193
18109 36.585521074826325
18163 38.480017797043836
18165 36.38560498630135
19027 36.19411954340547
19043 36.39701858447121
19045 36.540281438353425
19077 35.96164794521455
19109 35.91535547943837
19191 36.07933408219178
20123 39.266419863013695
20137 40.39377397260278
22037 36.36511682191779
22049 35.05872054794522
24021 39.09415038851012
26037 37.22486526776434
26133 37.0481730593781
26149 37.016042449597265
27093 35.00876342466573
27117 37.190970191780806
28013 35.19551983561644
28111 36.55814785387397
28157 35.56890821917809
29021 38.204231024657524
29161 37.57704254794518
29179 37.76914287671236
30099 36.990661552498636
31009 38.813544657534244
31013 41.70252155251782
31027 36.795788767123284
31055 36.210698977870685
31095 38.22693424658272
35017 45.57335280821917
36053 35.93541440068497
36093 35.28428122334109
37015 38.54973006849316
37115 41.786225570799985
37147 38.97957266267122
37175 40.565170684926024
38017 33.59495518474219
38025 37.175452602739746
38065 36.818467123287675
39055 36.37519184607754
39063 37.478687228610404
39127 38.59943977170957
40099 41.439649223756966
41019 34.09879260270687
41053 31.71682538812054
41061 38.23934835616439
42005 38.70349202596571
42041 37.899942633502455
42119 37.51897641095893
44003 37.4646575342526
45037 37.32853159818083
45043 38.13411771036165
46055 38.00625835616441
46083 37.64863661272715
47001 39.013153683408206
47079 37.96687805176165
47105 39.54408158904109
48061 31.66979324942462
48089 35.02068717808217
48109 43.3841498630137
48111 43.099927260273965
48145 38.66481063925199
48167 35.02570083436876
48335 41.8982601369863
48497 40.60445596514435
49003 42.23569001245482
50001 36.36752767123286
5035 37.47548115068493
51005 39.11168835617811
51073 39.69717054794518
51099 38.9345776438356
51101 38.92618924657535
51173 40.93114213089586
5141 37.14334542465749
51670 38.11437960862933
51720 39.242813698630144
53017 36.15655506849316
53045 30.876816379638395
54047 39.8405201712329
55099 35.64662981737261
55105 37.84397970438108
6095 34.70812436357259
8033 45.91888958904108
2230 38.156385180292496
1085 36.694432808219155
12051 35.48092821916714
12057 37.511668107093165
13067 38.28954727854521
13187 38.23116883561645
13259 37.61176123287671
13307 37.61670342465754
16057 36.92983874756714
16077 41.871728082191765
17009 36.330672191780806
17095 36.0114162157534
17099 37.02361702543095
17175 36.461238767123305
17183 36.610170148398076
18011 36.795220219178105
18029 38.08586265753424
18111 36.99765609589042
19031 35.90165210958904
19081 35.999630479452044
19105 36.17565200000001
19137 36.40947568493152
19155 36.133535150684104
20023 41.62668000000002
20083 41.84059808219178
21013 38.847100700145184
21065 38.549455684931516
21083 38.52999917808215
21113 39.62025330289508
21153 37.45325157534246
24033 38.16191524319205
24037 40.546409089444644
26055 36.8010207020548
27015 35.606504589041116
27055 36.21627687671233
27167 34.4890721917808
28037 35.60730999999999
29031 38.677033013698605
29037 37.82354046575341
29223 37.971331643835626
30019 34.25627041095892
31059 37.89401643835617
31079 37.63403724071783
31097 37.53619917808219
31177 36.71608931506849
36029 38.27932100416984
36033 35.46805240705203
36037 36.869966191794546
37023 39.76048182651236
37083 38.33495856163479
38057 36.68615999998906
38063 33.02665123287674
40065 39.31237958904109
40147 39.66062177026222
42023 37.98257301369863
42075 39.012825311545456
42097 37.89738257988852
46079 37.01517433792053
46137 36.75713808219179
47003 38.36161056317261
47181 37.210212534246594
48069 43.537128858465735
48071 34.955267397261075
48095 41.07016547945203
48201 33.77380637700271
48269 41.067673972602734
48389 43.018660821917805
5041 35.27459238356165
5059 35.594167397254814
51047 38.486831849315045
51085 38.472388195380816
5109 36.46050365298357
51187 39.37339044520548
5119 35.92802742033752
5139 34.862810082191785
5149 36.59644118723012
51540 38.66038876712055
51740 38.62778209456163
53015 32.219807009137014
53025 36.14469672945206
54027 39.534443999999986
55011 35.98631304109589
55067 36.08734283105204
55069 36.13293528767122
55073 36.261118417068516
56005 40.99371682974248
8017 42.79864109589038
8123 43.657251855543024
1031 36.93267318981094
11001 37.746224862783315
12065 36.43314246576439
12093 36.00703157534793
13017 37.48630317808218
13087 37.34997205479453
13147 38.28301112328765
13229 35.46018006849314
16011 41.76844359589042
16029 43.13175178082191
16053 40.027383616438364
17125 36.280726575347124
18017 36.80880107097841
19007 36.053035835616456
19033 35.861255591531524
19071 36.79337397256987
20071 42.35328547945201
20181 41.94374328767124
20197 39.15240397260273
21003 39.20290219178549
21017 39.028236986286835
21041 38.25808484018275
21053 38.94192566210684
21087 39.1321828767123
21129 38.06416977167395
21187 38.62744365294794
22089 37.380613108542995
26011 36.78901731506851
26019 37.558919397260254
26051 36.66366937594795
26069 36.309353911726014
27051 34.59086095890411
27059 33.81692753424659
27065 33.178048219178066
28043 34.97207994520547
29039 38.94326748857261
29097 38.96527400995069
30035 35.53559794520549
30065 37.69473712328763
30071 35.508673150684935
31001 37.97729662101093
31051 36.299098630136974
31093 37.73283383561643
31107 37.647279908682194
32029 44.3323693150685
33017 35.96210608219175
35023 45.531377260273956
35061 44.82082255706302
36003 37.64700798735069
36077 36.24374973407394
37123 40.290343333326014
38045 34.48876534246571
39061 38.34285856102438
4023 43.489070931506845
41051 30.65071474649507
45085 36.64450294221066
46059 35.7697079452055
47051 38.95785293759995
47111 38.99520178082194
48051 36.810146246575336
48341 42.903930616438366
48413 41.83133753424657
48441 41.090632718117845
48449 37.78379260273973
48451 41.626967561643845
50007 36.90823223485481
50017 35.84412624657533
5057 36.20903764383564
5065 37.06282636986302
51045 40.249181369863024
51157 39.57386986301372
53061 29.94816637626467
54037 38.82834010959095
55043 36.868922853854784
55061 37.131208561643824
55075 35.65435141554244
56019 41.57526698630137
6091 46.41041123287668
6107 48.545060428520564
2130 38.156385180292496
1001 37.01542566210139
1037 37.90651981732606
1055 38.17706200000082
1101 37.45473940148493
1105 35.72522493149859
12011 34.24049142032331
12081 37.16801597119724
12095 37.37598847195617
13093 38.05743406392873
13129 38.05045464233153
13135 38.831962645169874
13199 38.70428815068493
13223 38.40492255227675
16039 39.73971079452056
16087 37.68712547945204
17039 37.36509873972602
17195 36.93174196347782
18145 37.02132320547944
18179 36.253604148732364
19003 36.17011671232875
21101 38.78457389789837
21115 37.38022415526302
21145 38.93563542306024
21163 38.37525671232873
22061 35.15998904109589
24043 39.03763576198629
25015 36.269024695589046
27107 33.90129406393976
27165 35.823843835619186
28127 36.02270915068497
29131 37.83347616438354
30055 35.6349304109589
30103 37.0572106849315
31029 41.116550684931504
32005 46.22182604349589
36023 36.56314493151503
36071 36.535843925806034
37009 41.10483082189038
37041 38.718313150690356
37067 41.62910259535893
37091 38.40131057534248
37125 40.20302277017178
37127 38.57988343987398
37167 40.75018937826251
38013 34.659624931506876
39013 39.293595315068515
39081 39.15059675998218
39145 38.379283780821915
40007 41.93271698631235
40011 38.685577150684935
4005 47.667465352254816
40117 40.77064931506851
41005 31.7827618561644
45061 37.6283001565449
45077 38.540281555767095
46019 38.502645753424645
46033 41.848477534246605
46035 36.793473904109575
46127 36.068042557063826
47089 41.17035324201372
47139 39.0769305753425
47145 39.116504009959456
48009 41.07659789957262
48047 32.822562465753414
48055 37.37590842465755
48087 40.76970136986299
48281 40.950013260273934
48343 37.39986410960932
48477 35.935371050224674
5039 34.90689324203096
5069 35.28242142695342
51065 38.42544999999996
51075 38.36582323287672
53023 37.801300000000026
54015 37.73297835614248
54035 38.059597762545216
6019 50.54747626488194
6027 52.1336540182603
6037 43.334777827372605
6049 41.84261582191779
6079 37.34837513050139
8031 41.42833223552493
8113 46.89636047945206
2158 38.156385180292496
2261 38.156385180292496
10003 37.77042769444549
1007 36.11127746575341
1039 36.85918833657804
1071 39.11476146949205
12027 35.651346270915056
12035 38.12258045205478
12113 38.197099923287645
13035 39.31973095891783
13061 37.382818082191775
13167 37.61793178081918
13263 38.496558904101406
13293 38.90499612523284
13313 38.63633657535261
16007 43.49207205479449
16051 41.13718294520545
16069 37.12332191780825
17067 36.062730136969606
17077 38.98933017613479
17103 37.076532085223604
17111 36.340673698629054
17119 37.742170249227655
17131 36.00213753424656
18037 38.046782465756124
18067 36.66311328767125
19021 36.18572045661097
19097 36.61080557077532
20085 38.61211863015726
21005 39.486605917808255
21057 38.97328027397267
21131 38.24668547947397
21179 38.90937105022737
22039 35.4387893150685
22045 36.64733610958163
26017 37.06406119072058
26093 37.490832980011746
27027 33.808197597490405
27079 35.410299360758906
27109 36.12620745539179
28021 35.24275561645013
28053 35.6333069406356
28125 35.36716904109591
29033 37.56726730593893
29153 36.92338068493149
31023 37.04939671230878
31111 39.26231506849316
31139 37.25828643835619
34013 34.343037775469284
36027 37.06468536502164
36041 35.864725479452076
37011 40.9135055890411
37021 41.429314094912314
37059 41.53856841487943
38011 37.352031232876726
38051 35.21548328767123
39027 39.730012663624144
39101 37.766301628617256
39117 37.82106931507398
40001 38.80814690410959
40019 41.93477785803479
40113 40.19234702367287
41063 38.45675424658628
42029 38.60712337741236
42071 38.89759615318955
42107 38.46444557534247
42109 37.72814184931503
45025 39.0963084109589
45057 38.284784050886046
46021 35.244560821917794
46061 36.86518438356163
46135 37.0648402191781
48141 41.71510356506849
49041 45.99397736986303
5045 36.58770581917809
5091 36.73548050230766
51159 39.85968260273976
51171 39.94808255710139
51775 39.98008564383567
53007 36.0757468884603
53067 31.57893395023835
54105 37.46457260273972
55025 37.49801390604381
8013 46.26583652699727
8053 47.8070164383562
2122 38.156385180292496
15001 38.156385180292496
15009 38.156385180292496
