11.983218709677411 17039
12.602109274193547 18135
11.886525806451612 20013
11.876727150537622 26023
8.899159530791783 26035
10.983581404174556 26155
10.053768100358417 31001
6.322193548387094 32029
9.30607025089605 37001
13.196558064516134 39159
5.884074193548388 46063
8.800609168081502 47011
9.30967320099256 47073
9.111393906810038 51009
9.363870381231667 13047
9.279658064516125 13249
11.626917921146944 17157
8.682831797235021 22093
8.497124423963134 28133
7.693274193548387 31063
9.08439569892473 38057
13.284220788530467 39161
8.662032258064515 40033
7.947308870967741 47049
9.047243547147138 2275
6.217236559139785 16045
12.637609139784955 17001
12.699219354838721 18085
8.08283456221198 21133
8.905554032258065 21219
11.64293951612903 29207
8.882619501466285 36117
7.247346774193546 37121
6.377083870967742 48173
10.671967473118277 55135
4.985209032258065 16039
12.266537096774188 17175
8.552308319185077 24045
6.770677956989247 28091
11.94111935483871 29227
7.486283870967743 31135
10.813373252688182 34033
10.634597475455818 34041
7.1660622390891895 36077
8.630519635343624 36109
7.281528462998103 41071
8.251572430607665 48061
7.1308270967741905 48265
6.877329838709676 48399
7.482375268817204 12065
6.537269269949069 12119
9.143641935483872 13217
8.521674193548389 21207
7.7369161290322594 22011
8.291726344086017 22113
7.776083870967741 28015
6.4574 30055
7.847432834101378 36089
7.216639784946237 37103
11.658764516129036 39127
9.685697132616493 42035
9.414217566244222 9003
9.09541381048388 10001
9.19659182795699 13015
9.940625645161292 13067
7.593188018433182 13179
11.91930795198802 17019
12.11693266129033 17107
12.623085483870963 18023
8.769934408602152 21137
9.374029032258063 21187
10.877666935483871 29167
7.999345161290321 31071
7.85191612903226 31145
7.608290322580644 38025
8.01963548387097 46117
7.619453700189745 47019
7.807086290322581 48255
5.986106451612904 48383
8.486366935483872 5017
6.640317008797652 6069
9.047243547147138 2070
8.36643817204301 13279
7.084154838709674 13281
8.94668172043011 21115
7.645639516129028 22039
7.581962580645162 28101
7.502842473118279 37115
11.091057258064515 46035
7.616772580645164 46123
4.40401935483871 8067
13.64113145161289 27035
12.177319758064517 27115
13.712762427626114 31055
8.329018494623652 45055
7.1055725806451635 54075
9.047243547147138 2110
8.948616129032256 13197
12.199792903225804 18045
11.632754838709674 20117
8.772928387096771 21175
9.989487593052113 26157
13.655481612903221 27047
7.730576344086018 28097
3.763627387096773 30081
4.113613870967742 32023
10.392007204301075 37159
11.193079569892479 39009
10.976136337760915 42013
12.75983978494623 46127
8.952976821983276 47113
6.729526267281106 48219
11.992345161290324 51685
3.7968376344086017 8019
8.476945852534557 13285
6.5153862170088 22117
13.505911290322583 27167
5.627670967741936 30025
9.164358909780933 37183
9.511024731182797 40099
7.196145161290323 46055
8.543180893300246 48347
10.445909677419351 5115
11.111725806451618 54065
4.18648064516129 8047
11.815992903225808 17045
8.613919354838712 21045
7.597200460829496 26009
11.75731290322581 29129
6.787370967741941 48083
8.351366129032256 51520
7.014193369175626 53035
7.670620493358644 8013
5.47937741935484 16071
10.003338709677417 21105
11.396073118279565 29011
4.3176774193548395 30107
11.275949999999991 39029
9.913402688172045 40091
11.713410752688178 42057
8.037331182795695 47007
5.951832258064516 48045
6.849557419354835 50017
5.266545161290322 56027
6.444202769914403 6075
8.971219516129041 13113
8.57439193548387 13165
8.889349999999997 13259
11.4341870967742 18055
7.869870564516133 23031
10.501828225806449 29181
12.114524731182794 29205
10.365847444168741 36087
10.218682488479267 37059
9.520912903225803 45037
10.175496774193547 46003
9.134320295698918 48245
9.912238172043013 54035
5.252187096774192 56041
9.214118279569888 13169
12.790263709677426 19055
7.161891129032258 23027
11.153003970223287 24003
7.98414516129032 28125
12.044659139784946 29137
3.677526451612904 30067
7.011075403225807 36095
9.30936612903226 37033
9.626885744016674 37035
12.276841007512184 39093
8.044177419354838 48249
9.233503686635943 51149
7.494575806451614 51640
4.298890552995392 8043
8.53760967741936 13141
8.657256451612902 13221
9.357578299120233 13275
11.210291397849462 17047
10.764475000000004 20115
9.044693548387096 21069
8.156934767025088 26101
13.561815322580639 27097
8.382220737327192 28003
10.654479569892473 29085
5.278372258064516 30003
13.554210127531878 31153
8.31551759530792 37061
8.986052258064516 40023
9.476748387096775 46069
4.82541935483871 49047
7.412906774193548 50019
5.659035665322568 6089
8.736860215053763 13263
6.28062258064516 26097
9.512399511241457 28033
11.709295483870966 29053
12.173965806451612 29117
7.31388709677419 37143
8.968011021505378 42051
8.529946129032258 47107
9.111389938556064 47165
6.727835829493098 48135
10.86572695852534 51069
8.227248387096774 1075
9.350217741935483 13287
6.4996076612903195 23021
7.523704435483877 31111
13.256941666666652 39037
12.611728436501016 39061
7.84678996415771 47029
6.98397419354839 48429
10.533743453510432 51061
5.00988494623655 56025
10.970076579078558 6065
6.465256272401429 12075
8.168643225806452 13143
11.812723225806458 21037
9.030291129032255 21061
9.192723118279568 21141
8.216789554531486 22109
13.62755928027231 29189
8.302550322580647 37131
10.478103225806455 39111
9.75334758064516 40073
7.2500709677419355 48127
8.701311290322579 5073
5.77829806451613 53001
12.714394086021496 55049
9.126012365591398 13195
8.412927419354837 13227
4.246832258064517 16079
10.336200000000002 17059
12.144894623655917 19121
8.447188172043013 21129
8.60978571428571 21199
13.663522222222221 27041
11.162087096774194 31059
6.280548973607044 31157
6.144988306451615 35035
12.068741935483875 38099
6.059425806451613 48421
8.25084247311828 51005
8.828806451612904 5113
7.0330521889401005 12001
8.13418774193549 13001
11.752226080539756 17097
11.399476612903225 17185
12.731178763440859 19181
8.154443317972351 24039
9.560425158127778 25025
13.764996774193547 27157
10.274383870967746 29009
13.974606269020105 29510
11.694847695852546 39099
7.01032159887798 46103
6.257032258064517 48137
8.359096129032265 5027
5.2401134139784915 53015
8.804340322580643 55075
12.765784516129024 18011
13.480564516129034 39107
8.524078387096772 48021
6.485470967741936 48087
10.669818975332076 5031
7.917601612903222 12073
12.036674838709676 17149
13.240338461538466 18057
8.632738709677426 21013
11.689961369000804 21117
8.27919088359046 22057
5.329051612903225 30069
6.620835483870967 31113
4.947945161290323 35019
10.646948138957816 38101
7.734621146953413 45029
9.597759354838711 47057
11.015572939068122 55089
5.635565437788018 6063
5.958575459057082 8041
8.636450322580648 13099
12.037233467741933 17027
12.640249308755756 19065
12.689935483870968 19147
8.853058064516128 20141
9.260320988158437 36071
11.55225329979286 36085
9.204032258064517 38029
11.312369577308097 39085
10.299408064516127 40087
10.23112709677419 40117
11.623660080645145 42097
6.848029569892471 50027
8.34336572580645 13213
12.81524516129032 18159
10.823395161290321 20003
12.013899566905593 26099
4.2853 30097
11.811334562211975 39047
6.545899999999999 40139
8.42711958525346 42015
8.42729440860215 47059
8.373550537634413 47069
13.999640322580644 55093
9.047243547147138 15005
8.41145376344086 1011
9.121363978494635 13059
11.894775806451616 17093
7.246831878557881 23025
5.498458064516132 30013
10.112658602150544 40047
7.92212064516129 45049
9.850095737327187 47093
7.6941006451612886 48057
12.115625607940425 51107
8.75431182795699 54085
7.5408161290322555 1023
9.573241348973605 24035
8.85344731182796 26133
7.202916935483868 54055
9.113847311827948 13129
12.269342293906815 17103
11.506591612903227 17159
12.750947004608292 18063
13.538629202037354 19013
12.51651827956989 19093
13.310930929791285 27111
8.578863946869076 37027
8.016269354838709 38085
12.881419892473124 39135
8.045152258064515 48089
7.372841935483868 48193
9.047243547147138 2220
11.69202580645161 17023
13.077637634408605 19149
13.900794623655916 27043
14.601222119815665 27085
11.75517634408602 31095
10.892140860215054 39071
10.289143387096777 39145
8.5345564516129 42023
11.668326451612906 46135
7.850480967741936 48321
8.878820967741936 51007
8.085750527295268 53011
12.04415765191297 55133
4.036906989247311 6051
5.8615399348321935 6097
6.099003225806451 8061
12.572698745519716 18039
12.820258548387113 18067
12.827265806451612 19059
7.803775806451614 20065
7.631885483870968 20119
12.203102185709957 24005
11.872010138248841 27017
14.796466820276498 27103
5.327593870967739 32019
6.78292580645161 38001
13.242273118279556 39003
10.909538248847923 39053
9.595356451612911 40107
10.317893548387095 46073
3.9484270967741946 49041
6.606129007056446 49049
9.35847419354839 51036
8.574925806451612 54017
12.420013157894743 55105
9.617704639858555 1089
9.50071774193548 13273
11.886860000000004 17061
11.033920967741935 20197
10.009823722084377 37071
11.814000921658977 46029
8.330980645161288 47127
8.547419201228873 48041
7.8374580645161265 48285
6.554604301075268 48307
9.095413548387093 5019
4.760685069124425 53031
7.638429032258064 54067
12.24756184946237 18141
9.19250092165898 21085
9.471533870967743 21215
12.799679032258062 27105
11.94419741935483 29219
3.9123752688172027 30089
6.408093887945671 33009
6.52411935483871 37137
11.344509677419357 38095
12.406846068548395 39089
9.85979694397285 42005
9.038128571428565 47147
8.82020381231672 48217
9.07901652772742 48491
9.305743010752689 5129
10.056009677419349 5141
9.020975806451613 13037
8.320472043010753 30085
6.757783870967743 31009
10.638269354838709 31139
8.644276774193544 36123
9.855307942531866 37081
7.069065725806451 38089
9.685312903225805 40061
3.9721334677419358 41061
10.363520430107528 42037
6.627412903225805 46121
12.228251612903227 46125
8.434754838709678 47021
8.017899999999997 47087
9.668762096774188 48097
9.477814601018675 48231
6.188887096774193 48431
10.301311012235828 54011
9.303221290322579 54103
9.047243547147138 2185
6.829300645161289 12041
6.201439464653403 12115
12.325824731182799 19009
7.109809677419354 20153
8.6163435483871 31175
8.778455517826828 36011
8.287738940092163 37193
8.898638248847924 38105
8.456845747800596 54033
6.615216129032255 6005
9.28531885856079 1115
13.087926344086023 17085
10.586281854838719 20111
8.597056451612904 21197
13.301066129032252 27033
11.284588563049862 27061
12.595173548387102 27117
14.270299999999992 27129
7.898807526881719 28019
7.510219354838709 28039
7.82572258064516 28103
9.918514695340507 37109
8.843016233090534 37155
12.560093548387094 39005
13.1280637829912 39023
7.806994623655916 48237
9.0694870967742 48367
5.371322828784117 49043
8.378048387096776 54031
6.665275576036864 56005
8.970014662756595 1077
6.467748242657669 12101
8.520422716946854 13051
11.890278709677425 18029
11.763543870967746 18153
6.579970967741937 20199
7.869536693548397 24047
8.483186379928313 28095
7.822965591397859 28121
12.41073849591915 34017
8.749926344086026 37069
9.713282003395582 38015
9.539450806451612 40095
8.022529032258065 47015
7.940741720430106 47141
9.137551254480282 51083
9.85027419354839 5117
6.979678747628088 6007
9.100177419354837 13053
13.066798387096771 19017
9.978545161290324 20049
8.01815741935484 22027
7.411896774193549 22125
14.260444758064516 27015
13.268610752688168 27159
15.413358064516125 27171
6.911252688172044 28077
7.757799539170504 28099
12.086252688172046 29041
6.398114516129035 30005
8.493202688172053 37125
11.865684889643463 39119
8.017895430107533 45027
8.262582258064521 48477
11.526859604105578 55101
8.64169708636837 6025
7.864839784946237 1041
8.199380000000003 1047
11.056892903225805 17199
7.5247381231671495 22079
8.740705772495753 28081
11.036336559139787 29125
7.74662462740941 32003
7.261881075268818 37141
11.898063172043006 42087
12.424693094758107 42101
6.647490322580647 48357
8.620551612903224 51135
11.1934120967742 55031
9.199529892473127 1051
6.5082829151732415 12017
9.889645161290325 17069
8.42802741935484 20163
12.143675806451613 31097
6.249770381231668 35045
8.01408629032258 40149
8.283385337243404 48481
9.047243547147138 2100
9.475223225806443 1055
9.36261362007169 13117
9.086703225806449 13155
12.10666612903226 18111
12.978012903225812 19187
11.868590967741937 27135
8.767238709677418 30019
7.229225806451612 37029
6.949339205955333 37189
11.18127096774194 38027
8.246823835125447 47155
9.807945569989815 47157
6.608253225806453 48151
6.254541935483867 48179
6.235970967741936 48235
7.087414516129033 48333
8.259088172043015 48405
8.654979032258062 51093
7.294424193548391 51197
3.889404838709677 8055
8.75395053763441 13271
11.696781720430112 17173
12.578644408602138 17179
12.614505161290317 18113
12.12200827129859 26115
8.688427419354834 37079
8.639731290322588 37181
11.699327956989242 39027
8.631651612903223 40093
8.836472580645163 46129
5.881845161290322 48229
8.376557457305497 6061
12.40384645882149 11001
6.216596015180268 12107
13.479256290322578 17161
12.736359354838703 18145
7.2845471478039014 22071
9.869269662058365 26121
5.194493548387096 35011
6.6763446236559165 35025
11.068127956989247 46115
10.690852090800474 55073
9.047243547147138 2230
11.34331612903226 20201
8.816764222873896 22099
8.807386021505378 27075
12.81527741935484 27107
6.7240182795698935 28005
5.963561290322581 31091
9.110261741484333 34025
4.408410322580644 35027
8.706964369501462 37171
9.400362365591407 40079
7.446547580645162 47171
10.313282560483854 5143
11.077391191067013 18019
7.756058064516129 20101
8.689110322580644 22121
13.584561290322576 27099
4.667522580645162 30037
6.174845161290319 31005
11.098670967741938 31169
6.76330406105991 32031
7.753340762463344 45089
6.355451612903227 48413
8.882748387096777 5127
6.729610476369078 53053
14.602452585508235 6019
4.194305414746546 6093
9.163620757363251 13153
12.598939919354832 18087
12.758875483870964 19129
10.275916845878141 21089
8.70858709677419 51049
5.509717741935483 8073
11.40436175115208 20161
10.482194623655918 21007
8.989333870967743 21123
8.382547465437783 28087
10.736641698292209 34035
4.940004032258064 35028
8.419927956989248 51125
8.445616129032256 51595
10.056379211469519 54069
6.9736188387096725 12113
9.036988709677427 13315
9.14457870967742 21005
10.020883870967735 21041
8.370003225806451 28009
9.576346963946863 34011
4.2641064516129035 35055
13.03206650124069 39063
6.63817258064516 46007
7.4926258064516125 48311
8.061793548387097 5011
8.937977880184329 51199
9.354009677419352 55003
7.562493548387095 13183
9.364420215053766 13247
11.849344516129024 17041
12.464876881720434 17057
9.117009677419357 26051
12.710109677419359 31053
6.578277126099708 33003
5.6957040322580665 36041
9.180920276497696 37003
13.053428830645162 39017
8.188468387096771 47161
9.238159005376332 48091
5.262495967741936 49051
8.643604838709683 51105
12.975927225806466 55063
12.50937880184332 55123
6.625761290322579 56045
5.881223104838708 16011
11.70782688172043 17075
11.220110173697265 20125
9.366188269794725 26107
9.473993548387101 31099
8.38672788018433 36083
12.480958312655098 39077
12.637723655913986 39171
9.191182404692084 40137
7.884404301075268 47083
10.129135422891654 48113
7.376793548387098 48261
10.059106451612898 5065
9.674635483870968 5095
7.274119354838709 51091
6.390649032258064 6011
7.221225806451612 8095
10.07291935483871 18025
10.576962463343111 20035
9.210996774193543 21107
10.678791935483872 29055
7.01948731182796 33001
13.519379178885632 39011
11.732217087557594 40143
6.333175806451616 48065
6.929728315412193 48189
8.206792903225807 51175
8.126655483870964 1107
5.337388709677418 12043
8.894835125448024 13009
11.9381180959874 17089
12.568838709677417 19025
8.442677956989245 21051
6.294875268817206 30021
3.820188709677419 30077
12.437101935483874 31131
12.1411135483871 38067
3.2568209677419344 41023
8.703517741935482 48315
9.432648387096773 5107
8.785890322580645 51159
8.250387096774194 55037
9.279591577060934 8014
8.635543010752686 13161
9.358967741935482 13193
12.204843870967741 19029
9.479469892473118 21027
14.587171774193553 27143
8.546745161290325 28151
12.484403225806451 29005
9.710188172043011 31003
9.038600078678206 34037
9.25409241253977 42049
7.982643010752688 45005
9.68169838709678 47131
11.390641469102226 51153
8.521398387096779 54013
14.733425412691048 6037
6.754506329884357 6079
8.898482258064519 13075
8.85788225806452 13289
11.639711935483872 17063
6.648251612903226 20187
15.733587096774201 27139
14.092211290322577 27151
7.407272580645163 28023
11.643850201612906 29031
11.892705376344086 29211
7.071987096774195 30051
3.7660453917050725 32007
9.198527543424326 42065
6.966142815249266 44005
7.6839709677419386 47175
5.215915292712071 12055
8.239689247311826 13005
9.15638387096774 13207
9.47316572580645 13261
12.239919354838708 17013
13.398825268817205 19083
7.419093548387095 22043
6.717138709677416 23007
13.478751209677421 27153
7.694155483870968 28051
11.831991935483869 29171
10.674419758064525 29225
7.3800193548387085 31087
8.747768458781357 37093
9.487354342431765 37167
7.960916774193542 42105
8.410291705069126 48161
9.398763870967738 51145
8.103527419354837 51620
4.131954838709676 8057
4.924674193548386 16031
11.869055645161312 17111
13.155725806451617 17131
11.988712224108637 17197
12.637020488230167 18157
7.262130107526884 22107
9.856609970674487 26123
14.745993145161284 27013
12.349364516129034 27087
8.136982258064515 28083
6.835964516129028 37075
13.172580351906158 38017
5.201217562724012 4012
5.970156451612904 49029
9.977740860215047 54009
6.291547311827957 8063
10.90363016129032 18043
13.373951612903225 19115
7.595114516129036 20039
9.490431231671554 21093
8.867446881720427 22045
5.393083225806453 25019
12.089608755760365 29007
12.373493548387096 31127
11.914554838709678 31133
10.174285935483903 34027
6.192816129032258 35057
11.169657258064513 38005
11.621764516129032 38039
7.831454193548391 47085
8.46111693548387 48313
8.318279032258065 50013
10.656653763440861 55119
4.825693548387096 8029
7.962934946236558 1065
8.67975293255133 1069
4.895960645161298 12085
8.637216774193545 13303
4.445141935483872 16033
3.1835076344086017 16085
11.946387741935478 17123
8.532902419354837 21065
11.987810215053768 29175
7.010120276497692 37039
10.722483870967755 39167
11.103093387096784 42107
9.586348387096773 46089
7.8679306451612945 47061
9.297481524926688 47183
7.525129032258062 48163
3.8460249999999996 49021
5.336180645161289 49033
10.597211816638355 5119
4.455635483870968 53069
9.476538064516129 55007
9.047243547147138 2020
10.516410215053765 18117
13.887908870967738 19103
8.17517258064516 20069
13.397209627791522 20091
8.10687281105991 28089
10.323076721883158 37025
7.01864380853278 37133
6.011884055299534 41043
8.311038709677419 42113
8.714517204301078 5099
9.365916666666669 55099
12.763028225806444 55121
6.331612453113274 6017
3.6205956129032266 6105
9.047243547147138 2060
8.007170046082951 13029
12.225004608294931 18041
6.727303225806452 20075
7.99885376344086 28155
6.103597947214082 33007
9.082154193548392 38059
5.34314197580645 41045
8.30069335863378 48005
6.535358064516127 48095
5.400341935483871 48111
6.237816129032258 48263
9.006207526881724 5097
7.089385990783411 53063
8.700498064516129 13077
11.938724193548389 17137
12.414664919354843 18073
13.316401612903224 19095
8.865991935483873 21063
3.6920193548387097 32009
8.655437096774197 36107
7.34391505376344 37041
13.225441935483879 39101
9.167109677419354 46021
8.259782404692084 47099
11.023452918000483 26049
7.940580645161293 28043
6.190980645161292 31161
3.3068225806451608 32015
8.561676036866352 36013
12.107638594470059 39045
12.385711705069118 39133
11.59528387096774 46077
12.632052903225802 51600
12.494828709677432 55055
5.330434408602151 56043
3.9190935483870963 16023
9.16713548387097 21143
11.073394838709678 29141
13.604070483870974 29165
4.326169892473119 30043
8.798703225806443 37007
9.07136175115208 37135
9.473053763440877 37157
11.548349769585258 39073
9.946019354838711 46049
8.715151612903226 48471
8.981933548387097 5057
8.421899999999997 51081
8.36534838709678 51183
7.85845100806451 6013
3.868357419354839 6015
6.512745322580644 6055
8.526014516129033 1067
7.638573387096775 1119
11.715380645161293 19159
8.619910322580644 21217
7.370297311827961 22115
8.265387258064518 45075
10.333004709206541 48121
8.34411935483871 48351
7.222825161290325 48463
9.459802580645158 5015
3.6330903225806446 8111
8.937847311827948 1127
7.610157419354837 1129
5.841417147707984 12015
8.599711290322581 13283
3.6828561935483872 16049
5.781553548387095 16053
12.308566666666666 18007
13.450943010752683 19045
10.060800000000002 21075
7.2156695340501775 23015
11.52099981024668 29071
6.051404258064518 35049
10.416741774193545 39013
10.615381854838727 39087
11.28166370967742 40105
3.8274943548387097 41007
8.319677039848198 47119
5.092445391705071 53045
5.754881119544591 53073
9.319943870967744 54027
6.47608064516129 56011
3.4629283870967744 8117
9.914748709677417 13073
8.765598617511516 13087
9.342115591397846 13225
12.336118279569893 20043
9.413279999999999 21097
7.439184819734342 22063
6.763592473118281 26003
7.0158838709677385 28021
11.355240860215051 29145
4.530786803519062 30031
11.248933548387097 40035
8.312207573632538 47179
8.651697177419361 48055
9.003243010752685 48063
8.652440469208212 48199
7.990681105990784 51167
9.26656344086022 54095
13.066893548387092 55043
8.503298003072208 6101
7.035532043010751 12019
8.978954301075271 13219
12.307091397849458 17169
11.85808817204301 20131
8.159209677419355 21057
8.095447311827956 28053
11.282072043010762 29217
9.35301111111111 47089
8.290482027649773 48331
9.072385080645164 48449
9.764646236559138 5137
9.451922861150065 51770
11.421798610421808 10003
12.599176344086018 19043
9.673352688172045 21149
7.7112290322580685 22065
8.556616589861756 26109
7.274146236559137 31101
9.45277978957106 36059
7.260581720430108 37005
7.209920645161293 37199
11.219352133194597 42027
8.251303225806446 42115
9.369983681214425 45059
6.329222580645161 48435
3.6521532258064515 49001
9.879762007168447 5005
10.341032056451603 5085
7.338247658688857 1003
5.374606965458192 12009
10.317334454358265 13245
12.074889032258069 18047
12.21121290322581 20087
7.028441935483869 20109
8.470701542777016 22033
6.016324731182798 22075
12.504433701188452 24013
12.546242622950826 24021
8.816447311827963 26063
6.906209677419353 28131
11.529255131964812 29159
3.8149225806451605 30023
4.019290322580645 30045
5.76225483870968 31045
7.809076939843078 36065
7.156361751152068 37175
10.100493548387096 38083
7.270958064516126 40009
4.65435322580645 41049
5.659241935483871 48443
8.321024516129032 5043
11.83190138248848 51683
8.240000000000002 54015
4.508982279569891 6023
8.72176539589442 1121
12.103853405017919 17203
12.486561290322587 19165
5.080189222011385 32005
6.707117473118281 35009
11.050129032258063 38075
8.11958903225806 40039
5.080448156682034 4025
6.231179475806448 41033
8.310586021505376 45017
9.47098566308244 47001
6.764778709677421 48279
6.548087903225804 12089
9.233443741935487 13151
6.822719354838708 20023
11.205186620835507 26093
11.786616935483876 29139
7.333089303904923 36043
11.576657822580664 39025
8.481644516129036 45039
12.020395161290322 46039
7.681961935483875 48281
8.427388172043011 51103
8.220506451612902 54021
8.60359390681004 54045
11.740913824884796 55001
3.6920550691244234 8037
8.947188812628692 1125
6.965926612903226 12129
8.602786021505374 13167
9.68738322580645 13177
7.9543851612903245 13185
8.58785322580645 13309
5.046104838709678 16029
13.462892297564224 19153
8.45145 20145
10.099605376344085 21091
8.096616397849457 22001
6.214700348735829 37031
6.1477032258064535 38011
12.26610322580645 46027
8.139687096774194 47153
9.762894168734498 48181
8.520392741935483 51119
9.127187096774188 51650
3.891600645161293 53047
3.868971870967742 53059
3.5613177419354827 16003
4.737981505376345 16073
11.27470737327188 17077
10.249694623655914 29123
10.387709677419354 40103
9.492078541374473 42063
11.26757741935484 46067
9.006129032258066 47067
7.858707373271891 48025
6.156812903225807 48393
8.29078322580645 48455
3.63456866359447 53049
7.796067281105993 54025
11.215245014662752 26037
11.806250019087628 26125
8.025087096774195 38053
13.227947239890982 39049
10.939683225806455 39067
14.93013196181702 42071
9.845913685239498 45003
10.294148387096774 46043
3.7783827956989255 53019
11.375875 55019
8.152542741935482 1029
7.949139784946238 1105
12.989141563275416 19193
8.067848387096776 20137
8.435349462365597 21109
8.595764764267988 21125
9.051277419354838 21127
9.92225781637717 26017
3.780883870967741 32027
8.197458682223745 36111
8.182491935483874 37017
10.916537634408606 39105
8.738146543778804 42131
8.521269990224825 45041
6.3575483870967755 48385
8.693716837136114 51550
9.183423870967745 54043
6.472587634408587 12081
10.910355944700507 34023
7.508676774193556 36035
8.03539962049336 36115
12.608059677419355 38097
10.70352903225806 39131
9.663516845878137 40133
12.045068548387095 42109
11.52886129032258 46097
7.0439556750298715 48329
8.204733333333332 55029
4.877913709677419 56023
3.9347387096774202 6049
5.426631797235023 8039
7.773104119106697 9011
9.047243547147138 2013
8.127241935483868 1111
6.863308504398829 12131
11.636070430107521 20021
8.186683870967741 20047
10.914110618279565 26005
7.05978064516129 28065
12.826273387096771 29037
14.027216890906136 29095
9.793328039702224 45021
8.547873387096775 47017
8.135808260019557 48167
9.904191935483864 5037
8.390658870967737 51133
9.446162007168457 1081
6.039878494623657 12045
8.776820430107527 13201
7.866288709677416 20135
8.569579032258067 28093
12.184654838709676 31147
12.746389516129033 39075
7.831535842293905 47177
8.579019354838708 48325
9.071124103942614 8031
6.108920645161293 8099
8.095681720430102 1061
13.186029032258062 27095
12.415741935483869 29025
11.211070322580643 29157
7.1434741935483865 31149
10.899037096774194 38049
3.231640322580645 41025
11.832579032258066 46087
8.24431935483871 48077
8.80934724857686 48213
8.974567741935482 5053
9.330962903225807 55067
8.400010967741943 1057
6.0564127419354845 12109
7.531769103335165 16001
11.697274462365588 17029
12.541089032258066 19191
9.79834946236559 20095
8.621624999999998 26113
7.39362789373814 28035
12.358146774193546 29063
5.382029032258064 30075
11.774243548387107 31151
8.241178019504867 33011
11.751099253285599 34039
8.687671474654378 36067
7.105911827956989 51173
8.800549095200617 6113
9.992290522115077 8001
4.592577741935482 8085
9.047243547147138 15001
11.100001612903226 18115
6.963429032258066 20189
13.862640414746558 20209
9.467490921079353 25017
13.352042183622817 27027
6.913532258064516 28063
13.857891642228722 29047
8.90045201612903 40015
3.9250722960151823 41041
8.41312043010753 47003
8.764405645161288 5079
12.65223266129032 55045
10.850214838709677 55107
9.289353225806455 13081
11.817348617511515 17099
12.602196774193551 19035
8.446583410138244 21001
8.302697653958948 22119
6.9400145161290325 28157
12.541808064516127 29003
3.527948387096774 30039
7.269129032258066 48283
4.737127419354841 48377
9.076227419354836 51097
9.411626612903222 51101
7.686710752688172 51131
8.537967741935482 51181
7.207728407908419 6085
6.140500874465608 12071
9.90956909899888 13089
8.422699677419358 13103
8.519220967741933 13199
6.838319354838711 16075
12.720519354838707 19177
7.90157849462366 22077
7.704089677419358 26001
15.179578580645169 27163
13.931716129032255 27165
11.496992741935484 29135
6.642133333333332 30101
8.898756451612902 51193
8.265387096774194 1093
4.911364055299538 16057
12.929676881720425 17015
12.678342652329752 18069
11.914945161290325 19003
13.046204301075267 19119
13.579798709677421 19183
11.024348387096778 20107
8.38109892473118 21131
8.000394153225807 26055
5.795433870967742 30017
10.178342473118281 5071
7.455531252921917 8059
6.0646061422889845 12021
9.30297992831541 13277
10.767174838709678 18147
10.423716129032258 20143
9.21580322580645 20183
8.421920161290322 28017
7.553602688172045 28123
7.365808064516132 48487
9.605205161290327 51570
4.2391173020527875 8045
8.839479032258069 13033
9.307432258064518 13093
11.201074193548383 17191
13.301771847507323 19057
12.51448185483871 19125
8.97254838709678 26127
8.0307197076613 28049
9.25524301075269 28143
11.713240615835767 29097
10.8663064516129 31143
7.7956677419354845 47101
8.832274193548391 51011
8.819512903225808 51037
9.674066359447002 51670
8.058116129032259 54091
12.665601612903224 19073
12.575516935483867 27089
11.631529838709675 31159
10.941697082790943 36081
13.034578341013823 39147
8.729741935483867 40067
8.481811935483874 45025
8.667961290322586 47013
6.725154838709679 48069
5.20468870967742 53043
11.58540403225807 17121
11.24152774193548 20139
9.271444405241935 22017
8.818406292313819 25009
8.423545967741935 28139
11.52031483362966 34007
9.096122252597057 42069
8.803867741935484 47121
7.860306881720432 48427
9.170989247311828 5061
5.313965322580642 53055
3.6049427419354845 16013
12.772362779156339 17073
8.350217419354838 21231
8.292868387096773 28057
3.291422580645161 32011
7.4447940860215045 35029
13.109687096774193 39125
11.502570622119809 55131
7.413686021505376 1053
7.526236290322579 13229
3.967029247311827 16059
13.358740860215047 19069
11.765350537634411 26059
5.534141935483872 31007
10.980809318996421 40021
7.363672580645161 40059
8.03828516129032 47005
7.635888709677421 48175
8.819273041474654 48203
9.406446428571433 48251
4.740566129032258 56019
9.047243547147138 15003
11.92690322580645 17171
11.206190783410133 18037
10.269687096774193 20017
10.257490322580646 20077
8.853588018433184 21021
12.177327419354842 29061
7.272754838709678 31085
8.071022580645163 36057
10.83554774193548 40001
5.466470967741935 48359
7.977198924731183 48403
8.631269354838711 51073
8.910405806451612 51820
13.46726391796628 6029
11.608066439374113 6071
12.753009354838708 18103
11.109996445029632 18163
10.990841290322582 20133
9.55596451612903 21103
9.640748387096776 21191
8.594900000000003 21203
8.898056774193547 28137
10.527417204301077 29155
12.259240860215051 29173
4.85809283154122 35039
12.946367916303394 39103
4.383297121588091 41011
7.870791244239631 47133
7.626727419354836 48047
5.083627419354837 48371
8.191672903225806 48457
9.267147311827959 51079
9.48490215053763 51127
8.768870967741934 1017
8.91054086021506 13159
10.555477419354837 18175
8.53737849462366 20051
7.735661290322581 20171
11.424735205097587 26065
8.435183225806446 26143
3.887770564516129 30047
10.75230645161291 31119
8.347541187470783 34001
8.533805990783412 45061
6.478495161290322 48335
5.860074193548387 48475
13.6164324731183 19113
12.993522580645156 27057
6.578827956989247 28147
10.662484457478016 29187
7.373120645161296 36045
8.831625032258065 36091
10.240574952561683 37057
8.414256182795697 37083
6.936512903225807 38041
12.58070679117147 42077
9.029494009216586 45047
7.934357258064517 47041
9.105832258064519 48119
8.620915591397846 48365
8.895175806451617 48387
4.393470967741934 49019
11.08601827956989 51043
8.611548745519725 54049
9.39393290322581 55083
6.095532258064516 8017
11.57549193548387 17105
12.792653917050696 19123
13.367016129032255 19195
10.82809946236559 20041
12.69308279569893 39117
12.788128387096757 39143
9.054915514592928 42111
8.652640322580647 45057
8.513029733520334 45085
11.009027016129032 46013
8.598953405017921 1005
8.222193548387095 13003
8.769058064516127 13239
13.404176451612898 19169
7.315729032258067 22003
14.419423924731188 27067
10.830906451612906 27077
7.571744354838715 28061
8.915541935483878 37165
3.922584946236559 49027
9.139772258064513 51775
9.047243547147138 2188
9.047243547147138 15009
10.262456451612904 17127
13.012887096774188 19019
9.13874562211982 21043
8.334530414746544 22031
6.274325806451615 31117
10.971218704018115 34005
11.569201646208025 36005
11.636898093841637 40145
10.98771687344913 40147
4.752872468117026 4015
5.0070641532258096 41017
13.199334838709676 55011
11.867870967741924 55013
5.348238709677418 8011
11.974137634408608 19001
6.748632258064516 20071
7.920509677419358 22111
7.765217419354839 28159
8.35777580645161 37185
6.932097849462365 40007
6.630450000000001 48295
7.672162903225805 48391
6.903090322580647 48411
4.122695161290321 8119
8.75605582869855 9013
9.047243547147138 2050
6.641662903225806 12077
8.521172043010754 13043
13.112391397849464 19131
12.208916666666669 19145
12.823460887096779 20103
6.719293548387096 20181
7.2997064516129 28127
10.446944354838708 29091
11.503262903225806 39115
8.998945596230522 45079
7.413318279569895 48299
8.616241935483869 51530
9.60087771260997 51660
9.106330645161291 13007
6.388865483870966 13039
9.029318279569893 13055
9.099224731182797 13269
5.208994193548388 16077
13.27587917888563 19111
9.75776420141622 21067
10.808055531160308 21111
6.899277419354838 30071
8.708141642228739 37163
11.798674193548386 46057
7.904619354838713 48363
6.708850645161295 50005
9.624479262672816 51033
7.496153521505412 6001
4.6232838709677395 8083
8.415173280584307 10005
8.347161059907837 1031
7.829041935483871 1091
12.187782240931984 17031
13.237189677419355 19197
11.152387096774191 29143
8.291689861751152 31047
5.15101370967742 35051
8.611169853372429 36007
9.649130161290325 42033
6.518729032258063 46105
8.451758064516135 47117
7.5016645161290265 48323
6.7992035483870925 13025
8.582363133640548 13133
9.291368387096774 13147
9.849304838709676 20123
7.972619354838707 24023
11.052858312655086 26067
12.734377741935477 27007
14.222971612903224 27161
9.72882036290324 36055
10.087107038123161 55115
5.975770506912445 12051
12.508941935483874 19005
7.639693548387097 20025
11.45829530791789 20037
7.860224193548387 27031
12.601971752397548 31109
9.187099225806447 36069
8.428591612903224 36097
6.367774193548388 37177
10.463321863799283 39015
7.680479435483873 40065
9.270191066997508 40121
14.538531113423511 42075
8.446907526881722 5039
10.576811974584546 51760
12.107856129032267 54037
10.934871129032265 55087
5.959186206896549 8077
4.9373918279569855 12087
12.258609244325024 17043
12.394763225806448 18139
13.120097849462374 19097
9.587139516129028 21233
6.413324462365595 23003
7.081392473118275 26089
13.877913709677413 27121
10.365093548387097 29229
12.54232795698925 31021
9.42101935483871 38051
10.754591397849467 38093
7.939611059907837 48149
10.635734035549696 5007
9.009439032258065 51067
7.128690322580643 54083
10.923214240755303 55139
3.4418032258064524 8093
9.047243547147138 2240
7.318803870967745 13241
12.083255875576045 18167
9.57263963133641 21209
12.003373548387104 29115
5.1920531309297955 35031
8.225791129032263 36023
7.789062034739453 37047
6.959254193548388 47091
9.130942851453591 51710
8.944005376344085 51735
7.576419354838708 54063
8.908518709677416 13211
6.28887588325653 16019
12.7894982404692 18081
8.077846290322594 22073
11.603815789473673 24025
10.057012903225807 29203
11.304881483870973 34031
12.952745622119808 39065
10.165749462365591 51630
12.153730107526885 55081
5.795299354838713 56013
8.045410322580643 13267
11.54746912442396 17051
14.786056575682386 27131
6.806774193548386 28037
5.564783870967743 30011
5.759922580645161 30033
4.521690806451614 30063
10.770616997518616 34019
4.564951152073733 35006
8.204683568548388 37147
9.990425806451615 46059
7.083236290322581 48049
8.091460589060306 48469
11.908669892473121 18021
8.819461290322579 20185
7.1694631136045 23019
12.119707419354818 26161
7.5323145161290315 28069
7.355048387096777 28153
6.064107056451613 30111
5.084801612903224 40025
4.396106912442393 4005
6.9594225806451595 46071
6.796784946236558 48107
6.846859677419354 48275
4.4685000000000015 49015
12.200886332767427 51510
4.839031451612905 53017
5.156695161290324 53071
12.00328064516129 55057
7.795071774193551 8087
7.888984946236558 12039
11.53121451612903 20149
8.990624731182796 22007
13.842689516129026 27059
8.048171971326166 45015
8.004458602150534 48177
8.047848387096774 48425
8.138475806451613 5013
7.948495698924735 1063
12.714908709677418 17109
11.378441935483869 18125
10.975811290322577 20027
9.154718279569895 21033
9.27978741935484 21049
9.16283387096773 22015
7.520298511166253 22089
9.27017635235733 25021
10.482367069892486 26087
10.789786379928314 29169
8.705896774193548 37023
8.45314408602151 47125
6.777993906810032 50025
11.165400645161297 51840
6.708355248335895 12083
12.537642741935487 18009
12.547509677419354 18049
12.62517076612903 18053
12.676316715542526 19179
12.400574193548387 29087
10.183529032258063 31125
11.062983870967741 38031
8.378466451612907 47129
8.044883225806448 47151
11.381336053130925 55141
11.063881632653043 6047
4.809206451612903 16043
13.06574285714285 17067
8.362744354838707 20055
5.9362741935483845 30015
7.940423991935488 36053
10.338689145784333 37119
9.455047859801478 42079
7.820234408602149 47081
6.2932000000000015 48327
7.940346451612902 48489
11.477549462365582 55047
9.601878709677425 55069
10.10557258064516 55113
7.557198207885301 1025
8.750677419354838 13301
9.030230286738346 13313
12.752539589442819 18017
13.334629999999992 27169
8.36865564516129 28135
5.177572580645161 30065
10.438643010752683 31081
4.542759677419353 35053
9.261825310173702 37161
9.683503506311359 42039
10.694693225806452 42085
7.937859677419359 48053
8.373897311827957 48419
3.4316612903225803 8053
5.895995161290321 16065
4.449109677419355 16081
11.635539784946234 17035
12.059083079732225 17167
11.828718279569893 20085
9.481748387096772 20105
8.615183870967746 21237
11.534006527217741 26081
14.51057150537635 27093
8.437174193548385 28025
9.111961290322583 40077
5.946412903225805 48103
8.409235919790756 48485
4.75161443932412 49053
10.448945579450417 55009
11.76520483870967 29027
5.825661290322581 31075
7.169377908113389 37019
11.77904143920596 42017
9.047243547147138 2105
8.113605645161291 1085
12.34190124069479 18065
7.109854193548386 22029
9.095496313364054 28027
11.188020967741942 29023
11.606644116056964 34003
7.590366532258058 45013
8.161263799283153 47051
9.90139822580646 5035
8.45125783410137 51800
12.193049999999996 55021
13.371432258064512 55091
11.095621774193555 20061
7.550409677419354 28079
12.877886290322582 29177
11.30850322580645 31179
8.735673982711381 35001
8.07343677419354 37111
13.40720225806452 42099
8.019654838709675 45053
6.456503225806454 46019
8.274920967741938 47077
8.521554838709678 47115
12.703644838709694 55035
8.734589837777326 6111
8.27261653225806 13137
8.259025806451616 13149
11.40402822580645 17025
11.55104516129033 17145
7.714714838709678 26019
9.99698064516129 29035
11.137269585253456 31141
12.915692811059904 39057
9.233522766749381 41067
8.01410580645161 48273
9.104174462365593 48277
11.072479569892472 5021
8.793036559139788 51790
3.85632258064516 8021
7.422592001767559 8069
13.06677741935483 39039
11.178376036866368 39079
13.134680740740722 39153
7.998949462365594 40075
5.915951612903226 48079
4.977177419354839 48109
8.574532258064517 48407
9.98389068100359 54051
11.977672096774187 55027
8.872206989247314 13091
13.249526666666675 17163
10.534953763440859 18155
12.580663440860214 19151
11.693957419354843 29051
11.040712726689167 42003
8.92345362903226 45071
6.751282795698922 48445
8.12589815668203 51027
7.986854193548388 54041
3.4552361290322575 8015
7.497570967741939 1099
8.482387096774191 13265
7.7339719354838685 26061
11.21282451612903 29069
9.88214193548387 29153
3.677395161290322 30061
5.166693548387098 35037
6.92097788018433 37053
11.40509677419355 38019
13.22447566820276 39041
12.744372629521019 39165
10.608778033794161 40037
10.187642543244506 45083
12.945068970814141 46099
7.967249193548389 47181
8.133672495755524 48099
7.076644516129032 48133
10.32976226709353 48201
7.80432956989247 49011
8.424530322580644 51025
5.59781129032258 56037
5.118485663082437 6035
5.499112903225807 8025
8.467889247311826 13253
10.701843778801841 18077
9.560360483870971 21055
8.168240927419351 22101
10.459817575083415 40017
9.24361581431943 47065
7.666761242884244 48303
8.997988172042998 48309
8.809203812316708 51095
9.767350146627571 54099
8.697568035190619 1071
9.049273548387093 13189
8.640030322580644 13257
12.601749193548391 18131
8.125614027370466 23005
8.011816516128993 25005
7.3155553349875895 26029
14.730780107526876 27079
8.308767483870968 33017
11.424095403225829 36047
7.971382580645167 37091
8.646989149560119 37153
5.2582992943548446 4003
10.367064157706087 40135
10.594147214076257 42009
8.067518548387097 45009
8.71825865102639 45023
6.249574193548387 48269
7.5733612903225795 54001
8.697553456221202 54059
7.58044596774194 12059
8.92345725806451 13115
13.472750000000003 27155
7.642260101867575 28075
6.889929569892472 28085
4.561735483870965 30093
4.273393548387097 35021
11.808611290322578 38003
11.172752419354836 38079
9.047254838709673 40005
11.272894354838707 42093
4.326765758064512 53041
5.349897235023038 8089
8.700044623655915 13019
8.912549462365595 13023
11.994896370967732 17183
8.85262741935484 20007
10.582788709677422 20029
9.881223655913981 26073
12.799394623655909 27101
10.471601075268813 31107
8.236957757296468 36009
6.934327419354839 37043
12.257193225806436 39031
10.203329953917052 40081
3.5351454838709673 41037
8.677202150537642 45033
6.782994623655914 48305
8.858090322580647 48343
6.418988709677419 48501
7.6503129032258075 51017
9.976203206016224 1073
11.92239907834101 17007
11.612763940092151 18091
10.707463440860213 29105
7.217583577712607 37013
12.667544623655925 38035
8.038772782258059 48409
9.032235483870965 48467
9.12531666666667 48473
10.072016129032258 5023
10.23298151364764 5131
9.592414911746783 13215
13.093001374933923 17119
11.796263709677422 19175
8.850290322580644 21011
10.353293778801849 21185
8.377589032258063 26039
13.773845161290325 27127
6.686760080645159 28113
12.16381129032258 29075
4.698248387096775 30027
12.787602419354842 31043
4.621720276497694 32001
10.010343225806457 36037
3.161464516129032 41069
8.83586733870968 45031
8.687741408821589 47149
9.571379032258065 55078
6.55318100761146 6083
9.077158817204309 9007
12.570382258064514 19161
8.568040322580647 21165
6.130359139784947 26095
12.87827419354838 27055
11.921168100358432 29101
12.049501612903224 29103
11.618157142857145 39019
9.404459999999995 40063
3.8134266129032257 41057
8.376985080645165 48241
6.868585568760607 50023
9.125972580645168 5091
4.427641935483872 53023
4.945899999999999 56003
8.874039247311828 1019
8.767032258064516 13125
7.230287096774198 13291
12.475816935483865 18099
10.208527096774194 18123
13.31689216589861 19011
11.868310887096776 20121
7.234024193548388 20193
7.616332903225807 22049
11.469836724565765 26025
10.62709838709677 40083
8.083987096774193 47137
9.031610752688172 48159
8.386390860215053 48259
9.44181731748728 51680
5.233898387096774 8009
12.142612258064517 17017
7.759620821114377 22095
11.302648271889408 26045
7.109223118279571 28029
7.39905633640553 28059
12.514524193548382 29111
5.451019354838707 30073
6.901523041474654 36033
6.467029032258066 38007
6.471732258064517 48483
13.258915161290313 19127
8.589871774193549 21087
8.638206451612904 22005
8.425274078341015 23001
11.709918279569868 26077
10.709759139784943 29059
10.150841290322582 29213
11.07547338709678 31185
6.967297491039423 37113
9.512308294930873 37197
11.438741935483865 40115
7.246249788654062 41047
9.73962849462366 42021
9.259143548387101 46015
9.605148387096778 46017
9.80917580645161 46045
7.5009229838709635 48143
9.461873941994707 48453
7.421389454094299 49005
4.946391788856304 49045
9.72656021505376 5083
9.755058602150537 5123
9.926912365591399 5149
10.884773548387097 55129
6.259791397849462 12029
9.724119583214382 13135
11.316995967741935 20099
7.435508243727594 26007
12.395703225806455 27069
11.153685483870968 29186
12.037251612903225 29197
10.259217204301073 31121
6.982941935483871 37011
9.513995391705066 37151
13.120139247311824 38077
9.431959237536661 40013
9.00008430688751 45063
6.579806451612904 48081
3.2743338709677414 8065
4.232395967741933 8107
8.584944239631339 1045
9.02300430107527 13035
5.260228041474654 16083
12.275335483870967 19051
12.756616129032258 19089
8.810730414746542 21025
8.950226146010182 21151
8.47829193548387 21189
10.080360483870964 21225
6.514722730682667 22103
15.683923089983017 27019
12.261150691244241 29113
10.451213548387098 29221
8.659180645161289 31015
8.492111436950148 36015
8.717160215053768 37123
12.638848609566177 42029
8.15971231671554 44001
6.048177419354838 48191
5.936827419354838 48461
7.639577191113812 49035
5.899996774193546 56015
6.4336048387096785 13049
7.779304838709678 13173
10.161573118279573 21039
8.250008602150537 21053
8.914623118279575 21173
7.7986827956989275 22083
10.871147214076247 29029
9.412954838709679 31093
6.254968387096775 35041
10.891525858480746 40027
9.675953198469115 42125
7.4121684331797235 45043
8.457288172043008 5103
12.799391397849462 51610
6.447138219681495 6081
12.172516129032253 17009
13.157127419354836 19109
9.91979032258065 20073
6.94571184750733 4027
8.860518768328443 48493
6.707695698924729 50009
9.38595524193549 5001
9.400793548387101 5059
8.681054193548388 51147
7.32747214076246 51185
8.146352903225807 26079
12.254161290322589 29099
11.205586431131596 34015
5.169550403225805 35017
9.386860215053762 38061
7.040860215053763 48059
6.501369354838708 48415
9.14464327956989 5069
10.849056598240466 55015
12.712913978494628 55023
6.739760483870968 12007
5.02798123167156 12111
9.40286344086021 21017
14.02122451612903 27039
16.555283795447206 27053
12.797836559139785 29045
11.436373118279574 31037
6.050287096774194 38087
12.085698263027282 39129
5.697999354838707 4023
8.939446980976019 47163
5.182531612903225 48389
7.233021994134899 49003
8.221180645161292 1027
5.967274075227335 12086
11.038949677419355 17181
12.859020967741934 17195
13.369155483870975 19087
8.751732258064514 22047
7.529194086021506 28007
10.96041843317972 29043
12.18364743503588 36061
13.14904645161289 39021
8.934731754032258 40031
8.455712903225807 48073
6.973774193548389 48197
8.790096774193552 5041
10.361357467144556 51179
8.699351152073733 1133
9.288037634408605 13079
4.086603225806451 16021
12.599964516129026 18033
11.450950537634409 18137
13.367959354838709 19031
7.316894623655912 22021
9.297701612903223 30091
4.86069677419355 30099
8.638123387096774 48013
7.07757741935484 48023
9.163392473118277 48223
7.33977016129032 48503
4.046673655913977 53039
4.309805763440858 6033
8.781675806451613 13163
9.095775212224098 13223
12.135304838709686 18031
11.386676451612905 18071
12.77322177419355 19037
8.189617585848097 23011
10.89434623655914 38021
4.246113104838708 4001
10.10117822580646 40125
5.917657576894218 41039
8.919347311827956 45065
8.79713913978495 45073
9.469430000000008 47105
8.662018584070786 48215
9.471354193548386 51075
7.746877915632754 51191
9.727110814132098 9001
7.375162580645163 1035
6.56121048387097 12123
11.713799999999996 17037
12.219133083270826 20177
7.770370967741936 22023
5.45201488833747 23029
10.837829677419359 29161
7.4974241935483885 30083
7.62472688172043 30105
11.984929493087552 31067
6.989961290322582 37187
7.337879032258066 48247
5.076027956989246 49013
9.649958064516131 5077
4.354338479262669 53007
12.477856774193544 55103
9.047243547147138 2282
6.27609496459481 12097
11.0623853372434 18173
8.30088306451613 21171
11.273996774193545 31027
5.768103225806452 31105
7.767432258064518 36017
11.538991397849461 39163
8.526802150537632 47143
6.351837903225806 48117
6.389006451612905 48169
7.6549862506610165 48479
10.063321581099487 51041
8.144168817204301 51750
7.586290322580646 54047
14.758000955794495 6031
9.047243547147138 2198
8.99994245577524 1015
7.529397580645159 1131
9.502662903225819 13057
8.787496774193547 13105
12.473798156682026 18149
7.680859447004607 22053
10.655178629032267 26145
5.806177419354839 30103
6.0579354838709705 31031
8.945058573853983 37195
8.28558100358423 42103
12.044453763440858 46079
8.167202150537626 47031
8.804245161290325 47047
8.313025806451611 51115
9.271311612903226 51690
9.07127204301075 13171
7.989025806451612 20083
12.920434408602148 27133
9.072208477119291 36093
10.008458709677425 40111
7.735782790322593 41005
3.655531182795699 41063
8.221956451612904 46053
8.713070967741935 46085
8.96182096774193 54087
8.701647226938329 1097
13.371662258064509 19155
8.980195483870975 21167
9.537960368663594 21183
9.903672903225804 24029
10.992543548387097 29133
9.107748591261764 36027
9.987029136316348 37067
4.375244086021506 41031
6.206461290322579 46047
12.473293548387094 46101
7.658560645161292 48007
9.441944086021506 51171
10.323800744416872 5145
7.543643677419359 53061
4.410548967741935 56029
10.063258064516129 20019
7.389067383512541 22009
8.88206129032258 31083
7.485266451612898 36039
8.360634677419352 47111
6.324988709677418 48267
10.236768387096777 5067
10.275680184331799 5111
4.882229032258065 56031
4.093049193548387 56039
8.670187455197134 13069
6.89394193548387 13101
8.84899419354839 13237
12.033086622390899 17115
11.762870967741932 17139
12.938610322580647 17187
8.376022287390036 21095
7.130525806451614 22025
8.325120645161293 28071
11.986616927803402 34013
6.839945161290321 37009
11.942695161290326 38081
10.278207870967735 39007
7.796518102466794 45019
9.01382580645161 46119
11.75787379032258 17135
12.718872811059905 18075
10.790931182795696 20157
9.341302932551322 21073
8.523018548387098 21193
8.18739426523298 26069
6.640824014336919 28109
10.802046970889068 35013
10.18208291788858 37097
11.85398534155598 42095
8.278000537634409 45011
11.413506451612902 46061
9.72183340623292 48339
8.384085483870969 51580
8.249168516129037 9015
9.2750041218638 1043
9.23452103494623 1117
9.098033225806446 24041
12.08885245441796 26091
12.522235018508777 26163
8.006541935483874 31041
9.715195161290326 31181
9.86512258064516 38023
13.632913225806448 39149
6.932054838709676 48417
9.744259057071956 1113
12.75029216589862 18015
9.826795161290322 20089
7.3247754838709636 20175
6.229317204301077 31013
7.4069 31115
8.157039303225776 34029
8.840269975186105 37037
7.026385282258053 37087
6.934503225806451 40045
9.724827956989241 40049
4.422764932362123 4017
12.607331615960847 42091
9.622970757363253 45091
8.522108064516129 48015
9.052720430107525 51057
8.065019354838707 5139
11.374546563814864 6039
5.890818357771263 6103
5.702567126099708 6109
11.678397849462364 19053
9.449014838709676 21161
6.910851612903224 26153
8.429134193548382 28117
4.568744239631334 35047
7.265676027305584 4019
12.658789830508482 51013
8.173329032258062 51720
6.373190495391708 12069
12.249580645161291 20005
9.18499919354839 21135
8.117424731182796 22123
8.748342884250487 24037
12.327233451612912 24510
8.948684516129035 26011
7.1225814516128985 26047
14.148191935483865 27023
15.932475348047552 27037
11.358360215053764 31023
7.282673476702509 35061
7.7228334816462745 36075
9.195246774193548 40029
10.806204032258075 40101
3.884622580645161 49025
9.628433387096775 5051
12.291535023041483 54003
12.223116862170095 55127
8.377503942652321 1059
7.3255522580645165 13111
8.96524466501241 13175
8.043475806451612 22081
16.184803225806466 27123
13.047170151082069 29183
9.582847368421055 36079
10.354406311360444 39081
11.531539824046911 39155
8.10069078341014 48035
12.207891725105227 48141
6.457764516129032 48153
6.567550537634407 48437
8.176972434017589 51195
10.630151612903227 54053
7.700274999999998 54077
13.932175345622126 55109
8.090420506912439 6115
9.047243547147138 46102
9.668520310633212 1103
5.972267741935486 12037
12.50896387096774 19047
10.971416260697843 26147
13.163755376344078 27045
6.808250000000004 30041
13.216235483870966 31177
9.078456011730214 36121
11.844895967741948 40131
3.9850967741935484 41021
8.671904714640199 51015
7.9020968473226345 53033
10.198879838709676 54029
9.95500947185324 13121
5.036383154121864 16017
7.490103225806453 20067
8.937551612903224 21159
8.458466666666663 21169
6.108188306451608 25001
10.401245161290328 26117
12.185432903225808 29163
6.017432258064518 30109
8.963779569892472 31137
7.156468387096772 50001
9.322247580645165 5087
9.099969354838713 5133
9.333752785923755 51730
11.588624838709674 55005
8.353405645161288 55041
8.342278225806455 1007
11.804217741935474 17005
7.983819354838709 20081
8.853864855687606 21047
10.33316900420757 21059
14.479289964157703 27009
8.538429032258064 28115
3.3863806451612906 32033
13.15501797235023 39069
4.776245043988269 41019
11.155886635944716 42073
6.665116935483871 48115
9.493814874551978 48257
8.36894387096774 48395
9.720872903225809 51137
5.00210612903226 53075
9.99608548387096 54079
6.825969354838713 8125
6.382235043988274 12105
12.246962365591399 18107
12.799043548387097 19141
9.195835483870967 20053
6.94921827956989 25003
9.72154540942928 45007
9.18027258064516 48379
9.047243547147138 2195
12.549953763440863 19021
13.00212 19067
9.202863709677422 21213
12.110432795698932 27001
8.932565437788014 37145
12.827794335788706 39095
7.551241935483869 40153
5.328438709677422 41059
8.252321174524395 44003
12.364853325831534 51059
7.8310545161290275 51155
9.998362688172037 51177
9.442785483870969 54073
8.570070430107524 28107
10.837682795698925 29015
3.644029032258063 32013
9.178638709677418 38065
7.631695698924727 40043
8.818605376344085 40127
14.557524226464773 42041
8.414905955334985 42123
8.669642652329756 47103
8.14520064516129 47159
8.035560829493093 5003
9.36530120967743 51019
7.168167741935484 51021
4.5948532258064505 8081
8.458858064516123 13031
9.194137419354831 13097
12.749797580645161 18181
13.25620516129032 19079
7.594775806451612 26013
12.420216129032262 27029
9.865914516129031 29179
7.395867741935483 31029
9.82728185483872 51047
5.095154838709676 53003
8.363526344086022 54061
8.405105806451608 55125
6.060703460410565 8101
6.836070161290322 12023
7.106641299409353 12033
9.259522043010751 13131
7.9725541935483895 13311
13.05722193548388 19105
9.971070788530476 21029
8.451641935483869 26043
6.88346903225807 33019
7.872208813364063 37021
11.079813425244275 40109
9.047243547147138 2261
8.091227956989247 13109
9.067245519713266 21035
6.6841951612903205 22091
9.721363440860221 26151
8.499603629032253 26165
7.044719354838712 28111
10.135234408602148 29149
12.585272903225807 31155
8.015067245657567 36003
9.078160860215046 36051
9.149354348236196 41051
7.386105376344087 48505
8.6210625 54005
10.068578777589114 55071
9.400692258064513 13205
13.348003519061587 19033
8.696647741935486 21221
10.064611884550073 26111
12.630305161290321 27113
4.543718166383695 30029
8.154101935483872 36101
8.24362 37107
12.08288369175627 39043
12.413172849462367 39083
12.788370967741937 39097
10.125124193548388 47095
6.742383870967742 48155
14.66017836160067 6059
8.795487903225805 13083
13.288004032258069 19081
12.950383064516132 19091
13.028408960573485 19099
11.044513399503725 20015
7.555503225806452 20063
8.669712903225808 20147
9.094368587535232 25013
10.36472177419355 27071
10.342419354838707 29065
6.207841935483871 31171
6.204006451612903 38033
8.582362946817803 47187
8.63611899641577 51117
3.6346935483870966 8109
9.047243547147138 2016
9.133200716845876 1009
7.470951612903225 13305
11.614185080645155 17049
11.9316223325062 17117
9.255470967741934 21201
7.330357392473118 26103
8.158508064516127 28141
10.015465322580651 29093
4.518166820276497 30049
9.371811730205277 31019
8.335932258064517 31073
3.8900709677419343 32021
3.845396774193548 35033
12.88632404351086 39151
11.379068817204297 40097
10.021026954007404 48439
8.62756129032258 51029
7.83543870967742 51063
11.954456774193545 19007
9.10668136200717 24009
12.76717822580646 29049
11.326449479708629 29077
11.294147311827958 38009
11.27255711574953 39141
4.486223387096773 41065
9.13594659498207 45087
7.811336559139781 48009
7.777328387096774 48123
10.326270967741943 5093
9.047243547147138 2164
7.416734197277665 12031
3.3105751612903225 16015
12.396225806451612 19071
13.391864516129033 19075
11.925437903225813 19117
8.134359677419361 21147
9.485110394265234 21211
8.026741935483875 22035
9.580868583450204 24001
7.063113978494621 28001
4.458618279569893 30095
3.722106451612903 32017
11.46794838709678 38071
9.543367741935487 40123
4.099964516129033 41055
8.719149820788525 42047
8.972610035842303 42059
8.072748924731178 47071
9.08106505376343 48037
9.540891050988545 48139
9.43262043010753 51109
9.047243547147138 2290
8.893247004608298 13293
10.50894193548387 17165
12.694532258064521 18169
8.74503967741936 21009
8.833444411102777 22055
10.568991935483862 26057
5.206958064516129 30035
7.6331457885304665 33013
6.597589400921663 36049
13.606377562724052 42011
12.232455913978491 46011
9.716280645161286 46023
6.784620000000003 46093
10.661590322580645 5029
9.971490322580646 5105
9.988316935483871 51187
9.28085913978496 1095
7.161732258064515 31103
9.18028010752688 37063
12.059135483870966 38091
6.28552921146953 41003
6.114416129032259 48125
5.4164 48301
3.864174193548386 49055
10.397797653958943 5033
4.446585483870967 8003
3.9272709677419355 8071
6.896572811059911 12121
11.273738172043018 17055
12.398490322580654 18035
9.719013620071683 21083
7.90641693548388 25023
11.817898387096777 31051
7.298947580645167 35005
6.527735161290325 41009
7.953737419354841 47043
8.448520967741935 47169
6.750370645161289 48227
10.407648739919352 51087
10.016170967741933 5147
9.453834946236556 51540
6.1725709677419385 6009
5.821253333333333 6043
4.626075806451613 16009
11.013542580645167 18143
9.45809596774193 21239
5.936707210626188 23009
11.476410186757192 26075
8.83983010752688 28119
6.52628064516129 31123
8.912655225806455 37101
7.726845698924728 37117
11.73842688172043 39055
9.173806451612903 46107
7.538261290322579 47139
10.05980161290323 5063
9.072707331378302 51700
7.2266857142857095 12133
8.90051612903226 13319
12.02332177419357 18127
13.661258602150538 27091
13.983948387096778 27149
12.276403225806447 29199
12.131472043010747 38073
12.834482133995044 39033
10.220212903225804 40053
14.776380148883387 42043
7.032835023041479 44009
6.08555806451613 48105
6.098051612903226 48129
8.655075268817209 48337
8.965926042486242 48423
7.662197580645161 51071
9.12199462365591 5109
9.28738548387097 51113
8.27771995967742 51121
7.628337634408603 54023
10.86449698009607 6099
9.753464516129027 1083
6.885258064516129 13065
11.551078494623658 17079
11.280011966701366 18105
11.784393548387099 19039
7.939131612903228 22013
10.78059400921659 29109
8.595222084367247 37105
12.067410669975182 39123
8.546462580645162 40011
10.934475268817202 5055
10.510138709677417 17087
12.735056756756777 18095
12.823083225806451 19085
8.834069354838713 21153
9.222525089605737 21177
10.472199193548388 29215
4.675502370967743 41035
7.147225806451611 48171
6.790592769744153 48381
8.269549193548384 51141
6.245657891085658 6053
6.840649999999996 8121
9.047243547147138 2090
4.831709247311832 12061
8.460072903225809 13027
8.91608870967742 13243
9.026412365591398 13255
5.027722580645161 16063
12.616250806451603 19133
6.208687096774192 20129
11.26484897360704 26015
14.385984193548383 27049
13.767056451612904 27051
12.176877419354842 31173
12.378993548387097 46051
6.143942741935482 48003
8.742186148007596 48039
8.988460215053768 55051
4.556767741935485 56001
6.891698387096773 8075
9.382272727272735 13157
11.592562580645163 17053
13.108127956989254 17071
12.060109216589892 17201
10.280344212523731 20155
8.361070367591903 25027
5.844551612903225 30079
7.606054838709676 36019
10.340569915254207 36029
7.694994354838708 37015
9.883930645161291 40051
12.280174193548381 42067
4.700125806451611 48043
4.356079032258064 49037
8.211867741935487 51051
5.850160618828185 53067
6.648982258064515 12067
9.57656516129032 13321
9.049774193548384 20151
11.279068914956023 21015
12.876137701612894 24043
12.264372296015187 26149
10.961516129032256 26159
10.856803225806452 29057
12.884939784946242 39051
13.159708602150546 39175
10.643081231671559 40113
7.682046774193549 47135
8.628525268817201 48145
6.715801612903225 48317
8.61412580645161 51111
5.430508494623656 53057
7.8132881720430145 54007
8.285373058954393 16027
11.74618602150537 19185
8.73417838709678 21071
7.526255645161278 36105
6.921584229390681 37099
7.265760000000002 37139
7.730174193548388 46075
8.960333870967743 47075
4.5140258064516114 48243
7.1600430107526885 48253
7.985203494623651 54019
12.287569478908194 55111
6.551590269698563 8035
6.761291834190442 12095
8.401170588235296 13045
7.391110035842297 13299
11.643362211981568 18027
10.140042473118283 18061
9.600837634408604 20159
8.01017877758914 22097
8.833758870967745 26085
15.070678005865119 27141
7.663597926267279 28067
10.829989736070397 34021
10.412142125237196 40119
7.808538172043005 47185
7.814117419354839 48019
8.609580347394543 48027
6.972640645161287 48465
3.8031064516129036 49031
10.069191397849462 5047
9.352489677419353 51139
3.697508678955457 53009
3.8947397849462364 8105
9.882967322999589 8123
8.061908870967741 13187
6.10807258064516 16041
11.419826451612906 20059
8.086045161290322 20097
8.75586397849462 21155
11.931345161290318 29089
3.788896774193548 30057
9.152054838709676 31077
11.6389061827957 42061
8.805443870967741 45081
8.16465322580645 48071
6.590037096774194 48369
8.515615575105864 51810
6.491837096774193 6021
5.46924368689124 12011
5.644337634408601 12049
6.582031470367574 12117
13.55972614962251 19163
9.640723655913979 21023
7.23244279569893 28047
8.128317204301077 28161
3.8971870967741937 30001
6.3652268817204325 31033
8.673491300097753 33015
8.012778729838708 34009
7.430995852534557 35043
9.589170967741934 38047
13.109364112903238 39169
13.379910098176719 42001
7.708634484325302 45051
8.385546236559144 47023
9.885807077384143 48029
10.717945850697163 6073
3.829422580645162 8091
3.5636362903225796 8097
9.047243547147138 15007
8.810906451612905 13181
4.129243548387098 16035
8.49732983870968 21121
7.7823875576036885 22085
11.053073051075266 26021
7.834506451612904 26131
15.52637314418963 27003
13.110048387096764 27083
10.823707526881718 29185
10.870930803289072 42007
12.474823387096771 46109
7.887743010752687 48239
9.299286587436331 51165
12.071098826979473 55017
11.252186129032262 55039
5.829012903225809 56033
7.620677777777785 1013
6.670237372147903 12091
13.501726224078343 18097
8.417509032258064 21119
7.05877741935484 31057
12.95741114369502 46083
8.636145878136196 47079
8.91133917050692 51053
12.804312500000002 55033
13.092777419354833 55065
11.700376451612904 18083
9.510936021505382 21157
5.947357258064518 25007
8.430568369175617 25015
11.989941348973609 26027
6.692363594470044 28045
7.893406605222731 36021
10.52619098240469 42019
8.08669107925129 48355
8.858162096774196 13231
10.818435483870966 20001
11.195109677419358 29073
8.60103870967742 31183
10.784394500264408 36063
6.127641935483871 37095
9.09809156327543 37191
12.918822689136459 39035
3.8007733333333342 41015
8.133052764976954 42127
14.509543118279598 42133
11.148182258064512 46005
8.862698310291867 47189
5.308370967741935 48205
6.224320161290324 48341
9.336728445747804 48497
6.520884863523568 53021
8.262303162555332 9005
13.306158709677417 19023
13.182578801843311 19167
8.159961935483867 28013
7.623304301075268 28129
7.870430645161292 28163
10.330713440860217 29209
9.827269354838716 31011
9.254316129032265 37169
13.321030929791245 39113
9.367977777777778 48147
7.186813709677418 48507
9.654933467741936 51590
8.56575806451613 51678
6.300788172043011 53077
3.8615623655913964 8049
9.047243547147138 2180
8.432739068100357 1021
8.27956559139785 1037
8.525244354838712 13317
13.104820737327188 18001
11.394312442396311 18051
10.30291265508685 21019
13.335000000000006 27073
9.252609677419354 31061
7.766424731182796 37073
8.124476881720428 42083
6.8866516129032265 46137
9.033375225806452 48209
7.872972580645161 48297
8.885531797235021 48459
10.2047064516129 5049
3.823632661290321 53027
11.778094838709677 55077
5.925025586510269 16005
12.012062313139252 17113
13.325486352357315 19061
8.756288709677417 21003
10.243319354838706 21223
3.8746451612903225 30059
8.758487191650856 37051
11.386240860215054 39121
4.086540860215053 41001
8.110454709677414 45035
8.71954314516129 47055
7.011129806451614 48451
10.19785918653578 51085
8.80357281105991 55085
10.518779973542243 6067
5.192396236559141 12093
6.491680774193551 13127
12.140600248138956 18109
11.924724423963132 18133
12.527452371916503 18177
6.40256 23013
11.58534930452796 24033
13.0551685483871 27063
10.274672580645168 29223
9.412596774193553 40069
3.9951162096774198 41027
9.835501557285864 42081
8.433865689149565 48001
9.01828870967742 5101
7.732820737327192 51035
6.272311367127491 53029
12.954979801024992 55025
4.343227096774195 56007
4.1067451612903225 8033
7.19063290322581 12079
8.524799462365587 13107
6.036587096774195 16051
12.726930645161303 17095
12.51226612903226 19027
8.399012903225808 20165
11.69189451612903 29201
3.8927838709677434 35007
10.265680645161291 38013
7.449764516129033 38037
12.441693655913975 39139
9.229520391705071 45077
7.544824731182795 48131
8.251533179723504 48225
7.369755913978496 54071
7.203383870967741 54093
6.345615615835772 12053
6.636100000000001 31017
10.59286697526403 36119
8.988530414746549 54057
10.211005639359504 6077
8.948151152073738 1033
6.721001075268817 12125
9.397301466275662 13021
12.73643824884792 18183
8.83205612903226 21099
6.302170967741938 26033
13.277496774193558 27011
3.8858838709677426 35003
10.942991935483873 38045
7.3331725806451615 40055
9.094028254404021 44007
10.861102322580651 5045
4.602927016129032 53037
12.595360967741932 55095
9.515779950372204 1101
6.838513405605477 12103
8.88444193548387 21229
7.408814516129032 22127
12.71395322580645 27065
4.358132258064517 30007
5.7891039170506895 32510
9.875464516129034 38055
8.38280752688172 40151
8.942282949308753 45069
6.132567741935483 48011
6.490316129032258 48195
3.6264758064516136 49017
6.921737788018435 50015
8.460986290322586 51163
11.552766728110582 55059
5.213693548387097 16007
4.180506451612903 16061
11.479209970674486 17081
8.67264193548387 20167
10.073395161290323 21077
7.307420378904242 22051
7.255130645161292 28041
4.486366451612903 30009
11.122977419354838 31167
6.717734408602151 35015
5.184357056451612 4007
9.11313167155426 47145
6.289596774193547 48017
6.68324193548387 48271
8.997274609781481 51740
7.594021303763448 6095
11.069643548387091 17003
12.236910035842298 18151
13.075554838709673 19101
10.866546774193553 20205
9.372645161290317 21113
9.133951612903225 21181
7.42966129032258 28031
7.0254284274193495 33005
6.8841967741935495 40129
5.942632258064516 48345
6.629990322580648 48353
9.501240927419351 51143
5.565329339477726 56021
5.432839426523296 12027
12.361317204301072 17083
12.091443010752691 17129
12.590262432795706 17143
12.363759384164222 20045
9.18594336917563 21179
12.32886140762463 24027
13.56080193548386 27025
14.692949721913244 27145
8.183837096774193 28105
10.887429032258064 29017
10.943366935483871 29119
5.371735483870969 35023
6.945452258064513 37173
11.051664516129033 38069
13.032036363636369 39091
8.66475967741935 46065
7.884313709677416 47039
6.213248387096774 48101
6.333117050691246 48233
8.094878225806452 48287
9.243210138248841 48361
6.600009677419355 50003
6.91986225806452 50021
6.890373118279567 12013
9.386409811827951 21227
6.9736688172043 26141
8.794609274193549 28011
10.85863978494623 29039
9.891788018433182 31079
6.957741935483871 40057
9.173917096774197 42031
8.593345161290323 42053
6.4003516129032265 48033
6.920517741935487 48207
9.476886290322582 5089
10.52095806451613 5121
11.192529493087552 55137
4.734495161290322 56017
4.003158064516129 8007
9.047243547147138 2170
10.92868924731183 17065
11.749100333704114 17091
12.276881182795695 17125
13.034194354838714 19063
6.91216907020873 23017
11.16955093378608 24015
11.172764516129032 46111
4.745427096774195 49007
7.554661612903227 51001
5.302753225806453 56009
7.0012401411290375 12057
6.174302064516134 16055
4.810308602150538 16087
12.151504032258064 19137
13.484070967741932 19139
10.52986820276498 20113
8.794753225806451 21205
8.70532473118279 24019
12.156049944382627 29019
12.340727741935481 29147
12.896513440860215 31025
11.613854838709678 38063
11.467034193548395 39059
10.579356891495602 40071
8.342513978494624 48289
7.0764393548387154 51077
9.434593548387095 51157
9.130762903225804 54105
9.40363629032258 55061
11.027893317972337 55097
13.611690570719599 6107
9.389396000000003 13063
12.297811827956991 19077
6.91045351043644 22087
8.771590322580643 26129
12.93807612903226 27005
7.118076209677421 28073
12.786859741935503 29021
9.13359953917051 47053
8.124163225806445 50011
9.073297177419352 51023
7.708370087976541 12063
9.231843870967738 13119
9.23742193548388 13297
12.001121774193544 18121
13.181122580645154 19171
7.374903225806454 20093
7.4402075268817205 22041
7.166776209677415 26031
11.837091397849457 31039
7.010445161290322 31049
8.286616129032257 31089
13.150695391705066 39137
8.218357419354835 48051
9.77412007640067 48157
3.9920870967741937 49009
9.264555299539175 5009
7.981590322580644 51045
9.047243547147138 2158
8.582009677419355 13061
11.50345677419355 18119
13.106558986175118 19015
7.815829032258065 20195
10.557574193548389 20207
7.69281845878136 25011
11.91461474654378 29001
10.264680645161294 31129
8.092601612903229 47027
6.8413354838709735 48165
8.932879999999997 48499
8.810117204301083 51830
6.453556408020927 53005
3.479829032258065 8079
8.976233691756269 1079
8.882811559139794 1087
9.289689354838718 13071
11.90392258064516 17147
12.285082795698923 19135
12.12478272632677 20173
9.98156924731181 24017
7.8862554838709675 26119
10.505785483870966 31035
8.834772043010759 36001
10.710190924778047 4013
8.076959032258062 42117
8.323111081852089 8005
12.124973548387095 18005
9.567555645161292 21081
7.724922287390028 26041
10.778859099208765 26139
8.79102822580646 47009
9.46241935483871 47097
8.977650537634412 51169
7.590676728110596 1039
5.402922741935484 12035
9.093965322580646 13011
5.151753225806449 16069
12.32596935483871 18161
12.62423306451613 19041
9.492268914956007 40019
4.652966666666666 4011
8.31113548387097 47109
10.239799724108671 48085
8.672422580645163 48185
6.611200000000001 48319
5.791602150537635 48495
3.600309677419354 8051
3.829040322580643 8113
8.315038709677417 1109
9.35990806451614 13013
5.175137096774193 16047
11.201123655913978 18101
7.926965806451611 22061
6.820225806451613 26083
14.315642326490714 27109
12.269529032258065 29033
12.014912096774195 29079
11.156747741935485 29131
6.366816129032258 31069
8.003878110599075 47035
7.8091499354838625 49057
4.991250967741934 53051
7.736470430107524 54109
6.801696774193547 12047
9.833194145758668 13095
8.978209677419354 13235
8.307982580645161 13251
5.4533903225806455 16067
12.91761161290323 19049
7.848883870967741 20033
8.70275117302051 22019
14.11576169354839 27147
5.211235483870966 4009
11.482313225806452 42119
9.035588459226618 47037
9.521077171215882 47167
7.366162139219017 48441
7.583671537001894 54081
3.898706451612903 8023
11.670386559139786 17033
13.3423185483871 27173
11.470995967741937 29013
8.608266820276492 37065
8.73186810035843 37085
8.774068663594468 37149
11.645748387096774 46091
9.195708064516129 5081
10.047235483870967 5135
9.008375483870973 13017
7.821141290322576 13123
10.79200258064516 17193
8.220074654377878 20057
10.564561290322578 20127
7.916795564516125 23023
12.377712903225804 27081
7.723666893039037 36113
6.9034505376344075 37049
6.822749462365589 41053
8.91401935483871 45001
7.791408064516129 46031
9.4312685483871 47173
8.254380645161287 48373
7.149696774193545 54101
4.17469193548387 6027
9.047243547147138 2068
13.085482258064518 19107
13.393075268817206 19189
8.462806451612906 21235
8.386334838709677 26135
12.752368709677414 27021
11.91065806451613 29081
8.756113261648743 37127
11.505970967741938 46037
9.4893 47045
9.597527688172041 47063
8.600571428571433 48291
9.087492741935487 51065
6.107788093841645 6041
3.7162161290322584 8027
7.218580645161291 8115
9.047243547147138 2130
7.732854480286736 22069
8.588682661290326 26105
8.555069892473112 28145
10.14529677419355 29067
13.138864396654718 42055
7.556110215053767 54097
6.526090260545895 6087
11.859402903225806 17021
12.125453665689152 17141
12.956794254032248 18003
7.23086258064516 22037
12.62029907834101 29107
9.697245161290324 36073
10.549019354838707 38103
9.956490591397849 42025
8.139829032258067 45067
10.390600868486343 54107
4.900058456973309 12099
6.811414516129031 13191
11.014730322580641 20011
9.728595161290322 21139
8.768807373271892 26053
7.8945096774193555 28055
4.010148387096775 30053
6.00318064516129 46033
7.675256451612904 46041
7.064864516129033 46095
8.758178801843322 48067
7.229770161290326 48093
8.714449677419355 48349
9.141836228287842 13295
12.23560322580645 18171
12.659132258064517 27125
4.270535483870967 35059
7.96507677419355 40141
10.902770967741938 46009
11.448409677419356 46025
6.4019903225806445 48211
10.542918817204296 5075
4.123564516129033 8103
9.047243547147138 2150
8.90603548387097 13145
12.839699539170505 18179
12.756641935483868 19143
11.9155494623656 19173
10.547909677419355 20031
8.900450806451614 21079
12.745632903225813 27119
11.949956774193547 29121
12.995961059907852 39173
9.365898435972634 42089
9.980414559721023 45045
9.012061648745517 47025
9.105888479262676 51089
9.435220000000001 51099
7.575280645161292 54089
5.481032258064516 6091
8.456606451612906 13209
3.4404870967741936 16025
11.968706451612904 17155
8.931785887096776 20009
11.260933333333327 20191
9.643101209677411 21163
8.65942784380305 21195
7.656958333333339 28149
11.27810053763441 29083
12.009402419354839 29195
8.869854590570718 37077
9.972478494623653 39001
8.443302903225806 48221
8.412157258064516 48293
7.5714535483870895 50007
5.787618548387091 53025
9.173920698924737 1001
8.332240552995394 13233
9.161698387096775 13307
12.111331612903228 17011
12.137284367245671 18089
10.906406451612904 18129
5.625250806451614 30087
7.88239295101553 37089
7.15318717008798 37129
9.919129032258065 38043
12.079031950844854 39157
12.4730178091398 42045
9.897654838709677 48397
9.573711016433343 54039
9.831855197132604 9009
5.607163859548963 12127
10.063883870967743 17151
12.015401290322579 18165
7.481833870967742 20179
6.739814516129028 22105
12.721632888222077 24031
8.870409677419353 31163
9.195589247311831 40003
6.495496129032255 46081
6.470996774193548 48075
9.351736484983324 48187
8.69172952853598 48401
4.314856451612904 49023
12.108147096774191 55053
5.876170161290322 6057
6.668325806451612 12003
11.646375483870957 17101
10.812137096774197 17153
11.32549032258065 20079
7.12183225806452 22059
7.894932258064516 26137
9.025746451612893 36099
8.2644154778602 36103
9.71490131964809 37045
8.999547177419359 40089
4.106844354838711 41013
9.131690322580644 47033
8.121698156682026 47123
7.934324193548385 48031
8.950694580645157 48183
8.299159677419354 5025
9.218061111111123 51161
4.3262451612903225 53013
4.7780629032258055 53065
11.625386358205724 55079
10.50641302729529 55117
3.7473711129032234 6045
6.567623330832715 12005
12.520253846153846 17177
9.235862007168457 24011
9.37736129032258 40085
9.300209274193545 42121
6.795179886148015 48375
9.29511832844575 51003
9.347341129032255 51031
3.992692903225806 6003
9.059450000000002 1049
8.450473870967745 1123
3.251548387096774 16037
12.640797311827958 17133
12.997798064516127 19157
7.152661290322581 20203
8.048468951612906 22067
8.058866451612905 26071
8.34279677419355 31065
6.870394239631337 36025
13.550911981566802 39109
8.063312043010773 4021
6.3401940991345445 41029
10.134923741935477 42129
6.489138709677417 48433
4.7354919354838705 56035
9.047243547147138 2122
9.178045698924727 13139
11.854758064516131 17189
13.02705193548387 18059
11.545038172043 18079
10.571404105571858 21101
10.125522960151809 21145
12.46502903225806 29127
11.322899193548386 29151
11.105539068100361 40041
8.566579569892472 13085
11.522646774193545 18013
10.96053387096774 18093
10.63168817204301 20169
9.325581935483875 21031
10.59974946236559 27137
5.361145161290323 31165
6.331335732009922 36031
6.071571326164878 37055
9.561441306058205 37179
6.929180645161291 48447
4.3654064516129045 49039
10.023605069124422 5125
