17039 10.757208666666665
18135 10.202758333333334
20013 8.769294444444443
26023 8.691726666666678
26035 6.428293636363635
26155 8.048701176470587
31001 7.2679159259259265
32029 7.327186666666665
37001 9.721294259259269
39159 10.715083999999997
46063 4.380963333333335
47011 11.59044561403509
47073 11.08494076923077
51009 8.845006296296292
13047 11.720541515151526
13249 11.875301666666667
17157 11.354847037037032
22093 9.861450952380961
28133 12.685294761904752
31063 5.767096666666665
38057 5.278266666666664
39161 9.73519555555556
40033 9.255554999999998
47049 10.536438333333328
2275 8.484265426846777
16045 5.351519999999999
17001 10.262090185185171
18085 9.639679649122805
21133 10.2257419047619
21219 11.844792499999993
29207 12.651591250000003
36117 6.734799090909084
37121 9.748668333333338
48173 6.4192533333333355
55135 6.659099722222221
16039 4.632588000000001
17175 10.100066666666665
24045 6.554596666666664
28091 11.164115000000002
29227 8.54573
31135 5.39992
34033 6.976184861111105
34041 7.473370724637678
36077 5.810131372549021
36109 6.5456832608695645
41071 4.873985882352941
48061 4.6692796124031055
48265 6.830403000000001
48399 7.261254999999999
12065 8.307665555555555
12119 5.283451403508776
13217 12.528712820512824
21207 10.789749999999998
22011 11.588399047619037
22113 9.185146111111111
28015 11.346113333333339
30055 4.263253333333334
36089 5.978861785714297
37103 8.306934444444442
39127 10.419225555555562
42035 7.011081851851856
9003 6.705413333333321
10001 6.471328124999999
13015 11.953875555555546
13067 12.245944361111128
13179 9.612765
17019 11.002864883720953
17107 10.832414166666664
18023 10.562204583333333
21137 10.902326111111112
21187 11.390831111111108
29167 10.28760166666667
31071 5.998246666666666
31145 5.745527777777777
38025 4.794816666666667
46117 5.138256666666667
47019 10.236832156862743
48255 6.320750833333334
48383 6.261489999999999
5017 12.882890000000003
6069 4.7901724242424235
2070 8.484265426846777
13279 10.495555
13281 9.898057777777774
21115 10.130209444444446
22039 10.27118333333333
28101 12.420198
37115 9.998820555555556
46035 6.665600833333335
46123 5.314766666666666
8067 3.539846
27035 7.136735416666664
27115 6.490965833333329
31055 8.77991290598288
45055 10.616039555555545
54075 8.582644999999998
2110 8.484265426846777
13197 11.938196666666665
18045 10.818876666666672
20117 8.064763333333335
21175 10.078896000000004
26157 7.440095641025642
27047 8.056968000000003
28097 11.34503777777778
30081 4.773796466666666
32023 4.676184333333334
37159 10.839532444444439
39009 10.387240888888888
42013 8.293990588235296
46127 7.856218888888889
47113 11.662906913580255
48219 6.601852857142855
51685 8.256268333333333
8019 3.165846666666666
13285 12.670479761904772
22117 10.006015757575765
27167 6.771385000000001
30025 4.269223333333333
37183 9.668864260249569
40099 10.034201111111113
46055 4.853276666666668
48347 11.90222923076923
5115 11.865699696969699
54065 8.139192500000005
8047 3.3464066666666676
17045 11.275034666666667
21045 10.882248666666667
26009 5.848584190476191
29129 8.736731666666667
48083 7.424692222222225
51520 10.58990916666667
53035 5.606369246913578
8013 4.689948578431387
16071 4.232216666666667
21105 12.392529999999997
29011 10.398573333333333
30107 3.870413333333332
39029 10.764721111111115
40091 10.795105555555555
42057 8.024848888888888
47007 11.020531111111106
48045 6.521439999999999
50017 5.603932666666669
56027 3.9804700000000013
6075 5.332980952380977
13113 12.604787999999996
13165 10.937223333333332
13259 11.928586666666666
18055 11.652551851851854
23031 5.991373166666657
29181 11.951392499999999
29205 9.764208888888886
36087 7.581592153846145
37059 10.657262857142861
45037 11.44282111111111
46003 6.195696666666667
48245 11.119022407407412
54035 10.541871111111119
56041 3.921602222222221
13169 12.713223333333332
19055 8.936751666666668
23027 5.011588749999999
24003 7.564245288461523
28125 12.109551666666666
29137 9.845175555555553
30067 3.967610555555555
36095 5.693996666666667
37033 9.596142222222223
37035 10.762002473118276
39093 9.711592648401831
48249 5.5216571428571415
51149 8.497375238095236
51640 9.670711666666664
8043 3.4644978571428586
13141 12.122676666666667
13221 11.913294999999998
13275 9.680425151515143
17047 11.995448888888887
20115 8.436889999999998
21069 10.620450833333326
26101 6.137901444444448
27097 7.240709166666666
28003 11.37562761904762
29085 10.045876666666667
30003 3.9244166666666667
31153 8.77671209302326
37061 8.893550606060606
40023 11.10458666666666
46069 5.780943333333336
49047 3.853252777777777
50019 5.712179999999997
6089 4.906076249999996
13263 12.309161111111113
26097 5.0926592
28033 11.540445656565629
29053 9.784627333333331
29117 9.051389333333331
37143 7.331275555555557
42051 9.661087222222204
47107 11.53622066666666
47165 11.637250952380954
48135 6.410672809523812
51069 8.111540714285715
1075 12.728870000000004
13287 10.644478333333332
23021 4.3977162499999976
31111 5.560790000000002
39037 10.4158475
39061 11.954976606606593
47029 10.323045185185183
48429 8.129612222222226
51061 8.036601764705894
56025 3.8686766666666648
6065 8.779555172921265
12075 5.8522762962962975
13143 12.207594666666662
21037 11.755523199999994
21061 11.311474999999998
21141 11.694559444444442
22109 7.686615079365073
29189 12.772222730318274
37131 8.653860000000002
39111 10.44503083333333
40073 9.56998083333333
48127 5.206568333333333
5073 12.754928333333336
53001 4.621836000000004
55049 7.865561111111115
13195 11.65580944444444
13227 10.78540555555555
16079 4.394684444444444
17059 11.959946666666667
19121 8.538348888888885
21129 10.143803333333334
21199 10.802879523809525
27041 6.844312592592595
31059 7.548883333333333
31157 4.553812424242426
35035 5.089633958333332
38099 6.549976666666666
48421 6.3184499999999995
51005 9.094618333333333
5113 11.345871111111117
12001 6.207587261904749
13001 10.06696333333333
17097 9.275441394335509
17185 12.166338333333336
19181 8.783924722222222
24039 6.453929047619047
25025 7.300286666666675
27157 7.426387777777775
29009 10.465877619047623
29510 13.055823144654088
39099 10.623924857142853
46103 4.741606231884053
48137 5.966730000000001
5027 13.13455533333334
53015 4.588992083333329
55075 5.992798583333335
18011 10.925692666666684
39107 10.254867777777774
48021 8.08727266666666
48087 7.199046666666666
5031 12.652512549019598
12073 8.516090147058831
17149 10.591312666666672
18057 10.92849478632479
21013 10.426263333333326
21117 11.79931552845528
22057 8.141199710144923
30069 3.906003333333333
31113 5.285833333333333
35019 5.095816666666666
38101 4.954975897435903
45029 9.897886666666672
47057 11.141762666666672
55089 7.605835000000001
6063 4.507332380952382
8041 4.034690182051275
13099 10.638262666666671
17027 11.80896875
19065 8.590712857142861
19147 7.880673333333332
20141 6.581273333333334
36071 7.0360691983122505
36085 8.417512660550438
38029 5.191333333333333
39085 9.412733965517234
40087 10.358183888888894
40117 10.284407333333336
42097 7.569808194444436
50027 5.662798333333327
13213 11.0240975
18159 10.366743333333337
20003 9.477574999999998
26099 8.819488827160475
30097 3.9697199999999997
39047 10.861809999999995
40139 6.205687333333335
42015 6.632955880952376
47059 10.749685777777772
47069 11.089563333333325
55093 7.276051666666663
15005 8.484265426846777
1011 12.324084444444447
13059 12.019506888888888
17093 10.640619666666664
23025 4.691406470588231
30013 4.533645606060603
40047 9.239893333333336
45049 10.148314666666666
47093 11.4452288690476
48057 5.968268666666665
51107 8.362292256410253
54085 10.348047777777781
1023 12.565206666666665
24035 6.867116363636365
26133 6.455564444444444
54055 9.746972291666664
13129 11.661644074074074
17103 9.565230000000007
17159 11.830750000000005
18063 11.461656666666665
19013 8.989029736842117
19093 7.8758422222222215
27111 6.641915882352932
37027 10.12090862745098
38085 4.936286666666665
39135 10.70677777777777
48089 7.994320666666668
48193 8.443393333333335
2220 8.484265426846777
17023 11.411120833333333
19149 7.996258888888893
27043 7.830164999999999
27085 7.428535238095234
31095 7.753333333333336
39071 10.815296666666661
39145 10.57628566666666
42023 7.149705
46135 7.219493333333333
48321 6.846702999999999
51007 8.771766666666663
53011 5.596042403846145
55133 8.30090538759691
6051 6.819543333333331
6097 3.7215635723905787
8061 5.051176666666667
18039 9.417440648148146
18067 10.285909333333333
19059 7.733292666666671
20065 5.900243333333334
20119 6.259569999999999
24005 7.870817133956372
27017 6.483451904761904
27103 7.778599523809526
32019 7.736539333333338
38001 4.682103333333333
39003 9.978705252525257
39053 10.564969047619046
40107 10.465755833333333
46073 6.148573333333332
49041 3.438497866666667
49049 4.391591510416676
51036 8.055638888888886
54017 10.166948333333332
55105 8.60229412280702
1089 13.22100429223741
13273 11.363135833333333
17061 11.12473933333333
20197 8.467291666666666
37071 11.177492923076919
46029 6.8238609523809535
47127 11.570828333333331
48041 9.189539444444435
48285 7.107202222222222
48307 7.2090933333333345
5019 13.27009466666667
53031 4.79849976190476
54067 9.415897619047616
18141 9.504218800000002
21085 11.439161428571436
21215 11.692064166666672
27105 7.714143333333332
29219 11.270684000000001
30089 4.262252222222223
33009 5.363441052631582
37137 7.433371666666669
38095 5.380123333333333
39089 10.924259791666682
42005 9.635532105263158
47147 11.8075761904762
48217 10.044441515151531
48491 8.496668239700384
5129 10.795317777777775
5141 11.807732000000001
13037 11.012515000000004
30085 4.457445555555556
31009 5.397580000000001
31139 7.196510000000003
36123 6.476646400000001
37081 10.00438386554618
38089 4.784810833333333
40061 10.917598333333332
41061 3.903214625000003
42037 7.169748000000002
46121 4.902153333333335
46125 7.420338333333333
47021 11.719765185185189
47087 11.030993333333328
48097 10.806098749999995
48231 11.13776263157894
48431 6.541006666666666
54011 10.596702873563228
54103 10.11605
2185 8.484265426846777
12041 6.3448046666666675
12115 4.075010851063832
19009 8.197842222222222
20153 5.536996666666667
31175 6.313988333333332
36011 6.579997192982455
37193 9.989574047619062
38105 4.645351428571425
54033 9.882635454545449
6005 8.284251481481483
1115 13.684750512820516
17085 8.676407777777776
20111 8.829285
21197 10.383986666666663
27033 7.470370000000002
27061 6.079092121212123
27117 7.489325999999999
27129 7.327239444444447
28019 12.008348888888888
28039 10.98209666666667
28103 12.511971111111116
37109 10.983939444444445
37155 9.55102795698925
39005 10.350488484848483
39023 10.766133257575763
48237 9.315083333333336
48367 10.314162982456137
49043 4.034361025641028
54031 8.02181
56005 4.9764590476190484
1077 12.28907106060606
12101 5.185137761194022
13051 9.567283755868552
18029 11.65268200000001
18153 11.635434666666663
20199 5.577826666666666
24047 6.104208541666664
28095 12.209460740740743
28121 12.235354444444448
34017 8.679051265060236
37069 9.218263611111112
38015 5.373547894736845
40095 10.501515833333332
47015 11.15924333333333
47141 10.978722666666664
51083 9.28399481481482
5117 13.32207000000001
6007 5.106250980392158
13053 12.258679333333337
19017 8.725675833333332
20049 9.48396333333333
22027 13.453006666666663
22125 9.836454444444444
27015 7.579711666666668
27159 6.87397222222222
27171 7.785515882352938
28077 11.491647777777773
28099 12.23532476190476
29041 9.423057777777776
30005 4.093448333333334
37125 9.522758148148151
39119 10.539393333333331
45027 10.234243333333328
48477 8.676748888888888
55101 8.417714621212115
6025 7.196256559139801
1041 11.672190000000008
1047 13.03374
17199 11.632244000000004
22079 11.328849595959603
28081 11.998333333333337
29125 10.269751111111107
32003 6.479820595482545
37141 8.14353955555556
42087 7.5307336111111125
42101 7.736987925347256
48357 6.267557777777777
51135 8.805174999999998
55031 6.081650833333332
1051 13.308994666666665
12017 5.641790000000002
17069 11.819775000000005
20163 6.216398333333333
31097 8.177000000000001
35045 4.757013434343433
40149 8.336056666666666
48481 7.755208181818183
2100 8.484265426846777
1055 12.97578888888888
13117 11.244058148148161
13155 10.39842166666667
18111 10.096586666666665
19187 8.330032777777774
27135 6.024151333333332
30019 4.542683333333334
37029 7.007435000000001
37189 9.643896666666665
38027 5.6032633333333335
47155 10.453626296296301
47157 11.591638672699867
48151 7.230424999999999
48179 6.4945666666666675
48235 6.467540000000001
48333 7.818169999999997
48405 11.942971111111108
51093 7.804920833333337
51197 9.679632777777782
8055 3.4463183333333327
13271 10.583395555555557
17173 11.268976666666665
17179 10.602981666666656
18113 9.345807000000008
26115 8.997420427350425
37079 8.870458333333334
37181 9.213109666666664
39027 11.0876748148148
40093 8.245154444444443
46129 5.270944999999999
48229 4.775946666666666
6061 5.88579109803921
11001 8.185697039106158
12107 5.35244568627451
17161 9.978296499999992
18145 11.299824666666677
22071 8.259421487758926
26121 7.747127301587299
35011 5.498853333333331
35025 6.313889759259257
46115 6.429971111111112
55073 6.557091111111109
2230 8.484265426846777
20201 7.758073333333334
22099 10.366081818181822
27075 5.215116666666668
27107 6.285769999999999
28005 10.270038888888886
31091 4.857900000000001
34025 7.179274731934709
35027 4.743206466666666
37171 9.849058636363646
40079 11.182959166666667
47171 10.104477499999998
5143 10.722881145833318
18019 12.644516282051283
20101 6.016896666666668
22121 10.78666133333334
27099 8.165090909090901
30037 3.8841500000000004
31005 4.783126666666666
31169 7.423820000000002
32031 6.700262886904753
45089 9.556119696969688
48413 6.546883333333335
5127 11.156806666666663
53053 5.663293213178289
6019 8.022329061976542
6093 4.013855047619046
13153 12.158684202898545
18087 9.169360416666667
19129 8.621742000000001
21089 10.690860370370379
51049 8.689348333333331
8073 4.364926666666667
20161 8.21115547619048
21007 12.269580000000001
21123 11.393964166666665
28087 12.498923333333352
34035 7.707010735294108
35028 4.494949416666666
51125 8.471448888888888
51595 8.858626666666668
54069 10.619224814814803
12113 9.359200533333324
13315 10.776087500000004
21005 11.366672
21041 11.768244444444445
28009 10.906371666666669
34011 6.490021764705881
35055 4.03930772222222
39063 9.737510256410246
46007 4.6580949999999985
48311 5.544270000000001
5011 13.599651333333332
51199 7.418935952380956
55003 5.429523047619049
13183 9.677472222222217
13247 12.376344222222224
17041 11.158669333333336
17057 10.370097777777778
26051 6.491278518518515
31053 8.395480370370366
33003 5.142728181818183
36041 5.017102500000002
37003 10.426272380952383
39017 11.701088083333325
47161 11.452580000000001
48091 7.653056249999999
49051 3.943005000000001
51105 10.440534444444449
55063 7.362355066666661
55123 7.458893809523806
56045 4.414678333333331
16011 4.813946250000001
17075 10.252880740740737
20125 10.574042051282056
26107 6.804000606060601
31099 6.791934999999999
36083 6.654321190476191
39077 9.697557179487175
39171 9.027117037037032
40137 9.71652121212121
47083 11.440968888888893
48113 11.631137240075585
48261 4.487406666666666
5065 11.516767499999998
5095 13.303247777777775
51091 8.327383333333332
6011 4.167314666666667
8095 5.241751666666667
18025 11.99109888888889
20035 9.397293030303036
21107 11.903337777777772
29055 10.549572222222226
33001 5.576995555555559
39011 10.210010606060607
40143 11.636252152380946
48065 6.462895
48189 6.732945555555554
51175 8.224919333333338
1107 13.142018000000004
12043 3.8585258333333345
13009 12.416842962962953
17089 10.408782235772374
19025 8.113551666666668
21051 10.264282777777781
30021 4.395846666666667
30077 4.447823333333333
31131 8.431674666666662
38067 6.708628000000001
41023 3.489617166666667
48315 12.392224166666669
5107 13.081004444444446
51159 7.137110000000004
55037 5.414950999999999
8014 5.452638703703704
13161 10.451562222222227
13193 11.965202500000004
19029 8.271330000000004
21027 11.65293444444444
27143 7.516701666666668
28151 12.898193859649124
29005 8.64306166666667
31003 6.712883333333336
34037 7.065290487804892
42049 8.570035258215965
45005 10.499370000000004
47131 12.281729000000006
51153 8.146578995983917
54013 10.162735
6037 9.842014791577684
6079 5.352830188679244
13075 9.829737500000004
13289 12.065124999999998
17063 10.314911333333333
20187 6.00693
27139 7.873148253968246
27151 6.995051666666671
28023 12.462114999999995
29031 12.31457166666667
29211 9.025402222222223
30051 4.356523333333333
32007 4.058273380952383
42065 8.548893846153847
44005 5.640658030303026
47175 10.86653
12055 3.7136275308642013
13005 9.906208888888887
13207 12.736456666666665
13261 11.68988625
17013 11.472863333333331
19083 8.79811222222223
22043 11.890432666666667
23007 4.568491851851854
27153 7.035466666666667
28051 11.648590666666664
29171 9.026781666666668
29225 10.459203333333335
31087 5.544186666666667
37093 9.483156666666664
37167 10.322562307692305
42105 6.735402066666666
48161 10.396620476190481
51145 8.697820666666665
51620 8.047885
8057 2.809480666666667
16031 4.543347777777779
17111 9.589290128205137
17131 10.187726666666668
17197 10.817320723684235
18157 10.62635864864866
22107 10.799370000000001
26123 7.2309603030303045
27013 7.866548541666672
27087 6.204648333333333
28083 11.933907083333334
37075 9.732153333333335
38017 6.84817878787879
4012 5.234505185185182
49029 4.248679999999999
54009 10.684410555555555
8063 5.0382966666666675
18043 12.647383666666654
19115 10.163461111111108
20039 5.747926666666667
21093 11.817473787878786
22045 9.858043777777779
25019 4.805323333333336
29007 10.063419047619048
31127 8.436538333333333
31133 8.14744
34027 7.4961102
35057 5.000064749999998
38005 5.375660833333332
38039 5.9650766666666675
47085 11.356483333333339
48313 10.001722500000003
50013 6.256034999999999
55119 6.271772222222223
8029 3.2140825714285737
1065 12.82997333333334
1069 10.658303181818198
12085 3.8467790095238112
13303 11.847961333333334
16033 4.23559
16085 4.141275555555555
17123 10.171884000000002
21065 10.376781666666664
29175 9.60008777777778
37039 9.98828095238095
39167 10.724600416666668
42107 7.523197500000009
46089 5.592303333333332
47061 11.06077083333333
47183 11.937524545454547
48163 5.856575555555555
49021 3.7637187500000007
49033 4.053929999999999
5119 13.643452280701728
53069 4.110406666666667
55007 5.433265999999998
2020 8.484265426846777
18117 11.870531666666661
19103 9.495971666666666
20069 6.268533333333335
20091 9.45527264102565
28089 12.27036380952379
37025 10.851622522522545
37133 8.160681935483868
41043 4.91002649206349
42113 6.559251666666667
5099 13.009918888888887
55099 5.7678144444444435
55121 7.049264166666664
6017 7.7355099224806265
6105 4.898674666666667
2060 8.484265426846777
13029 9.769870476190482
18041 10.61706857142857
20075 5.795836666666665
28155 11.805562222222221
33007 4.7795054545454505
38059 5.241337999999999
41045 4.340118333333335
48005 11.474394901960784
48095 7.0132400000000015
48111 5.99846166666667
48263 6.878379999999999
5097 11.713438888888893
53063 5.176482285714293
13077 12.660370833333333
17137 10.904122666666659
18073 9.950422916666662
19095 9.333760833333335
21063 10.106486666666665
32009 4.517333333333336
36107 6.620338466666673
37041 7.431881111111113
39101 10.40167611111111
46021 5.289923333333333
47099 11.701943030303024
26049 8.146084045801542
28043 11.32653066666667
31161 4.441205000000002
32015 4.476760000000001
36013 7.8567560952381035
39045 10.863388095238093
39133 10.451676095238112
46077 6.896901666666668
51600 8.329226666666665
55055 8.260377500000004
56043 3.726243333333334
16023 4.173716666666668
21143 11.674636666666666
29141 9.930597333333333
29165 9.545624833333328
30043 4.45280888888889
37007 10.129781666666666
37135 9.72347571428571
37157 9.760044285714288
39073 10.354697619047618
46049 5.93473
48471 10.187611666666667
5057 12.601584666666662
51081 8.828346666666672
51183 8.305303999999996
6013 5.34652512820514
6015 4.081044761904761
6055 3.9421140000000023
1067 11.035664444444446
1119 12.740014166666668
19159 8.430275
21217 11.028710666666663
22115 11.713106666666672
45075 10.755522333333328
48121 11.620559975669122
48351 11.935823333333339
48463 5.930745333333333
5015 10.280137333333336
8111 3.2295133333333337
1127 14.015195370370373
1129 11.896349333333335
12015 3.8418513157894796
13283 10.972025
16049 4.799595333333333
16053 5.040186000000002
18007 10.315182222222223
19045 9.597366944444436
21075 12.461699999999997
23015 5.365620370370373
29071 11.245442941176483
35049 4.94894369333333
39013 10.603709500000015
39087 10.709098958333334
40105 10.745635833333333
41007 3.8984513888888896
47119 11.580846470588234
53045 4.429637547619047
53073 7.052495215686272
54027 8.049806666666662
56011 4.232248333333332
8117 2.839135066666669
13073 11.665372116666651
13087 9.645590476190474
13225 12.26617722222222
20043 9.020178888888891
21097 11.044649999999995
22063 9.901418627450969
26003 5.009499666666667
28021 10.931636666666671
29145 10.605466111111106
30031 4.572746060606061
40035 10.655577999999998
47179 10.658316376811591
48055 7.663435000000001
48063 11.777101111111115
48199 11.22191090909091
51167 10.171923333333341
54095 10.256055555555553
55043 8.228212500000007
6101 4.546751428571433
12019 6.187103333333332
13219 12.16324777777778
17169 10.322773333333334
20131 8.468667777777776
21057 10.755779999999996
28053 12.119487777777781
29217 10.190363333333332
47089 11.129450740740733
48331 8.592072857142856
48449 11.77871833333333
5137 11.717022222222225
51770 9.693055507246374
10003 7.193944230769234
19043 8.443805
21149 12.075835555555555
22065 11.656959999999998
26109 5.932628904761905
31101 5.262246666666668
36059 7.159252043010762
37005 9.681784444444444
37199 9.793437999999997
42027 7.4674518279569915
42115 6.539590909090911
45059 11.432989019607838
48435 6.255643333333335
49001 3.644150500000001
5005 10.840995185185184
5085 13.56463208333333
1003 9.999445268817208
12009 3.9643717404129806
13245 11.894764978723403
18047 11.032385333333325
20087 8.910248333333334
20109 5.721163333333333
22033 10.578057934782594
22075 6.768167777777779
24013 8.216869298245609
24021 8.421504153005465
26063 6.674734027777785
28131 10.525266666666669
29159 9.802559696969702
30023 4.619658888888889
30045 3.9210966666666676
31045 4.333186666666667
36065 6.110735
37175 9.695540476190482
38083 4.980083333333335
40009 7.737154166666665
41049 4.217819833333333
48443 5.8727333333333345
5043 13.260874666666666
51683 8.232212857142857
54015 9.780522222222222
6023 4.272510444444442
1121 13.353522121212126
17203 10.301587407407405
19165 8.17417166666667
32005 9.165949607843144
35009 6.50376916666667
38075 4.872566666666667
40039 8.304969333333334
4025 4.297971984126984
41033 4.94293608333334
45017 10.932853333333332
47001 11.292381481481467
48279 6.579018666666668
12089 6.869650277777776
13151 12.528796400000006
20023 5.312686666666666
26093 8.430012841530056
29139 10.517134166666665
36043 5.840155964912281
39025 11.51524983333334
45039 10.923026000000005
46039 6.990655
48281 8.075412666666661
51103 6.88102888888889
54021 10.030113333333336
54045 9.939900740740732
55001 6.903934285714287
8037 2.8624956428571404
1125 13.917300212765984
12129 7.704740000000004
13167 11.354416666666669
13177 11.157327999999994
13185 8.892773333333352
13309 10.754529999999999
16029 4.118981666666666
19153 8.884863367346922
20145 6.636125000000001
21091 11.975154444444444
22001 9.902717500000001
37031 6.904214234234246
38011 4.444894999999999
46027 7.547258888888889
47153 11.046944444444446
48181 10.889406666666673
51119 7.061480833333332
51650 7.418815882352936
53047 3.3173118333333322
53059 4.0987767999999996
16003 4.032946666666667
16073 4.19867222222222
17077 11.584976190476192
29123 11.35545
40103 9.852019166666672
42063 9.181618840579711
46067 6.882362222222221
47067 10.68761
48025 5.906535714285714
48393 6.36397
48455 10.726126666666666
53049 3.8244923809523836
54025 9.23835428571429
26037 8.115383636363642
26125 8.727412712031553
38053 4.699344166666665
39049 11.30428305164322
39067 10.606953999999996
42071 8.752670476190472
45003 11.652305313131327
46043 6.398929999999997
53019 3.453722888888888
55019 6.490406666666664
1029 12.403973333333331
1105 12.87495
19193 8.10332628205128
20137 5.937256666666667
21109 10.373628888888891
21125 10.600305897435899
21127 10.188041333333336
26017 7.340261410256409
32027 4.324730000000001
36111 6.3748941843971565
37017 9.180941111111109
39105 10.624661111111108
42131 6.735640476190479
45041 10.209736060606046
48385 6.06784
51550 7.573854308943104
54043 10.142736666666663
12081 4.408585384615371
34023 7.950461180952361
36035 5.843781777777781
36115 6.20283862745098
38097 6.974356666666668
39131 10.629426666666669
40133 10.226779629629634
42109 7.642602916666661
46097 6.860979999999997
48329 6.520628765432108
55029 5.999611000000009
56023 3.930363333333333
6049 3.481726666666668
8039 3.8394443809523806
9011 6.042112974358968
2013 8.484265426846777
1111 12.383701111111106
12131 9.033656969696978
20021 10.709649444444441
20047 6.596849999999999
26005 8.426790555555554
28065 11.763858888888889
29037 9.561802666666665
29095 9.642660402010062
45021 11.237837179487181
47017 11.513882083333327
48167 7.297645555555562
5037 13.078221111111116
51133 6.758459999999998
1081 12.981112839506205
12045 7.534198888888886
13201 10.305936666666668
20135 6.0913450000000005
28093 10.84499777777778
31147 8.610021111111108
39075 10.820939166666667
47177 11.02995592592593
48325 6.698012916666668
8031 5.5086811574074
8099 5.222359333333332
1061 10.466168888888886
27095 7.062948571428574
29025 9.097556666666668
29157 11.57279866666667
31149 5.592846666666668
38049 4.8639116666666675
41025 3.333492166666667
46087 7.141283333333334
48077 9.344275555555557
48213 11.044220980392147
5053 13.804593333333335
55067 6.0570447777777785
1057 13.499402666666661
12109 5.218705
16001 5.823542146892648
17029 11.283824166666673
19191 8.067827999999999
20095 8.056538888888888
26113 6.142966749999998
28035 11.722956666666665
29063 8.91268
30075 4.096066666666666
31151 7.880805
33011 6.478152403100786
34039 8.358969691358016
36067 6.562956666666679
51173 9.641295555555546
6113 4.2368612195121935
8001 5.776694982817857
8085 3.242351799999999
15001 8.484265426846777
18115 11.766414999999999
20189 6.261654999999999
20209 9.574770952380947
25017 7.124767463312384
27027 6.723861794871798
28063 10.546879999999994
29047 9.618340606060595
40015 9.26946333333333
41041 3.7247680392156863
47003 11.614282962962964
5079 13.396989999999994
55045 8.310257916666666
55107 6.170733333333334
13081 10.997157222222219
17099 10.135280119047625
19035 7.816509166666669
21001 10.85852142857143
22119 13.408091818181813
28157 9.862566666666664
29003 9.014325000000001
30039 4.727433333333333
48283 5.27941
48377 4.921368833333334
51097 7.483056666666667
51101 7.740456666666669
51131 6.478804444444444
51181 7.855306666666669
6085 5.023898602150542
12071 4.200227469879538
13089 12.281920068965514
13103 10.123246333333334
13199 12.596099166666665
16075 5.182844166666668
19177 9.688701666666665
22077 10.203194444444447
26001 5.78235
27163 7.798060800000006
27165 7.623932222222223
29135 9.98082166666667
30101 4.487577777777777
51193 7.2734716666666674
1093 12.415499583333334
16057 5.003183809523808
17015 9.027866666666663
18069 9.823510000000004
19003 8.323995
19119 7.891156666666664
19183 9.791906
20107 9.752246666666666
21131 10.224373333333336
26055 6.073089854166666
30017 4.206202777777776
5071 11.08725888888889
8059 4.814166038647344
12021 4.1358179452054795
13277 10.332815925925933
18147 12.35900866666667
20143 7.651236666666664
20183 6.687114999999995
28017 11.940288333333338
28123 12.287897222222226
48487 8.406894999999999
51570 8.68787533333333
8045 3.1298005151515147
13033 11.278878888888887
13093 11.497851111111107
17191 11.804877333333332
19057 10.165041212121212
19125 9.017322083333331
26127 6.876931428571426
28049 12.217550104166653
28143 12.346106666666671
29097 10.687726969696971
31143 7.576408333333332
47101 11.101886666666667
51011 8.816392222222223
51037 8.963447777777779
51670 8.52330952380952
54091 9.463620833333332
19073 8.357011666666667
27089 6.017196666666667
31159 7.920955
36081 8.013977354260096
39147 9.744596904761899
40067 9.666265555555553
45025 10.147956333333331
47013 10.657005757575766
48069 6.623512222222221
53043 4.282098333333334
17121 11.587914722222227
20139 8.965517333333336
22017 13.246821875000014
25009 6.916978333333345
28139 11.143152500000005
34007 7.352236115485569
42069 6.884718870056524
47121 11.60322111111111
48427 4.531436222222222
5061 12.165245555555556
53055 6.673846666666664
16013 4.145440833333334
17073 9.960257692307694
21231 10.643260666666663
28057 11.92877933333334
32011 4.005377666666666
35029 5.060532222222226
39125 9.376093999999997
55131 7.683100833333341
1053 10.924158888888883
13229 9.203255833333332
16059 4.333239444444447
19069 8.612308888888888
26059 8.616041111111116
31007 4.13956
40021 10.82396185185185
40059 6.639706666666668
47005 11.38101066666666
48175 6.177548333333331
48203 12.605373333333327
48251 10.801859642857142
56019 3.503675000000001
15003 8.484265426846777
17171 10.805348333333335
18037 12.257223333333338
20017 8.568716666666667
20077 8.371352222222221
21021 11.068614285714284
29061 8.874695000000003
31085 5.485470000000001
36057 6.0657054166666695
40001 10.68637466666666
48359 6.009626666666667
48403 12.00452666666667
51073 7.251938333333337
51820 8.72287666666667
6029 9.052951015452535
6071 9.070819674796766
18103 10.036990333333332
18163 12.8078757142857
20133 10.235422666666667
21103 11.714836666666667
21191 11.093908888888887
21203 10.662039166666663
28137 11.262352000000003
29155 12.337912222222227
29173 10.321806666666665
35039 4.4738715185185205
39103 10.531306936936934
41011 4.00879871794872
47133 10.68564619047619
48047 4.764263333333334
48371 5.751002500000001
48457 11.023100000000001
51079 8.08177333333333
51127 7.898187777777779
1017 12.735140370370381
13159 12.783709999999996
18175 11.93510944444445
20051 6.288588333333334
20171 6.07513
26065 8.32855000000002
26143 6.011190999999999
30047 4.610330000000002
31119 7.4033085185185215
34001 6.037110531400966
45061 10.398031428571429
48335 6.813009999999998
48475 5.984570777777776
19113 9.317354888888898
27057 6.667140476190476
28147 10.610152222222217
29187 11.196665151515154
36045 5.914125733333342
36091 6.586351333333332
37057 10.467642745098038
37083 8.841196388888878
38041 4.67707
42077 7.813335745614038
45047 11.52541880952381
47041 11.101043333333335
48119 11.144563333333336
48365 12.686988888888893
48387 11.474294166666661
49019 3.4113566666666655
51043 8.14556444444445
54049 9.826972962962955
55083 6.185125666666664
8017 5.033266666666667
17105 10.12416433333333
19123 9.396921428571432
19195 8.201374444444445
20041 8.075518888888894
39117 10.453761111111106
39143 9.495149999999995
42111 8.742185396825406
45057 10.710698095238081
45085 10.665498405797104
46013 6.251818333333332
1005 11.985345185185185
13003 9.704917777777778
13239 11.838603333333335
19169 8.786883666666677
22003 10.624613999999998
27067 7.217008888888891
27077 5.663043333333334
28061 12.328966666666656
37165 9.686354285714286
49027 3.684008888888891
51775 9.717924666666667
2188 8.484265426846777
15009 8.484265426846777
17127 11.975683333333327
19019 8.958161666666664
21043 10.293018571428576
22031 12.977744285714282
31117 5.085743333333332
34005 7.324982777777788
36005 8.2699825958702
40145 11.4883690909091
40147 10.737910512820516
4015 5.114024806201553
41017 4.415907069444439
55011 7.1187653333333385
55013 6.395382222222223
8011 4.811000000000001
19001 8.293905555555554
20071 5.7683133333333325
22111 13.402759999999999
28159 12.181601999999996
37185 8.993656666666665
40007 6.19332777777778
48295 6.425160000000001
48391 5.8039016666666665
48411 7.621108333333331
8119 3.3573188888888876
9013 6.5377252873563165
2050 8.484265426846777
12077 8.041163333333335
13043 10.624645555555555
19131 8.252682222222225
19145 8.540439444444447
20103 9.241402291666677
20181 5.4146616666666665
28127 11.983241999999999
29091 10.988920833333339
39115 10.434393333333333
45079 11.179462696629237
48299 7.555971111111107
51530 8.786396666666667
51660 8.72246242424242
13007 10.514720000000002
13039 7.439393333333336
13055 11.869916111111108
13269 12.229463333333326
16077 4.484016666666668
19111 10.151146666666662
21067 11.400306219512194
21111 12.59954282722514
30071 4.0650233333333325
37163 9.306016060606064
46057 6.987705000000001
48363 9.258805185185182
50005 5.487418666666664
51033 8.089004285714289
6001 5.733737324074066
8083 3.6738680952380935
10005 6.211349308176104
1031 11.089692619047609
1091 12.540842222222217
17031 10.598421383409246
19197 8.390821999999998
29143 12.651006111111112
31047 6.078624761904765
35051 4.500537499999998
36007 6.570973454545458
42033 7.966117999999994
46105 4.612803333333333
47117 11.733310555555558
48323 5.329499999999996
13025 8.64854
13133 12.311801428571425
13147 11.446692666666666
20123 7.164528333333334
24023 8.608237619047623
26067 7.993700512820507
27007 6.205465666666666
27161 7.827961333333337
36055 7.190705850694461
55115 6.423029090909092
12051 4.427743333333332
19005 7.917057333333341
20025 6.4614899999999995
20037 10.60075393939394
27031 4.762413333333334
31109 8.356529144144154
36069 6.728143173333331
36097 6.579499866666666
37177 6.633276666666666
39015 10.960007037037037
40065 8.349597916666669
40121 10.756185128205127
42075 8.593276451612901
5039 13.659557777777774
51760 8.660546464646476
54037 8.460552444444449
55087 6.983602333333336
8077 3.446359310344826
12087 3.6558531111111123
17043 10.790456697530907
18139 10.825518000000004
19097 9.075823333333334
21233 12.133131666666666
23003 3.894599208333334
26089 5.820256055555555
27121 6.911397499999999
29229 10.500593333333338
31021 8.277795555555555
38051 5.441909999999998
38093 5.7700266666666655
48149 7.949497619047624
5007 10.741043265306123
51067 9.507226000000003
54083 8.652797619047616
55139 6.953887804878042
8093 2.9029533999999986
2240 8.484265426846777
13241 9.756013333333337
18167 11.61236095238096
21209 11.349069523809526
29115 9.167928666666663
35031 4.600358235294123
36023 6.312891388888895
37047 8.87943256410256
47091 9.791935999999994
51710 7.533036707818936
51735 7.274316666666663
54063 9.505982222222222
13211 12.618224
16019 5.017785873015873
18081 11.559112575757574
22073 13.016051666666671
24025 7.581375964912265
29203 10.841405000000002
34031 7.986964033333348
39065 9.963977619047625
51630 8.198623888888887
55081 7.126384074074075
56013 3.9306539999999957
13267 10.149348000000005
17051 11.53823999999999
27131 7.759439487179484
28037 10.552725
30011 4.147526666666667
30033 4.123933333333334
30063 4.796076716666664
34019 7.479416410256411
35006 4.097775714285714
37147 8.511890937500006
46059 6.061904999999998
48049 7.800875277777776
48469 6.547240579710148
18021 11.522848888888888
20185 7.084145000000002
23019 4.678588644927542
26161 9.016234800000001
28069 12.583474999999998
28153 12.080863333333333
30111 4.464432916666666
40025 5.634128333333331
4005 3.691368321428573
46071 4.770729999999998
48107 6.692646666666669
48275 7.899866666666671
49015 3.6073988888888886
51510 8.125236666666671
53017 3.6796188750000005
53071 4.649572777777778
55057 7.0820647619047605
8087 4.704318333333332
12039 8.860138518518523
20149 8.367324166666668
22007 9.852911111111117
27059 7.357477499999999
45015 9.524103259259261
48177 7.05461222222222
48425 9.485238333333331
5013 13.62715833333333
1063 12.788306666666667
17109 10.204987000000004
18125 12.25955916666667
20027 7.795181666666665
21033 11.682618888888895
21049 11.001020666666669
22015 13.369211212121202
22089 8.488113846153842
25021 6.878603333333329
26087 7.961247500000004
29169 10.29199592592592
37023 10.291695740740744
47125 11.919846666666668
50025 5.7397670370370415
51840 8.187442000000004
12083 5.577640105820096
18009 10.0411
18049 9.725438333333331
18053 10.024449583333347
19179 9.556436060606062
29087 8.943468888888887
31125 7.211816666666667
38031 5.713079999999997
47129 10.764071333333336
47151 10.461615333333333
55141 6.675008627450971
6047 6.485344217687073
16043 4.298496666666668
17067 10.127329047619043
20055 6.297336388888885
30015 4.223219999999999
36053 6.166370833333335
37119 11.116148726752487
42079 6.917690993589733
47081 11.233121111111108
48327 6.758940000000001
48489 4.577562000000001
55047 7.020953333333332
55069 6.089648333333333
55113 5.870223333333331
1025 12.02024962962964
13301 11.801429999999998
13313 11.547873888888892
18017 10.130502121212123
27169 7.451262000000004
28135 11.799734166666665
30065 3.993780000000001
31081 7.456242222222225
35053 4.306902833333331
37161 10.60324051282051
42039 9.22457347826085
42085 10.30448
48053 7.862371249999998
48419 12.441289444444436
8053 3.054238
16065 4.882026666666669
16081 3.8146199999999997
17035 11.382808888888892
17167 11.19442339622642
20085 8.623161111111111
20105 7.137926666666667
21237 10.101718333333334
26081 8.305593463541658
27093 7.332019444444445
28025 12.151762000000002
40077 10.839914444444444
48103 6.079030000000001
48485 9.209863513513513
49053 4.247158888888889
55009 6.902032469135792
29027 10.078415833333345
31075 4.647943333333333
37019 7.891657979797968
42017 7.675681351981356
2105 8.484265426846777
1085 12.635868333333333
18065 10.361072564102573
22029 10.213184000000002
28027 12.987281428571436
29023 12.288161666666669
34003 8.174500484171315
45013 8.992718166666679
47051 11.358927777777781
5035 12.420402
51800 7.849566428571432
55021 7.5243733333333305
55091 7.069086666666666
20061 8.121544583333336
28079 12.057589999999996
29177 9.400084999999999
31179 7.631428333333335
35001 5.971576819172118
37111 9.960069333333333
42099 7.856123666666669
45053 9.720059166666669
46019 4.477211666666667
47077 11.279982222222218
47115 11.285709444444443
55035 6.7926103333333385
6111 7.896736628131063
13137 10.417234583333338
13149 12.553064444444441
17025 11.64685833333333
17145 11.424677222222218
26019 5.990588666666667
29035 11.43314
31141 7.7090371428571425
39057 10.990058476190464
41067 5.7384461538461435
48273 5.256528
48277 11.149075833333333
5021 12.441632222222218
51790 8.74365611111111
8021 3.381211166666665
8069 4.478128406392685
39039 9.268628148148158
39079 10.479427619047621
39153 10.771291925925954
40075 8.551034444444445
48079 6.2376233333333335
48109 5.0799233333333325
48407 10.211261666666669
54051 10.405794074074077
55027 7.59453866666666
13091 11.122610555555552
17163 12.685052999999964
18155 11.772017777777778
19151 8.002967777777771
29051 10.235990666666664
42003 10.514675257048125
45071 11.32762625
48445 6.504163333333334
51027 10.14427190476191
54041 9.718771999999996
8015 2.832869066666665
1099 11.550805714285698
13265 11.945536666666666
26061 4.779129433333333
29069 12.561208000000008
29153 10.590388333333332
30061 4.290475833333334
35037 5.588774444444444
37053 6.571526666666669
38019 5.965903333333333
39041 11.001309619047616
39165 11.624571717171714
40037 10.993838571428569
45083 11.418145990338127
46099 7.7465880952380815
47181 11.166804166666667
48099 8.597319122807027
48133 8.053619999999997
48201 9.902532811704889
49011 4.946453888888882
51025 8.877775333333334
56037 4.14234888888889
6035 3.882446666666668
8025 4.421683333333332
13253 9.783064444444443
18077 11.930902380952388
21055 11.844793333333334
22101 8.617236041666661
40017 10.356416666666657
47065 11.565781178861753
48303 7.036627843137256
48309 9.69913686274508
51095 7.64916878787879
54099 10.464894545454543
1071 11.950182727272724
13189 11.673530000000001
13257 10.629136666666666
18131 9.715244166666666
23005 5.907245000000007
25005 5.944534746666692
26029 5.672276076923075
27079 7.6809899999999995
33017 6.228127599999999
36047 8.343674407894802
37091 8.067638000000004
37153 9.69818151515152
4003 4.209187604166666
40135 11.097095555555553
42009 8.26200393939394
45009 10.578581666666656
45023 10.983383333333334
48269 7.348776666666667
54001 9.125300000000003
54059 10.051357619047625
12059 9.757698333333327
13115 12.087785833333337
27155 6.689611666666669
28075 12.763400526315813
28085 11.07170555555557
30093 4.58694625
35021 5.018389999999999
38003 6.253346666666664
38079 5.076358333333333
40005 10.564876666666663
42093 7.429638333333334
53041 4.577994850000001
8089 4.429739523809521
13019 9.858213333333333
13023 11.559203333333333
17183 10.910917222222217
20007 7.531533333333333
20029 7.469578333333333
26073 7.048331999999998
27101 7.44586888888889
31107 6.87762
36009 7.272699746031744
37043 9.838081666666662
39031 10.634256333333337
40081 10.38507333333333
41037 3.265216
45033 9.818137777777782
48305 6.61164777777778
48343 11.940504444444443
48501 6.354935333333334
51017 8.555223333333332
1073 14.567218077709626
17007 9.164289047619045
18091 9.512520357142858
29105 10.340912222222222
37013 7.821766666666665
38035 6.749187592592582
48409 5.6973506249999994
48467 11.150373333333329
48473 9.382922777777775
5023 12.48736238095237
5131 11.281221538461546
13215 12.629096855345892
17119 12.649506502732194
19175 8.390770833333333
21011 10.550650000000005
21185 12.220766428571421
26039 5.903595333333334
27127 7.3069088888888905
28113 10.552309166666676
29075 8.709351666666665
30027 3.8740633333333334
31043 8.082674166666667
32001 6.461449523809526
36037 7.391609000000001
41069 3.5924976666666666
45031 10.263772500000004
47149 11.6061951020408
55078 6.192633333333335
6083 6.199738576779011
9007 6.565688333333323
19161 8.0222625
21165 10.242076666666666
26095 4.759775222222221
27055 7.490441333333329
29101 9.66135703703704
29103 9.547895000000004
39019 10.710652380952382
40063 10.308773999999998
41057 3.738052916666667
48241 11.776821666666653
50023 5.6619677192982465
5091 12.48840249999999
53023 4.414426666666666
56003 3.663048888888891
1019 12.206400555555554
13125 11.785056666666666
13291 10.151130000000002
18099 9.649018611111114
18123 12.089986
19011 9.146010476190483
20121 9.429113749999997
20193 5.7652866666666664
22049 13.253566666666657
26025 8.534741025641033
40083 10.255014166666667
47137 10.59133
48159 11.480492222222223
48259 7.201728888888897
51680 9.095934385964902
8009 5.271295000000003
17017 10.640600666666662
22095 9.101151818181814
26045 8.33391511904762
28029 11.540373888888888
28059 9.792466904761904
29111 9.982205000000002
30073 4.322449999999999
36033 5.435028809523807
38007 4.618783333333332
48483 7.015175000000002
19127 8.949203333333339
21087 11.038625000000003
22005 10.439681904761898
23001 5.414795000000002
26077 8.759305087719314
29059 10.25288111111111
29213 10.584519000000002
31185 7.642110000000002
37113 9.562062222222224
37197 10.299754285714284
40115 10.661483333333338
41047 5.45403833333333
42021 8.730551269841271
46015 5.828443333333334
46017 5.848696666666666
46045 5.802451666666665
48143 8.74450041666667
48453 8.387253486238574
49005 4.791870641025635
49045 4.133421818181818
5083 11.248013333333331
5123 13.128592777777774
5149 11.775023888888894
55129 6.108148000000001
12029 6.333228888888886
13135 11.812602595870212
20099 10.586474999999998
26007 5.794282962962963
27069 6.001441666666666
29186 11.385221666666666
29197 9.296663333333331
31121 7.355333333333331
37011 9.689668000000006
37151 9.926343095238103
38077 6.779402777777773
40013 10.673312424242427
45063 11.227802837837851
48081 7.0170816666666695
8065 2.757943166666666
8107 2.9813982499999994
1045 11.030635952380967
13035 12.729904444444447
16083 4.787890952380951
19051 9.393789999999994
19089 8.106936666666666
21025 10.093328571428572
21151 10.862497719298249
21189 10.086671666666668
21225 12.210209166666655
22103 8.788727751937987
27019 7.803841228070173
29113 11.45901809523809
29221 10.93094066666667
31015 5.978853333333335
36015 6.726240924242417
37123 9.897042777777775
42029 7.742460344827584
44001 5.9120627272727235
48191 6.926943333333333
48461 6.182558333333333
49035 5.023779952830172
56015 4.343731666666666
13049 7.432926666666665
13173 9.145304999999997
21039 12.311837777777777
21053 10.691481111111113
21173 10.672433888888886
22083 12.09511388888889
29029 10.17457909090909
31093 6.950043333333334
35041 6.221433333333334
40027 10.697103924731206
42125 10.378679435028237
45043 8.580840952380948
5103 13.444188333333326
51610 8.320976666666667
6081 4.928619514767926
17009 10.317825000000001
19109 7.999944444444447
20073 9.116647777777779
4027 6.3767045454545555
48493 6.935076666666669
50009 5.250186666666669
5001 13.412015833333328
5059 13.39714285714287
51147 8.799567333333332
51185 9.752138484848471
26079 5.917540666666664
29099 12.018183571428583
34015 7.172097883597872
35017 4.503483333333337
38061 4.81301111111111
48059 7.637828888888891
48415 6.862898333333334
5069 13.698280416666679
55015 6.9547503030303
55023 7.9014900000000035
12007 6.251454999999999
12111 3.817882772727273
21017 11.095314444444442
27039 7.91641333333333
27053 8.303861360089172
29045 9.917246666666667
31037 7.874859999999998
38087 4.45661
39129 10.921015384615394
4023 4.305641333333332
47163 10.981609230769221
48389 5.626521399999997
49003 4.760370303030301
1027 12.466344999999999
12086 5.730317284427299
17181 11.797485333333334
17195 9.544838888888897
19087 10.013056
22047 10.742263809523804
28007 11.661352222222225
29043 10.69843857142857
36061 8.594556249999979
39021 10.532877333333344
40031 9.366605208333329
48073 11.634841944444458
48197 7.9307533333333335
5041 13.135606000000001
51179 8.10855098765433
1133 13.007305238095244
13079 12.433685555555552
16021 3.840758333333333
18033 9.290199259259264
18137 11.517173333333336
19031 9.691749333333336
22021 11.987974444444443
30091 4.608086666666668
30099 4.391332222222221
48013 6.54438625
48023 8.309776666666666
48223 11.261930740740736
48503 8.723535000000004
53039 3.6767630000000002
6033 3.683146800000002
13163 11.553035000000001
13223 12.268267543859652
18031 11.396828333333325
18071 11.865252333333338
19037 8.40822333333333
23011 5.195015698924729
38021 6.033214444444443
4001 3.9196858333333324
40125 10.312763541666675
41039 4.63825499999998
45065 11.489344444444447
45073 10.646279555555548
47105 11.777131666666676
48215 5.138726224188791
51075 8.60890333333333
51191 10.112261794871797
9001 7.079432333333314
1035 11.326249333333337
12123 7.285664999999997
17037 9.881234920634917
20177 8.968907286821702
22023 9.23960333333333
23029 4.298390538461536
29161 10.401291333333331
30083 4.627178333333335
30105 4.249356666666667
31067 8.040496190476196
37187 7.318785555555556
48247 4.512798333333335
49013 3.9055533333333345
5077 13.16318333333333
53007 3.4967455952380955
55103 7.545823333333333
2282 8.484265426846777
12097 4.643124227642278
18173 12.662901212121222
21171 10.976916666666677
31027 7.334134999999999
31105 4.256183333333333
36017 6.091184166666665
39163 10.368218888888888
47143 11.274577222222225
48117 6.452390833333338
48169 6.639353333333333
48479 4.5821663934426216
51041 8.745751079812196
51750 9.838651111111112
54047 9.785132916666667
6031 7.757316543209881
2198 8.484265426846777
1015 13.038716451612892
1131 12.234434166666668
13057 11.60440256410257
13105 11.508694666666662
18149 9.65012285714286
22053 9.627469999999999
26145 7.759964166666668
30103 4.175163333333333
31031 4.683143333333333
37195 9.117721228070174
42103 6.698219074074076
46079 7.294219999999999
47031 11.36281805555556
47047 11.040465454545462
51115 6.927191666666667
51690 9.672898666666674
13171 12.674454444444443
20083 6.260706666666667
27133 7.718098888888888
36093 6.582350542635659
40111 10.823015333333327
41005 6.011763329166678
41063 3.9708088888888873
46053 5.644866666666668
46085 5.514879999999999
54087 10.227888333333333
1097 11.018529122807028
19155 8.719831444444438
21167 11.203335333333337
21183 11.634042380952383
24029 6.93956
29133 12.677976666666664
36027 6.852239772151896
37067 10.358388637992833
41031 4.029709055555554
46047 4.354326666666668
46101 7.535431666666665
48007 5.3936379999999975
51171 7.922643703703704
5145 13.190177692307701
53061 6.079062926666679
56029 3.8823160000000017
20019 9.723833333333333
22009 10.1943562962963
31083 6.33118
36039 6.052172000000001
47111 11.109803333333335
48267 6.495220000000001
5067 12.951823333333333
5111 12.813447619047619
56031 3.7880399999999996
56039 3.5797600000000003
13069 10.14741555555556
13101 8.015713333333332
13237 12.694225333333325
17115 11.259690196078418
17139 11.177103333333333
17187 10.215858666666668
21095 10.290688787878791
22025 10.587212222222222
28071 11.09987766666667
34013 8.390440603174609
37009 9.590205555555556
38081 6.323355000000003
39007 9.115900799999991
45019 9.034975098039206
46119 5.548376666666668
17135 11.64424333333334
18075 10.133591904761902
20157 7.425128888888888
21073 11.409854848484848
21193 10.238600416666669
26069 6.013411481481481
28109 9.868621851851847
35013 5.597853089430893
37097 10.930158787878803
42095 7.7158708823529505
45011 10.836618888888891
46061 6.819093333333334
48339 10.057017570621463
51580 9.213565000000001
9015 6.155425466666664
1043 13.363095185185186
1117 13.95797673611109
24041 6.785706333333336
26091 8.850445652173908
26163 9.132796579234997
31041 5.951851666666667
31181 6.851665000000003
38023 4.685796666666666
39149 10.286563666666659
48417 7.735950000000001
1113 12.81449820512821
18015 10.420681904761905
20089 7.060554999999999
20175 6.258529999999996
31013 4.473063333333337
31115 5.758030000000001
34029 6.522820639999985
37037 9.653749743589746
37087 9.69596375
40045 6.88037333333333
40049 10.085643703703711
4017 3.809540860215052
42091 7.806482922590847
45091 11.263937753623193
48015 8.752296111111104
51057 7.402154444444448
5139 13.41514566666667
6039 7.6752742028985494
6103 4.867636363636365
6109 15.136335151515155
19053 8.606059999999998
21161 10.788508666666669
26153 5.175784222222224
28117 11.56871466666666
35047 4.49090480952381
4019 5.083553651452253
51013 8.237490000000008
51720 10.326713333333332
12069 4.979443333333335
20005 8.962864999999995
21135 10.43659
22123 12.434312222222228
24037 7.014043137254895
24510 7.901122916666684
26011 6.3831586666666675
26047 5.518899458333334
27023 7.115450833333332
27037 8.025195543859637
31023 7.849827777777776
35061 5.191309259259256
36075 6.289919080459774
40029 10.358441666666668
40101 11.212394999999994
49025 3.526000999999999
5051 12.634897833333326
54003 8.47504714285714
55127 8.742438333333334
1059 12.025452592592593
13111 10.398299999999999
13175 11.498609743589745
22081 13.02175666666667
27123 8.235956618004849
29183 12.359000759493652
36079 7.1217873684210495
39081 10.744741449275356
39155 10.383466909090908
48035 9.36658904761905
48141 5.398776024844724
48153 6.649704999999997
48437 6.598782222222226
51195 10.303633030303022
54053 10.611997222222225
54077 9.033983333333333
55109 7.234685952380954
6115 4.909925952380953
46102 8.484265426846777
1103 13.539256172839506
12037 7.0360000000000005
19047 8.04262533333333
26147 8.772347142857146
27045 7.81908277777777
30041 4.329827777777776
31177 8.55944533333334
36121 7.0921899393939345
40131 11.428604523809527
41021 4.017442999999999
51015 8.678785641025643
53033 6.426868545759862
54029 10.784255416666664
13121 12.337581437908451
16017 4.432156296296299
20067 6.324186666666666
21159 10.180499999999999
21169 10.932620000000002
25001 5.288452619047619
26117 7.431231538461541
29163 10.689589333333336
30109 4.384870000000001
31137 6.481738888888888
50001 5.698013999999999
5087 10.259053333333329
5133 11.943230000000002
51730 8.67201484848485
55005 6.471758000000003
55041 5.562
1007 13.472731666666668
17005 11.783789166666667
20081 6.365499999999999
21047 11.806210701754383
21059 12.217015362318842
27009 7.5955062962963
28115 11.698583888888889
32033 3.5413585555555565
39069 9.270333333333335
41019 4.442792363636365
42073 10.768088571428565
48115 6.51683583333333
48257 11.26428777777779
48395 9.20209133333333
51137 8.164780666666669
53075 4.871550999999998
54079 10.504559999999994
8125 5.073755000000001
12105 4.83589335497835
18107 10.910277777777768
19141 7.853283333333337
20053 7.161413333333334
25003 6.284209076923068
45007 11.469702478632477
48379 11.125321666666668
2195 8.484265426846777
19021 7.916924999999997
19067 8.392221999999995
21213 11.577184999999997
27001 6.438238888888886
37145 9.546196190476195
39095 9.368106981627333
40153 7.1853913333333335
41059 4.576830844444442
44003 5.887075470085473
51059 8.267635245478042
51155 9.785654666666668
51177 8.247207555555558
54073 10.487130000000002
28107 11.233286111111111
29015 9.863950555555554
32013 4.09222666666667
38065 5.190406666666665
40043 7.721138888888888
40127 10.964527777777779
42041 8.234160544217703
42123 7.959583333333334
47103 12.023975555555564
47159 11.153647333333335
5003 13.234845714285719
51019 9.274998749999993
51021 9.728465000000002
8081 3.338390000000001
13031 10.478235555555559
13097 12.40700216666666
18181 10.150460833333335
19079 8.530349333333335
26013 4.866231166666664
27029 6.143132222222223
29179 11.013111666666667
31029 5.364769999999998
51047 7.925726666666666
53003 4.810897777777776
54061 9.688293888888873
55125 5.426511733333336
8101 4.164299030303033
12023 6.756511944444444
12033 9.345228028168984
13131 9.76234777777778
13311 10.303350666666669
19105 9.159570666666669
21029 12.110203703703695
26043 5.562896380952384
33019 5.750889666666667
37021 10.058576249999998
40109 10.763146583679132
2261 8.484265426846777
13109 10.203275555555559
21035 11.678479259259264
22091 9.910281666666666
26151 7.488676750000007
26165 6.19217125
28111 11.393651111111113
29149 11.394462222222225
31155 8.297516000000002
36003 6.79890933333334
36051 6.832291533333333
41051 6.1772517641325475
48505 4.262203333333333
54005 9.946114583333335
55071 6.691731929824561
13205 10.274075999999996
19033 8.392452121212123
21221 11.547508
26111 7.277139824561411
27113 5.958344666666668
30029 4.716046912280702
36101 6.547956355555559
37107 8.789013777777777
39043 9.236073333333328
39083 10.541458888888899
39097 10.926149722222224
47095 12.265016666666666
48155 7.830793333333334
6059 9.285066088201624
13083 11.562899166666673
19081 8.2159675
19091 8.150171666666667
19099 9.026354444444443
20015 9.179041282051278
20063 5.787956666666668
20147 6.245510000000001
25013 6.9341426213592365
27071 5.487674166666668
29065 10.496029166666668
31171 5.081926666666669
38033 4.452826666666668
47187 11.633586846846843
51117 9.047275185185185
8109 2.960591666666666
2016 8.484265426846777
1009 13.304156296296293
13305 9.488278888888892
17049 11.500137083333334
17117 11.655694102564102
21201 10.840939999999998
26103 5.1016276111111125
28141 11.44463999999999
29093 11.002401666666664
30049 4.5029980952381
31019 6.819087878787874
31073 6.105296666666666
32021 6.695588333333334
35033 4.129573999999999
39151 11.03637023255816
40097 10.972677407407405
48439 11.316435182072828
51029 8.629271666666666
51063 9.55624333333333
19007 9.072029333333333
24009 7.033087777777778
29049 9.18677
29077 10.724823870967722
38009 4.883134444444443
39141 10.737231568627443
41065 4.051297166666665
45087 11.188582592592583
48009 8.912081111111114
48123 6.5977440000000005
5093 12.362404722222221
2164 8.484265426846777
12031 6.534222909441242
16015 4.594173333333335
19071 8.520728888888888
19075 8.915865000000002
19117 8.787136666666662
21147 10.507456666666666
21211 11.689612962962967
22035 12.16018444444445
24001 8.400023913043485
28001 10.17870259259259
30095 3.9534755555555554
32017 3.9903833333333334
38071 5.603496666666666
40123 10.160532333333329
41055 4.027781666666666
42047 7.715450370370376
42059 10.035398518518521
47071 11.157301666666672
48037 12.39927444444443
48139 11.084384623655923
51109 8.385246111111115
2290 8.484265426846777
13293 12.496369047619055
17165 11.76675185185186
18169 9.877735000000005
21009 11.096442333333334
22055 10.534870697674432
26057 7.452110666666666
30035 4.314398
33013 5.995208981481477
36049 5.498732857142855
42011 8.185180259259237
46011 7.409001666666669
46023 6.227693333333335
46093 4.579436000000001
5029 12.507947222222223
5105 12.375874444444447
51187 7.816982499999997
1095 13.015802407407408
31103 5.351813333333333
37063 9.732721111111102
38091 6.35209
41003 4.4544172222222205
48125 6.829876666666666
48301 5.683483333333333
49055 3.3238033333333328
5033 11.030957575757578
8003 3.4640055833333325
8071 3.812723611111112
12121 7.160137619047623
17055 11.621963333333325
18035 10.158086000000011
21083 12.045790000000006
25023 6.200956266666659
31051 7.662961666666666
35005 6.2375541666666665
41009 4.621707666666668
47043 11.55334433333333
47169 11.203016666666661
48227 6.6043136666666715
51087 8.610802291666658
5147 13.272463333333329
51540 8.481162777777765
6009 10.897779000000002
6043 11.524373333333338
16009 4.757033333333334
18143 12.016143333333337
21239 11.411045416666658
23009 4.8866613725490184
26075 8.544392192982462
28119 12.036127777777779
31123 4.594013333333333
37101 9.438363599999985
37117 7.972471111111115
39055 9.833569841269837
46107 5.529070000000001
47139 10.691606666666667
5063 12.4498725
51700 7.540325757575763
12133 9.123779523809533
13319 12.18047888888889
18127 9.956679999999997
27091 7.7711638888888865
27149 6.935501111111114
29199 9.555340000000003
38073 6.371063333333331
39033 10.14944410256411
40053 8.880146666666668
42043 8.466270666666684
44009 5.649842619047614
48105 6.117396666666667
48129 6.679851666666664
48337 10.064322222222224
48423 11.955820650406501
51071 9.7235025
5109 12.348398888888891
51113 7.840159999999997
51121 9.762385416666667
54023 8.19187333333333
6099 6.010146595744694
1083 13.434700000000001
13065 8.317928333333331
17079 11.60145444444444
18105 11.583189247311841
19039 8.586656666666666
22013 13.501670666666662
29109 10.525096666666663
37105 9.669037948717946
39123 9.01033564102564
40011 8.611336666666665
5055 12.425009259259262
17087 11.7449875
18095 10.434804594594615
19085 8.335837333333336
21153 10.10649416666667
21177 11.702602222222227
29215 10.453519999999997
41035 3.9496248333333317
48171 7.061295333333334
48381 6.640620459770112
51141 9.495605000000005
6053 4.460241899641578
8121 4.578821666666667
2090 8.484265426846777
12061 3.6066632111111074
13027 9.114831333333331
13243 11.413218333333335
13255 12.687559444444444
16063 4.448363333333332
19133 8.131735000000003
20129 5.991886666666668
26015 8.362760606060611
27049 7.587615666666665
27051 6.7470199999999965
31173 8.057671666666668
46051 6.656258333333332
48003 6.206531583333331
48039 7.739772679738572
55051 5.443885555555558
56001 3.3999183333333294
8075 4.685436666666668
13157 11.532615454545462
17053 10.403552666666672
17071 10.157020000000005
17201 9.071682034632024
20155 8.126008039215689
25027 6.60508846899225
30079 4.167720000000001
36019 5.802857719298243
36029 8.142630762711846
37015 7.886162500000001
40051 10.036059666666674
42067 7.610089333333336
48043 5.3364419999999955
49037 3.573720000000001
51051 10.253754166666665
53067 5.010712224489792
12067 7.051468333333335
13321 10.598747333333336
20151 7.30773
21015 11.793958333333338
24043 8.427068229166657
26149 8.918897450980387
26159 8.622256666666665
29057 10.265846666666667
39051 9.16214333333333
39175 9.982583888888888
40113 10.616390303030304
47135 10.978248333333331
48145 9.124976111111103
48317 6.504155000000002
51111 8.88768444444444
53057 5.73604034444443
54007 9.611368888888887
16027 5.798194827586209
19185 8.78499
21071 10.249670333333341
36105 6.246575972222221
37099 9.490034814814814
37139 7.119814999999999
46075 5.051766666666666
47075 11.524253333333341
48243 4.957266000000001
48253 7.712401111111113
54019 9.803739444444448
55111 7.448112051282052
8035 4.294146830601095
12095 5.036585104669884
13045 12.394822352941183
13299 8.83983703703703
18027 12.118550476190475
18061 12.220880555555564
20159 7.491352222222224
22097 10.174728421052624
26085 6.439267749999999
27141 7.820604545454553
28067 12.188524761904771
34021 7.6005421645021585
40119 10.256251960784319
47185 10.925299444444446
48019 6.818372000000001
48027 8.808887641025658
48465 5.886530000000003
49031 3.370369333333333
5047 10.931195555555554
51139 7.896117333333327
53009 4.292320984126988
8105 3.1272334444444443
8123 5.59118168831168
13187 10.418997500000007
16041 4.269756666666668
20059 9.221278
20097 6.7539733333333345
21155 11.16955055555556
29089 9.676391111111112
30057 4.194887777777779
31077 6.593506666666666
42061 7.7842325000000026
45081 11.265735999999997
48071 9.051180555555558
48369 6.504366666666668
51810 7.143258619528605
6021 4.8568477777777765
12011 5.334568430286244
12049 4.011575555555557
12117 4.912429069767432
19163 9.939632765957455
21023 10.933903333333335
28047 9.520198370370368
28161 11.275621111111112
30001 4.409311111111111
31033 4.732653333333333
33015 6.649254292929311
34009 5.874685937499993
35043 5.637216690476189
38047 5.350256666666666
39169 10.950089062500014
42001 8.221918405797103
45051 8.613165915492958
47023 11.271443333333329
48029 7.429927905282301
6073 9.106383125996832
8091 3.189499666666666
8097 2.8672429166666675
15007 8.484265426846777
13181 11.546791666666666
16035 5.191991666666667
21121 10.453540416666673
22085 12.300879047619045
26021 8.968691388888885
26131 5.010558111111111
27003 8.117866144578306
27083 7.215131428571432
29185 9.846624444444446
42007 10.963983986928097
46109 6.461017500000002
48239 6.636142222222222
51165 8.504599649122802
55017 6.591777878787879
55039 7.1077363333333325
56033 3.9479344444444457
1013 11.797232222222224
12091 8.848602113821144
18097 11.371212589285724
21119 10.261843333333333
31057 5.2718733333333345
46083 7.756484242424231
47079 11.597842222222214
51053 8.718672380952384
55033 6.842969166666664
55065 8.307539333333326
18083 12.007508000000003
21157 11.864138333333338
25007 5.164410833333333
25015 6.718345925925913
26027 9.094748181818183
28045 9.026288095238101
36021 6.446512444444443
42019 10.303624848484858
48355 5.590557366255142
13231 12.667138333333337
20001 9.87719333333333
29073 10.371703333333338
31183 6.362139999999999
36063 8.537697868852469
37095 6.4692500000000015
37191 9.302609102564114
39035 10.19330384902841
41015 4.34791388888889
42127 6.53540142857143
42133 8.642337777777778
46005 6.49659111111111
47189 11.600309047619039
48205 5.966953333333335
48341 6.378780833333331
48497 10.664681212121216
53021 4.951018205128207
9005 6.400092771241826
19023 8.729991333333333
19167 7.99659333333333
28013 11.693454666666659
28129 12.26794555555556
28163 11.783019444444449
29209 10.61496555555555
31011 6.967416666666666
37169 9.886119259259255
39113 11.037994422657949
48147 10.865094444444443
48507 5.529278333333333
51590 9.61265666666666
51678 8.802723333333335
53077 3.8203999851851864
8049 2.8731344444444455
2180 8.484265426846777
1021 13.12158851851852
1037 12.987457777777776
13317 11.717483333333332
18001 9.9622580952381
18051 12.35345619047619
21019 10.703581025641016
27073 6.9162188888888885
31061 6.559615000000003
37073 7.831043333333339
42083 7.4089883333333315
46137 4.843330000000001
48209 7.867801600000006
48297 5.806651666666667
48459 11.913040952380946
5049 11.395838333333332
53027 4.124631666666666
55077 7.0625893333333325
16005 4.752732878787885
17113 10.437744878048779
19061 8.86039307692307
21003 11.153393333333334
21223 11.936034999999999
30059 3.9945533333333327
37051 9.50645872549021
39121 10.578608888888882
41001 3.7144566666666687
45035 9.803919599999986
47055 12.183664583333332
48451 7.062373733333327
51085 8.403994927536232
55085 5.6722998571428525
6067 4.992306340694009
12093 3.8576541666666677
13127 8.290033111111107
18109 11.614200256410248
18133 11.388414285714292
18177 10.392994705882362
23013 5.318673333333336
24033 7.940698547400601
27063 7.66479666666667
29223 11.645464166666669
40069 10.229208888888891
41027 3.9944611666666683
42081 7.03129862068965
48001 10.98905818181817
5101 10.336898333333329
51035 9.646556666666667
53029 5.8962790476190445
55025 8.04891295950158
56007 3.335758666666667
8033 3.4833833333333337
12079 7.957557999999999
13107 10.933962222222224
16051 5.048025000000001
17095 10.258238749999999
19027 8.171126111111114
20165 6.416491666666667
29201 12.698112333333336
35007 3.9928847777777774
38013 4.830743333333333
38037 4.79962
39139 10.264016333333338
45077 10.86900119047619
48131 5.113764444444444
48225 10.820299523809519
54071 8.29462222222222
54093 8.516323333333334
12053 5.208648939393939
31017 5.3196200000000005
36119 7.746382645739915
54057 8.327849523809528
6077 5.2898458273381195
1033 12.292174285714283
12125 6.423271111111113
13021 12.638339696969712
18183 9.642015238095237
21099 11.242038666666668
26033 5.166434952380951
27011 6.724767777777776
35003 3.89956
38045 5.989266666666667
40055 7.966361666666669
44007 6.131939574468093
5045 13.091758799999996
53037 3.5127764166666675
55095 6.741936666666667
1101 13.617660871794856
12103 5.069219193989073
21229 11.247354444444444
22127 12.665909999999997
27065 6.799286666666663
30007 4.336926666666667
32510 8.188461190476193
38055 5.0724100000000005
40151 7.597684444444445
45069 9.892582857142859
48011 6.419456666666666
48195 6.258801666666668
49017 3.3893620000000007
50015 5.6759042857142825
51163 8.767670000000006
55059 8.610614761904765
16007 3.957653333333333
16061 5.036600000000003
17081 11.628927272727267
20167 6.642703333333333
21077 11.566591666666664
22051 8.291728333333339
28041 11.413144999999995
30009 3.824149333333334
31167 7.627596666666667
35015 5.985151111111117
4007 4.113447500000002
47145 11.429529696969691
48017 6.3066
48271 5.764366666666666
51740 7.71694322580646
6095 4.47123871527778
17003 12.375315833333335
18151 8.927997777777776
19101 9.772940000000002
20205 10.173709166666667
21113 11.286193333333332
21181 10.830536666666667
28031 12.093859166666666
33005 5.976783750000007
40129 7.328279999999999
48345 6.795890000000001
48353 7.137345333333338
51143 9.444312916666663
56021 4.142988412698413
12027 3.8330118518518517
17083 11.798358888888892
17129 10.864437777777777
17143 10.560141458333343
20045 9.140711969696971
21179 11.534769999999996
24027 8.15311200000001
27025 7.130263666666672
27145 7.564477701149429
28105 12.171212499999992
29017 12.000924444444442
29119 10.571099999999998
35023 4.149069999999999
37173 9.543185333333337
38069 5.030373333333332
39091 10.171088484848482
46065 5.450199999999999
47039 11.072905833333325
48101 7.32977
48233 6.412187619047619
48287 8.262773333333334
48361 11.66939317460318
50003 5.767454722222227
50021 5.772564333333338
12013 8.468232222222227
21227 11.563265833333329
26141 5.442503722222222
28011 13.118812500000011
29039 10.027718888888893
31079 7.4013523809523845
40057 7.727970000000001
42031 8.92374466666667
42053 8.297933333333331
48033 6.581133333333333
48207 7.788878333333332
5089 10.549831666666664
5121 12.178670833333326
55137 6.781253809523809
56017 3.4587516666666662
8007 3.263574583333332
2170 8.484265426846777
17065 11.772791111111115
17091 10.219186436781596
17125 10.606077777777774
19063 7.805070833333331
23017 4.7854209803921535
24015 7.305795087719297
46111 6.548190000000002
49007 3.7393413333333325
51001 6.242950333333332
56009 3.993140833333335
12057 5.345300083333327
16055 5.091489466666665
16087 4.403181111111111
19137 8.398564166666663
19139 10.34542766666667
20113 8.27553476190476
21205 10.29404083333333
24019 6.7026518518518525
29019 10.004600804597699
29147 8.718589333333334
31025 8.597312777777773
38063 5.878946666666665
39059 10.523784999999998
40071 9.65765757575758
48289 10.212324444444445
51077 9.622332666666663
51157 7.636426666666667
54105 10.428790000000001
55061 6.426353333333333
55097 6.674818809523808
6107 8.660075897435897
13063 12.519048333333327
19077 8.322478888888886
22087 7.95182509803921
26129 6.121943809523812
27005 6.574676666666668
28073 11.451836250000001
29021 9.195823333333344
47053 11.80707142857143
50011 6.151089333333329
51023 9.388254999999994
12063 9.32246909090909
13119 11.288811999999991
13297 12.112416888888909
18121 11.242795833333334
19171 9.007653333333339
20093 6.142290000000001
22041 11.310371666666668
26031 5.3766203333333324
31039 8.018547777777776
31049 5.111059999999998
31089 6.0382875
39137 9.561720952380954
48051 8.649657333333336
48157 9.522938070175416
49009 3.4337033333333333
5009 10.359349047619054
51045 9.408783333333336
2158 8.484265426846777
13061 11.217533333333336
18119 11.548924
19015 8.630500952380945
20195 5.905486666666667
20207 9.679500000000006
25011 6.32816277777778
29001 9.308403809523808
31129 7.150354999999997
47027 10.968365000000004
48165 6.332403333333333
48499 11.388081333333341
51830 7.606433333333335
53005 4.777547477477481
8079 2.9845379999999997
1079 12.906327037037032
1087 12.95713305555555
13071 9.98118433333333
17147 11.024720833333335
19135 9.184054444444447
20173 9.504612661290311
24017 7.626913777777778
26119 5.6893100000000025
31035 7.334843333333334
36001 6.652338177777752
4013 6.031399727074248
42117 6.593180033333335
8005 5.111212018140584
18005 11.74656977777776
21081 11.261610000000006
26041 5.553469212121211
26139 8.29676679245282
47009 10.88273892857143
47097 11.676287407407402
51169 10.782357777777772
1039 10.987142142857145
12035 4.632800166666665
13011 11.085795000000003
16069 5.0026730000000015
18161 10.673368333333336
19041 7.787484166666667
40019 10.239032121212118
4011 4.176868888888889
47109 11.251138095238097
48085 11.607245460526322
48185 9.476067777777782
48319 6.974171666666663
48495 5.932998222222218
8051 2.83061825
8113 3.3089341666666647
1109 11.731659583333336
13013 11.690971481481487
16047 4.729276666666666
18101 11.967767777777775
22061 13.588227333333329
26083 4.353117166666667
27109 7.92261222222222
29033 9.376028888888886
29079 8.89405333333333
29131 10.144267333333339
31069 4.64013
47035 10.8269880952381
49057 5.030489666666673
53051 4.087782666666667
54109 9.768795000000003
12047 7.465973333333333
13095 10.905848641975297
13235 11.33059333333333
13251 10.554569333333333
16067 4.797750000000002
19049 8.68168
20033 6.85247
22019 10.662613333333347
27147 7.917102916666663
4009 4.466369629629631
42119 7.495894000000003
47037 11.799653643892347
47167 11.63291717948717
48441 7.723269385964908
54081 9.821646274509817
8023 3.494085
17033 11.658086666666666
27173 7.0807274999999965
29013 9.787379166666671
37065 8.68605976190476
37085 9.576911851851841
37149 10.413789523809518
46091 6.231223333333334
5081 12.320378333333341
5135 11.897896666666664
13017 10.515903999999995
13123 10.555131333333334
17193 12.06772933333333
20057 6.41374857142857
20127 8.324963333333335
23023 5.589189166666668
27081 7.2189650000000025
36113 5.941019999999992
37049 7.936790793650803
41053 4.696470277777782
45001 11.43517888888889
46031 4.9172
47173 11.065937499999995
48373 10.493670333333329
54101 9.020994444444444
6027 4.922628888888889
2068 8.484265426846777
19107 9.6052875
19189 8.091689999999998
21235 10.577700833333337
26135 5.846268666666667
27021 6.672604666666666
29081 8.652786666666668
37127 9.029868333333331
46037 6.367108888888888
47045 11.877799166666678
47063 11.265738611111102
48291 9.91777785714285
51065 8.523027500000005
6041 4.357025575757572
8027 3.134500666666667
8115 5.2284999999999995
2130 8.484265426846777
22069 12.617076666666664
26105 6.433386208333333
28145 11.351362777777776
29067 10.518425555555554
42055 8.15215481481481
54097 9.275004999999997
6087 4.441155897435902
17021 11.275595000000003
17141 9.301556666666675
18003 9.695180659722192
22037 9.95343333333334
29107 9.56640619047619
36073 7.385635666666664
38103 5.257913333333334
42025 7.162177222222225
45067 9.636477083333334
54107 10.790681666666664
12099 4.156237885262137
13191 8.836123333333338
20011 10.171934666666665
21139 11.898261666666663
26053 5.355467333333333
28055 11.968516666666664
30053 4.056379999999998
46033 4.309545000000001
46041 4.975654999999999
46095 4.969583333333333
48067 12.373064285714285
48093 8.098138333333337
48349 10.462833999999997
13295 11.682499999999997
18171 10.627733333333337
27125 6.0405099999999985
35059 4.931259999999999
40141 8.718872666666666
46009 6.838506666666666
46025 6.593313333333333
48211 6.719783333333333
5075 12.401606666666668
8103 3.204643333333333
2150 8.484265426846777
13145 12.51616933333333
18179 9.93476142857143
19143 7.825736666666668
19173 8.43651
20031 9.270636666666666
21079 10.980881666666667
27119 6.362145333333338
29121 9.47284
39173 9.492421309523813
42089 7.06122353535354
45045 11.303405825825854
47025 10.676132222222229
51089 9.626517857142856
51099 7.672250666666664
54089 9.584267499999994
6091 5.46472
13209 10.661554444444443
16025 4.197666666666667
17155 10.141665
20009 6.88868291666667
20191 9.244944444444444
21163 11.956768749999991
21195 10.245749473684201
28149 11.659175555555551
29083 9.762565555555556
29195 9.611893749999997
37077 9.451971794871799
39001 10.65035222222221
48221 9.835627000000002
48293 9.869094999999998
50007 5.923247333333337
53025 4.2037070625
1001 13.378988888888887
13233 12.114277142857143
13307 11.791458333333335
17011 9.994684666666675
18089 10.463419259259283
18129 12.501071428571429
30087 4.273909999999999
37089 10.073152839506168
37129 7.836779242424263
38043 5.211473333333333
39157 10.814155238095239
42045 7.684480624999968
48397 11.459575454545453
54039 10.381838050314473
9009 6.86244940035273
12127 4.530152123893791
17151 11.763153333333337
18165 11.280165999999996
20179 5.770908333333335
22105 9.376609500000008
24031 8.393688651162805
31163 6.551209999999999
40003 8.191094444444449
46081 4.312625999999999
48075 7.450280000000002
48187 7.606370689655178
48401 12.313375641025642
49023 3.6684533333333342
55053 6.836691333333334
6057 6.497204666666661
12003 6.7238725
17101 11.907926000000002
17153 12.12686
20079 8.92213
22059 11.380080000000001
26137 5.741103222222223
36099 6.666756299999998
36103 6.464056759834387
37045 11.018197272727264
40089 11.667975416666671
41013 3.9998985833333345
47033 11.752482000000002
47123 11.07618761904762
48031 7.383541666666665
48183 12.339441199999987
5025 13.647506666666663
51161 9.661551111111107
53013 4.338266666666666
53065 3.854563333333333
55079 8.194617744107795
55117 7.014033717948726
6045 3.625502099999998
12005 8.110767286821714
17177 8.719044358974354
24011 6.6919892592592625
40085 10.39720555555555
42121 9.067787916666667
48375 6.663746372549019
51003 8.429246666666652
51031 9.136332777777772
6003 11.434663333333333
1049 12.231476904761895
1123 12.806504333333327
16037 4.237923333333335
17133 12.16244
19157 9.22123533333333
20203 5.962336666666667
22067 12.917129166666673
26071 5.261106666666667
31065 6.013486666666667
36025 5.795333571428575
39109 10.523799999999996
4021 5.685119555555567
41029 4.807012601626014
42129 9.939495700000007
48433 7.406436666666666
56035 3.475198333333333
2122 8.484265426846777
13139 11.055340370370383
17189 11.499971666666665
18059 10.96203366666666
18079 11.829768333333336
21101 12.704280303030307
21145 12.055921568627458
29127 10.301524166666665
29151 10.137259166666672
40041 10.606742962962969
13085 10.707096666666672
18013 11.559385833333334
18093 11.723024000000002
20169 7.985269444444446
21031 11.476916000000003
27137 6.03047406060607
31165 4.100503333333333
36031 5.183437692307692
37055 5.88444888888889
37179 10.799545040650406
48447 8.110776666666668
49039 3.527748
5125 13.566010634920628
