9.107124516129034 17039
11.008794758064521 18135
8.483034408602153 20013
11.65785322580644 26023
8.296185630498542 26035
10.348207590132825 26155
7.40323655913979 31001
14.236977419354835 32029
8.798815322580637 37001
10.709204516129034 39159
3.3834322580645155 46063
10.306035144312396 47011
10.804276426799005 47073
8.4950935483871 51009
10.051303225806452 13047
9.482090322580646 13249
7.7901508960573445 17157
9.072958986175113 22093
8.411762211981566 28133
6.609538709677419 31063
3.1741911827956986 38057
12.053693548387095 39161
6.228549999999998 40033
7.333842741935485 47049
8.470487623618071 2275
14.108375268817209 16045
8.788468637992823 17001
11.387361969439725 18085
8.008899539170503 21133
6.9563153225806404 21219
7.493381854838713 29207
10.401424046920813 36117
8.05260322580645 37121
6.76435806451613 48173
9.10817016129033 55135
10.468560645161292 16039
9.504322580645164 17175
9.572034465195259 24045
8.876739247311827 28091
8.117732258064517 29227
5.601858064516128 31135
12.500413978494633 34033
14.275386255259464 34041
10.357995256166992 36077
10.752163674614293 36109
14.375777039848202 41071
8.8155832708177 48061
7.613847096774196 48265
6.865518548387097 48399
8.775421505376341 12065
7.2908561969439685 12119
10.57467717121587 13217
7.681641935483869 21207
8.242106912442392 22011
8.946304032258066 22113
7.8405000000000005 28015
3.9214322580645162 30055
8.556396889400924 36089
9.331073118279575 37103
9.787041397849464 39127
11.990672401433692 42035
12.762895780529961 9003
9.93758891129032 10001
9.908981075268814 13015
10.543446397849468 13067
9.174701612903219 13179
8.656359564891234 17019
9.24688266129033 17107
8.60237004032259 18023
8.032247849462369 21137
8.66871505376344 21187
6.182098387096775 29167
5.887835483870966 31071
6.668294623655915 31145
2.1689225806451615 38025
4.708154838709676 46117
8.65769203036053 47019
9.159017741935486 48255
6.448125806451613 48383
7.980212096774192 5017
9.950952199413482 6069
8.470487623618071 2070
9.890393010752693 13279
9.369752688172044 13281
8.049127956989246 21115
8.760709677419358 22039
9.073238064516131 28101
8.78382580645162 37115
6.457232258064514 46035
5.0854983870967745 46123
4.429365483870969 8067
5.603136149193544 27035
6.381889919354838 27115
7.834009160463207 31055
9.42689978494623 45055
6.749647580645159 54075
8.470487623618071 2110
9.453751612903226 13197
7.677334193548391 18045
7.684739516129035 20117
7.920972903225807 21175
10.112664764267995 26157
8.00763161290322 27047
7.746704301075267 28097
9.860811967741931 30081
3.2528933870967736 32023
9.86891 37159
9.355983440860214 39009
14.66500018975333 42013
6.777208602150536 46127
7.115006093189948 47113
7.163363594470045 48219
9.256816129032254 51685
3.281944623655914 8019
9.408318894009215 13285
8.421120527859237 22117
5.704003225806452 27167
3.2239322580645156 30025
10.353987131274822 37183
6.819741935483873 40099
4.357719354838709 46055
8.36645334987593 48347
7.13472521994135 5115
10.552042741935484 54065
3.3915606451612903 8047
7.557025161290325 17045
7.814318709677419 21045
6.961625806451611 26009
8.130014516129034 29129
6.634284946236557 48083
9.46309032258064 51520
8.686573118279556 53035
5.937858254269441 8013
13.376374193548385 16071
7.561980645161291 21105
6.4642311827957 29011
3.2545654838709672 30107
9.730588172043001 39029
6.921059677419353 40091
12.24827419354839 42057
8.29586559139785 47007
6.487500000000002 48045
7.53871393548387 50017
2.430609677419355 56027
17.505148963133664 6075
10.004736774193553 13113
9.726941935483874 13165
9.226314516129031 13259
7.828620430107529 18055
10.03363587096773 23031
7.076332258064515 29181
8.14835268817204 29205
14.716070173697274 36087
9.598245161290327 37059
10.308925806451617 45037
6.021387096774194 46003
8.314749193548387 48245
8.897561827956988 54035
8.174025806451613 56041
10.052251075268819 13169
9.05446370967742 19055
10.552958870967743 23027
10.219084894540924 24003
8.382340322580644 28125
8.030534408602147 29137
4.516904032258065 30067
10.188588306451617 36095
8.588876881720424 37033
10.492784079084295 37035
10.367860141405224 39093
8.47404239631336 48249
8.994578341013824 51149
7.370295161290323 51640
3.815064285714287 8043
9.999356451612908 13141
10.760583064516133 13221
9.3164788856305 13275
8.413300000000001 17047
7.506249193548384 20115
8.428175806451613 21069
7.117792114695339 26101
5.8123120967742 27097
7.426669124423964 28003
6.342813978494623 29085
3.463451612903226 30003
8.10148582145536 31153
8.950786217008792 37061
7.490995483870971 40023
5.400074193548389 46069
6.9814736559139785 49047
6.311397451612901 50019
9.553646841397825 6089
9.395122580645161 13263
6.80069870967742 26097
7.335106647116324 28033
7.676029677419356 29053
8.123176774193544 29117
9.440441935483872 37143
9.680421684587815 42051
10.42089096774193 47107
7.453513287250374 47165
7.285052419354837 48135
9.793911290322578 51069
7.983262365591399 1075
8.892695161290321 13287
8.990417338709683 23021
5.962260483870968 31111
11.514729569892463 39037
11.263277986050522 39061
9.781776344086031 47029
6.059763440860215 48429
8.760277229601519 51061
2.4909841039426537 56025
12.222931909136198 6065
7.3361204301075364 12075
9.145582580645165 13143
10.624780645161309 21037
7.790688709677417 21061
7.290413978494625 21141
8.609280030721967 22109
8.17361137947802 29189
9.63674967741935 37131
9.700971774193548 39111
6.563562096774192 40073
7.855974193548385 48127
7.785303225806452 5073
15.741022580645163 53001
9.23429301075269 55049
11.426381182795701 13195
9.678695161290324 13227
13.782243010752692 16079
8.06177741935484 17059
7.6460548387096825 19121
8.083039784946234 21129
7.962829262672809 21199
5.92279426523298 27041
7.492785483870967 31059
3.3071390029325523 31157
6.794306250000009 35035
5.105432258064514 38099
6.154606451612904 48421
7.488433870967741 51005
7.374239784946239 5113
7.7383277649769635 12001
9.763010967741938 13001
11.734607843137187 17097
8.582458870967743 17185
8.00029758064516 19181
8.789371428571433 24039
9.454303289057572 25025
8.961353225806453 27157
6.523605529953917 29009
8.219009220937318 29510
10.198802903225804 39099
4.397412762973354 46103
6.774322580645165 48137
7.85319612903226 5027
9.673300268817208 53015
8.08138548387096 55075
9.091350322580647 18011
11.895640143369175 39107
9.587417419354841 48021
6.432116129032259 48087
7.407297343453514 5031
9.426034440227722 12073
8.562866451612903 17149
10.288119851116623 18057
8.994957706093185 21013
10.483292604248636 21117
8.728050490883588 22057
3.130422903225807 30069
5.4470967741935485 31113
5.63208064516129 35019
3.321757717121588 38101
9.269607526881716 45029
11.228959354838704 47057
10.556963261648741 55089
10.769560829493091 6063
4.900319925558312 8041
9.065867096774191 13099
8.26890685483871 17027
9.001626728110601 19065
7.58636612903226 19147
7.400087096774193 20141
13.703291016741522 36071
13.684714234980776 36085
3.70873 38029
10.778396051167956 39085
7.005844623655914 40087
6.392476774193549 40117
15.171709408602139 42097
10.148779767025081 50027
9.654631048387099 13213
9.894952419354844 18159
6.682435483870967 20003
12.335891308243768 26099
3.7978348387096763 30097
9.88566728110599 39047
6.615847741935486 40139
11.280199539170505 42015
10.061073763440866 47059
7.030546774193551 47069
8.918754032258066 55093
8.470487623618071 15005
9.139964516129034 1011
11.23278451612903 13059
10.880429354838714 17093
9.857150474383303 23025
4.484778958944277 30013
6.844991129032252 40047
9.56836064516129 45049
11.297454406682048 47093
8.340879999999995 48057
9.831898312655081 51107
8.630353763440858 54085
8.879862096774195 1023
9.38952551319648 24035
8.12909623655914 26133
7.220139516129028 54055
10.03973440860216 13129
10.064401792114696 17103
8.361878709677418 17159
9.109448233486958 18063
9.246592359932082 19013
7.397165591397851 19093
5.7900290322580625 27111
9.229186148007578 37027
3.5202143548387093 38085
11.394764784946247 39135
8.459869032258071 48089
6.971151612903223 48193
8.470487623618071 2220
7.730183870967743 17023
7.320148924731185 19149
7.628559139784944 27043
6.3073493087557635 27085
7.679524731182795 31095
9.599516129032253 39071
8.808925967741933 39145
10.7607435483871 42023
6.640479354838709 46135
8.571126774193555 48321
8.385259677419358 51007
12.749222642679873 53011
11.166303338334583 55133
6.657905376344085 6051
12.447603258390336 6097
5.648293548387097 8061
12.48671030465949 18039
9.820831451612918 18067
7.385587741935487 19059
6.78719516129032 20065
7.3471919354838695 20119
11.674949095568275 24005
6.097243778801841 27017
7.494464055299542 27103
12.409984838709677 32019
3.207696774193549 38001
11.870228054740926 39003
9.082435023041478 39053
6.483478225806453 40107
6.0539741935483855 46073
5.909509677419357 49041
18.99122981350811 49049
8.756432258064516 51036
8.717580645161293 54017
10.396167062818344 55105
9.063213654440998 1089
8.856591935483866 13273
8.492276774193552 17061
7.3045629032258095 20197
10.533737320099265 37071
5.6519815668202735 46029
7.9093854838709685 47127
9.236740092165885 48041
8.710395161290325 48285
6.560698924731183 48307
7.58369354838709 5019
7.545410138248854 53031
7.323272811059908 54067
11.93447853763439 18141
7.997685253456219 21085
8.429687096774192 21215
7.1386564516129 27105
7.562790322580649 29219
12.28058709677419 30089
7.842888607809849 33009
9.100366129032253 37137
4.297406451612901 38095
10.268014112903233 39089
12.400215110356537 42005
7.076346543778799 47147
8.320221700879769 48217
9.730316092787227 48491
6.105421505376346 5129
6.622347741935483 5141
8.78916451612903 13037
4.530702150537633 30085
5.410551612903226 31009
6.672959677419357 31139
9.7311 36123
9.324960287340769 37081
2.691702862903226 38089
7.252304838709679 40061
8.232845967741934 41061
14.215248817204303 42037
4.532475806451612 46121
6.671006451612905 46125
6.6442953405017935 47021
7.316867741935486 47087
7.028015322580642 48097
8.32131222410866 48231
6.376361290322581 48431
9.032988097886532 54011
9.191222580645162 54103
8.470487623618071 2185
7.6987070967741955 12041
7.037877796842831 12115
7.408956989247311 19009
6.321238709677419 20153
6.316695161290322 31175
10.64103191850594 36011
8.451579032258074 37193
4.204223963133641 38105
8.57334941348974 54033
10.771826164874552 6005
8.917710669975191 1115
9.796066666666666 17085
6.9951133064516196 20111
8.216459677419357 21197
6.737263709677421 27033
7.060473900293253 27061
6.62555548387097 27117
6.392677419354843 27129
7.983987096774192 28019
9.432529677419359 28039
8.393229032258066 28103
10.530612365591391 37109
9.329500624349631 37155
10.208514076246328 39005
10.917048240469192 39023
6.238760215053762 48237
7.482262648556876 48367
14.296419354838704 49043
7.727130107526878 54031
3.811284331797234 56005
7.9872847507331395 1077
7.272049350024087 12101
9.588324398000896 13051
10.503941290322574 18029
7.905709032258067 18153
6.4564387096774185 20199
9.063052217741937 24047
8.173272043010757 28095
9.383227001194749 28121
14.854732821608984 34017
10.10117688172044 37069
3.3180324278438045 38015
7.321132258064517 40095
7.474892473118279 47015
7.358511827956987 47141
8.72528100358423 51083
7.217280645161291 5117
14.891271916508499 6007
9.611341290322583 13053
9.009214516129036 19017
6.5223129032258065 20049
7.970049032258063 22027
7.889140860215053 22125
6.999641532258069 27015
5.568065591397846 27159
6.168165844402274 27171
8.840883870967742 28077
8.945182488479256 28099
7.874736559139781 29041
3.127387419354839 30005
8.283881362007163 37125
10.16947758913412 39119
9.351077150537638 45027
8.94194946236559 48477
11.141638929618795 55101
13.32811529656609 6025
9.39390107526882 1041
9.066113333333332 1047
8.382950752688167 17199
8.690379276637337 22079
8.111942614601013 28081
7.195854838709679 29125
8.257771844737348 32003
9.66306387096774 37141
13.511974193548395 42087
16.05987487399187 42101
7.026245161290324 48357
8.487961290322582 51135
6.601619354838709 55031
9.670865806451612 1051
7.320425925925924 12017
7.808575806451613 17069
7.109346774193547 20163
7.990214516129033 31097
7.799589540566966 35045
6.368447580645162 40149
8.690637829912026 48481
8.470487623618071 2100
9.343849354838712 1055
10.760422150537622 13117
9.337251612903223 13155
9.120457258064516 18111
8.129592473118285 19187
6.5179225806451635 27135
4.400590322580645 30019
9.005037096774192 37029
7.356373697270477 37189
3.8903193548387094 38027
10.552987634408602 47155
7.21481443584878 47157
6.598246774193549 48151
6.586264055299539 48179
6.586467741935483 48235
6.842853225806449 48333
7.924304301075271 48405
9.238434677419356 51093
7.188347849462368 51197
3.3740048387096775 8055
9.54392043010753 13271
8.58420967741936 17173
9.994155591397847 17179
12.194297741935477 18113
11.241250620347387 26115
10.05528870967742 37079
9.5394 37181
10.207951612903228 39027
6.3542311827957025 40093
4.380191935483872 46129
6.748625806451612 48229
10.955105666034163 6061
9.331295801045188 11001
7.557186337760902 12107
9.570570000000005 17161
9.989156451612898 18145
8.740944979041366 22071
9.03090645161289 26121
6.122374193548389 35011
6.911850179211472 35025
5.792732258064517 46115
8.638291278375151 55073
8.470487623618071 2230
7.5813 20201
8.745686217008801 22099
5.787705376344086 27075
5.282791720430106 27107
7.823888172043011 28005
4.679583870967743 31091
11.290101849763142 34025
5.237700000000001 35027
8.227769354838719 37171
7.4694739247311865 40079
8.511933064516132 47171
7.2194330645161315 5143
9.120291439205962 18019
7.214354838709679 20101
8.692121290322577 22121
8.224098240469218 27099
3.329698709677419 30037
4.47954193548387 31005
7.457535483870968 31169
13.719746975806446 32031
9.06143079178886 45089
6.84297741935484 48413
7.30070107526882 5127
11.874339684921267 53053
42.68533290646764 6019
8.011971198156676 6093
9.774063394109387 13153
12.313312499999995 18087
8.044456129032262 19129
8.760261290322578 21089
8.133935483870966 51049
4.913174193548387 8073
7.735072350230406 20161
7.687279569892475 21007
8.023099193548388 21123
8.447387327188927 28087
13.98668956356737 34035
4.556291129032257 35028
7.574070967741937 51125
9.384708064516131 51595
9.93344946236559 54069
9.162741677419357 12113
9.107384677419356 13315
8.394898709677413 21005
8.9188376344086 21041
7.3827887096774205 28009
11.232913946869077 34011
4.0260080645161285 35055
11.409870967741938 39063
4.233340322580647 46007
8.091051612903227 48311
7.414156129032259 5011
9.07653917050692 51199
6.092333870967739 55003
9.219853763440858 13183
10.824396774193547 13247
8.358974838709681 17041
9.1765943548387 17057
8.68870071684588 26051
7.3210100358422965 31053
8.364449266862168 33003
8.095875000000001 36041
9.71335437788018 37003
11.746745000000026 39017
6.414787741935488 47161
10.582464650537634 48091
13.313983064516133 49051
9.36480806451613 51105
9.077041806451614 55063
8.875227188940094 55123
3.5101129032258065 56045
11.45204637096774 16011
8.722503584229383 17075
7.082225062034742 20125
8.77030263929619 26107
7.447325806451612 31099
13.294358909370217 36083
10.355751861042183 39077
12.012776344086019 39171
6.437228152492669 40137
6.3093827956989275 47083
8.17762114153299 48113
7.688012903225805 48261
6.667381451612903 5065
7.182065591397852 5095
6.742932258064519 51091
11.23528709677419 6011
5.118404838709678 8095
8.48718924731183 18025
6.726376539589437 20035
7.584713978494623 21107
6.887122043010755 29055
8.75233440860215 33001
11.777071847507328 39011
7.107473990783418 40143
6.749696774193548 48065
7.355907526881718 48189
9.196923225806449 51175
8.148070967741933 1107
6.955689516129031 12043
10.005835483870966 13009
11.435891856805663 17089
7.85155161290323 19025
8.211210752688173 21051
3.817645161290324 30021
7.426416129032258 30077
8.123705161290323 31131
5.434421290322583 38067
7.539111290322579 41023
8.054541129032259 48315
7.425287096774195 5107
8.20573870967742 51159
7.225216129032257 55037
7.626935304659493 8014
9.769068817204303 13161
9.679462096774193 13193
7.337188387096774 19029
8.285596236559138 21027
6.712313709677416 27143
8.274193887945676 28151
8.551229032258066 29005
6.492678494623654 31003
12.875501888276936 34037
10.499737119491142 42049
9.718075268817206 45005
7.4799964516129 47131
9.013656160124375 51153
8.234320967741935 54013
18.639865819806356 6037
13.284956847230688 6079
9.379832258064516 13075
9.56215806451613 13289
9.964596129032257 17063
6.588567741935485 20187
7.131498310291859 27139
5.944620967741937 27151
8.974110483870968 28023
7.894089919354839 29031
8.326613978494624 29211
4.803200000000001 30051
6.14532857142857 32007
12.248358312655089 42065
7.452274193548382 44005
7.475548387096772 47175
6.940167502986858 12055
9.433610752688173 13005
9.947743225806446 13207
9.366595564516128 13261
8.259135483870969 17013
8.658143548387097 19083
8.371581290322583 22043
8.719484229390686 23007
5.704802822580648 27153
8.161569032258067 28051
8.197877419354837 29171
6.26579556451613 29225
6.302335483870968 31087
9.021050537634407 37093
9.1599047146402 37167
9.974192903225807 42105
8.3151732718894 48161
8.376947096774195 51145
9.274051612903227 51620
2.5589774193548385 8057
11.647839247311827 16031
11.303128970223323 17111
9.211799193548389 17131
11.176205623938865 17197
7.728268761987792 18157
7.787741935483872 22107
9.114968621700873 26123
7.728954838709687 27013
5.637759677419354 27087
8.263738709677419 28083
9.228295698924729 37075
5.402506451612911 38017
4.669448387096771 4012
18.333287096774196 49029
10.06794892473118 54009
5.362233333333333 8063
9.154360645161287 18043
9.064590322580644 19115
6.5532274193548385 20039
8.301390175953067 21093
9.008473333333336 22045
6.931852258064521 25019
7.94257926267281 29007
8.36918387096774 31127
7.957658064516129 31133
13.563273903225808 34027
6.306143548387099 35057
3.875181451612905 38005
4.059309677419354 38039
6.478373548387098 47085
8.58909032258065 48313
6.875780645161291 50013
7.87622311827957 55119
5.814758064516131 8029
8.482513978494627 1065
9.55979853372433 1069
6.934326820276494 12085
9.924735483870966 13303
9.156635483870966 16033
8.060501075268816 16085
9.714560645161297 17123
8.150284677419355 21065
8.003509677419352 29175
9.17752534562212 37039
9.673481451612906 39167
15.313140806451637 42107
4.512032258064517 46089
7.717667741935482 47061
7.3250697947214025 47183
8.318761290322582 48163
4.382690725806452 49021
11.68324193548387 49033
7.40995093378609 5119
9.191122580645159 53069
6.035483096774196 55007
8.470487623618071 2020
8.365547849462365 18117
9.124006586021508 19103
7.788116129032256 20069
7.26749511166252 20091
9.474616589861741 28089
10.122746556233663 37025
9.465474401664924 37133
13.80770614439325 41043
11.858372580645163 42113
7.730955913978493 5099
6.932472043010756 55099
8.959520967741934 55121
8.879079069767432 6017
6.629483870967742 6105
8.470487623618071 2060
9.418723041474655 13029
10.463310138248852 18041
7.040829032258064 20075
7.815101075268817 28155
6.845559237536661 33007
3.1662674193548397 38059
12.960844758064525 41045
8.139163946869077 48005
6.718216129032256 48095
5.389659677419354 48111
6.290903225806453 48263
7.233982795698927 5097
22.628612872503858 53063
9.684331774193543 13077
8.788670322580641 17137
9.612747983870971 18073
8.911378225806455 19095
7.798206451612904 21063
4.867832258064516 32009
11.473963548387088 36107
9.593281720430106 37041
10.84158745519713 39101
4.268848387096774 46021
7.454477126099703 47099
10.681566929327769 26049
7.76644258064516 28043
3.666824193548387 31161
5.138235483870968 32015
10.127715576036854 36013
9.96864205069124 39045
10.625782488479269 39133
6.064012903225803 46077
9.544690322580642 51600
10.407775322580653 55055
3.4634043010752698 56043
8.200054838709677 16023
7.299391397849464 21143
7.3007877419354825 29141
8.126911129032257 29165
7.86482365591398 30043
8.803035483870968 37007
9.076045622119826 37135
8.680679723502298 37157
9.463681566820274 39073
5.1264419354838715 46049
8.52280806451613 48471
7.974710322580645 5057
9.288569892473113 51081
8.826066451612906 51183
18.349899038461558 6013
8.493691244239637 6015
14.106015645161301 6055
9.121023655913978 1067
8.722931451612903 1119
7.876422580645163 19159
7.930404516129031 21217
8.082074193548388 22115
9.724435645161288 45075
8.048516411584659 48121
7.976895967741936 48351
7.587121290322579 48463
6.338040645161291 5015
3.596941935483871 8111
8.312581362007165 1127
9.29752903225806 1129
7.092543208828519 12015
9.748882258064514 13283
9.738978709677424 16049
13.735303225806456 16053
8.115352473118282 18007
9.661534139784942 19045
7.53440806451613 21075
11.088553405017922 23015
7.254615559772301 29071
6.086562838709667 35049
10.026116129032257 39013
9.093337096774205 39087
7.017141129032262 40105
8.920065860215054 41007
7.074871916508546 47119
7.841238479262675 53045
11.049712903225812 53073
8.711868387096784 54027
3.561558064516129 56011
3.008885806451614 8117
10.864581935483882 13073
9.641865437788018 13087
9.878143548387097 13225
9.19593440860215 20043
8.755220645161291 21097
8.368401897533214 22063
6.57081935483871 26003
7.971723655913976 28021
7.165746505376345 29145
6.750122580645154 30031
7.070857419354834 40035
9.653810378681632 47179
10.11298225806452 48055
8.246761290322578 48063
8.027399999999995 48199
8.402963133640549 51167
9.117844086021508 54095
9.28991747311828 55043
14.523192473118291 6101
7.87613956989248 12019
10.931646236559143 13219
8.839890322580645 17169
8.119475268817201 20131
7.527496774193548 21057
8.531188172043011 28053
6.516760215053763 29217
11.600416487455192 47089
8.857245161290326 48331
8.185938709677423 48449
6.673284946236558 5137
8.113007573632538 51770
12.847628337468985 10003
9.053340322580649 19043
8.230248387096777 21149
8.067203870967738 22065
8.030058064516135 26109
5.131058064516129 31101
13.242864597063244 36059
7.299729032258064 37005
8.147637419354838 37199
12.473893236212287 42027
11.887711730205286 42115
10.017360341555978 45059
6.745551612903226 48435
4.682211290322582 49001
6.463394623655908 5005
7.443085080645152 5085
9.246095109261173 1003
7.178607878960892 12009
11.119840288263564 13245
10.657330967741936 18047
8.042016935483874 20087
6.776748387096775 20109
8.737486395511912 22033
7.765482078853045 22075
10.834729966044128 24013
10.620293654151245 24021
9.310900000000007 26063
9.289567741935485 28131
7.182607917888559 29159
9.739946236559142 30023
2.997918387096775 30045
3.094148387096774 31045
10.812820488230173 36065
8.707948387096778 37175
3.267857096774193 38083
6.367302419354839 40009
12.78527903225806 41049
6.205200000000001 48443
7.466769032258064 5043
9.186992626728118 51683
7.85264623655914 54015
8.541577634408583 6023
8.825515835777134 1121
9.842239784946237 17203
7.27878064516129 19165
11.66456185958254 32005
7.088693548387095 35009
3.212666129032258 38075
6.340521935483874 40039
4.510860599078345 4025
10.377711693548395 41033
9.779020430107526 45017
10.061975448028683 47001
7.214252258064517 48279
7.857608870967741 12089
10.423818451612908 13151
6.011445161290323 20023
10.807432839767312 26093
7.562268548387095 29139
10.36686553480475 36043
10.50647991935485 39025
9.202812903225807 45039
5.710591935483869 46039
7.707227096774194 48281
8.295044086021507 51103
8.128962903225803 54021
7.88158315412186 54045
9.126043317972357 55001
3.180431105990782 8037
8.648148043925863 1125
8.795736290322582 12129
9.748523655913978 13167
8.77089935483871 13177
9.189678580645174 13185
9.69453387096774 13309
9.799753225806453 16029
8.190597531270582 19153
7.4658225806451615 20145
8.760230107526882 21091
8.849410752688172 22001
8.703354315605933 37031
3.2307370967741944 38011
6.6200806451612895 46027
8.234427956989249 47153
7.830119478908202 48181
8.401837096774196 51119
9.23937371916509 51650
7.467991612903225 53047
8.055379354838708 53059
8.717206451612906 16003
12.001248387096778 16073
8.177521428571428 17077
7.005132258064516 29123
6.5949604838709694 40103
13.048995932678846 42063
6.511364516129031 46067
10.147256451612904 47067
8.741715207373266 48025
6.434825806451613 48393
8.170894838709678 48455
8.87127788018433 53049
7.232288940092159 54025
10.562836656891491 26037
11.93544670738689 26125
2.9421275000000024 38053
10.602062846433393 39049
10.140288387096769 39067
15.95856379196838 42071
10.596538025415425 45003
6.169006451612902 46043
7.206364516129033 53019
8.476580645161294 55019
9.152754032258064 1029
8.552163440860216 1105
7.295730769230772 19193
6.762558064516131 20137
8.153055913978493 21109
8.403939950372198 21125
7.988534193548383 21127
10.041680397022311 26017
7.393467741935483 32027
12.54860748112561 36111
9.288731182795702 37017
9.214160215053765 39105
12.372144700460831 42131
9.62386793743891 45041
6.828945161290322 48385
9.42673493312352 51550
8.355933548387096 54043
7.193031637717122 12081
13.583033566820298 34023
11.222021505376334 36035
13.028535104364328 36115
4.710568064516129 38097
9.207932258064515 39131
6.645601792114699 40133
15.099618951612895 42109
6.343670967741936 46097
7.455178733572288 48329
8.267094982078854 55029
6.191316129032261 56023
8.432800000000004 6049
4.968366820276496 8039
11.375684069478911 9011
8.470487623618071 2013
9.19933387096774 1111
9.156614369501467 12131
7.145474731182796 20021
7.234867741935484 20047
10.296186021505369 26005
9.13801720430107 28065
6.6134187096774175 29037
7.172282590371237 29095
10.152997022332501 45021
6.89605685483871 47017
7.733263440860227 48167
6.95466021505376 5037
8.196913709677421 51133
9.910590203106338 1081
8.04677849462366 12045
9.189924731182797 13201
7.098825806451611 20135
7.316886559139782 28093
8.498326881720427 31147
10.286016129032253 39075
7.455880645161288 47177
9.137822580645159 48325
8.034345026881711 8031
5.991025161290319 8099
9.619358064516128 1061
6.092855299539168 27095
8.135172580645163 29025
7.603774193548384 29157
5.4458935483870965 31149
3.49748064516129 38049
8.334006451612902 41025
6.517896774193547 46087
6.247986021505374 48077
8.338431119544587 48213
7.131548387096773 5053
7.776274193548384 55067
7.922836774193549 1057
7.513861774193559 12109
17.231191744122462 16001
8.328341935483879 17029
8.828869032258067 19191
6.785552688172042 20095
7.72901209677419 26113
9.464854838709664 28035
8.831951612903223 29063
2.784003225806452 30075
7.608668548387099 31151
10.315510652663171 33011
14.263209737156547 34039
11.109884447004596 36067
7.2303996415770655 51173
15.732635955940182 6113
8.380692417692055 8001
5.481653870967739 8085
8.470487623618071 15001
9.767156451612903 18115
7.167114516129031 20189
7.7395888018433165 20209
10.162645485899748 25017
5.693845459057075 27027
7.781975806451616 28063
7.835857038123162 29047
6.3127766129032254 40015
9.812301138519917 41041
7.7185921146953405 47003
7.407377419354836 5079
9.776248387096778 55045
7.62281419354839 55107
9.015446236559141 13081
9.853825691244232 17099
7.442939516129028 19035
7.772680645161289 21001
8.051830498533725 22119
7.582088709677419 28157
9.324586290322584 29003
8.289506774193548 30039
8.011287096774197 48283
5.410770967741935 48377
8.379925806451613 51097
8.4888564516129 51101
8.105580645161293 51131
8.761053225806451 51181
17.986968895247983 6085
7.279665468324923 12071
11.177542936596213 13089
9.562784838709671 13103
9.351486290322587 13199
15.436998387096772 16075
8.339893548387098 19177
8.294044086021506 22077
7.960769677419351 26001
8.759617612903217 27163
7.115491397849463 27165
7.580590322580646 29135
5.308746236559137 30101
8.204042741935478 51193
7.828562096774191 1093
13.593659907834104 16057
9.821394623655914 17015
11.246848028673837 18069
7.558633870967744 19003
7.370467741935481 19119
9.090665806451618 19183
6.56057580645161 20107
8.139052688172045 21131
7.169061895161298 26055
3.5652752688172042 30017
6.981051612903227 5071
6.44792560542309 8059
7.193667034909398 12021
9.225632616487449 13277
9.089830322580646 18147
7.514020967741936 20143
7.372943548387095 20183
8.01326290322581 28017
8.961878494623656 28123
6.244262096774195 48487
9.115170967741935 51570
3.8254348973607035 8045
10.183401075268806 13033
9.344135483870968 13093
8.363041290322586 17191
9.117443988269795 19057
8.285673790322582 19125
8.164375576036866 26127
9.39594248991934 28049
7.219599999999998 28143
7.189959677419352 29097
7.267006451612902 31143
6.751714516129032 47101
8.511529032258066 51011
8.455359139784946 51037
9.100750230414748 51670
8.281542741935484 54091
7.772149193548391 19073
5.899009677419356 27089
7.533809677419356 31159
14.302592810646583 36081
11.043690552995391 39147
6.211003225806452 40067
8.910012580645162 45025
8.838890909090914 47013
7.3396763440860235 48069
13.38233709677419 53043
8.430960752688174 17121
7.1584567741935485 20139
8.536202973790337 22017
9.47077739944247 25009
7.451449999999998 28139
15.081318897637821 34007
12.892946145434692 42069
9.958735483870967 47121
8.076972043010752 48427
7.855103225806452 5061
9.87781774193548 53055
7.167430645161294 16013
9.54878337468982 17073
7.547772258064515 21231
7.740750322580643 28057
4.953241935483871 32011
8.575395698924732 35029
12.219381935483876 39125
10.377960944700453 55131
9.516151971326172 1053
9.020310483870972 13229
13.199382795698925 16059
8.543496774193548 19069
11.324486021505377 26059
3.0798935483870973 31007
7.431829390681005 40021
6.85698064516129 40059
6.577371612903228 47005
8.649811290322582 48175
8.25839723502305 48203
8.28474758064515 48251
2.8461806451612897 56019
8.470487623618071 15003
8.671025806451615 17171
9.06202949308756 18037
7.038264516129033 20017
6.800027956989249 20077
8.104958986175115 21021
8.345269354838708 29061
5.993338709677421 31085
11.642215725806457 36057
7.38009741935484 40001
5.797945161290324 48359
7.792206451612905 48403
8.71693508064516 51073
7.922185161290322 51820
28.2487287545396 6029
12.727252076230464 6071
10.179008064516125 18103
9.20799730085582 18163
6.988181290322577 20133
8.635054193548385 21103
8.968276344086021 21191
8.084305645161288 21203
7.383819354838709 28137
7.526577956989247 29155
8.265226881720432 29173
4.719685304659501 35039
10.395815780296427 39103
11.451143920595541 41011
7.237790322580642 47133
7.954408064516132 48047
5.800703225806448 48371
7.850233548387095 48457
8.043121505376343 51079
8.656037634408602 51127
9.502911111111112 1017
10.18359892473118 13159
8.518611290322582 18175
7.358727419354837 20051
7.376032258064515 20171
10.788886857825569 26065
7.836412258064522 26143
10.528349596774195 30047
6.923298924731183 31119
10.169405843852271 34001
9.437856682027652 45061
6.712890322580646 48335
6.606712903225805 48475
9.149303440860221 19113
5.978249308755762 27057
8.49301505376344 28147
7.125589442815249 29187
9.523622322580648 36045
13.637051806451597 36091
9.558091461100569 37057
9.76934032258065 37083
2.940955 38041
16.21281455857387 42077
10.161035483870972 45047
7.3515814516129 47041
8.162379032258064 48119
8.198272043010753 48365
7.803935483870964 48387
6.843072580645161 49019
9.619627956989248 51043
8.848173655913993 54049
8.416496129032259 55083
5.506767741935482 8017
9.365502580645158 17105
8.604342396313362 19123
8.16048602150538 19195
7.657957526881719 20041
10.480783870967738 39117
11.084011827957001 39143
10.493294316436245 42111
9.27127050691244 45057
9.788481065918663 45085
5.512913709677414 46013
9.206879569892477 1005
9.340499999999999 13003
9.239661290322584 13239
8.366011774193547 19169
8.448747741935483 22003
6.240536290322582 27067
6.494269354838708 27077
9.200728225806449 28061
9.149126267281101 37165
7.6668526881720425 49027
7.9669445161290255 51775
8.470487623618071 2188
8.470487623618071 15009
7.882603225806453 17127
9.139078494623655 19019
7.989538248847926 21043
8.132071428571436 22031
4.996845161290323 31117
14.62868302207127 34005
15.506970929679342 36005
7.42030923753666 40145
6.905489330024804 40147
3.95318207051764 4015
11.870577553763457 41017
8.92626387096774 55011
6.803567741935482 55013
4.989774193548388 8011
7.431883870967742 19001
6.747122580645161 20071
7.866762903225803 22111
8.339005806451611 28159
9.409776344086017 37185
6.829433333333334 40007
6.535516129032258 48295
8.337380645161291 48391
6.733033870967741 48411
3.718855913978495 8119
11.587016129032252 9013
8.470487623618071 2050
8.496985483870967 12077
9.737056989247314 13043
8.36728172043011 19131
7.986206989247316 19145
8.129970564516134 20103
6.321043548387098 20181
8.997141935483876 28127
6.80363387096774 29091
9.81554193548387 39115
10.296265712214552 45079
7.497599999999999 48299
7.715267741935486 51530
8.409501173020525 51660
8.895777419354838 13007
7.886810322580646 13039
9.479168817204302 13055
9.654917204301075 13269
11.607237096774192 16077
8.963636363636358 19111
8.880843509048013 21067
9.018863857456523 21111
2.662756129032258 30071
9.274620234604104 37163
5.803122580645161 46057
6.76877311827957 48363
6.344440677419356 50005
8.46136451612903 51033
17.963009749103893 6001
5.116155299539169 8083
9.645789896530745 10005
9.772609216589862 1031
8.842426344086018 1091
12.575723924323231 17031
8.332561935483866 19197
7.520958602150537 29143
6.789362672811061 31047
5.822966129032258 35051
11.985670967741948 36007
12.552195322580658 42033
3.642077419354839 46105
7.4584548387096765 47117
7.849543010752685 48323
8.426998924731183 13025
10.30656589861751 13133
11.617151612903227 13147
7.407748387096772 20123
7.885923502304144 24023
10.365445409429284 26067
6.544377419354844 27007
7.6898232258064505 27161
10.644611643145158 36055
8.757873607038121 55115
7.0728963133640566 12051
8.96149483870968 19005
6.958667741935484 20025
6.925219354838709 20037
5.155867741935484 27031
8.056641935483878 31109
10.068411354838712 36069
10.169834193548388 36097
8.788580645161293 37177
9.466813261648742 39015
6.492221774193552 40065
6.646004218362286 40121
17.194098231009363 42075
7.308301075268819 5039
9.056151564027362 51760
10.547693978494625 54037
9.721352258064528 55087
9.925635261401563 8077
7.132103118279582 12087
12.202028718637997 17043
10.252656129032259 18139
9.581031182795703 19097
7.887201612903223 21233
9.164239381720424 23003
6.643999999999995 26089
5.973803225806449 27121
6.456277419354842 29229
7.1337784946236535 31021
4.081925806451613 38051
3.980462365591396 38093
8.723494009216592 48149
7.267954114549041 5007
8.09855838709677 51067
6.995253917050688 54083
9.808466089693168 55139
3.1628414193548386 8093
8.470487623618071 2240
9.487810967741936 13241
7.371221198156669 18167
8.843725345622117 21209
8.06888258064516 29115
6.100419165085393 35031
10.581380645161284 36023
9.428244168734492 37047
7.467532258064518 47091
9.37571680605338 51710
9.02526989247312 51735
7.229958064516125 54063
10.510847096774187 13211
12.112335944700447 16019
9.600250293255122 18081
7.952783387096771 22073
11.843133672891897 24025
6.730137096774196 29203
14.623333290322604 34031
11.134309677419354 39065
8.684171505376339 51630
8.912002867383515 55081
4.22681258064516 56013
9.701525161290323 13267
8.401257142857135 17051
7.795402729528539 27131
7.8542983870967715 28037
3.19454193548387 30011
3.392448387096774 30033
10.215571290322577 30063
14.478597146401986 34019
5.0843806451612945 35006
10.22301260080644 37147
5.5664516129032275 46059
6.897329569892467 48049
9.065630995792427 48469
7.579108602150535 18021
7.263533870967743 20185
10.176115357643749 23019
11.138960580645142 26161
8.695690322580647 28069
9.155857258064518 28153
4.377414314516132 30111
4.939685483870968 40025
4.317901497695847 4005
4.248064516129033 46071
7.2028 48107
6.336762903225806 48275
7.007486021505374 49015
9.234141765704594 51510
9.024898790322583 53017
14.261504032258056 53071
9.0236465437788 55057
5.513852822580639 8087
9.399175985663083 12039
7.657852419354834 20149
8.445101075268818 22007
7.112127016129039 27059
9.068289390681004 45015
9.364605913978497 48177
7.339559677419355 48425
7.504512903225806 5013
8.44185698924731 1063
9.007952903225803 17109
8.992123387096774 18125
7.551435483870963 20027
7.327169892473119 21033
8.650898387096772 21049
8.591065395894429 22015
9.095946153846153 22089
9.219957593052104 25021
10.809048655913985 26087
6.9044620071684575 29169
9.5821035842294 37023
6.493418693134829 47125
12.005016845878124 50025
10.031029032258061 51840
7.61646825396826 12083
11.032528225806452 18009
10.27012258064516 18049
10.696531048387106 18053
8.487631964809376 19179
8.966884946236556 29087
6.885506451612905 31125
3.8582225806451604 38031
8.17814322580645 47129
7.865475483870967 47151
8.979239658444026 55141
28.874675576036882 6047
8.491975268817209 16043
9.01649769585254 17067
7.99258736559141 20055
4.043945806451613 30015
10.635031048387098 36053
10.493152582029635 37119
13.284523294044687 42079
6.53639731182796 47081
6.4938 48327
8.48297612903226 48489
9.57834569892473 55047
7.627336129032252 55069
6.7779252688172065 55113
9.207544086021505 1025
10.259193548387097 13301
10.042449820788523 13313
9.699254838709667 18017
9.217480967741938 27169
7.944447580645157 28135
3.45862370967742 30065
7.321232258064518 31081
5.311437634408602 35053
9.96019354838709 37161
10.554099438990185 42039
10.451493978494623 42085
8.073962903225809 48053
8.092772043010754 48419
3.2422645161290324 8053
10.861374193548386 16065
7.090903225806451 16081
8.337194623655913 17035
9.21856317711503 17167
7.990511827956987 20085
7.276177419354837 20105
8.101503225806452 21237
10.77624503528227 26081
6.128888172043013 27093
8.38478516129032 28025
6.834173118279569 40077
6.619354838709677 48103
6.505602877070624 48485
4.735974193548384 49053
9.571941278375142 55009
7.806547580645161 29027
4.2414387096774195 31075
9.578908602150534 37019
15.450218813444632 42017
8.470487623618071 2105
9.225349193548386 1085
10.528333746898255 18065
7.726313548387101 22029
7.8078525345622145 28027
7.366275806451614 29023
15.07957866282212 34003
9.11694435483871 45013
8.064862007168461 47051
6.97943370967742 5035
9.387307373271888 51800
9.55150349462366 55021
8.937998387096775 55091
7.725613709677422 20061
8.711079354838706 28079
7.591735483870969 29177
6.914406451612902 31179
8.168205671515915 35001
8.911235161290328 37111
14.98116096774194 42099
9.552599193548383 45053
3.7461290322580645 46019
6.8407489247311855 47077
8.473225806451616 47115
8.987352419354833 55035
9.134312655230268 6111
10.355809677419355 13137
9.356335483870964 13149
8.409712903225802 17025
8.154246236559134 17145
6.888441935483869 26019
6.720106451612903 29035
7.342017050691251 31141
11.163930599078327 39057
16.251866873449178 41067
8.43707225806452 48273
7.98055913978495 48277
7.328830645161292 5021
7.863120430107525 51790
3.6302999999999996 8021
4.913899964648704 8069
12.17834623655914 39039
9.202628110599077 39079
10.754445758661866 39153
6.221522580645162 40075
6.595170967741937 48079
6.042364516129032 48109
8.32748790322581 48407
9.707347670250892 54051
9.95268177419354 55027
9.386099999999997 13091
8.209341935483856 17163
9.275589247311832 18155
7.732151612903226 19151
7.741329462365587 29051
11.212119017814155 42003
9.462118951612903 45071
7.042759139784945 48445
7.945418894009219 51027
7.994379354838709 54041
3.184570322580645 8015
9.352397695852535 1099
10.152345161290325 13265
6.002431290322577 26061
7.4842719354838705 29069
6.331935483870969 29153
9.89355161290322 30061
5.640036559139785 35037
8.598585253456223 37053
4.652962903225807 38019
10.672870230414743 39041
11.49068123167157 39165
6.50328771121352 40037
10.602920523609166 45083
6.990386712749625 46099
7.061429838709676 47181
8.256119524617999 48099
6.558177419354839 48133
9.792873040302029 48201
25.246485065710825 49011
9.024077419354837 51025
3.2959425000000024 56037
9.85444050179211 6035
5.101977419354838 8025
9.385344086021506 13253
9.079270967741936 18077
7.659105645161292 21055
8.415450604838709 22101
6.932520912124577 40017
9.901519748229722 47065
8.071709155597725 48303
9.054276407337118 48309
8.823185630498534 51095
8.621213196480936 54099
8.603860997067443 1071
10.44495741935484 13189
10.829866451612904 13257
9.771501612903219 18131
11.350763147605063 23005
8.569603225806459 25005
6.913649379652602 26029
7.378519892473114 27079
9.529156645161292 33017
14.057171341256396 36047
9.742997419354841 37091
8.717958944281515 37153
9.100652923387099 4003
7.745088530465953 40135
12.40308914956011 42009
9.77113064516129 45009
9.192811730205285 45023
5.992593548387099 48269
7.668037096774194 54001
7.9609428571428555 54059
9.399687096774194 12059
9.789121774193553 13115
5.477153225806455 27155
9.154023599320896 28075
8.463190322580648 28085
11.31364072580645 30093
4.344406451612904 35021
4.2535657258064505 38003
4.315566129032259 38079
7.120074999999998 40005
14.940575806451617 42093
9.382666935483877 53041
4.9492870967741895 8089
9.442130645161289 13019
9.40270430107527 13023
7.992379032258064 17183
6.660025806451612 20007
7.419712903225807 20029
9.199306021505375 26073
6.545110752688171 27101
6.437758064516126 31107
9.77905514592933 36009
9.358266129032254 37043
10.32737612903225 39031
6.551747926267284 40081
9.509751612903226 41037
9.46364623655914 45033
7.099575268817206 48305
8.052967741935486 48343
6.827001612903225 48501
7.108861290322582 51017
9.15900205818325 1073
10.916318433179722 17007
11.459559331797244 18091
6.741350000000002 29105
9.838272434017592 37013
5.588260215053759 38035
8.463481653225813 48409
8.249723870967747 48467
9.457049462365593 48473
6.995451612903224 5023
8.083269106699756 5131
9.955481497261124 13215
8.481407720782645 17119
7.639829032258068 19175
8.359949462365595 21011
8.805926728110604 21185
7.564283870967734 26039
6.428779032258061 27127
8.319474999999995 28113
8.533935483870964 29075
2.768137419354839 30027
7.246068548387098 31043
10.335337788018428 32001
10.177611397849475 36037
7.905561290322582 41069
9.465636290322577 45031
7.746295589203409 47149
8.48552741935484 55078
10.653280935121433 6083
12.946996326164873 9007
7.670060483870968 19161
8.109553225806453 21165
6.364290322580645 26095
9.016651612903225 27055
6.827997132616488 29101
8.175 29103
10.037770967741942 39019
6.647784516129038 40063
8.81851008064516 41057
7.914998387096773 48241
6.392532716468593 50023
8.164568817204309 5091
12.033867741935483 53023
3.6910559139784955 56003
9.383917204301076 1019
10.241177419354836 13125
9.240363440860214 13291
11.130372849462368 18099
8.846627096774197 18123
8.99933686635945 19011
6.669058467741934 20121
6.568353225806453 20193
7.830850967741932 22049
11.16558411910672 26025
6.693367741935487 40083
7.330270967741935 47137
8.142483870967743 48159
8.80664301075269 48259
8.888213582342951 51680
4.857341935483872 8009
8.858662580645156 17017
8.960089442815246 22095
10.729081912442409 26045
8.563904838709682 28029
9.508989861751145 28059
8.452229032258066 29111
5.00719193548387 30073
6.887445852534566 36033
2.6340825806451607 38007
6.384035483870968 48483
8.723104193548375 19127
7.884141129032261 21087
8.887392626728108 22005
11.484866820276508 23001
11.277356423316366 26077
6.452112903225807 29059
6.386227096774191 29213
7.42875161290323 31185
9.511751612903234 37113
9.04927834101383 37197
7.195893906810038 40115
16.09637363737489 41047
13.777069738863258 42021
5.641059677419354 46015
5.611706451612904 46017
5.030282258064515 46045
6.990824193548389 48143
10.294193577981678 48453
21.15244652605458 49005
13.955109090909092 49045
7.361790322580643 5083
7.029966666666666 5123
7.190310215053767 5149
6.804558064516128 55129
7.589246236559139 12029
11.157029688838126 13135
7.01732903225807 20099
7.798348387096776 26007
6.013159677419356 27069
7.391706451612905 29186
8.206662903225801 29197
7.053806451612906 31121
7.608147096774197 37011
8.992063479262677 37151
5.267163494623657 38077
7.644231671554252 40013
10.266616303400172 45063
6.589301612903224 48081
3.026509677419356 8065
3.047227822580643 8107
9.514202764976968 1045
10.035665591397857 13035
12.332395852534557 16083
8.246208064516125 19051
8.525266666666669 19089
8.034976036866363 21025
8.320713582342961 21151
8.10592258064516 21189
8.063992741935483 21225
8.621194373593402 22103
6.582366893039043 27019
8.040104147465437 29113
6.882005806451613 29221
5.862183870967743 31015
10.693032551319654 36015
8.430001612903222 37123
14.807567130144621 42029
8.69884428152493 44001
6.270845161290322 48191
6.489541935483872 48461
24.97584383749244 49035
2.7642100000000003 56015
7.746525806451614 13049
9.137377419354838 13173
7.575269892473119 21039
7.474647311827957 21053
8.46118440860215 21173
7.877383870967744 22083
7.135284164222871 29029
6.732464516129033 31093
6.758023870967742 35041
7.256902913631639 40027
10.004194915254205 42125
9.120780645161293 45043
7.634352688172043 5103
9.565953763440856 51610
17.810633768885186 6081
8.722875806451611 17009
7.803254301075262 19109
6.582897849462364 20073
9.18903560117301 4027
10.277423460410551 48493
6.569307526881722 50009
7.352944758064513 5001
7.460694470046086 5059
8.306323870967747 51147
7.390919941348976 51185
7.296767741935481 26079
7.452468586789551 29099
14.074310547875069 34015
6.153361693548384 35017
2.819353548387097 38061
6.63617741935484 48059
6.655216129032261 48415
7.34858844086022 5069
9.833339589442808 55015
8.997062903225808 55023
7.584466935483872 12007
6.961107258064514 12111
8.793863440860216 21017
8.039316129032253 27039
7.287503873125429 27053
8.492462365591399 29045
7.2254129032258065 31037
3.08911935483871 38087
9.871951612903235 39129
13.85651096774193 4023
10.395378329197687 47163
6.186724516129035 48389
20.12527331378301 49003
8.800741935483869 1027
7.280827948685966 12086
7.848310322580645 17181
9.896043369175624 17195
8.90356580645161 19087
8.655315668202766 22047
8.142023118279566 28007
6.332741705069123 29043
15.220862007168478 36061
10.7360506451613 39021
6.158227217741935 40031
8.18628844086022 48073
6.269087096774193 48197
7.720347096774197 5041
8.666022939068101 51179
8.165524884792625 1133
9.845113978494618 13079
8.933619354838708 16021
12.372162007168459 18033
10.068127419354841 18137
9.217450967741941 19031
7.75509569892473 22021
4.563556451612904 30091
4.61296989247312 30099
9.636924193548385 48013
6.106429032258065 48023
8.217014695340506 48223
6.056940322580647 48503
9.302948387096777 53039
7.977142795698921 6033
10.19617258064516 13163
9.748918505942271 13223
9.83781075268818 18031
8.689073548387098 18071
8.782951612903222 19037
11.485258896982309 23011
4.615807526881722 38021
4.498841532258061 4001
6.756298185483869 40125
12.555134808702164 41039
10.194796774193545 45065
10.867864731182795 45073
11.23194258064517 47105
9.439962232372258 48215
8.236859354838709 51075
8.342683870967747 51191
14.606274731182873 9001
9.433155483870971 1035
7.895886290322579 12123
10.610845007680489 17037
7.855148837209291 20177
8.192583870967743 22023
8.719266004962787 23029
6.970104838709675 29161
4.414112096774194 30083
3.7213118279569892 30105
7.956639631336402 31067
9.666921505376344 37187
7.529674193548385 48247
8.594093548387093 49013
7.20131935483871 5077
7.8845626728110565 53007
8.966792258064517 55103
8.470487623618071 2282
7.632721479150274 12097
9.266441935483863 18173
7.520434677419353 21171
6.671662903225804 31027
3.363019677419354 31105
10.828811290322585 36017
9.377409677419354 39163
9.136572043010743 47143
6.901977419354837 48117
6.635122580645161 48169
8.137276890534114 48479
8.993625806451597 51041
7.650826881720432 51750
7.4067229838709645 54047
46.5586051373955 6031
8.470487623618071 2198
9.35822070759625 1015
8.934441935483873 1131
10.232128163771714 13057
10.916232903225806 13105
10.596689861751152 18149
8.541954838709682 22053
10.20013237327189 26145
3.7708258064516142 30103
4.248538709677418 31031
10.38145110356536 37195
12.080302150537632 42103
6.327939784946236 46079
7.855601344086021 47031
7.0373797653958965 47047
8.460006451612905 51115
8.452332258064514 51690
9.817051612903228 13171
7.253716129032258 20083
7.124919354838705 27133
13.362091147786963 36093
6.637657419354841 40111
14.621096491935479 41005
8.053260215053765 41063
5.492229032258066 46053
5.202582258064516 46085
8.417226612903223 54087
10.413648273910585 1097
7.859659569892479 19155
8.244774193548391 21167
8.14485437788019 21183
9.88095032258065 24029
7.597645161290324 29133
14.10794238464679 36027
8.96725986819286 37067
10.802706451612899 41031
2.850898548387097 46047
6.486298387096774 46101
7.949184516129027 48007
8.486009318996416 51171
7.33741091811414 5145
12.255636967741962 53061
4.300255032258065 56029
6.487216129032258 20019
8.416268458781358 22009
7.244158064516129 31083
11.396014838709684 36039
7.289343548387096 47111
6.547298387096775 48267
7.179871612903226 5067
7.08388064516129 5111
2.183535 56031
5.465477419354837 56039
9.645388530465949 13069
8.277758064516133 13101
10.222918064516135 13237
9.07078700189753 17115
8.63647903225807 17139
9.151154838709674 17187
8.607624633431081 21095
7.8037655913978465 22025
7.560082258064517 28071
14.632426190476194 34013
7.073901075268815 37009
4.997051612903226 38081
10.368803096774204 39007
8.65916387096772 45019
5.002054838709677 46119
8.521841129032259 17135
11.304147465437781 18075
7.374748387096774 20157
8.623913489736072 21073
8.081844758064523 21193
8.340534767025089 26069
8.89283906810036 28109
9.845078756884332 35013
10.211899193548385 37097
15.685115322580636 42095
9.949132795698917 45011
6.60396129032258 46061
9.45375150355388 48339
7.557474193548389 51580
10.252696516129028 9015
8.747620967741934 1043
8.766703158602132 1117
9.029346129032264 24041
11.129699018232808 26091
12.006265066102564 26163
6.159200806451615 31041
7.247758064516131 31181
3.891296774193548 38023
11.484437096774196 39149
6.269316129032257 48417
9.968819354838717 1113
8.798139815668202 18015
7.295025806451612 20089
7.425029032258065 20175
3.408298924731183 31013
5.664222580645163 31115
10.330304180645161 34029
8.589113647642687 37037
8.663217943548386 37087
6.433216129032255 40045
6.754791039426523 40049
4.6366659729448525 4017
15.659991178718899 42091
10.046673562412348 45091
9.025921505376344 48015
8.195488172043012 51057
7.893250000000001 5139
28.316296914445974 6039
11.663568621700875 6103
10.870311730205266 6109
7.907044086021503 19053
8.751699354838706 21161
6.832532258064518 26153
7.614639354838713 28117
4.716054838709675 35047
10.648810266363261 4019
9.432248824494273 51013
8.684796774193547 51720
7.174344815668203 12069
8.674717741935481 20005
8.265765322580645 21135
7.920166666666666 22123
8.356986148007588 24037
11.871205693548418 24510
8.87069806451613 26011
6.929291935483876 26047
6.148795967741935 27023
8.02012210526314 27037
7.290224731182795 31023
7.826482974910397 35061
10.264856840934373 36075
6.953827419354835 40029
7.4361987903225835 40101
3.8773435483870977 49025
7.470383870967743 5051
11.109901843317973 54003
10.784604105571853 55127
7.612102150537632 1059
9.061350967741935 13111
9.675739702233253 13175
8.157995161290325 22081
8.423957946785947 27123
8.187106778276842 29183
14.638964346349752 36079
10.17813225806451 39081
10.389691143695023 39155
7.655002304147464 48035
11.454953796834289 48141
6.900938709677418 48153
7.0815591397849476 48437
8.59675337243402 51195
9.116200000000006 54053
7.9065407258064555 54077
8.856035253456218 55109
12.631450230414748 6115
8.470487623618071 46102
8.97411744324971 1103
7.765099999999998 12037
7.399086451612902 19047
11.41033686635944 26147
8.593477956989245 27045
3.9446365591397834 30041
7.409209032258066 31177
9.550065102639309 36121
7.39817465437788 40131
12.506535483870966 41021
7.726492803970226 51015
11.237640448525195 53033
9.638504032258066 54029
10.989112223276383 13121
14.236120788530462 16017
7.662108064516128 20067
8.157169892473117 21159
7.8064064516129035 21169
7.458938364055308 25001
9.676710173697264 26117
8.12592258064516 29163
3.361883870967742 30109
7.42875913978495 31137
8.085461258064525 50001
6.365287903225808 5087
7.757886290322584 5133
9.0510651026393 51730
7.684704838709674 55005
7.235420161290324 55041
8.283096774193547 1007
8.30769112903226 17005
8.007116129032259 20081
6.868927843803057 21047
8.78316676016831 21059
6.550956630824373 27009
7.9296978494623644 28115
4.5713838709677415 32033
11.900451152073735 39069
10.5578482404692 41019
10.344018894009215 42073
6.760720161290322 48115
8.345202329749103 48257
8.754229032258062 48395
8.218438064516128 51137
15.441129032258056 53075
9.058184193548383 54079
5.12960806451613 8125
7.412783808127377 12105
7.78616577060932 18107
7.512762096774194 19141
7.238912903225806 20053
11.276462282878407 25003
11.622630686517747 45007
8.222954838709677 48379
8.470487623618071 2195
7.624915591397854 19021
8.582775483870964 19067
7.4101467741935485 21213
5.716787096774191 27001
8.874596774193545 37145
11.792961315722621 39095
6.468372258064516 40153
14.013039569892472 41059
8.672847063688987 44003
9.438672605651426 51059
7.4745154838709675 51155
8.485306989247311 51177
9.089222580645162 54073
7.656818279569889 28107
6.710406451612905 29015
7.560364516129032 32013
2.945423870967742 38065
6.1926 40043
7.042787096774192 40127
14.667980381830152 42041
10.36408535980148 42123
7.969280645161289 47103
7.269015483870963 47159
7.663584792626726 5003
8.436027016129023 51019
7.21500483870968 51021
3.5071709677419345 8081
9.614754032258062 13031
9.961000322580635 13097
8.83263637096774 18181
8.353387741935487 19079
6.222496774193546 26013
5.810204301075268 27029
6.646072580645161 29179
5.860499999999999 31029
8.39940967741936 51047
12.46936989247312 53003
8.709186827956982 54061
6.678480645161293 55125
5.015089325513196 8101
7.851954838709684 12023
9.145705951840073 12033
9.59649193548387 13131
9.883098064516135 13311
9.2025 19105
8.589457526881738 21029
7.520410599078343 26043
10.455047451612904 33019
9.251099942396303 37021
7.087314415740877 40109
8.470487623618071 2261
9.613797849462362 13109
7.086524731182792 21035
7.9037870967741926 22091
10.074002150537625 26151
7.572826612903221 26165
9.278013978494624 28111
6.847278494623655 29149
7.4657967741935485 31155
9.514455086848638 36003
9.530141075268814 36051
14.865511752499492 41051
7.504178494623654 48505
7.870563709677426 54005
9.43933752122241 55071
9.04730967741936 13205
8.37015395894428 19033
6.783447096774193 21221
9.598111714770802 26111
5.998307741935481 27113
11.953505263157895 30029
9.641574623655925 36101
9.61865806451613 37107
10.664026523297503 39043
10.227537903225807 39083
10.344374731182793 39097
7.361222580645159 47095
6.10426129032258 48155
20.68036141780295 6059
9.011743548387095 13083
8.09967177419355 19081
8.016233870967742 19091
8.540448387096776 19099
7.483318858560795 20015
6.877777419354837 20063
7.067911827956988 20147
12.06588885061069 25013
6.873376612903226 27071
6.630763709677418 29065
5.005345161290323 31171
3.0888225806451612 38033
7.152552397558843 47187
8.91515340501792 51117
3.3903000000000008 8109
8.470487623618071 2016
8.670659498207888 1009
9.223231182795697 13305
8.560265322580646 17049
8.497852109181139 17117
8.682074193548386 21201
6.557646774193547 26103
7.341038709677421 28141
6.771379838709676 29093
6.118856405529952 30049
7.330267155425217 31019
7.033396774193549 31073
7.222074193548387 32021
3.718374193548387 35033
10.630984508627149 39151
7.4249562724014275 40097
8.10851800849374 48439
8.043668548387094 51029
7.192781720430106 51063
8.111290322580642 19007
8.377776344086024 24009
8.551056451612903 29049
6.229946462018737 29077
3.9636913978494603 38009
9.561089753320688 39141
10.64260685483872 41065
9.426376344086027 45087
6.25561827956989 48009
8.972126451612898 48123
7.259395967741937 5093
8.470487623618071 2164
8.276734738019766 12031
7.3322 16015
8.123586021505375 19071
8.855080645161289 19075
7.9163903225806465 19117
7.821559677419353 21147
8.530831182795698 21211
8.059367741935487 22035
9.18879761570828 24001
7.7343408602150525 28001
3.669650537634409 30095
3.2890435483870957 32017
4.191130107526881 38071
6.900183870967745 40123
11.954522580645163 41055
11.147808602150539 42047
9.3830329749104 42059
7.091205376344079 47071
8.097126702508952 48037
8.27604391259104 48139
8.060757526881725 51109
8.470487623618071 2290
9.528897235023045 13293
8.144411469534049 17165
10.7397879032258 18169
7.7273596774193605 21009
9.136026931732937 22055
9.729131612903222 26057
5.71494677419355 30035
9.656981801075267 33013
8.814946543778802 36049
16.826860716845847 42011
6.194463978494622 46011
6.0568053763440854 46023
4.1548354838709685 46093
7.179165591397851 5029
7.081345161290323 5105
8.827892338709672 51187
9.141889426523296 1095
5.182799999999999 31103
9.730775698924736 37063
4.207786774193548 38091
14.533163620071688 41003
6.260729032258065 48125
6.276174193548387 48301
5.104974193548388 49055
7.817263049853367 5033
4.317337903225807 8003
3.5393607526881725 8071
8.058468663594468 12121
8.492818010752693 17055
10.808760215053752 18035
7.518416845878131 21083
8.42099493548388 25023
6.761798387096774 31051
7.598013709677422 35005
11.144690322580646 41009
6.459019677419357 47043
7.300335483870968 47169
6.935294838709675 48227
8.95611779233871 51087
7.19585 5147
8.126052150537634 51540
11.178348387096765 6009
11.661237634408604 6043
13.899670967741933 16009
8.821145161290316 18143
8.64598185483871 21239
9.586412144212531 23009
10.929130220713068 26075
7.7792387096774185 28119
3.7331419354838706 31123
9.868370064516126 37101
10.23411935483871 37117
10.64278448540707 39055
4.784822580645162 46107
9.313008387096772 47139
7.172422580645158 5063
9.289212463343123 51700
9.27796958525346 12133
9.66819139784947 13319
11.474559173387098 18127
7.463196774193545 27091
5.8413591397849425 27149
8.213961290322581 29199
4.566098279569892 38073
10.626381637717127 39033
6.772496774193552 40053
16.134139553349893 42043
7.995210368663581 44009
6.659716129032257 48105
6.382183870967739 48129
6.2999279569892455 48337
8.52157175452399 48423
7.370242741935483 51071
7.5776763440860195 5109
8.073396774193547 51113
7.593733064516124 51121
7.285289247311826 54023
30.18829886753607 6099
8.845954637096767 1083
8.259575806451611 13065
8.359183870967739 17079
7.449956191467217 18105
7.754025806451614 19039
8.001072903225806 22013
6.392591705069125 29109
8.275624317617865 37105
11.051574193548383 39123
6.186233548387094 40011
7.438558064516127 5055
7.916054838709675 17087
10.628792763731486 18095
7.380352258064517 19085
7.9143854838709675 21153
7.633090681003585 21177
6.634427419354841 29215
10.926612096774184 41035
7.465412258064515 48171
7.348981312569528 48381
7.5818290322580655 51141
9.482794693028097 6053
4.973753225806451 8121
8.470487623618071 2090
6.883695053763441 12061
9.211387741935482 13027
8.88437258064516 13243
9.931807526881721 13255
10.981109677419354 16063
7.239037903225808 19133
6.347187096774195 20129
10.859881524926681 26015
8.585639032258065 27049
5.813593548387097 27051
7.1064096774193555 31173
5.432301612903226 46051
6.513279838709677 48003
8.837824098671721 48039
6.3888986021505385 55051
2.077115709677421 56001
4.586445698924733 8075
11.335076832844576 13157
8.77184645161291 17053
9.08446021505376 17071
10.724829157938826 17201
7.41466413662239 20155
10.4008960427607 25027
3.7179193548387097 30079
6.48669151103565 36019
11.272110907599819 36029
9.985511290322583 37015
6.790134838709678 40051
14.284293548387097 42067
5.42526559139785 48043
5.2025137096774206 49037
8.200614516129034 51051
11.530796642528003 53067
7.843337096774196 12067
8.75830903225807 13321
6.925336559139789 20151
10.116108944281528 21015
11.335658971774196 24043
11.96876299810245 26149
10.513105161290312 26159
6.102256451612904 29057
11.754529032258063 39051
11.037018279569883 39175
6.529225513196486 40113
6.592056451612904 47135
8.809208064516122 48145
6.932556451612906 48317
8.572967741935487 51111
9.402177956989249 53057
7.623288172043011 54007
19.253389210233564 16027
7.990512903225804 19185
8.006920645161294 21071
11.418527284946249 36105
9.18659605734767 37099
9.217369677419354 37139
4.709416129032258 46075
6.974035483870963 47075
5.432561290322581 48243
6.852345161290323 48253
7.539320430107526 54019
9.09317444168734 55111
5.902080306716019 8035
7.684418030232183 12095
9.382741555977237 13045
8.629347311827951 13299
8.721627649769587 18027
8.68410752688172 18061
7.320172043010751 20159
8.75747979626486 22097
7.907172580645164 26085
6.595508797653959 27141
9.54196843317973 28067
13.923071931294508 34021
6.675767931688809 40119
7.413920430107525 47185
8.304880000000002 48019
8.973755930521094 48027
7.66546774193549 48465
4.983158064516129 49031
7.261447311827955 5047
8.239551612903224 51139
6.211402764976956 53009
3.6348741935483875 8105
7.61233180561374 8123
9.691194354838709 13187
14.549814516129034 16041
7.020541290322579 20059
6.858593548387097 20097
7.994680645161292 21155
7.861100000000003 29089
7.656948387096775 30057
6.368458064516127 31077
13.424079301075281 42061
9.758273548387095 45081
7.678076344086018 48071
7.064653225806452 48369
9.071775366568902 51810
13.477398387096772 6021
6.970357805379327 12011
7.002171505376348 12049
7.592257464366082 12117
9.515111736444766 19163
8.969938709677416 21023
9.601089318996413 28047
7.627702150537635 28161
10.524162365591398 30001
4.05543440860215 31033
9.903481275659813 33015
9.472319254032254 34009
6.806037903225801 35043
3.7700548387096777 38047
10.457034576612907 39169
11.431983169705456 42001
9.691685824625168 45051
6.9987440860215075 47023
11.010814745284705 48029
16.061168812059496 6073
4.132641935483871 8091
3.3011040322580634 8097
8.470487623618071 15007
10.169777419354837 13181
10.88909032258065 16035
8.512941129032253 21121
7.786906451612909 22085
10.95893588709679 26021
6.07503870967742 26131
7.3816368052856625 27003
6.078098156682028 27083
6.2031720430107535 29185
9.873852877925364 42007
5.190516935483868 46109
8.470636559139782 48239
8.18692292020374 51165
8.609189736070379 55017
9.76258258064516 55039
3.8161935483870972 56033
9.24176559139785 1013
9.049926750590105 12091
10.381470334101335 18097
7.94345935483871 21119
5.820796774193549 31057
7.00131436950146 46083
6.9025591397849455 47079
8.802012442396316 51053
8.73719112903226 55033
9.585206451612905 55065
8.53316 18083
7.54911075268817 21157
7.124193548387094 25007
11.858192741935499 25015
11.877034017595301 26027
9.216475115207377 28045
12.437143010752699 36021
11.209640835777137 42019
8.444080645161284 48355
9.616850000000003 13231
6.835734838709677 20001
7.240216129032258 29073
6.15292258064516 31183
11.738210417768384 36063
8.579603225806451 37095
9.71366550868487 37191
11.032505518588119 39035
8.528245698924731 41015
11.871729953917056 42127
12.82475007168459 42133
6.240604838709679 46005
7.571731336405541 47189
5.5567064516129046 48205
6.470972580645159 48341
7.0019058651026365 48497
16.776549875930513 53021
12.813289943074016 9005
8.797316774193547 19023
7.4624451612903275 19167
7.760812258064514 28013
9.268532258064518 28129
8.650857526881724 28163
6.446077956989244 29209
6.6805693548387115 31011
8.284947670250888 37169
11.699568985873922 39113
7.937676702508959 48147
7.762199999999996 48507
8.861982661290321 51590
7.641732258064517 51678
11.889039354838703 53077
2.9466892473118285 8049
8.470487623618071 2180
8.593843369175628 1021
8.623061290322577 1037
10.180802419354842 13317
11.86527004608295 18001
8.901303225806455 18051
8.884507196029782 21019
5.776090322580642 27073
7.30135483870968 31061
9.347296774193547 37073
10.120033602150544 42083
4.071161290322581 46137
10.236878451612899 48209
8.634283064516131 48297
8.32517557603687 48459
6.703187096774195 5049
7.933104032258062 53027
9.402568387096776 55077
11.918798826979478 16005
9.562969079464997 17113
9.651785980148874 19061
7.382382795698924 21003
8.852961290322582 21223
3.8947067741935473 30059
9.221656261859591 37051
10.126744086021507 39121
9.213413978494621 41001
9.12473432258065 45035
7.815137903225805 47055
7.215741419354822 48451
8.788340112201974 51085
7.052564516129029 55085
18.018136165665926 6067
6.866829301075271 12093
8.025793333333331 13127
8.546499255583134 18109
7.838379723502305 18133
10.8193430740038 18177
10.17676709677419 23013
9.223082346848182 24033
7.205423387096773 27063
6.958572580645163 29223
7.07335913978495 40069
8.91524758064516 41027
13.169588097886558 42081
8.080318181818173 48001
6.0200661290322595 5101
7.451321198156684 51035
10.82800552995391 53029
9.735324208622242 55025
2.102101483870967 56007
4.5143129032258065 8033
8.531249032258062 12079
9.701417741935483 13107
12.034595161290321 16051
9.328282661290318 17095
7.695707526881713 19027
7.384469354838712 20165
7.684385483870967 29201
3.6765118279569893 35007
3.024210967741936 38013
3.0824529032258057 38037
10.364612903225797 39139
10.92251866359447 45077
7.73904623655914 48131
8.112029032258064 48225
6.880059139784949 54071
7.221398924731183 54093
7.195548387096782 12053
5.185790322580646 31017
15.206412049761312 36119
8.527710138248851 54057
26.194515200742607 6077
7.896599539170504 1033
7.593733333333334 12125
10.039262756598228 13021
11.663653917050695 18183
7.8820903225806465 21099
6.769652304147462 26033
5.554848387096775 27011
4.385935483870969 35003
4.187701612903226 38045
6.440166129032257 40055
9.670350148707403 44007
7.5234162580645165 5045
7.977311693548391 53037
7.798535161290327 55095
10.16459722084368 1101
7.190385616076109 12103
8.147021505376342 21229
7.949091935483869 22127
6.358779032258063 27065
6.6183467741935464 30007
12.287458064516139 32510
3.041492741935483 38055
6.508255913978497 40151
9.222117050691246 45069
6.627441935483872 48011
6.84885322580645 48195
4.104033870967742 49017
5.10416580645161 50015
7.588221774193549 51163
11.208535944700447 55059
9.752659677419357 16007
11.068645161290323 16061
8.50207595307918 17081
7.356704838709678 20167
9.197558064516128 21077
8.791362647209413 22051
9.248664516129033 28041
3.764633870967742 30009
7.00561935483871 31167
7.3580895161290245 35015
5.020523185483873 4007
9.697587976539577 47145
6.738254838709678 48017
7.202225806451613 48271
9.53429011446409 51740
16.062078259408597 6095
7.681094354838711 17003
12.103286738351256 18151
8.637068548387097 19101
6.937326612903226 20205
8.554281362007169 21113
8.629995161290323 21181
9.421088709677417 28031
11.95884838709678 33005
6.301264516129032 40129
6.195458064516129 48345
6.599630967741937 48353
8.731912298387098 51143
2.392173149001536 56021
7.158619354838714 12027
8.451946774193543 17083
9.111748387096771 17129
10.0064560483871 17143
7.562236656891496 20045
8.210303225806452 21179
10.70932539589443 24027
7.745334516129038 27025
6.533156062291433 27145
8.328620161290324 28105
7.279249462365592 29017
7.04912741935484 29119
7.2627467741935465 35023
9.97899483870968 37173
3.7785322580645158 38069
10.86774545454545 39091
5.098721774193552 46065
6.692574193548385 47039
5.979709677419355 48101
6.744780645161291 48233
8.884350000000007 48287
8.45599262672811 48361
11.677111559139783 50003
12.279330645161293 50021
8.828627956989246 12013
7.758069086021497 21227
7.1921876344086035 26141
8.18885685483871 28011
6.048796774193549 29039
7.209028571428566 31079
6.747812903225808 40057
11.747892258064512 42031
10.86928172043011 42053
6.505929032258066 48033
6.512659677419356 48207
6.215168548387095 5089
7.0946193548387075 5121
9.357658064516123 55137
3.2084758064516126 56017
3.8013943548387092 8007
8.470487623618071 2170
8.305765591397849 17065
9.793955728587322 17091
9.186286559139786 17125
7.507392741935482 19063
8.934464895635678 23017
11.756601867572172 24015
6.400212903225806 46111
8.26690064516129 49007
8.34715387096774 51001
2.246032258064515 56009
7.769051512096791 12057
20.73553729032258 16055
11.12314301075269 16087
7.594294354838716 19137
9.071008387096775 19139
7.585411059907833 20113
8.04851129032258 21205
8.944980286738355 24019
8.00591312569522 29019
8.642376129032263 29147
8.104287096774197 31025
4.249112903225807 38063
10.30343903225807 39059
6.445784457478008 40071
8.318533333333333 48289
7.096549677419354 51077
8.233920967741936 51157
8.64875806451613 54105
8.87131774193549 55061
9.242917511520734 55097
44.34752572373863 6107
10.500854000000002 13063
7.5205838709677435 19077
8.558618975332061 22087
8.296514746543782 26129
5.7672964516129035 27005
9.216708870967743 28073
9.737867354838706 29021
7.160799078341015 47053
6.219552580645163 50011
7.974746370967741 51023
9.26723196480938 12063
11.603543870967743 13119
10.922178924731176 13297
7.521002419354839 18121
8.829796236559138 19171
7.7492032258064505 20093
7.815053763440857 22041
7.03650725806452 26031
7.077029032258061 31039
4.7213774193548375 31049
5.9456459677419335 31089
11.898168663594468 39137
8.925798064516133 48051
9.928494821731752 48157
3.6072741935483865 49009
6.1672534562211965 5009
7.268816129032259 51045
8.470487623618071 2158
8.891670967741936 13061
7.6115600000000025 18119
8.092042857142859 19015
6.91949677419355 20195
6.802566129032258 20207
11.979594802867394 25011
8.23716129032258 29001
7.313017741935484 31129
7.405438709677418 47027
6.949579569892474 48165
8.174545806451613 48499
8.88564946236559 51830
15.828888753269391 53005
3.117987096774194 8079
8.25690501792114 1079
9.521556182795694 1087
9.12258903225806 13071
8.847961290322585 17147
8.18315591397849 19135
7.8686570239333795 20173
8.508605376344084 24017
7.484258064516129 26119
7.369195161290322 31035
13.367183870967716 36001
13.379007589097037 4013
10.345494838709682 42117
7.534506517445677 8005
9.08326 18005
8.90398387096774 21081
7.407907624633428 26041
9.914872793670135 26139
10.729644239631329 47009
7.0974465949820775 47097
10.162124731182795 51169
9.638726958525343 1039
7.124659354838712 12035
11.165650806451609 13011
12.655450645161292 16069
10.84403870967742 18161
7.493909677419354 19041
6.764731378299122 40019
5.778808602150538 4011
7.203288479262669 47109
8.308940916808162 48085
8.959923118279573 48185
6.629825806451613 48319
6.442047311827956 48495
3.528974193548387 8051
4.2443983870967745 8113
9.354317338709672 1109
11.183520967741947 13013
11.647720967741938 16047
8.387054838709675 18101
7.903388064516127 22061
5.793785483870967 26083
8.629537829912026 27109
7.658958064516131 29033
8.25710806451613 29079
7.431605161290319 29131
3.9688451612903224 31069
7.798748387096775 47035
23.48298883870963 49057
11.572657419354844 53051
7.388186021505377 54109
8.045035483870965 12047
8.600284348864992 13095
9.258451612903222 13235
9.508481935483863 13251
12.927978064516129 16067
7.876029892473122 19049
6.652435483870968 20033
8.668623240469213 22019
7.907847983870973 27147
6.195996774193551 4009
14.76454967741935 42119
7.375193889000183 47037
7.01137071960298 47167
7.0585943123938915 48441
7.320128842504747 54081
3.4709580645161293 8023
8.04270053763441 17033
5.990383870967741 27173
6.445620967741934 29013
10.33671013824885 37065
9.145831899641578 37085
9.789773271889402 37149
5.230470967741935 46091
8.046720161290322 5081
7.015842741935483 5135
9.292996774193545 13017
9.358125806451612 13123
8.329589677419357 17193
7.576109216589866 20057
7.293722580645159 20127
11.629124596774197 23023
6.052262903225805 27081
12.035126146010178 36113
9.382927649769591 37049
14.661147311827957 41053
10.462523655913984 45001
3.7925177419354843 46031
10.51970403225806 47173
8.146173548387099 48373
6.927055913978496 54101
5.303980645161286 6027
8.470487623618071 2068
8.779069354838713 19107
7.901448387096778 19189
8.423840725806448 21235
7.762112258064521 26135
5.832876451612903 27021
8.223876344086015 29081
10.332618100358433 37127
5.42025591397849 46037
7.199341129032259 47045
11.581852956989248 47063
8.087144700460824 48291
7.994183064516129 51065
16.2185875073314 6041
3.3287096774193556 8027
4.900677419354838 8115
8.470487623618071 2130
7.956064516129033 22069
7.681684677419354 26105
7.7988575268817195 28145
6.372483870967744 29067
12.095962246117077 42055
7.53619838709677 54097
14.388417245657596 6087
8.74279161290322 17021
10.300207038123167 17141
12.487379536290323 18003
7.838716129032258 22037
7.193821658986176 29107
10.290658709677427 36073
3.527427419354836 38103
14.157300806451607 42025
9.406352822580645 45067
9.39131873449132 54107
6.824944328515361 12099
8.39317177419355 13191
6.704922580645159 20011
7.776790322580642 21139
6.340759723502301 26053
8.203658064516128 28055
11.234036774193548 30053
2.851667096774194 46033
4.193733870967741 46041
4.473145161290322 46095
7.923098156682029 48067
6.828618548387095 48093
8.219235806451602 48349
9.621346898263031 13295
7.780592258064515 18171
5.859625806451614 27125
4.066777419354838 35059
6.1871309677419335 40141
6.424682258064515 46009
5.815599999999999 46025
6.335787096774194 48211
7.211609139784943 5075
4.878387096774193 8103
8.470487623618071 2150
9.51224774193548 13145
11.61927188940092 18179
7.396183870967741 19143
7.888658064516131 19173
6.753420430107528 20031
8.206727419354841 21079
5.820581290322578 27119
8.057830967741936 29121
11.593579493087567 39173
12.867127956989256 42089
11.199450712002312 45045
9.79959354838709 47025
8.289997695852533 51089
8.364420645161287 51099
7.297379032258061 54089
9.093145161290321 6091
9.773664516129031 13209
6.721187096774194 16025
9.795441935483872 17155
7.514214112903227 20009
6.934487096774189 20191
8.413040725806452 21163
7.988259252971139 21195
8.391505376344089 28149
6.498117741935484 29083
7.567555241935478 29195
9.556641439205958 37077
8.905774193548384 39001
7.584676129032255 48221
8.364804435483872 48293
6.2234024608294884 50007
13.168030443548382 53025
9.764209139784938 1001
9.309986175115204 13233
9.176220967741937 13307
9.733103870967746 17011
11.927005045492146 18089
8.609623041474658 18129
3.4176620967741917 30087
9.352327837514931 37089
9.981204765395896 37129
3.4405693548387104 38043
10.262036098310285 39157
15.330521908602142 42045
8.37237096774194 48397
8.848224163116253 54039
14.210665813278785 9009
7.340832001141886 12127
7.833212903225808 17151
7.5665632258064495 18165
6.668104838709677 20179
8.166585000000001 22105
9.853517029257317 24031
6.616248387096773 31163
6.747754838709683 40003
3.5707245161290326 46081
6.27463064516129 48075
10.986950945494991 48187
8.447790818858557 48401
9.78541290322581 49023
8.820745806451614 55053
7.719538387096777 6057
7.627246774193548 12003
8.345606451612904 17101
7.733545161290322 17153
7.68988870967742 20079
7.961303225806446 22059
7.22516397849462 26137
10.557167419354847 36099
12.569823552394357 36103
10.344790175953069 37045
7.5660923387096775 40089
10.291333870967735 41013
7.075421935483869 47033
10.183881105990778 47123
8.361422580645163 48031
8.54796064516129 48183
7.261229032258066 5025
7.9917329749103985 51161
11.782451612903227 53013
10.19330456989248 53065
11.358459052894512 55079
9.646407196029788 55117
9.803576451612892 6045
8.74829467366842 12005
10.02425508684863 17177
9.635354480286734 24011
6.606181720430105 40085
11.070509879032253 42121
7.291937096774195 48375
8.016482697947206 51003
8.859423924731187 51031
8.092512903225805 6003
9.180093548387099 1049
9.013129677419352 1123
7.9722451612903225 16037
7.7030860215053725 17133
8.715603225806445 19157
7.119516129032259 20203
7.83536290322581 22067
6.81547483870968 26071
7.000603225806454 31065
10.19588709677419 36025
11.576472503840243 39109
10.297823655913994 4021
11.374716522423304 41029
11.330948935483876 42129
6.27574193548387 48433
3.9387532258064515 56035
8.470487623618071 2122
10.807253405017914 13139
8.106375806451615 17189
10.563704838709677 18059
9.255023118279563 18079
8.764488563049866 21101
7.861171347248575 21145
8.488808870967743 29127
7.377367741935483 29151
7.210481003584228 40041
9.998363440860214 13085
8.187004838709678 18013
8.027610967741941 18093
7.738295161290326 20169
7.758436129032257 21031
7.242305865102645 27137
2.603764516129032 31165
6.982659305210916 36031
8.015328673835123 37055
9.851117151848934 37179
6.022835483870968 48447
7.9697554838709666 49039
7.248235791090621 5125
