11.317767741935484 17039
13.26094596774193 18135
9.164237634408604 20013
12.355282526881721 26023
9.579159824046917 26035
11.26422030360532 26155
9.405595698924731 31001
12.13346129032258 32029
10.037691218637985 37001
13.968821612903222 39159
5.516925806451613 46063
10.053744991511028 47011
10.124241191067002 47073
9.488592473118272 51009
10.020390029325524 13047
11.246433870967744 13249
11.38216559139785 17157
8.343315207373271 22093
9.04110599078341 28133
8.019403225806451 31063
6.719961290322579 38057
13.774196774193532 39161
9.284893548387096 40033
9.61840806451613 47049
9.894375142954026 2275
18.25943655913978 16045
10.384088888888893 17001
13.005784210526317 18085
9.143323963133641 21133
12.046150806451603 21219
11.392590322580643 29207
9.81568768328444 36117
8.463042741935478 37121
7.745396774193549 48173
11.11025403225805 55135
12.322070967741931 16039
10.649090322580646 17175
11.073181663837019 24045
8.082541397849463 28091
8.751238709677418 29227
7.552619354838709 31135
13.539491263440855 34033
13.04929298737729 34041
8.799905123339656 36077
9.966921458625531 36109
13.284399240986719 41071
9.25246672918229 48061
8.002523225806453 48265
8.054630645161293 48399
11.771001075268819 12065
8.640634465195253 12119
10.234884367245654 13217
10.874827096774188 21207
7.695396313364059 22011
8.021529032258067 22113
8.478101612903226 28015
5.42658064516129 30055
9.344223847926273 36089
9.666634408602153 37103
13.211249462365595 39127
11.584068458781365 42035
11.375626728110596 9003
12.140091028225807 10001
9.663248387096774 13015
10.06729102150539 13067
10.751218663594456 13179
11.507506826706663 17019
11.242258064516125 17107
12.796147983870966 18023
11.33335967741936 21137
12.401524731182802 21187
10.11133467741935 29167
7.455996774193552 31071
8.369041935483871 31145
5.78432258064516 38025
6.735500000000001 46117
8.95588026565465 47019
8.512353225806452 48255
7.4541774193548385 48383
8.761519354838708 5017
13.642943988269796 6069
9.894375142954026 2070
11.965583870967736 13279
8.153969892473118 13281
10.133900537634407 21115
7.446146935483869 22039
8.836476774193551 28101
8.588641935483873 37115
8.257548387096774 46035
7.457516129032257 46123
6.321363870967741 8067
11.211604435483874 27035
10.452986693548386 27115
9.928946133167921 31055
11.028714838709687 45055
8.05805 54075
9.894375142954026 2110
10.747191935483867 13197
12.220137419354844 18045
9.019947580645164 20117
10.348630967741936 21175
10.98438635235733 26157
9.584905161290328 27047
8.458570967741936 28097
6.522029032258065 30081
5.921035645161289 32023
11.071552365591408 37159
12.624999139784947 39009
12.088877134724846 42013
9.210317204301072 46127
10.793836798088416 47113
8.307638248847928 48219
11.242883870967747 51685
4.363958064516129 8019
9.651903456221193 13285
7.540725806451611 22117
8.443427419354839 27167
5.514641935483871 30025
10.243364533379307 37183
9.202904301075273 40099
6.911212903225808 46055
8.560912406947903 48347
9.614691818181818 5115
11.269818548387095 54065
4.659312903225806 8047
12.125641935483875 17045
11.215634838709677 21045
8.39994608294931 26009
8.763520967741936 29129
7.9654924731182755 48083
9.692493548387093 51520
11.305892293906794 53035
7.453846679316888 8013
17.65555161290323 16071
11.499425806451612 21105
9.910407526881718 29011
5.14475806451613 30107
13.215165053763453 39029
9.637537634408615 40091
12.118387096774196 42057
9.359333333333336 47007
7.680990322580645 48045
9.303252903225808 50017
5.46114193548387 56027
16.746910928242293 6075
9.640305322580645 13113
11.54223387096774 13165
10.801080645161289 13259
12.915068817204308 18055
9.40599008064515 23031
10.15606290322581 29181
9.718822580645163 29205
12.031777617865993 36087
10.690133640553 37059
11.276055376344086 45037
7.995445161290322 46003
8.380308288530465 48245
11.314924731182796 54035
17.436983870967733 56041
10.986324193548393 13169
10.037029838709673 19055
8.844293951612903 23027
12.164525310173719 24003
8.454440322580647 28125
9.96735913978495 29137
5.757542473118277 30067
8.442730645161287 36095
9.835885483870973 37033
10.69400665972945 37035
13.043644498453402 39093
8.509982949308752 48249
9.961581566820275 51149
8.594139999999998 51640
5.175697926267286 8043
10.607598387096774 13141
10.398880645161293 13221
13.227553958944283 13275
11.982374193548392 17047
9.284141935483872 20115
11.623446774193548 21069
8.583302508960575 26101
10.720725000000002 27097
9.747803225806459 28003
9.85679892473118 29085
6.136361290322583 30003
9.806127531882986 31153
10.54576979472141 37061
8.650872903225807 40023
7.325932258064515 46069
12.38575860215053 49047
9.438532258064512 50019
9.815111559139776 6089
10.273910752688167 13263
7.668210967741935 26097
10.423799120234598 28033
10.19556129032258 29053
9.556636774193548 29117
9.098189247311828 37143
11.383857974910391 42051
10.011910967741937 47107
11.920996543778822 47165
8.160953110599072 48135
10.863271428571437 51069
9.507412903225802 1075
12.451720967741933 13287
8.325968145161292 23021
7.784269354838711 31111
13.853075537634432 39037
14.218211392037263 39061
8.925535017921144 47029
8.166543010752688 48429
10.251022770398482 51061
5.3550016666666655 56025
8.373284348073788 6065
9.40569964157706 12075
9.136298709677419 13143
13.829533677419363 21037
12.140433064516124 21061
12.14752473118279 21141
8.604947311827946 22109
12.582879850867258 29189
9.556040000000003 37131
12.152027419354834 39111
9.298118548387091 40073
8.166846774193548 48127
8.629643548387097 5073
10.591196774193554 53001
11.273991397849462 55049
10.529720430107535 13195
9.298877419354843 13227
8.575580645161292 16079
11.547932258064517 17059
8.33510430107527 19121
10.30937311827957 21129
10.670156682027644 21199
9.502802508960574 27041
9.093200000000003 31059
6.576490322580649 31157
6.687306451612905 35035
8.02083655913979 38099
8.151716129032259 48421
8.6970564516129 51005
8.976391935483871 5113
9.5806573732719 12001
11.91557806451613 13001
12.101169744887203 17097
12.350916935483873 17185
8.458840053763442 19181
10.333794009216586 24039
10.116751628715985 25025
10.855424193548387 27157
10.040191244239631 29009
12.886883323189261 29510
13.336824423963126 39099
8.100875596072935 46103
7.395300000000001 48137
8.639438064516131 5027
9.258965362903226 53015
9.961958333333321 55075
12.945778709677413 18011
14.029664516129031 39107
9.125049677419359 48021
7.9242580645161285 48087
10.431625806451617 5031
12.050018595825417 12073
10.457664516129034 17149
13.41912729528538 18057
9.560802508960574 21013
13.718046734854434 21117
8.495112061711083 22057
5.268432258064514 30069
7.094612903225808 31113
5.824545161290324 35019
6.871937468982633 38101
10.301851254480287 45029
10.113016774193548 47057
11.822770250896045 55089
12.198833179723502 6063
6.293847866004949 8041
11.144010967741938 13099
11.793461290322576 17027
9.903811520737326 19065
8.943987096774196 19147
8.925374193548388 20141
10.968658472846068 36071
13.38251793430008 36085
7.008406451612902 38029
12.593427586206907 39085
9.810570430107532 40087
8.778521290322582 40117
14.289920430107507 42097
9.410996236559136 50027
9.49268185483871 13213
12.996826612903224 18159
9.293587096774194 20003
12.357603181003535 26099
5.325858064516129 30097
13.415807373271894 39047
8.50237806451613 40139
10.37531843317973 42015
9.589364086021506 47059
9.88189838709677 47069
11.491581854838715 55093
9.894375142954026 15005
10.15484193548387 1011
10.50464913978494 13059
11.466325806451605 17093
9.165886717267556 23025
5.474204545454548 30013
9.324769086021504 40047
10.882378064516129 45049
10.680306912442408 47093
8.808172903225808 48057
11.71823325062036 51107
10.64913978494624 54085
8.790008064516128 1023
11.642013196480937 24035
9.404982258064516 26133
8.370506653225808 54055
9.659527956989246 13129
11.061451254480287 17103
12.024030967741934 17159
13.112861904761912 18063
9.70374040747028 19013
9.161855913978501 19093
9.422068121442123 27111
9.687792390891843 37027
6.265832258064517 38085
13.666592204301061 39135
8.771801935483877 48089
8.282394623655913 48193
9.894375142954026 2220
12.156683870967745 17023
9.523645161290323 19149
9.404326344086016 27043
9.968040552995394 27085
9.123669892473112 31095
13.038203942652329 39071
12.155305322580633 39145
10.16060967741935 42023
8.70258903225807 46135
9.544971612903227 48321
9.346425806451615 51007
12.21310877791563 53011
12.582034958739658 55133
6.507565591397854 6051
10.728080987292271 6097
7.430722580645161 8061
12.787307347670248 18039
12.998778387096792 18067
9.063976129032262 19059
8.657006451612903 20065
8.82151612903226 20119
13.585626183298185 24005
10.101645622119818 27017
10.010720276497695 27103
10.375703870967742 32019
5.712677419354839 38001
14.069947702834808 39003
12.183753456221202 39053
9.322466935483863 40107
7.901570967741934 46073
10.373403870967747 49041
37.63073989415326 49049
9.921019354838709 51036
10.575737096774189 54017
11.94766264855685 55105
10.548323552806021 1089
11.771616935483872 13273
10.9342735483871 17061
9.053145161290324 20197
10.942927344913162 37071
8.170052073732714 46029
10.172056451612907 47127
8.670223579109066 48041
8.689829032258066 48285
7.839155913978497 48307
8.932318838709678 5019
8.308178801843317 53031
8.747990322580643 54067
12.551999440860195 18141
12.453909677419368 21085
13.090270967741937 21215
9.165576881720428 27105
10.884484516129023 29219
7.10923333333333 30089
8.748708319185067 33009
8.61687338709677 37137
7.533016129032259 38095
13.864942741935502 39089
12.670712054329382 42005
12.038672811059904 47147
9.009518475073309 48217
9.594235483870987 48491
9.088867741935484 5129
9.286972645161292 5141
11.678329032258068 13037
5.816948387096772 30085
7.11222258064516 31009
8.660129032258066 31139
9.69335161290323 36123
10.323044076985646 37081
5.713983064516131 38089
9.691241935483875 40061
8.19708576612903 41061
13.17527139784947 42037
7.013764516129032 46121
8.617137096774194 46125
11.686957347670258 47021
10.286089516129037 47087
8.792060080645161 48097
8.460137860780984 48231
7.567103225806452 48431
11.731526918798668 54011
11.296592258064516 54103
9.894375142954026 2185
9.769373548387094 12041
8.169619217570357 12115
8.923525806451613 19009
8.158751612903226 20153
7.912070967741936 31175
9.960386587436338 36011
9.437289216589868 37193
6.329444239631333 38105
10.38913475073313 54033
12.896395340501794 6005
10.252903722084362 1115
11.027400537634417 17085
9.007752419354837 20111
10.949248387096771 21197
9.076183870967744 27033
9.610890909090907 27061
8.764206451612903 27117
9.408704301075268 27129
8.598196774193546 28019
8.609282580645162 28039
8.937600000000003 28103
10.85352132616488 37109
11.056775546305937 37155
13.589198240469218 39005
13.849609970674518 39023
8.445835483870969 48237
9.10285161290323 48367
23.29628933002481 49043
9.462730107526882 54031
6.459006912442395 56005
10.248301906158355 1077
8.598092416947507 12101
10.35143139482053 13051
13.492089032258056 18029
12.70368580645161 18153
7.948719354838711 20199
10.671044153225804 24047
9.318434767025094 28095
8.725120788530457 28121
13.856293062572881 34017
9.83352580645162 37069
7.285130899830215 38015
9.016418548387094 40095
10.114253763440862 47015
9.924077419354845 47141
9.476817921146953 51083
9.386377096774194 5117
14.35824123972169 6007
10.556590967741936 13053
9.824548790322583 19017
8.698545161290323 20049
8.49410709677419 22027
7.201046989247313 22125
9.49625483870967 27015
10.30241075268817 27159
11.14889563567362 27171
8.080192473118279 28077
8.90233870967742 28099
9.648915053763442 29041
5.506512903225805 30005
10.349022759856624 37125
13.381165365025467 39119
10.349772311827952 45027
8.696582795698925 48477
12.333020967741929 55101
8.145006971904262 6025
9.888979032258062 1041
9.813838494623658 1047
11.469168817204306 17199
7.418303998044966 22079
9.39874091680815 28081
10.406640860215054 29125
9.217603138371839 32003
9.50349397849463 37141
13.141444354838711 42087
15.396034963037637 42101
8.332222580645167 48357
9.22531370967742 51135
9.735641129032258 55031
10.425514193548391 1051
9.08463416965353 12017
11.40089193548387 17069
8.930724193548388 20163
8.857982258064512 31097
8.230305767350929 35045
8.719963709677419 40149
9.38072609970674 48481
9.894375142954026 2100
9.886892580645174 1055
9.812281218637992 13117
12.473369354838708 13155
11.884644354838704 18111
9.173799999999998 19187
9.29584774193548 27135
5.856983870967742 30019
9.16116290322581 37029
8.088083870967745 37189
7.4458838709677435 38027
9.232070609319006 47155
10.67209131513646 47157
8.165190322580646 48151
8.19063410138249 48179
7.58551612903226 48235
8.098832258064517 48333
8.335838709677418 48405
9.752019354838707 51093
8.376056021505375 51197
5.2080048387096785 8055
12.145345161290328 13271
11.505468817204298 17173
11.361493548387092 17179
12.950196129032264 18113
12.510735169561622 26115
10.256493548387096 37079
9.573736451612895 37181
13.558703584229388 39027
8.716603225806448 40093
6.678898387096776 46129
6.357577419354839 48229
17.373421859582525 6061
12.07360317174265 11001
8.535412903225794 12107
10.41403072580645 17161
13.642886774193554 18145
7.958976963732467 22071
10.02381274961598 26121
6.237054838709678 35011
7.958886200716859 35025
7.968834408602148 46115
10.816616248506579 55073
9.894375142954026 2230
9.11083548387097 20201
8.187068035190622 22099
8.006088172043013 27075
8.893294623655915 27107
7.261764516129031 28005
6.737464516129031 31091
11.946229460861726 34025
5.719042580645164 35027
9.559965718475084 37171
9.544763978494625 40079
8.70237258064516 47171
10.023956451612902 5143
13.880344540942932 18019
8.949903225806452 20101
7.7317103225806445 22121
9.852934897360713 27099
5.250825806451611 30037
6.766087096774193 31005
9.115051612903223 31169
13.628632229262683 32031
9.941012609970668 45089
7.646693548387096 48413
9.235604301075272 5127
12.89988284883726 53053
26.475830993678187 6019
8.854665207373275 6093
11.327301262272083 13153
12.854710887096777 18087
9.321889032258063 19129
11.837283512544797 21089
9.235667741935481 51049
6.416546774193547 8073
9.35967165898617 20161
11.466088172043012 21007
12.443805645161284 21123
9.265348387096768 28087
12.850417409867154 34035
5.517049193548385 35028
9.068659139784941 51125
9.537408064516129 51595
11.80421917562724 54069
8.948476258064527 12113
12.23469596774194 13315
12.36622580645161 21005
12.77383440860216 21041
9.36552258064516 28009
12.419110531309288 34011
4.946142473118279 35055
13.605632009925555 39063
6.8118548387096745 46007
8.183974193548387 48311
8.918316129032254 5011
9.889598847926266 51199
8.766320737327186 55003
11.024889247311826 13183
10.131675053763445 13247
11.676625806451618 17041
10.549044354838706 17057
10.028400716845871 26051
9.145287096774192 31053
8.355660703812323 33003
7.402257258064514 36041
10.329076958525341 37003
14.28238455645158 39017
11.217881935483872 47161
9.450291397849476 48091
24.15757661290323 49051
9.415550537634411 51105
11.098544000000006 55063
11.000809677419364 55123
6.584617741935483 56045
14.668239919354843 16011
11.518325089605735 17075
9.659937965260546 20125
9.925085337243404 26107
9.209016129032259 31099
9.687470660522274 36083
13.077148138957819 39077
12.723358422939073 39171
9.22358504398827 40137
11.053337634408596 47083
8.83545389962807 48113
8.22866129032258 48261
9.493348387096772 5065
9.309045161290321 5095
8.140535483870968 51091
10.604830322580641 6011
7.626045161290323 8095
13.180651612903226 18025
9.35401847507331 20035
12.245831182795705 21107
10.397865591397855 29055
8.782730752688163 33001
14.113827565982408 39011
9.852577972350224 40143
8.286464516129033 48065
8.389153405017925 48189
9.349950967741934 51175
9.493058709677413 1107
7.665550000000001 12043
10.893697491039422 13009
11.623819787568856 17089
9.07902741935484 19025
9.84987150537635 21051
5.581750537634408 30021
6.005827419354837 30077
8.953662580645156 31131
8.241220645161288 38067
8.003104032258067 41023
8.411188709677422 48315
9.389020967741928 5107
9.536517741935482 51159
9.056625806451615 55037
8.541524731182802 8014
12.246919354838715 13161
11.502383064516131 13193
8.718669677419355 19029
12.784585483870972 21027
9.901394354838711 27143
8.996672156196949 28151
8.901590322580647 29005
8.087786021505373 31003
11.15958560188827 34037
10.918158155383912 42049
10.977139784946234 45005
11.271761612903225 47131
10.863889972794407 51153
10.101951612903227 54013
11.187804279046668 6037
13.01429318320147 6079
12.771445967741933 13075
11.19116774193548 13289
11.238765806451616 17063
8.235690322580647 20187
10.960123502304146 27139
8.977916935483867 27151
8.736957258064514 28023
11.671651008064513 29031
9.16043870967742 29211
5.808858064516129 30051
7.72302834101382 32007
11.430425310173705 42065
8.709497800586506 44005
9.301948387096779 47175
7.461903942652327 12055
11.909023655913979 13005
10.576750322580645 13207
11.787868145161289 13261
11.02743870967742 17013
9.434187634408598 19083
7.438265806451612 22043
8.932458781362012 23007
10.132162096774193 27153
8.46746258064516 28051
8.872082258064516 29171
10.072872580645159 29225
8.059970967741934 31087
10.963292831541224 37093
10.807893796526058 37167
9.593867096774192 42105
8.421223041474654 48161
9.616783225806456 51145
9.420356451612905 51620
5.688609677419354 8057
12.966108064516131 16031
11.729564702233244 17111
9.982438709677423 17131
11.723298811545039 17197
12.548800610287723 18157
7.796809354838709 22107
10.327960117302066 26123
9.927909475806455 27013
9.374454838709678 27087
8.707956048387095 28083
7.928808602150538 37075
8.711473313782992 38017
6.047213978494627 4012
26.426561290322578 49029
12.005096774193545 54009
7.548305376344087 8063
13.861956129032238 18043
9.724801075268815 19115
8.482598387096774 20039
13.00488123167154 21093
8.827081505376343 22045
7.374211612903224 25019
10.303086635944698 29007
8.904300000000001 31127
8.859680645161292 31133
12.06858561290323 34027
6.649182258064521 35057
7.357034677419353 38005
7.589219354838709 38039
10.797103225806449 47085
8.350145161290321 48313
9.48264677419355 50013
10.556320430107526 55119
8.500723041474656 8029
9.386566666666667 1065
10.46085102639297 1069
6.961076221198153 12085
11.028903225806447 13303
9.001174193548383 16033
7.124276344086024 16085
10.96088387096774 17123
10.81998951612903 21065
9.858810752688177 29175
8.226590691244244 37039
12.273276008064503 39167
14.229060725806448 42107
7.3752516129032255 46089
9.23751451612903 47061
11.274157478005865 47183
8.454494623655915 48163
7.716502379032256 49021
20.573896774193553 49033
10.073783711375192 5119
8.754625806451612 53069
8.755649677419354 55007
9.894375142954026 2020
13.283131720430111 18117
9.563637365591408 19103
9.26703709677419 20069
10.890400198511182 20091
8.714484485407072 28089
11.21554777680905 37025
9.58492778355879 37133
11.785516927803384 41043
10.939709677419355 42113
8.828054838709674 5099
9.510725806451616 55099
11.399305645161284 55121
12.537610052513125 6017
6.945057419354841 6105
9.894375142954026 2060
10.609521658986175 13029
13.288382027649776 18041
8.37181612903226 20075
8.568647311827958 28155
8.216662463343111 33007
6.968642580645162 38059
15.956617217741936 41045
8.359188045540792 48005
7.832803225806451 48095
7.103914516129033 48111
7.678235483870967 48263
8.903209677419353 5097
12.844145560675903 53063
9.506496451612904 13077
10.824360322580642 17137
12.24744516129032 18073
9.21685564516129 19095
10.521812903225808 21063
6.0685935483870965 32009
10.297935806451614 36107
9.078638709677417 37041
13.947772222222216 39101
6.878912903225807 46021
10.050308211143697 47099
11.569800246244748 26049
8.634984516129036 28043
6.530908064516131 31161
6.0848329032258075 32015
10.106472903225798 36013
13.60278456221197 39045
13.93396341013825 39133
8.170691935483875 46077
11.864599999999998 51600
12.453099677419363 55055
6.445048387096773 56043
8.369616129032257 16023
11.684308602150539 21143
10.264454193548396 29141
10.89848758064516 29165
6.56986989247312 30043
10.69986344086022 37007
10.017723041474655 37135
9.949037388632878 37157
13.046481105990782 39073
7.389919354838711 46049
8.390915161290323 48471
8.990470322580652 5057
9.50033978494624 51081
9.378487741935484 51183
18.33788066066997 6013
7.6110774193548405 6015
11.675566991935469 6055
10.390564516129036 1067
8.935709677419354 1119
8.50828870967742 19159
11.76807741935484 21217
7.651641397849467 22115
10.773951129032259 45075
8.915394089945824 48121
7.815895161290321 48351
7.853812903225801 48463
9.707134838709681 5015
5.546216129032257 8111
10.083728136200723 1127
8.792713548387091 1129
7.967851358234301 12015
11.805424193548387 13283
7.284535612903224 16049
13.73769032258065 16053
11.903992473118283 18007
10.923152419354846 19045
11.323232258064515 21075
9.006129032258062 23015
10.85048595825426 29071
6.482751612903215 35049
12.115159838709669 39013
11.949235483870963 39087
9.6585185483871 40105
8.0440938172043 41007
10.563365275142301 47119
9.468237741935482 53045
9.667369516129035 53073
10.18503870967742 54027
6.448567741935485 56011
4.761294838709675 8117
11.485885161290334 13073
12.31768617511521 13087
11.318544623655914 13225
9.514169892473113 20043
12.221290322580641 21097
7.31020113851993 22063
7.990773118279567 26003
7.811491935483874 28021
10.396227150537632 29145
6.635551466275656 30031
9.784856129032256 40035
9.550630995792421 47179
9.329362499999998 48055
8.710033333333334 48063
8.051754838709671 48199
9.075826728110602 51167
11.309855913978499 54095
10.97790510752689 55043
16.585999539170512 6101
9.18639473118279 12019
10.48526344086022 13219
10.33728064516129 17169
9.056235483870964 20131
10.70899677419355 21057
8.647704301075269 28053
9.942165053763437 29217
10.149627240143374 47089
8.962287096774197 48331
8.72155322580645 48449
9.315379569892478 5137
9.374864936886404 51770
14.172443052109164 10003
10.2157688172043 19043
12.873701075268821 21149
8.159047741935481 22065
9.84695253456221 26109
7.365538709677421 31101
11.913620314487204 36059
8.516183225806447 37005
8.449967806451609 37199
12.100640478668057 42027
10.436265395894422 42115
10.396803415559775 45059
7.468106451612904 48435
8.472690967741935 49001
9.759369534050176 5005
9.799379233870958 5085
8.913449947970857 1003
7.655811618612621 12009
11.951866506520268 13245
13.396409677419348 18047
9.761760483870969 20087
8.329483870967742 20109
7.628740953716698 22033
7.544737992831547 22075
13.377883106960955 24013
12.755870174510822 24021
10.187900000000003 26063
8.412019354838709 28131
10.239983577712612 29159
6.820802150537636 30023
4.866329032258064 30045
5.996330645161291 31045
9.612206713164765 36065
8.277520276497699 37175
6.8920903225806445 38083
8.302466129032258 40009
9.782866612903225 41049
6.936974193548388 48443
8.905821935483871 5043
11.099026728110601 51683
9.419347311827954 54015
7.982785376344083 6023
9.890236070381233 1121
11.233625806451617 17203
9.100519354838713 19165
9.564787096774191 32005
8.221986827956995 35009
6.734054838709679 38075
8.715901290322579 40039
6.105704915514588 4025
10.76068084677419 41033
10.923920430107525 45017
10.383344982078858 47001
8.347971612903224 48279
9.353612634408604 12089
9.947975354838709 13151
7.992980645161289 20023
11.638191433104216 26093
10.383170967741934 29139
9.093615619694399 36043
13.705972258064529 39025
10.583399354838711 45039
8.17507419354839 46039
8.535334193548389 48281
9.50071935483871 51103
9.858975806451614 54021
9.460455555555564 54045
11.226663133640548 55001
5.576267972350223 8037
10.158408510638298 1125
11.10611451612904 12129
11.426886021505375 13167
12.252145161290324 13177
12.162637032258056 13185
12.096166129032259 13309
14.542777419354843 16029
8.853963561553654 19153
8.98191612903226 20145
13.30427311827957 21091
7.5656392473118235 22001
8.354464167393195 37031
5.4724032258064526 38011
8.949378494623652 46027
9.223929892473121 47153
8.906727295285362 48181
9.548014516129035 51119
10.14819962049336 51650
5.990285225806452 53047
7.2134913548387125 53059
9.111969838709678 16003
14.64494688172043 16073
11.408749769585251 17077
10.639087096774198 29123
9.196567741935489 40103
11.964655259467035 42063
8.372812903225805 46067
9.687824193548384 47067
8.434943778801841 48025
8.057632258064515 48393
8.081654193548388 48455
7.922140552995388 53049
8.486094470046089 54025
11.431348533724355 26037
12.168370996373334 26125
6.013991935483869 38053
14.345058484779633 39049
12.866723870967737 39067
16.885820111915745 42071
11.93331515151516 45003
8.189909677419353 46043
6.20712903225806 53019
10.930141532258066 55019
9.10532580645161 1029
9.465355913978494 1105
9.500121339950375 19193
8.789490322580647 20137
10.52372043010753 21109
10.414769478908187 21125
10.526219999999997 21127
10.987696029776671 26017
7.410112903225807 32027
9.760413246396705 36111
10.616806989247314 37017
12.2413059139785 39105
11.055000460829485 42131
10.758501368523941 45041
7.459429032258065 48385
10.249915342250178 51550
10.56992387096774 54043
8.355602233250602 12081
13.046198599078341 34023
9.187841720430102 36035
9.83246185958255 36115
8.146004838709674 38097
12.745677419354836 39131
9.381150179211472 40133
14.368792338709678 42109
8.204229032258063 46097
8.238412903225813 48329
9.648188888888885 55029
12.175918548387083 56023
10.769379032258064 6049
5.71266589861751 8039
10.139141736972713 9011
9.894375142954026 2013
9.106717204301074 1111
9.70540498533724 12131
10.220220967741936 20021
8.826043548387098 20047
10.983822849462362 26005
8.38115376344086 28065
10.644389838709682 29037
11.300413632679575 29095
10.55938287841191 45021
10.832536693548375 47017
9.08873797653958 48167
9.746098387096778 5037
9.481678225806451 51133
10.16675209080047 1081
9.647380645161292 12045
11.735839784946231 13201
8.77215806451613 20135
9.563046236559142 28093
9.054208602150538 31147
13.938052419354845 39075
9.644513620071683 47177
8.893311290322579 48325
7.832894959677427 8031
7.519414838709677 8099
10.186486559139784 1061
10.99779124423963 27095
9.774616129032262 29025
11.18789161290323 29157
7.179354838709679 31149
6.990767741935485 38049
9.534140161290322 41025
8.38246451612903 46087
8.910073118279572 48077
8.376020683111964 48213
9.238518870967741 5053
9.940576344086029 55067
9.870201290322582 1057
8.361713387096767 12109
22.110929743028976 16001
11.829412903225805 17029
10.085932258064517 19191
8.990001075268818 20095
9.171912903225806 26113
8.933170398481975 28035
9.535808064516132 29063
6.047541935483869 30075
8.988445967741933 31151
9.679529594898714 33011
13.37418754480285 34039
10.184036059907816 36067
8.323330681003588 51173
16.23964940991345 6113
9.0750685068174 8001
7.825485806451615 8085
9.894375142954026 15001
13.168929032258067 18115
8.730037096774195 20189
11.16199377880183 20209
10.21061755934261 25017
8.978457568238213 27027
7.566430322580647 28063
11.09513819648093 29047
9.049081854838711 40015
8.59014971537003 41041
10.540972401433697 47003
9.263823387096773 5079
11.51391411290323 55045
10.64962193548387 55107
12.175161290322576 13081
11.037712096774207 17099
9.24356048387097 19035
11.240305069124425 21001
8.496405278592372 22119
7.178410322580646 28157
9.483724193548383 29003
6.002774193548387 30039
8.137254838709678 48283
6.142856451612903 48377
9.640016129032256 51097
9.811120967741934 51101
9.440333333333333 51131
9.467296774193544 51181
16.06220952133193 6085
7.885065856976297 12071
10.157156040044502 13089
10.919443225806447 13103
9.78533790322581 13199
19.974060483870968 16075
9.256127419354835 19177
7.273376397849462 22077
9.216013548387089 26001
12.142449354838703 27163
9.320645161290326 27165
10.495724999999998 29135
5.705748387096774 30101
9.60407822580645 51193
9.718146774193542 1093
8.927285253456223 16057
11.110612903225812 17015
13.158773118279566 18069
8.515893548387098 19003
9.2525311827957 19119
9.506451612903223 19183
9.610125806451611 20107
9.39728817204301 21131
8.587040927419357 26055
5.918452688172045 30017
9.459603763440853 5071
6.535873305282857 8059
7.57411484754751 12021
12.772571684587815 13277
13.548188387096783 18147
9.115104838709678 20143
9.042566129032258 20183
9.034451612903222 28017
8.757712903225801 28123
8.545427419354834 48487
10.213669677419356 51570
7.172675366568918 8045
11.39441451612903 13033
11.906866666666664 13093
11.688918709677422 17191
10.13431994134897 19057
8.55496653225806 19125
9.456532718894016 26127
8.654671053427418 28049
9.642584946236559 28143
10.403669061583576 29097
8.929227419354838 31143
10.030224193548388 47101
9.371243010752687 51011
9.236059139784949 51037
10.23565622119815 51670
10.110354838709672 54091
8.930933870967742 19073
8.781929032258066 27089
8.967587903225809 31159
12.957331467283776 36081
13.375497926267288 39147
8.88228817204301 40067
10.767782258064512 45025
9.76065630498533 47013
8.49158817204301 48069
9.073534677419353 53043
11.591606989247305 17121
9.159473548387101 20139
8.928249999999995 22017
9.746007347670295 25009
9.50783387096774 28139
14.60140490220979 34007
11.351753635866594 42069
10.015799999999995 47121
8.692328602150534 48427
9.083294623655917 5061
9.871412903225805 53055
7.706951612903229 16013
10.606024813895777 17073
10.258763225806454 21231
9.446163225806451 28057
6.24137677419355 32011
7.517232795698928 35029
13.386509032258063 39125
12.08643778801845 55131
9.107104301075266 1053
11.22594032258065 13229
7.135545698924732 16059
9.535026881720427 19069
12.163875806451617 26059
5.788748387096773 31007
9.883158422939065 40021
8.23969677419355 40059
10.776420645161291 47005
8.450346774193552 48175
8.465660829493093 48203
9.32027983870968 48251
5.344249999999999 56019
9.894375142954026 15003
10.66497258064516 17171
13.760300000000004 18037
8.94646451612903 20017
8.996994623655914 20077
11.698727649769587 21021
9.47167258064516 29061
7.802764516129031 31085
9.510455846774178 36057
9.984561935483876 40001
7.236932258064515 48359
8.114367741935483 48403
9.65064032258065 51073
9.369759999999996 51820
21.316164152958816 6029
8.473757338928213 6071
13.001073548387101 18103
13.199837063857812 18163
9.633838064516127 20133
12.773416129032258 21103
12.464897849462366 21191
10.850515322580641 21203
9.737218709677418 28137
11.095295698924732 29155
10.282763440860217 29173
5.4789774193548375 35039
13.79886277244986 39103
9.502787344913148 41011
9.866414746543777 47133
8.253125806451614 48047
6.662003225806453 48371
8.096120000000003 48457
9.603313978494622 51079
9.954772043010754 51127
9.739840860215054 1017
10.423533333333335 13159
13.216922043010744 18175
9.104767741935488 20051
9.06897741935484 20171
11.759525049780995 26065
9.216496774193548 26143
6.424888709677417 30047
8.780374551971324 31119
11.392834221598891 34001
11.070688018433177 45061
7.945608064516129 48335
7.413093548387095 48475
9.763573620071691 19113
10.13381013824885 27057
7.6565666666666665 28147
10.746199120234614 29187
8.947552645161279 36045
10.265651483870961 36091
10.743529601518016 37057
9.627890591397856 37083
5.648143548387096 38041
15.34106417657045 42077
10.482087096774183 45047
10.001106451612904 47041
8.49343870967742 48119
8.448834408602151 48365
8.700233870967741 48387
10.014280645161291 49019
10.854235483870962 51043
10.744471146953414 54049
10.45806354838709 55083
7.470283870967742 8017
11.233076451612904 17105
8.93702949308756 19123
9.532886021505378 19195
9.22067688172044 20041
13.86023817204302 39117
13.150797419354834 39143
10.93895007680492 42111
10.895714285714282 45057
11.190677699859757 45085
7.905380645161291 46013
10.360920071684589 1005
12.199349462365593 13003
10.799025806451612 13239
9.194556612903222 19169
7.446369677419353 22003
9.599147311827952 27067
9.20339677419355 27077
8.811090322580645 28061
11.043427188940079 37165
13.37762516129032 49027
9.294464516129032 51775
9.894375142954026 2188
9.894375142954026 15009
11.585326612903225 17127
9.776036559139783 19019
10.975796313364057 21043
8.449291244239632 22031
6.8303645161290305 31117
14.095083248443713 34005
13.398117946522003 36005
10.120089736070376 40145
9.261048883374691 40147
5.783134201050264 4015
10.76369047043012 41017
11.321794838709682 55011
10.66755322580645 55013
6.632629032258064 8011
8.440075268817202 19001
8.223951612903226 20071
8.562780107526885 22111
8.744907096774192 28159
9.423393010752688 37185
8.399218279569892 40007
8.13293548387097 48295
8.431362903225805 48391
8.028401612903224 48411
4.7693822580645175 8119
10.896434927697442 9013
9.894375142954026 2050
10.43741612903226 12077
11.815007526881717 13043
9.783730107526882 19131
8.800776344086024 19145
10.307123991935482 20103
7.985633870967742 20181
8.544253548387095 28127
10.050258467741926 29091
12.934539516129037 39115
11.270979340340674 45079
8.36564408602151 48299
9.034048387096774 51530
9.863285337243404 51660
12.226990322580647 13007
9.451100645161286 13039
9.31003655913978 13055
10.899352688172046 13269
14.09696129032258 16077
10.171347507331374 19111
12.619601691581426 21067
14.134997736868732 21111
5.600100000000001 30071
10.930751906158356 37163
8.133519354838707 46057
8.624877777777774 48363
9.005676129032251 50005
9.809144239631335 51033
17.816058566308214 6001
6.953699078341012 8083
11.248299452221566 10005
10.13268433179723 1031
9.061249999999998 1091
12.436094870037714 17031
9.380051612903223 19197
11.36414623655914 29143
8.452846543778803 31047
5.928456451612905 35051
10.399377771260998 36007
11.248007258064511 42033
5.763783870967743 46105
10.536099462365593 47117
8.147659498207885 48323
10.355343010752684 13025
10.493148387096769 13133
10.678188387096776 13147
9.071125806451613 20123
9.883177419354832 24023
11.212720347394535 26067
9.821165483870965 27007
9.819570322580644 27161
10.18431345766131 36055
10.836624340175948 55115
7.650963594470048 12051
10.324871612903227 19005
8.445683870967741 20025
9.997583577712616 20037
7.406620967741936 27031
9.359349084568423 31109
9.925260903225807 36069
9.7712335483871 36097
8.281067741935486 37177
12.86048207885305 39015
8.700127419354837 40065
9.082142431761786 40121
16.91979729448492 42075
8.919412473118284 5039
10.744675415444782 51760
11.681275268817208 54037
11.547869435483872 55087
12.278314238042277 8077
6.137169677419356 12087
12.100617876344069 17043
13.44865548387097 18139
10.591294086021504 19097
12.19060403225807 21233
7.9270893817204335 23003
8.058274731182793 26089
9.224178225806453 27121
9.843013709677413 29229
9.030906451612907 31021
7.316948387096773 38051
7.459082795698928 38093
8.625438248847924 48149
10.159767083607642 5007
9.31013054838709 51067
8.496378341013827 54083
11.424736270653046 55139
4.285650967741933 8093
9.894375142954026 2240
8.311481290322579 13241
12.75934550691244 18167
12.497089170506893 21209
9.45845870967742 29115
6.758408159392796 35031
9.674487365591393 36023
10.08443300248139 37047
8.307000387096776 47091
10.453381123058548 51710
9.936093548387092 51735
8.459178494623655 54063
10.531706451612902 13211
14.824554224270377 16019
13.535788416422289 18081
8.393868790322587 22073
13.801996774193558 24025
9.85657096774194 29203
12.936104677419376 34031
13.825155299539164 39065
10.026629569892478 51630
11.168072401433694 55081
7.7888896774193555 56013
11.779062580645162 13267
11.483027188940081 17051
10.437110918114136 27131
7.430440322580643 28037
5.63201935483871 30011
5.376022580645161 30033
7.051064193548391 30063
13.216020719602989 34019
5.71848387096774 35006
9.781748790322585 37147
7.631238709677418 46059
8.193238440860217 48049
8.910626086956515 48469
12.827902150537636 18021
8.973446774193551 20185
8.79195308555401 23019
12.292604645161289 26161
8.748003225806453 28069
8.747807258064515 28153
6.572026108870968 30111
6.68517580645161 40025
6.144611647465428 4005
6.993985483870968 46071
8.016086021505377 48107
8.287069354838708 48275
12.802641935483866 49015
11.65839999999999 51510
7.363480241935478 53017
10.166211290322586 53071
11.24814608294931 55057
8.083610887096777 8087
11.750890681003588 12039
9.233462903225806 20149
8.786276344086021 22007
11.523224193548385 27059
9.895577849462343 45015
8.891604838709673 48177
8.872112903225803 48425
8.95070483870968 5013
9.177574193548384 1063
10.221867096774197 17109
13.280961290322583 18125
9.114801612903229 20027
11.75354516129032 21033
11.928310322580645 21049
8.880232258064519 22015
7.9125980148883395 22089
10.045263250620321 25021
11.283386155913988 26087
10.261442652329753 29169
9.875058530465955 37023
11.724008354011572 47125
8.95455035842294 50025
11.014258709677422 51840
8.970793958013314 12083
13.113337903225803 18009
12.735995698924734 18049
13.095688911290315 18053
9.030628739002932 19179
9.162970967741932 29087
8.502690322580646 31125
7.389709677419353 38031
9.653350322580641 47129
9.580396774193543 47151
11.026444022770388 55141
23.35211816984857 6047
9.768545161290323 16043
10.2811064516129 17067
9.517741666666671 20055
5.385645161290322 30015
9.541011895161276 36053
11.357462439429641 37119
12.071286166253127 42079
10.523566129032254 47081
7.726880645161289 48327
8.805456774193548 48489
11.608539247311832 55047
9.909298387096774 55069
9.941644623655915 55113
8.932207885304656 1025
10.73826612903226 13301
9.883258960573466 13313
12.928229032258063 18017
10.863741935483871 27169
9.016854032258069 28135
5.40577419354839 30065
9.064666666666666 31081
5.738464516129034 35053
10.094574193548391 37161
11.530564516129042 42039
12.471156666666658 42085
8.753889112903224 48053
8.485862903225804 48419
5.046554838709679 8053
12.7028935483871 16065
9.372925806451612 16081
11.92222795698925 17035
11.215451247717589 17167
9.24082688172043 20085
8.917935483870966 20105
10.320025806451612 21237
11.719438659274159 26081
9.943536559139785 27093
9.087755483870966 28025
9.013107526881717 40077
7.320487096774193 48103
9.325263731473397 48485
7.306265591397853 49053
11.50715328554362 55009
10.593471774193555 29027
6.560858064516128 31075
9.294218963831874 37019
14.693960771486573 42017
9.894375142954026 2105
9.949620161290328 1085
13.255883870967732 18065
7.512323999999999 22029
9.459985714285713 28027
10.732350967741931 29023
13.210722832942881 34003
9.821878629032271 45013
9.66915806451613 47051
10.329430645161299 5035
9.861419815668201 51800
11.781790591397845 55021
11.41526451612903 55091
9.285100806451617 20061
8.697090967741937 28079
10.338047580645156 29177
8.996816129032256 31179
7.933656715159162 35001
9.195564741935483 37111
15.106902258064498 42099
10.579974999999997 45053
6.2611048387096755 46019
10.378927956989248 47077
9.285333333333336 47115
11.693602419354844 55035
8.534809285847482 6111
9.313949193548392 13137
9.25920860215054 13149
11.705743548387094 17025
11.35222311827957 17145
8.329640000000007 26019
9.844746774193553 29035
8.980557603686636 31141
14.074395207373286 39057
15.056814547146383 41067
8.530366451612903 48273
8.601317473118284 48277
10.70756236559139 5021
9.305840322580647 51790
5.036441935483872 8021
7.378494874060989 8069
13.21295913978495 39039
12.653696774193552 39079
14.284019689366835 39153
8.734017204301075 40075
7.754990322580646 48079
6.297338709677418 48109
8.298976612903223 48407
11.641984229390683 54051
12.128342419354844 55027
11.99881935483871 13091
12.460844139784928 17163
12.929219354838708 18155
9.033074193548387 19151
10.782339139784932 29051
13.762185572139291 42003
10.588254032258066 45071
8.106116129032257 48445
8.992247465437789 51027
9.638566451612904 54041
4.5332174193548385 8015
9.126252073732724 1099
10.359345161290323 13265
7.94083193548387 26061
11.050483548387094 29069
9.733311290322584 29153
6.786846774193549 30061
6.634432258064514 35037
8.980769124423967 37053
7.826699999999999 38019
14.228379631336411 39041
14.324189833822082 39165
9.318913671274961 40037
10.541145208041149 45083
8.92006451612902 46099
9.776771774193548 47181
8.889824108658729 48099
8.192507741935485 48133
10.173302548633325 48201
32.19799826762248 49011
9.36456 51025
11.22284758064517 56037
11.702755555555562 6035
6.599687096774194 8025
11.360652688172044 13253
13.150885253456224 18077
11.585249193548385 21055
8.79634717741935 22101
9.863162847608455 40017
9.885552242328881 47065
8.93712998102468 48303
9.40526122707148 48309
9.669780058651027 51095
11.229426099706744 54099
9.540323460410553 1071
10.892025161290325 13189
9.761758064516135 13257
12.566327419354842 18131
9.766576930596301 23005
9.358118012903242 25005
8.151250620347392 26029
10.147841397849458 27079
9.602177419354861 33017
13.341053892190194 36047
9.476474193548386 37091
10.676336363636361 37153
6.48359596774193 4003
10.015908243727603 40135
11.543181818181818 42009
10.901591935483868 45009
10.552049853372443 45023
7.75501612903226 48269
9.305224193548389 54001
9.444548387096772 54059
10.195046774193553 12059
9.304541451612897 13115
8.11596935483871 27155
8.894800339558572 28075
7.782317204301075 28085
8.33894193548387 30093
5.765148387096774 35021
7.697412903225806 38003
7.46124516129032 38079
8.976099193548388 40005
13.917878225806458 42093
9.028637290322582 53041
6.599013364055298 8089
12.64730752688172 13019
11.614259139784943 13023
11.894302419354823 17183
8.446041935483871 20007
9.038486290322579 20029
10.267786666666662 26073
8.845439784946235 27101
8.447212903225807 31107
9.60081397849463 36009
8.011412903225805 37043
13.593619999999998 39031
9.281853917050695 40081
12.830918870967743 41037
10.829324193548386 45033
8.108031182795699 48305
8.644860215053766 48343
7.807364516129032 48501
8.348825806451613 51017
10.87818881852363 1073
11.674306912442393 17007
12.123924193548394 18091
10.122786021505371 29105
9.06779413489736 37013
8.503521863799278 38035
8.603698588709678 48409
8.374947419354834 48467
9.220248924731182 48473
9.450043548387095 5023
10.114165136476423 5131
10.563355751673752 13215
12.317747911158134 17119
8.395870967741935 19175
11.308676344086022 21011
13.437718433179734 21185
9.10437935483871 26039
9.1323935483871 27127
7.524831048387092 28113
9.114229032258063 29075
5.219940322580645 30027
9.417984677419359 31043
8.945997235023041 32001
10.307095698924739 36037
7.552492580645161 41069
11.085730846774197 45031
11.295103357472009 47149
10.448006451612903 55078
9.352564226168898 6083
11.269779301075253 9007
9.204368548387096 19161
10.753004838709678 21165
7.484908602150537 26095
10.615648387096774 27055
10.332463799283156 29101
9.415859677419355 29103
13.497893548387097 39019
9.278248387096777 40063
8.065295000000004 41057
7.9157975806451635 48241
9.009255687606098 50023
8.891297849462367 5091
8.253345161290321 53023
6.145820430107526 56003
9.202370430107527 1019
10.905567741935485 13125
8.403893010752691 13291
12.68640537634408 18099
13.389889677419356 18123
9.361547926267274 19011
9.986225000000006 20121
8.415275806451614 20193
7.989471612903231 22049
12.089690488006635 26025
9.53893830645162 40083
9.954599999999997 47137
8.5884064516129 48159
8.616422043010754 48259
9.685619354838723 51680
6.615480645161289 8009
10.610386451612902 17017
7.843973313782985 22095
11.623089976958513 26045
8.04426720430108 28029
8.774159562211974 28059
9.900542741935483 29111
5.425048387096774 30073
7.993769354838708 36033
5.4177193548387095 38007
8.00756612903226 48483
9.152268064516118 19127
11.746451612903227 21087
7.985852764976961 22005
10.16584193548387 23001
12.090050254668945 26077
10.088070967741931 29059
10.041724193548381 29213
9.05898387096774 31185
7.829336917562728 37113
10.181091705069127 37197
10.122656630824366 40115
13.877475789766397 41047
11.64840253456222 42021
7.766127419354839 46015
7.608793548387095 46017
7.41147580645161 46045
8.514983467741938 48143
9.83529612311336 48453
32.44027332506202 49005
23.738292082111425 49045
9.579808602150539 5083
9.623696236559145 5123
9.463341827956995 5149
10.400097419354841 55129
9.64338924731183 12029
10.146180616614336 13135
9.92033306451613 20099
8.924730465949825 26007
8.700230645161291 27069
11.131854838709677 29186
9.072698387096775 29197
8.784863440860216 31121
8.245646774193547 37011
10.3675779953917 37151
8.093805913978496 38077
8.96936715542522 40013
11.276894594594605 45063
7.851322580645164 48081
4.682458064516131 8065
6.302072177419353 8107
10.157732718894007 1045
10.222581720430108 13035
12.948618202764985 16083
8.954720967741938 19051
9.927964516129034 19089
9.866793548387097 21025
11.47569541595925 21151
10.049300000000006 21189
11.936324193548383 21225
7.519249887471867 22103
10.789133276740223 27019
10.973363133640552 29113
10.401470322580645 29221
7.665522580645162 31015
10.036633870967743 36015
10.34213010752688 37123
15.202754922135764 42029
9.392122873900295 44001
7.729448387096773 48191
7.370372580645161 48461
34.74783877054161 49035
5.876037903225807 56015
10.001669354838713 13049
12.06536774193548 13173
11.479111827956988 21039
10.35167741935484 21053
11.470681182795701 21173
8.08260322580645 22083
10.199151906158356 29029
8.336567741935484 31093
7.889765161290313 35041
10.17813397502601 40027
11.903222416621098 42125
9.369147235023037 45043
8.911075268817203 5103
12.120175268817208 51610
16.846404593711757 6081
10.26954193548387 17009
9.200319892473123 19109
8.65764946236559 20073
7.377588035190609 4027
9.22655014662757 48493
8.875577419354839 50009
9.157605927419358 5001
9.092528156682027 5059
9.163115483870968 51147
8.454285249266867 51185
8.834487096774195 26079
11.65066413210445 29099
14.021204045058894 34015
6.066693145161292 35017
6.432476344086021 38061
8.357749462365591 48059
7.943341129032256 48415
9.45364483870968 5069
11.451601466275667 55015
10.709983870967738 55023
9.439275000000002 12007
7.1562521260997105 12111
12.152037634408602 21017
10.064473548387094 27039
12.013876923076925 27053
9.727125806451609 29045
9.019256989247308 31037
5.361193548387099 38087
13.504228784119118 39129
7.28160709677419 4023
10.096714309346565 47163
6.811411612903225 48389
29.184226686217 49003
9.231040322580643 1027
6.924180190559236 12086
11.40661612903226 17181
11.07456039426523 17195
9.751267096774193 19087
8.094282027649772 22047
8.465632258064515 28007
10.4847529953917 29043
13.778766465053772 36061
13.781790645161307 39021
9.298951915322574 40031
8.258459946236568 48073
8.26381935483871 48197
9.077121290322582 5041
10.149459020310614 51179
9.961509677419357 1133
11.047706451612903 13079
6.364211290322579 16021
12.894498566308245 18033
13.271267741935494 18137
9.927916774193545 19031
7.725995698924732 22021
6.149637096774192 30091
5.187327956989247 30099
9.16208830645161 48013
8.415474193548386 48023
8.544619354838709 48223
8.39401451612903 48503
7.859953440860217 53039
7.764634043010755 6033
11.226046774193549 13163
9.679260780984716 13223
13.503975268817207 18031
13.323164516129037 18071
9.864697580645162 19037
9.97600010405828 23011
7.716291397849464 38021
6.097927620967739 4001
9.543176008064515 40125
10.83032238184547 41039
10.542047311827957 45065
9.817538709677407 45073
10.69619806451613 47105
9.573599086497278 48215
9.666925806451612 51075
9.022954342431765 51191
11.949667680491517 9001
9.18147935483871 1035
10.498937096774185 12123
11.273650844854084 17037
9.646087546886736 20177
7.799967741935483 22023
7.17465980148883 23029
10.433321290322572 29161
5.740413709677421 30083
5.821718279569891 30105
9.106447004608293 31067
8.766206451612906 37187
8.092901612903226 48247
16.035965591397858 49013
9.437724193548386 5077
6.485244423963131 53007
11.254938064516132 55103
9.894375142954026 2282
7.95406073957514 12097
13.400920821114388 18173
11.047516935483877 21171
8.842120967741936 31027
5.797503225806453 31105
9.443701075268821 36017
12.91939784946236 39163
9.726836021505381 47143
8.190200000000004 48117
7.669164516129035 48169
8.531708408249616 48479
10.378736983189464 51041
8.786586021505375 51750
8.54283024193548 54047
29.929551254480273 6031
9.894375142954026 2198
9.673078147762748 1015
9.162604032258066 1131
9.74266861042182 13057
10.436471612903222 13105
12.539442857142857 18149
7.483361751152073 22053
11.128688018433184 26145
6.062190322580645 30103
6.734637096774195 31031
10.20238998302207 37195
10.506083512544807 42103
8.261670967741935 46079
9.989632526881726 47031
10.021 47047
9.512920967741938 51115
9.768332645161296 51690
10.270994623655914 13171
8.876635483870968 20083
9.07650430107527 27133
10.184485221305325 36093
9.542931290322587 40111
13.453309959677421 41005
7.367449462365592 41063
7.651596774193547 46053
7.3082806451612905 46085
10.38123467741935 54087
9.580673401245045 1097
9.842249354838726 19155
12.00040580645161 21167
12.74599677419356 21183
12.347571612903224 24029
11.48250806451613 29133
10.59616627194775 36027
10.30688670135274 37067
8.758353548387097 41031
6.873448387096774 46047
8.447193548387098 46101
8.307714838709678 48007
9.981150537634404 51171
9.71643694789081 5145
11.628310559139772 53061
6.284740645161293 56029
8.708870967741936 20019
7.280660035842299 22009
9.047690322580646 31083
8.83440322580645 36039
10.975733870967748 47111
7.6168419354838734 48267
9.689692903225806 5067
10.230543778801847 5111
5.09505 56031
8.30944435483871 56039
12.36906666666667 13069
11.214646774193547 13101
10.650805161290322 13237
11.546994212523737 17115
11.550999193548385 17139
10.110926451612903 17187
9.225852492668627 21095
7.513645161290324 22025
9.132320967741931 28071
13.465609969278034 34013
8.114411129032257 37009
7.78195806451613 38081
11.5821953548387 39007
9.403569184060704 45019
6.907345161290323 46119
11.458833467741936 17135
13.370535944700464 18075
9.082513978494623 20157
12.537884164222868 21073
9.454491532258064 21193
9.692463440860218 26069
7.964341577060929 28109
8.887898347757659 35013
10.939844648093828 37097
14.51387694497153 42095
11.109762365591392 45011
8.325167741935486 46061
9.263920667031165 48339
8.765904838709673 51580
10.16956503225807 9015
10.48738064516129 1043
10.543027956989263 1117
10.91710516129032 24041
12.2968396914446 26091
12.642347695928173 26163
7.8652354838709675 31041
9.070430645161293 31181
6.497499999999999 38023
14.026117741935487 39149
8.256203225806452 48417
10.563010918114141 1113
12.880126728110593 18015
9.067198387096775 20089
9.010349032258073 20175
6.464779569892474 31013
7.308183870967742 31115
11.129175458064497 34029
9.856504466501242 37037
8.053040866935492 37087
8.187783870967744 40045
9.383808602150538 40049
6.011347346514042 4017
15.50787491209295 42091
11.039114165497892 45091
8.973838172043012 48015
9.580069892473116 51057
8.955745483870968 5139
20.781983029452995 6039
11.142564516129044 6103
10.385258651026389 6109
8.420137634408604 19053
12.105549032258065 21161
8.16977849462366 26153
9.490634838709676 28117
5.4262668202764965 35047
8.440244853433244 4019
12.043695680699841 51013
9.227235483870968 51720
8.231897292626739 12069
9.622044354838712 20005
11.561345161290324 21135
8.287349462365595 22123
9.808826185958265 24037
13.602007419354837 24510
10.211647741935495 26011
8.078287096774195 26047
9.023714516129035 27023
11.64106835314092 27037
8.86785806451613 31023
7.5005082437276 35061
9.465939377085654 36075
9.21286290322581 40029
10.029928024193548 40101
6.636889516129031 49025
9.02478820967741 5051
11.905509447004611 54003
12.24925821114369 55127
9.898219354838712 1059
8.712745806451615 13111
11.711556823821336 13175
8.201232258064517 22081
12.452270661643515 27123
11.945236913025711 29183
11.257401528013581 36079
12.38547573632538 39081
13.086081290322593 39155
8.827026267281104 48035
8.564598337006634 48141
7.923509677419352 48153
8.32094946236559 48437
9.20709560117302 51195
11.903753225806451 54053
9.889914516129025 54077
11.735613133640543 55109
16.387450230414746 6115
9.894375142954026 46102
10.774030704898435 1103
9.784770161290323 12037
9.164527741935485 19047
11.437390520078994 26147
10.147799462365583 27045
5.689640860215052 30041
9.400538064516132 31177
9.808808504398822 36121
9.957158640553006 40131
9.01115870967742 41021
9.190775186104222 51015
12.449584893962756 53033
12.30764274193549 54029
10.099527277039842 13121
8.971012186379934 16017
9.04190322580645 20067
9.959945161290328 21159
11.42628494623656 21169
7.9704013248847865 25001
10.641388833746902 26117
10.433294193548388 29163
5.5616129032258055 30109
8.978273118279567 31137
8.955408387096773 50001
9.33178306451613 5087
9.093200806451607 5133
10.022294134897361 51730
11.0264835483871 55005
9.227855645161293 55041
9.962906451612904 1007
11.664440322580647 17005
9.425170967741938 20081
11.90099949066213 21047
13.338652875175315 21059
11.400485663082438 27009
9.18834193548387 28115
6.848358602150533 32033
13.273142396313359 39069
9.418604428152499 41019
13.2817960829493 42073
7.888923387096775 48115
8.56319318996416 48257
8.582273548387095 48395
9.701198709677422 51137
9.117530000000002 53075
11.335919032258062 54079
7.767077419354838 8125
8.028340921658959 12105
12.509929390681002 18107
9.315382258064513 19141
8.936182258064516 20053
8.949586931348215 25003
10.82507444168735 45007
8.426501612903225 48379
9.894375142954026 2195
9.17614569892473 19021
9.706806451612907 19067
12.043297580645163 21213
10.138492473118278 27001
9.682947926267286 37145
13.180214884429775 39095
8.465894838709673 40153
10.459740752688154 41059
9.516143341604627 44003
11.731384396099005 51059
8.629301838709685 51155
9.860699892473114 51177
11.334666129032259 54073
9.354484408602152 28107
9.986405376344091 29015
7.573503629032258 32013
6.945993548387098 38065
8.390379569892472 40043
8.616378494623653 40127
15.766308031599731 42041
10.439890818858565 42123
10.154643010752688 47103
10.474289677419357 47159
8.532093087557604 5003
9.445832258064506 51019
8.318800967741934 51021
8.036641935483871 8081
11.423661827956986 13031
9.666699032258055 13097
12.624404838709678 18181
9.316630322580645 19079
8.237803225806452 26013
9.44735806451613 27029
9.833730645161292 29179
7.844619354838711 31029
9.835621370967745 51047
8.86220172043011 53003
10.69177916666668 54061
8.968134838709682 55125
7.223173841642227 8101
10.145169623655915 12023
8.938148659700131 12033
13.095706989247317 13131
8.956425161290323 13311
10.0520135483871 19105
13.685533154121874 21029
9.219937788018434 26043
9.154090967741935 33019
8.849068519585256 37021
10.1924325525365 40109
9.894375142954026 2261
11.663354838709676 13109
11.570228315412184 21035
7.140198387096775 22091
10.668568279569879 26151
8.905199193548388 26165
8.635790322580641 28111
9.833973118279566 29149
9.095654838709677 31155
9.286843920595526 36003
9.709753548387104 36051
14.14770036785507 41051
8.216911827956988 48505
9.686339919354836 54005
11.034168081494055 55071
12.894679354838708 13205
9.594215249266869 19033
11.544950967741935 21221
10.640374533106966 26111
9.062632258064514 27113
6.8973497453310735 30029
9.457539677419339 36101
10.22942387096775 37107
12.733593727598556 39043
13.732086827956987 39083
13.796677688172045 39097
11.140317741935482 47095
8.09216129032258 48155
10.772907604478437 6059
9.473982258064517 13083
9.374553225806453 19081
9.17590564516129 19091
8.861166666666666 19099
9.779047642679895 20015
8.65617741935484 20063
8.99545376344086 20147
11.109396492326965 25013
9.300923387096772 27071
10.12306370967741 29065
6.9393 31171
5.444332258064517 38033
11.533315605928516 47187
9.346015770609313 51117
4.902656451612903 8109
9.894375142954026 2016
10.301092831541212 1009
11.045986021505367 13305
11.741899596774187 17049
11.425064267990093 17117
12.08825483870968 21201
8.258015188172035 26103
9.597974193548389 28141
10.223183870967743 29093
5.865757373271889 30049
8.986917008797656 31019
8.457154838709679 31073
6.821662903225805 32021
4.776999999999999 35033
14.437976856714187 39151
9.952978853046599 40097
9.208734110418382 48439
9.222203225806446 51029
8.72104688172043 51063
8.66115935483871 19007
10.092088888888883 24009
10.032578225806454 29049
10.662691519250796 29077
7.211089247311832 38009
13.062570967741923 39141
8.700557016129041 41065
10.228195232974903 45087
8.8366935483871 48009
8.64080774193548 48123
10.748276612903226 5093
9.894375142954026 2164
9.289413145627433 12031
8.544754838709677 16015
8.93964301075269 19071
9.398633064516126 19075
8.255139516129034 19117
9.918954838709677 21147
12.970555913978487 21211
8.309051612903225 22035
10.567826928471252 24001
7.474911075268819 28001
5.557249462365591 30095
6.10319435483871 32017
7.544732258064517 38071
9.393326451612902 40123
8.932447741935485 41055
10.532049820788526 42047
11.129931182795696 42059
9.825583333333327 47071
8.84513207885304 48037
8.92106368366285 48139
9.511994086021502 51109
9.894375142954026 2290
10.266805069124427 13293
11.364906451612896 17165
13.075874999999991 18169
11.745043225806448 21009
8.086162565641411 22055
10.718643548387092 26057
5.4633056451612925 30035
9.371214874551972 33013
8.165994470046087 36049
16.2140036917563 42011
8.288394086021501 46011
8.108179569892473 46023
7.247501290322583 46093
9.708967849462363 5029
9.440177204301074 5105
10.145622983870973 51187
10.130146774193552 1095
7.2663806451612905 31103
10.140413172043008 37063
7.651064516129034 38091
12.668819892473119 41003
7.5840387096774196 48125
7.149274193548389 48301
9.14135483870968 49055
9.872291202346046 5033
5.706534677419354 8003
5.221195161290321 8071
10.586421198156682 12121
11.4618 17055
13.111389892473106 18035
11.677935125448036 21083
9.151286225806436 25023
8.989866129032254 31051
7.698351612903226 35005
10.68210870967741 41009
11.089745483870969 47043
10.975264516129032 47169
7.989798387096775 48227
10.5719712197581 51087
9.5757 5147
9.63891182795699 51540
11.55325225806451 6009
10.24805268817204 6043
8.972733870967746 16009
13.336149677419352 18143
12.47729758064517 21239
7.5886201138519915 23009
11.993569185059414 26075
9.393474193548382 28119
6.900345161290322 31123
10.311728903225815 37101
9.267072580645161 37117
13.132264669738861 39055
6.882264516129031 46107
9.121077612903228 47139
9.5798060483871 5063
10.019231818181822 51700
10.139176036866358 12133
11.208040860215059 13319
12.435718245967752 18127
9.250247311827962 27091
8.761572043010753 27149
9.268354838709675 29199
7.784167741935486 38073
13.681169727047152 39033
9.038674193548388 40053
16.58480992555832 42043
8.988694124423949 44009
7.3678612903225815 48105
7.875493548387099 48129
8.640508064516126 48337
8.450450354051913 48423
8.525362903225805 51071
8.927560215053763 5109
9.62918870967742 51113
8.84918487903225 51121
9.00398172043011 54023
22.596788126286942 6099
10.668532056451605 1083
11.041862903225804 13065
11.964093548387101 17079
12.75009053069718 18105
8.250152688172042 19039
8.255838709677416 22013
10.174271428571435 29109
10.037479652605459 37105
12.729641439205954 39123
8.792138709677413 40011
10.587692114695342 5055
11.339922580645164 17087
13.310439319965127 18095
9.33753612903226 19085
9.933151612903224 21153
12.411578853046592 21177
9.988095967741936 29215
13.141771225806465 41035
8.052539999999997 48171
8.72664115684093 48381
9.156840241935479 51141
11.994339125910502 6053
7.51021935483871 8121
9.894375142954026 2090
7.184582150537629 12061
12.368777419354842 13027
11.287698387096773 13243
9.920938709677419 13255
11.56565161290323 16063
9.059650806451613 19133
7.926732258064517 20129
11.73533753665689 26015
10.789082903225804 27049
8.681472580645158 27051
9.126320967741936 31173
8.04858548387097 46051
7.606850806451613 48003
9.539173687539517 48039
8.723550537634406 55051
5.531685806451608 56001
7.099225806451613 8075
10.31933284457478 13157
11.2983335483871 17053
10.054244086021509 17071
11.569121281943866 17201
9.462258633776097 20155
9.96124544261071 25027
5.59323870967742 30079
8.668099490662135 36019
10.728381752323713 36029
9.292634677419352 37015
9.5979764516129 40051
13.970616129032257 42067
6.2843817204301065 48043
7.692466935483877 49037
9.131013709677415 51051
12.154110730743904 53067
10.31016935483871 12067
12.80906451612903 13321
8.78288924731183 20151
13.433084017595293 21015
12.725607560483883 24043
12.53040379506641 26149
11.126726236559138 26159
9.894601612903223 29057
12.942068458781355 39051
13.733939247311824 39175
8.91360381231671 40113
10.125687096774193 47135
9.034370430107526 48145
7.913827419354839 48317
9.21756989247312 51111
8.894814462365591 53057
9.180189247311828 54007
25.058299888765333 16027
8.457087096774197 19185
9.62480064516129 21071
9.529891666666662 36105
7.73354731182796 37099
9.158825806451617 37139
7.029967741935484 46075
10.469781182795709 47075
5.961387096774193 48243
8.611117741935484 48253
8.958326344086021 54019
11.40211811414391 55111
5.775185140137483 8035
8.17904823126073 12095
9.26807457305502 13045
11.129181362007174 13299
13.389445161290318 18027
13.370231720430118 18061
9.180139784946235 20159
7.5124099660441495 22097
9.2696685483871 26085
11.705046334310858 27141
8.955037327188943 28067
13.6469818181818 34021
9.147460531309296 40119
9.626379032258065 47185
8.257204516129033 48019
9.34904679900745 48027
7.795576451612901 48465
8.578680645161292 49031
9.523838709677419 5047
9.810145806451613 51139
6.78998617511521 53009
5.181113978494624 8105
9.613659656472553 8123
9.020997580645169 13187
22.54358225806451 16041
9.565323870967738 20059
8.51335483870968 20097
12.047216129032261 21155
10.019937634408603 29089
6.67725268817204 30057
7.927048387096776 31077
12.397715053763438 42061
10.86118064516129 45081
8.436918817204301 48071
8.220740322580646 48369
10.151345780384514 51810
11.920871505376345 6021
6.690756134393729 12011
7.603522043010757 12049
8.139254838709679 12117
10.37945394646533 19163
12.42183440860215 21023
8.511271899641576 28047
8.937449462365592 28161
7.032431182795701 30001
6.6599451612903255 31033
9.872616862170085 33015
11.026486189516143 34009
6.985506566820271 35043
7.280435483870967 38047
14.145054637096772 39169
14.24331023842917 42001
9.688543207632879 45051
10.248959139784946 47023
9.805565036136029 48029
9.654478607809859 6073
6.304625806451614 8091
5.466794354838708 8097
9.894375142954026 15007
10.496472580645165 13181
7.8135677419354845 16035
9.881510483870969 21121
8.046569124423963 22085
11.375447782258082 26021
8.097480645161287 26131
12.140712009327641 27003
8.824726267281108 27083
9.795543010752692 29185
13.327247754585699 42007
7.857827419354838 46109
9.066221505376346 48239
9.689832427843818 51165
11.416829618768329 55017
11.646914354838719 55039
6.306413978494627 56033
9.518110035842286 1013
9.192991424075544 12091
13.733062773617531 18097
9.400887096774195 21119
7.896180645161291 31057
8.925568035190615 46083
11.199085663082437 47079
9.643032718894016 51053
11.50926854838709 55033
11.326703225806453 55065
12.850302903225801 18083
11.829992473118278 21157
7.960589516129033 25007
10.408642652329737 25015
12.228917008797653 26027
8.045955760368667 28045
9.283711827956978 36021
13.213924266862158 42019
8.670999163679813 48355
9.929525 13231
9.421829032258065 20001
10.431167096774196 29073
7.680519354838711 31183
11.040328662083544 36063
8.175461290322582 37095
10.763083995037222 37191
13.793532192969758 39035
7.79207688172043 41015
10.380810829493084 42127
15.780851218638055 42133
8.257805376344082 46005
11.588666513056836 47189
7.093925806451613 48205
8.197191935483872 48341
8.832237829912026 48497
11.800355086848636 53021
10.167272991777367 9005
9.631796774193544 19023
9.445027188940093 19167
8.776746451612903 28013
8.849444086021505 28129
8.505805913978495 28163
10.070193548387099 29209
8.245854838709679 31011
9.835012222222215 37169
14.349167678684388 39113
8.538694623655914 48147
8.062387903225806 48507
9.977526008064519 51590
8.950480645161294 51678
10.848596458781378 53077
5.059189247311826 8049
9.894375142954026 2180
10.071686738351254 1021
9.705109677419353 1037
10.33709274193548 13317
13.598199078341015 18001
12.823377880184333 18051
11.714411910669964 21019
8.502043010752688 27073
9.037277419354838 31061
9.419199999999996 37073
9.798194623655917 42083
6.0767096774193545 46137
9.527033419354842 48209
8.444004032258064 48297
8.569206451612898 48459
9.793817741935484 5049
8.256048185483875 53027
11.4828535483871 55077
15.939272126099718 16005
11.315805586152658 17113
10.791925062034743 19061
11.61002204301076 21003
13.029662903225809 21223
5.197967741935483 30059
10.959845967741938 37051
12.870218279569896 39121
10.345288655913981 41001
9.891005161290323 45035
10.280570161290314 47055
8.124082709677422 48451
10.367106311360443 51085
9.26211543778803 55085
22.07221201790967 6067
7.467311827956993 12093
9.544375268817207 13127
13.04190297766749 18109
12.72121474654378 18133
13.27259563567364 18177
8.23260741935484 23013
11.711328721515244 24033
9.113415322580641 27063
10.260285483870968 29223
9.090540860215052 40069
7.733964677419357 41027
12.414205228031141 42081
8.243146334310854 48001
8.977580645161291 5101
8.731660506912442 51035
10.661953456221202 53029
11.975908652396752 55025
6.306210322580648 56007
6.458912903225804 8033
11.32544838709677 12079
11.68844677419355 13107
13.714233064516135 16051
10.38966693548388 17095
9.103423118279572 19027
8.993014516129033 20165
11.70519967741935 29201
5.105923655913977 35007
6.581619354838712 38013
6.089729032258066 38037
13.613344193548386 39139
10.120686290322586 45077
8.14494193548387 48131
8.072849308755758 48225
8.458655913978495 54071
8.844560215053765 54093
8.680924046920833 12053
7.073816129032257 31017
12.533140402140965 36119
10.150682488479257 54057
22.437645764678546 6077
10.27508156682028 1033
9.64593225806452 12125
11.147191055718489 13021
13.123029953917047 18183
12.067207741935484 21099
7.413311520737323 26033
8.186805376344083 27011
4.938319354838711 35003
7.556672580645163 38045
8.31963225806452 40055
10.11985314573325 44007
9.905695316129039 5045
7.479808266129034 53037
11.154000967741938 55095
10.990011414392061 1101
8.734201943416181 12103
12.197108602150534 21229
7.607662096774191 22127
10.80964274193548 27065
5.992058064516128 30007
11.202110599078333 32510
6.745241935483872 38055
8.417417204301076 40151
10.953893087557597 45069
8.09041935483871 48011
8.469058064516128 48195
7.251613870967743 49017
8.8956935483871 50015
8.903298387096775 51163
12.244665529953922 55059
16.427724193548386 16007
8.074934408602152 16061
11.545940469208196 17081
8.97669677419355 20167
12.784349999999996 21077
7.932584075780853 22051
8.531908064516124 28041
5.699872903225804 30009
8.987237096774194 31167
7.533681182795696 35015
5.710859072580651 4007
10.225980351906152 47145
8.027058064516128 48017
7.512329032258064 48271
10.38193028095733 51740
14.776239919354808 6095
11.50452419354839 17003
12.554844802867388 18151
9.35597338709678 19101
9.365101612903228 20205
12.268688888888887 21113
11.875470967741933 21181
8.821032258064518 28031
9.105133266129048 33005
8.04931935483871 40129
7.564145161290325 48345
8.153143870967739 48353
9.794883588709677 51143
5.301514592933947 56021
7.685516845878128 12027
11.493483333333337 17083
10.954292473118281 17129
11.229536626344082 17143
10.048040175953087 20045
12.782555913978493 21179
12.912903636363637 24027
11.49073322580645 27025
10.968871523915473 27145
8.91109758064516 28105
10.965907526881717 29017
10.206690322580647 29119
6.388627419354837 35023
7.700042838709679 37173
7.193914516129033 38069
13.757829618768325 39091
7.074600806451615 46065
10.166081451612905 47039
7.79965806451613 48101
8.250748847926268 48233
8.771625000000002 48287
8.21783333333332 48361
8.70251451612903 50003
9.64103806451612 50021
10.272075268817202 12013
12.31626465053762 21227
8.372412365591398 26141
9.259260887096774 28011
9.82534301075269 29039
9.013998847926272 31079
8.143525806451613 40057
11.761148709677416 42031
10.926155913978494 42053
7.666816129032258 48033
8.3951 48207
9.590920161290317 5089
10.03562016129033 5121
11.27811797235023 55137
6.26001451612903 56017
5.310607258064517 8007
9.894375142954026 2170
11.408283870967747 17065
11.698675417130142 17091
10.796876881720433 17125
9.022015322580641 19063
8.971916129032255 23017
13.735443123938877 24015
8.20891935483871 46111
14.968876129032259 49007
9.86520870967742 51001
5.341149999999999 56009
8.715124868951595 12057
11.619455096774207 16055
14.037454838709671 16087
8.746694354838711 19137
9.719713548387102 19139
9.342154377880183 20113
10.909282258064511 21205
10.646647670250896 24019
10.610470300333708 29019
8.94702903225806 29147
9.29232258064517 31025
7.618419354838712 38063
13.085169999999998 39059
9.311339002932552 40071
8.287084946236558 48289
8.28903980645161 51077
9.723285483870962 51157
10.86831451612903 54105
10.649258870967738 55061
11.113597695852535 55097
25.558671381306844 6107
9.829845741935493 13063
8.677844086021507 19077
7.769215749525612 22087
9.791166820276496 26129
9.707649354838702 27005
8.680737903225808 28073
9.865939096774197 29021
10.970138479262673 47053
9.601581612903228 50011
9.172467741935485 51023
10.448992082111435 12063
10.481104516129028 13119
10.204410322580653 13297
12.496088709677418 18121
9.147827956989245 19171
8.956348387096776 20093
7.875806451612903 22041
8.246206048387096 26031
9.07718924731183 31039
7.298038709677418 31049
7.464999193548388 31089
13.684476958525345 39137
8.601272258064515 48051
10.083053607809848 48157
9.449354838709676 49009
9.512115207373274 5009
8.648445161290322 51045
9.894375142954026 2158
10.879893548387097 13061
12.823212903225805 18119
9.044794470046085 19015
8.706641935483868 20195
9.135191935483872 20207
9.656743189964157 25011
9.289258525345621 29001
9.094393548387096 31129
10.587843548387097 47027
7.960570967741932 48165
8.467080322580635 48499
9.68462150537634 51830
11.78085126416739 53005
4.789793548387098 8079
10.387734767025083 1079
10.162732526881717 1087
13.05274 13071
11.443542741935483 17147
8.576884946236557 19135
10.564744120707593 20173
10.266419139784942 24017
8.924895483870959 26119
9.288908064516129 31035
9.850631311827941 36001
9.798444791519922 4013
9.933474193548383 42117
7.271305310511282 8005
13.466957419354843 18005
12.485555645161295 21081
9.039204985337243 26041
10.653550395617772 26139
10.021820080645153 47009
10.697182078853047 47097
9.906371505376347 51169
9.6498435483871 1039
7.789053064516131 12035
10.103121774193546 13011
8.929936129032255 16069
13.345106451612901 18161
9.071737903225804 19041
9.112004692082111 40019
5.598088172043011 4011
9.964149308755758 47109
8.824800679117143 48085
8.689237096774193 48185
7.8658693548387095 48319
7.409032258064521 48495
5.463234677419359 8051
6.242512903225808 8113
10.116865322580653 1109
10.187111290322587 13013
12.176016129032257 16047
13.439175268817207 18101
8.445230322580635 22061
7.043298387096774 26083
10.44618729227762 27109
9.826174193548392 29033
9.209985483870968 29079
10.470119999999998 29131
6.8910096774193565 31069
9.490938018433182 47035
31.89881774193551 49057
8.751010322580647 53051
8.710914516129026 54109
10.957145161290322 12047
12.53944731182796 13095
11.90198602150538 13235
11.178192903225804 13251
13.96906064516129 16067
8.697597849462365 19049
8.311596774193548 20033
8.335858651026381 22019
9.95664516129032 27147
6.216687813620069 4009
13.907517741935479 42119
12.181946443598509 47037
10.475958560794039 47167
8.748810780984725 48441
8.593616508538911 54081
5.04656935483871 8023
12.32768279569892 17033
8.692984677419362 27173
9.988775000000006 29013
9.912805529953914 37065
10.416449103942654 37085
9.673841382488474 37149
7.896690322580645 46091
8.980164516129026 5081
9.635487903225807 5135
12.366981290322585 13017
9.07232645161291 13123
11.74587806451613 17193
9.154228110599078 20057
9.011750000000001 20127
9.615920161290326 23023
8.460404838709676 27081
9.497279456706275 36113
9.121319969278037 37049
13.056779569892472 41053
10.41540204301075 45001
6.120461290322582 46031
10.030031451612905 47173
8.171450967741933 48373
8.321045161290323 54101
6.422745806451611 6027
9.894375142954026 2068
9.204126612903222 19107
9.372278494623655 19189
10.051889112903222 21235
9.246921935483861 26135
10.298543870967743 27021
8.882811827956992 29081
10.024774372759865 37127
7.931787096774191 46037
10.994289919354843 47045
10.296754032258066 47063
8.366238018433176 48291
9.444825000000002 51065
14.660754252199434 6041
4.6977322580645176 8027
7.451841935483872 8115
9.894375142954026 2130
7.866030824372762 22069
9.012633064516127 26105
9.29109892473118 28145
9.75529462365591 29067
13.365860215053761 42055
9.111654301075273 54097
14.127492555831276 6087
11.39288741935484 17021
11.224482111436943 17141
13.326369052419386 18003
7.120643225806452 22037
10.38623041474654 29107
10.053752903225801 36073
7.061296774193548 38103
13.051002688172046 42025
10.279865725806454 45067
11.952055583126562 54107
6.5785697137934225 12099
9.894620161290321 13191
9.718083225806447 20011
11.628125806451617 21139
8.617862672811059 26053
8.311625806451612 28055
6.5720509677419345 30053
8.454709677419356 46033
6.2023564516129035 46041
7.058051612903227 46095
8.54272764976959 48067
8.226103225806451 48093
8.619374193548383 48349
9.757740446650123 13295
11.961733870967741 18171
9.085630645161288 27125
5.609319354838711 35059
8.843120000000003 40141
8.405479032258064 46009
8.201422580645163 46025
8.022170967741934 48211
10.017225268817205 5075
8.274351612903226 8103
9.894375142954026 2150
10.159279354838715 13145
13.348388479262677 18179
9.286991935483869 19143
8.63024731182796 19173
9.001279569892473 20031
11.578214516129032 21079
8.935408064516123 27119
9.52023419354839 29121
13.29193582949308 39173
11.967823753665677 42089
10.560437750653884 45045
9.699690322580647 47025
9.652690760368648 51089
9.770922580645161 51099
8.455765322580643 54089
10.72452258064516 6091
11.994747311827961 13209
7.680367741935486 16025
10.971620967741933 17155
9.200832661290324 20009
9.669540322580644 20191
13.120079032258067 21163
9.349962648556877 21195
8.285129569892478 28149
10.042755913978498 29083
10.033672983870972 29195
9.753554342431766 37077
12.407765591397848 39001
9.009498387096777 48221
8.562024193548389 48293
8.883693732718891 50007
9.867351008064512 53025
10.520948924731186 1001
9.211480184331798 13233
11.145564516129031 13307
10.875452903225792 17011
12.479832340777506 18089
12.426232258064509 18129
6.110025000000002 30087
9.025356917562716 37089
9.255504032258075 37129
7.159793548387097 38043
13.68766866359447 39157
15.179716823476719 42045
8.640631964809383 48397
10.826065124771759 54039
11.93664944529784 9009
7.701251413074498 12127
11.337720967741939 17151
12.371400645161287 18165
8.630658064516126 20179
7.22967774193549 22105
12.606761155288854 24031
8.180274193548387 31163
8.739923655913978 40003
7.1018464516129045 46081
7.95125322580645 48075
9.656973859844273 48187
8.485706947890819 48401
18.918700000000005 49023
11.355914193548385 55053
11.454823225806457 6057
9.72532580645161 12003
12.45043548387097 17101
11.433053225806454 17153
9.853463978494625 20079
7.416403225806453 22059
8.76043494623656 26137
10.01864709677419 36099
10.929689571228192 36103
10.652135483870984 37045
8.889563306451608 40089
9.143587580645162 41013
10.8026729032258 47033
9.625747788018435 47123
8.609429032258065 48031
8.606178967741933 48183
9.124408225806452 5025
9.282131541218632 51161
8.469532258064518 53013
8.107806182795699 53065
12.434458053654827 55079
11.215882009925554 55117
7.58457843548386 6045
9.890654238559636 12005
11.262908933002482 17177
11.701182437275982 24011
8.853015053763441 40085
11.699172983870977 42121
8.696814231499063 48375
9.529443255131952 51003
9.588170430107525 51031
7.177425806451614 6003
9.53077442396314 1049
9.606621612903231 1123
6.413432258064515 16037
12.00938817204301 17133
8.996633548387095 19157
8.634896774193548 20203
8.350070564516127 22067
8.829887741935487 26071
8.750748387096774 31065
8.668182258064519 36025
14.072719354838709 39109
8.173241763440837 4021
11.827204012588524 41029
12.819850483870969 42129
8.033096774193549 48433
8.419603225806451 56035
9.894375142954026 2122
9.836674820788541 13139
11.563883870967743 17189
13.719202580645156 18059
13.484425806451613 18079
12.96921466275659 21101
11.764141176470604 21145
10.308566532258077 29127
10.53441370967742 29151
9.977133333333335 40041
9.367235483870967 13085
12.914764516129033 18013
13.09230322580645 18093
9.361539247311825 20169
12.334954193548388 21031
9.346798044965794 27137
5.682945161290322 31165
7.630053846153849 36031
8.215770967741934 37055
11.291776553894566 37179
8.289290322580646 48447
15.312651612903228 49039
9.648084961597554 5125
