14.43492785714286 17039
17.508718303571435 18135
10.097058333333333 20013
17.209725595238098 26023
11.067872727272727 26035
14.233261344537809 26155
8.339965476190473 31001
7.526292857142857 32029
10.515249503968251 37001
16.743962500000016 39159
4.854325000000001 46063
11.04414060150376 47011
10.915388461538468 47073
9.763708333333335 51009
11.353580194805195 13047
10.027335714285716 13249
12.66500277777778 17157
8.673022448979594 22093
10.00086785714286 28133
7.353299999999998 31063
4.1734277380952385 38057
19.410949999999996 39161
10.753030357142856 40033
9.684309821428572 47049
10.19752344850661 2275
8.925829761904762 16045
12.945176785714294 17001
19.3387065789474 18085
10.534991326530607 21133
12.295766964285715 21219
12.09002008928571 29207
11.867313311688312 36117
9.534141964285718 37121
8.079317857142858 48173
11.728604464285716 55135
6.581772857142856 16039
15.017867857142859 17175
12.29509473684211 24045
8.46209226190476 28091
10.516746428571427 29227
7.168442857142859 31135
16.310245089285715 34033
14.549757453416131 34041
11.40860756302521 36077
12.011557142857137 36109
8.349509873949584 41071
8.947475705980068 48061
9.140012142857143 48265
8.925446428571426 48399
9.730951190476187 12065
7.45854492481203 12119
10.656989560439559 13217
11.312097857142858 21207
8.651872959183674 22011
9.426105654761912 22113
9.984196428571426 28015
4.932164285714285 30055
9.791923341836739 36089
12.01360238095238 37103
14.462924404761896 39127
13.018512698412698 42035
14.124604241071467 9003
13.328094977678578 10001
10.63808071428571 13015
10.84821714285715 13067
9.604113520408164 13179
14.75271428571431 17019
14.37332053571428 17107
16.572575892857138 18023
11.974413690476185 21137
13.517255952380957 21187
12.218167857142854 29167
7.08814642857143 31071
7.512604761904764 31145
4.571989285714286 38025
6.425260714285715 46117
10.058319747899155 47019
9.88592678571428 48255
8.102253571428573 48383
9.405747321428576 5017
4.918142012987008 6069
10.19752344850661 2070
10.342070833333333 13279
9.77270119047619 13281
11.446165476190478 21115
9.192203125000002 22039
9.547424285714282 28101
9.977326785714283 37115
7.322777678571426 46035
6.376571428571429 46123
4.710688928571429 8067
6.553458482142856 27035
7.968526339285717 27115
9.90383431776558 31055
10.62445761904761 45055
9.116953571428573 54075
10.19752344850661 2110
9.863124999999998 13197
15.120552857142853 18045
9.306512500000006 20117
11.37943428571428 21175
13.234959615384614 26157
10.040031428571432 27047
9.921366666666668 28097
7.882042857142863 30081
4.851781428571428 32023
11.025026904761901 37159
13.261472380952373 39009
16.14519327731094 42013
8.47007142857143 46127
10.829845105820104 47113
7.6351698979591855 48219
11.886874999999998 51685
6.1832059523809555 8019
9.809197448979594 13285
7.954871103896104 22117
6.087757142857144 27167
4.356964285714286 30025
11.717399770817423 37183
11.23604642857143 40099
5.885135714285714 46055
9.538208516483516 48347
10.421096428571424 5115
12.919394642857148 54065
6.620332142857143 8047
13.898202142857148 17045
11.815140714285713 21045
9.320223469387761 26009
10.709430357142855 29129
9.01419880952381 48083
10.30260714285714 51520
4.626171626984122 53035
10.784098634453773 8013
4.547410714285713 16071
12.440875000000002 21105
11.085592857142858 29011
4.606435714285715 30107
14.228501934523825 39029
11.288045238095235 40091
14.279115476190476 42057
9.804244047619047 47007
7.531482142857143 48045
8.249098214285711 50017
4.311371428571428 56027
7.131444132653104 6075
10.150126964285725 13113
10.310125000000001 13165
9.876476785714283 13259
12.810950000000007 18055
9.96370508928573 23031
11.56835446428572 29181
11.3538130952381 29205
14.494047142857147 36087
10.700778061224485 37059
10.446351785714281 45037
7.0509071428571435 46003
8.673479464285714 48245
12.26752916666666 54035
4.0287083333333324 56041
10.326702380952385 13169
13.572778571428572 19055
11.003366517857144 23027
13.422769059065903 24003
9.642228571428571 28125
11.475117857142859 29137
4.875936904761902 30067
11.098687946428567 36095
10.362177380952387 37033
11.052361175115204 37035
15.889211448140847 39093
9.48404336734694 48249
10.859413775510204 51149
9.195332142857144 51640
5.830486989795915 8043
10.312239285714288 13141
10.788422321428575 13221
10.96733441558441 13275
13.936791666666666 17047
9.709227678571432 20115
12.460649107142858 21069
9.771127777777776 26101
6.900216517857146 27097
10.561222959183672 28003
11.563676190476194 29085
4.2002155 30003
9.998461461794033 31153
11.941139610389603 37061
10.54302214285714 40023
6.52042142857143 46069
5.280473809523804 49047
7.099985357142856 50019
8.0907431547619 6089
9.725057142857143 13263
8.366235000000001 26097
10.851666341991331 28033
11.383507142857143 29053
10.784662142857142 29117
11.486811904761904 37143
13.951201091269812 42051
10.56903821428571 47107
11.554730187074833 47165
8.155192984693866 48135
12.081880102040815 51069
10.370032142857143 1075
10.193714285714288 13287
9.66492321428572 23021
7.325849999999996 31111
17.644111607142847 39037
16.065823954311497 39061
10.47383412698413 47029
9.745098809523805 48429
11.360879201680659 51061
4.1156797619047625 56025
10.845861636707708 6065
7.594266269841268 12075
9.970356428571423 13143
15.437564857142858 21037
12.720453571428576 21061
12.390833928571428 21141
8.431477721088438 22109
14.122287042354593 29189
11.367608571428573 37131
13.71600357142857 39111
10.496933928571432 40073
9.268903571428572 48127
9.361441071428573 5073
8.74678285714286 53001
13.806747619047613 55049
11.229793452380951 13195
10.463417261904759 13227
10.92874166666667 16079
13.550089285714293 17059
10.37895 19121
11.122555952380951 21129
11.002002806122436 21199
6.493753571428574 27041
8.6326625 31059
6.030422402597406 31157
5.611135267857146 35035
5.872954166666669 38099
7.61202142857143 48421
9.19346428571429 51005
10.025020238095241 5113
8.153340688775511 12001
10.38473142857144 13001
17.39695805322127 17097
14.242796428571427 17185
10.743874107142856 19181
12.179380612244906 24039
9.575769817927156 25025
12.05399940476191 27157
11.893651020408168 29009
14.262027122641543 29510
14.923167499999991 39099
5.8899473602484465 46103
8.451885714285714 48137
9.292470000000002 5027
6.366011755952379 53015
10.102726785714285 55075
16.478321428571437 18011
18.926563095238105 39107
10.62411535714285 48021
8.402121428571428 48087
11.126780882352943 5031
10.544750945378144 12073
12.77525571428572 17149
17.421197435897426 18057
10.216397222222229 21013
15.384040505226483 21117
8.448187111801237 22057
4.493896428571428 30069
6.771842857142856 31113
5.720203571428571 35019
4.202531043956046 38101
9.978865079365075 45029
10.719446428571425 47057
14.89433650793649 55089
6.881410306122446 6063
7.810016565934078 8041
10.21638285714286 13099
13.337963839285715 17027
12.757322959183673 19065
9.039360714285717 19147
7.9510892857142865 20141
14.13838047016272 36071
15.086894954128422 36085
5.774496428571427 38029
15.181819889162584 39085
11.372952976190472 40087
10.246617857142859 40117
15.768607886904752 42097
10.62658769841271 50027
10.760848214285716 13213
17.60535089285714 18159
9.907950000000001 20003
15.541434341931216 26099
4.964128571428572 30097
15.091401020408162 39047
8.040304999999995 40139
12.367719132653063 42015
10.763227142857145 47059
10.402227380952375 47069
11.925041517857142 55093
10.19752344850661 15005
10.115916666666669 1011
11.003937380952381 13059
17.159391785714295 17093
10.415380252100832 23025
5.527367272727274 30013
10.566388988095238 40047
10.009296428571423 45049
10.079090688775489 47093
9.22255 48057
12.217465439560446 51107
12.529722619047622 54085
9.368230357142854 1023
12.937038311688314 24035
10.96674761904762 26133
9.328187053571437 54055
10.985504365079377 13129
15.618644047619041 17103
13.782583571428566 17159
15.97813622448979 18063
12.479540601503764 19013
9.19712857142857 19093
6.247490966386552 27111
10.22490462184875 37027
5.693848214285715 38085
16.506316666666645 39135
9.396117857142857 48089
9.971885714285715 48193
10.19752344850661 2220
13.66874375 17023
8.904330357142857 19149
9.177159523809522 27043
7.728934183673474 27085
9.025807142857142 31095
14.128282539682543 39071
12.324143571428577 39145
12.4973 42023
7.97117285714286 46135
9.151663928571436 48321
10.295537500000004 51007
8.700310817307688 53011
16.024525290697692 55133
5.3755202380952385 6051
6.353790173160176 6097
7.336182142857146 8061
19.73432480158728 18039
17.975724821428564 18067
8.381457142857142 19059
7.615641071428571 20065
8.17425714285714 20119
14.52795085113485 24005
7.306466326530615 27017
8.798410204081632 27103
7.42277571428571 32019
4.941907142857143 38001
18.508878679653673 39003
12.400659183673474 39053
10.931668749999998 40107
6.9072142857142875 46073
4.606689285714285 49041
5.422627929687493 49049
10.601921428571426 51036
12.491358928571424 54017
15.560555639097746 55105
11.764931506849333 1089
10.243311607142855 13273
12.747431428571423 17061
9.561282142857143 20197
11.219798846153818 37071
5.7231846938775535 46029
10.951526785714288 47127
9.887029336734695 48041
9.711961309523812 48285
8.921471428571433 48307
9.462094285714285 5019
4.476686734693877 53031
9.946335204081624 54067
18.813533857142808 18141
13.40399795918367 21085
13.939433928571432 21215
7.774248214285718 27105
12.57945 29219
9.194288095238097 30089
8.523873684210525 33009
11.383566964285714 37137
5.231417857142857 38095
15.538088504464284 39089
15.301492481203004 42005
11.576149744897961 47147
11.598605844155847 48217
11.205435152487958 48491
10.585411904761905 5129
10.34711142857143 5141
10.256366071428573 13037
5.849840476190473 30085
6.628003571428572 31009
8.2024125 31139
11.50390357142857 36123
10.732689495798304 37081
4.656507276785712 38089
11.225463392857142 40061
6.318759375000002 41061
14.734849761904767 42037
6.094460714285712 46121
7.664737499999997 46125
11.12063849206348 47021
10.575682142857143 47087
11.43720357142856 48097
11.120466917293237 48231
8.259446428571431 48431
12.368733128078818 54011
13.132237857142853 54103
10.19752344850661 2185
7.958348571428571 12041
7.382218313069899 12115
9.841725 19009
7.408457142857142 20153
7.4506732142857155 31175
11.927184586466169 36011
9.81635178571428 37193
5.84952244897959 38105
12.02936931818182 54033
7.705063492063494 6005
11.145058241758237 1115
15.092003571428563 17085
9.736504910714286 20111
11.604460714285718 21197
7.346761607142855 27033
7.65870746753246 27061
6.98493857142857 27117
6.974101190476189 27129
9.97816785714286 28019
8.788871428571428 28039
9.95131547619048 28103
11.220959325396827 37109
11.636121774193553 37155
15.344547727272735 39005
16.454396590909088 39023
10.535794047619053 48237
11.576642481203 48367
4.38403131868132 49043
10.733939285714289 54031
5.6204341836734715 56005
11.033972564935048 1077
7.129272361407255 12101
9.604004124748476 13051
15.068036428571446 18029
13.579337857142852 18153
7.624860714285714 20199
11.511871428571439 24047
10.622951190476194 28095
9.911304365079374 28121
15.519729797762492 34017
11.422799404761905 37069
5.531410902255641 38015
11.428909821428567 40095
10.511552380952377 47015
10.275389761904764 47141
10.381273015873022 51083
9.543016666666666 5117
6.70519775910363 6007
9.999266428571431 13053
12.251393303571428 19017
9.976071428571428 20049
9.176439999999996 22027
8.448608333333334 22125
7.781491964285712 27015
6.157890476190477 27159
8.389753361344532 27171
8.868979761904765 28077
9.9251443877551 28099
10.88902261904762 29041
4.227419642857142 30005
10.820387896825398 37125
14.906693984962393 39119
10.48513779761905 45027
9.650130357142855 48477
16.403712012987025 55101
11.843950460829475 6025
9.756750000000004 1041
10.227674523809513 1047
13.312906428571438 17199
9.15414426406927 22079
10.810569172932325 28081
11.912211904761907 29125
7.837862098855939 32003
11.63214880952382 37141
14.90971517857142 42087
17.87935805431549 42101
8.095732142857143 48357
10.26361160714286 51135
7.588141666666668 55031
10.613730714285714 1051
7.337613888888886 12017
13.232210714285719 17069
7.8004107142857135 20163
9.529530357142855 31097
6.224152056277059 35045
9.592268750000002 40149
9.395090909090895 48481
10.19752344850661 2100
11.249035714285725 1055
10.920532619047613 13117
10.296937499999999 13155
16.951908035714286 18111
10.15531130952381 19187
6.83481 27135
5.711321428571429 30019
10.912035714285713 37029
9.084243131868133 37189
5.199539285714287 38027
10.286670238095228 47155
10.915312378797683 47157
8.775466071428571 48151
7.7267285714285725 48179
8.41566428571429 48235
9.439889285714283 48333
8.928057142857144 48405
10.805685714285712 51093
9.143845238095235 51197
5.074657142857142 8055
10.299519047619047 13271
13.7052005952381 17173
15.464440119047618 17179
19.699798571428563 18113
15.836086263736258 26115
12.350356249999999 37079
10.989402142857141 37181
15.1072984126984 39027
9.723763095238095 40093
6.096989285714286 46129
6.045160714285713 48229
6.432410546218479 6061
12.446182282521917 11001
7.663474159663869 12107
14.59348285714287 17161
15.44211999999999 18145
8.310302158999193 22071
13.405836394557825 26121
6.159089285714287 35011
7.435407142857138 35025
6.49455119047619 46115
10.67201455026455 55073
10.19752344850661 2230
8.97397857142857 20201
8.940408441558446 22099
6.104485714285714 27075
5.971808333333332 27107
8.345069047619047 28005
6.398910714285714 31091
13.091940384615427 34025
4.973072142857145 35027
9.778872889610389 37171
10.816463988095236 40079
10.005886607142854 47171
11.17338024553573 5143
14.497861538461528 18019
8.134021428571428 20101
8.791070714285711 22121
10.671428896103894 27099
4.620760714285714 30037
6.34947857142857 31005
8.64671607142857 31169
6.721042059948979 32031
10.287054545454549 45089
8.553789285714286 48413
10.204859523809523 5127
5.662299356312291 53053
14.021866529073964 6019
7.048850255102039 6093
10.098795186335405 13153
19.228338839285698 18087
9.836864285714288 19129
12.292579365079366 21089
10.024010714285714 51049
7.049369642857143 8073
9.54166862244898 20161
12.713928571428577 21007
13.254618750000004 21123
10.454217346938771 28087
14.746784716386587 34035
4.550980357142856 35028
9.572867857142857 51125
11.027589285714287 51595
14.051983134920619 54069
8.865214285714274 12113
10.045819642857142 13315
13.353621428571426 21005
13.846627380952375 21041
10.374310714285716 28009
14.417295903361335 34011
4.50407380952381 35055
17.23618928571429 39063
5.81262857142857 46007
9.329925000000001 48311
9.074256428571427 5011
10.658376275510204 51199
7.159913775510206 55003
9.807998809523808 13183
10.818197619047622 13247
14.147607857142857 17041
14.278302976190481 17057
11.45464722222222 26051
9.233346825396822 31053
8.96750162337662 33003
9.255948214285711 36041
10.572779081632651 37003
16.42379834821438 39017
11.433406428571432 47161
10.925686755952377 48091
4.552100892857142 49051
10.34411904761905 51105
12.988704000000013 55063
12.855979081632654 55123
5.036175000000001 56045
5.509013839285713 16011
15.639960714285722 17075
11.275669230769228 20125
12.02174285714285 26107
8.127039285714284 31099
13.30381556122447 36083
15.376547252747246 39077
18.106032539682523 39171
11.08690519480519 40137
11.175873809523814 47083
12.22705403726708 48113
8.762185714285716 48261
10.811413392857142 5065
9.57465952380952 5095
9.055117857142857 51091
5.629664428571426 6011
7.247569642857139 8095
14.112815476190482 18025
9.995440909090915 20035
13.610760119047608 21107
11.805885714285713 29055
9.248548571428572 33001
18.502520454545465 39011
11.33546063265308 40143
7.6457285714285685 48065
7.872523412698417 48189
10.988155000000004 51175
10.112541428571431 1107
7.271624107142857 12043
10.311192063492065 13009
17.550327874564484 17089
9.729575 19025
10.679717857142853 21051
4.842213095238096 30021
6.90933392857143 30077
9.74965214285714 31131
6.037993571428572 38067
5.5914142857142854 41023
9.56932857142857 48315
9.813671428571425 5107
10.591471428571428 51159
8.676998214285714 55037
13.260483730158734 8014
10.354845238095235 13161
10.112468750000005 13193
9.826852142857142 19029
14.132726190476191 21027
8.01821785714286 27143
9.735749624060157 28151
10.032724999999997 29005
7.796873809523811 31003
13.683070993031365 34037
13.897468712273627 42049
10.144152380952377 45005
12.034520357142865 47131
11.60428261617897 51153
11.624687499999995 54013
12.89206606304499 6037
5.663349663072786 6079
10.472208035714289 13075
10.055723214285715 13289
16.194643214285733 17063
7.953024999999999 20187
9.34864795918367 27139
6.413189285714288 27151
9.22245357142857 28023
12.600394419642862 29031
10.944827380952384 29211
5.70784642857143 30051
4.672791071428567 32007
14.38095467032967 42065
8.115729870129874 44005
9.844796428571428 47175
7.587711640211644 12055
10.248433333333328 13005
10.207971428571437 13207
10.169354464285707 13261
12.916101785714286 17013
11.176749404761908 19083
9.340129999999997 22043
9.452295634920642 23007
6.409648214285712 27153
9.813768571428566 28051
10.889612500000002 29171
12.977308482142854 29225
7.28529642857143 31087
11.389914682539683 37093
10.932687637362633 37167
11.608694285714288 42105
10.303707653061227 48161
10.384755714285713 51145
11.06206071428571 51620
3.624871428571428 8057
5.381873809523807 16031
16.832339079670305 17111
13.926221428571429 17131
17.99842171052645 17197
16.200046718146687 18157
8.979757142857139 22107
12.76230714285714 26123
9.121198214285716 27013
6.278714285714284 27087
10.121771428571424 28083
9.598566666666663 37075
6.03711861471861 38017
5.405738492063496 4012
4.719773214285716 49029
14.058107142857144 54009
7.229779761904761 8063
14.651707321428564 18043
13.535614285714287 19115
7.516319642857146 20039
14.163650974025966 21093
8.97658023809524 22045
7.940265714285712 25019
11.694421938775506 29007
9.824576785714289 31127
9.524564285714288 31133
14.210935107142841 34027
5.2240553571428565 35057
5.121977678571427 38005
5.244682142857143 38039
11.022640714285714 47085
9.547539285714292 48313
7.852541071428573 50013
9.842430357142861 55119
5.120217346938773 8029
10.326884523809518 1065
10.018713474025974 1069
6.619048163265298 12085
10.417978571428563 13303
6.403082142857142 16033
6.410661904761906 16085
15.36297714285714 17123
11.501107142857139 21065
11.162951190476198 29175
9.697906122448984 37039
13.581579017857154 39167
15.853762589285735 42107
5.935457142857143 46089
10.080589285714288 47061
11.769279220779225 47183
9.55844523809524 48163
4.434959821428569 49021
4.3563285714285715 49033
9.764091842105262 5119
5.816607142857142 53069
7.063753571428571 55007
10.19752344850661 2020
13.454335119047617 18117
13.65189285714285 19103
8.342891071428573 20069
10.747829423076931 20091
10.120808333333336 28089
11.254842857142869 37025
11.85503859447005 37133
7.7423840136054425 41043
12.38412142857143 42113
9.384269047619046 5099
8.400269642857143 55099
12.45353392857142 55121
6.644266528239194 6017
6.995703571428571 6105
10.19752344850661 2060
9.584843877551023 13029
15.735693877551025 18041
8.241632142857144 20075
10.113458333333337 28155
7.829177597402596 33007
5.196907357142859 38059
8.006108035714286 41045
9.251549159663865 48005
8.77055357142857 48095
6.873373214285715 48111
8.093346428571426 48263
9.805307142857142 5097
13.117773503401375 53063
9.914716249999994 13077
13.188626785714282 17137
17.66799598214286 18073
12.501037499999994 19095
11.545571428571423 21063
4.842525 32009
12.559358214285705 36107
11.697953571428572 37041
16.593435714285707 39101
6.051349999999998 46021
10.70493668831169 47099
14.410238386041424 26049
10.169440000000003 28043
5.535080357142859 31161
4.6487750000000005 32015
12.928545000000014 36013
15.402742857142856 39045
15.833964693877546 39133
6.54119107142857 46077
12.101742142857148 51600
15.266993035714307 55055
4.2899047619047606 56043
5.5514 16023
12.698092857142857 21143
11.692558571428568 29141
11.23713428571429 29165
7.722014285714287 30043
10.824354761904761 37007
10.75488341836736 37135
10.29033418367347 37157
13.976908673469394 39073
6.297046428571428 46049
9.545655714285708 48471
9.594065714285717 5057
10.99073928571429 51081
10.705343571428573 51183
7.015165487637368 6013
8.46509489795918 6015
7.562954464285718 6055
9.848619047619048 1067
9.792975892857145 1119
10.463689285714283 19159
12.413148571428572 21217
8.736204166666665 22115
10.506531071428565 45075
12.28548574035451 48121
8.350576785714287 48351
9.091197142857142 48463
11.44039714285714 5015
4.20435 8111
11.128602777777779 1127
9.152663571428574 1129
7.507057800751879 12015
10.236660714285714 13283
7.180402142857141 16049
6.801037142857141 16053
15.874258333333334 18007
15.367247916666667 19045
12.252398214285714 21075
11.206295238095247 23015
12.553038655462178 29071
5.262356714285712 35049
14.139068392857132 39013
12.400528794642856 39087
11.264141964285713 40105
5.760042857142855 41007
10.892792647058839 47119
4.589412244897951 53045
6.586014705882361 53073
11.676229285714287 54027
5.245380357142856 56011
4.704150714285714 8117
10.868879821428562 13073
11.234775510204075 13087
10.125855952380958 13225
10.648674999999997 20043
13.11162857142857 21097
8.370736554621844 22063
7.8613261904761895 26003
8.937008333333333 28021
11.846227380952385 29145
6.492868019480519 30031
11.310093571428576 40035
10.655963198757764 47179
10.82045491071428 48055
10.215460714285717 48063
8.537285389610394 48199
9.96318265306122 51167
13.219223809523813 54095
14.052241964285704 55043
6.789843877551022 6101
8.401762023809518 12019
10.825135119047626 13219
13.398585714285716 17169
9.827065476190475 20131
11.121448214285712 21057
9.89333452380952 28053
10.678949404761905 29217
10.8907488095238 47089
10.514754081632654 48331
10.254899999999997 48449
10.483885714285716 5137
9.364457142857145 51770
16.768150714285696 10003
13.290136309523819 19043
14.435234523809521 21149
9.36972214285714 22065
9.872940816326528 26109
7.068196428571428 31101
14.11382019969275 36059
9.144441666666664 37005
9.625085714285712 37199
14.203610023041477 42027
12.819103246753244 42115
10.15066680672268 45059
8.466389285714287 48435
4.3646392857142855 49001
11.311513888888891 5005
9.634307142857148 5085
8.916224539170488 1003
6.7343641276864545 12009
11.056762841945279 13245
15.209365000000002 18047
10.377592857142849 20087
7.90309642857143 20109
8.8537509704969 22033
7.659219841269838 22075
13.672231296992486 24013
13.029454508196702 24021
11.824653273809522 26063
8.607795238095237 28131
11.147972727272725 29159
8.14959880952381 30023
4.267971428571428 30045
5.0529321428571405 31045
11.653161148648637 36065
9.631658163265307 37175
4.7065367857142855 38083
8.914731249999999 40009
7.717505357142858 41049
7.73455 48443
9.136008571428576 5043
11.819568367346932 51683
10.771603571428571 54015
8.62880580952381 6023
10.652299188311687 1121
15.408308730158733 17203
9.575739285714283 19165
7.891818487394949 32005
7.3077059523809496 35009
3.992436428571429 38075
9.586960000000001 40039
4.814387244897956 4025
7.516652678571428 41033
10.68020357142857 45017
9.698512499999996 47001
7.617262142857138 48279
8.574032738095239 12089
10.575804142857164 13151
7.485571428571427 20023
15.09189707259954 26093
11.919834821428582 29139
11.337300563909777 36043
15.16211044642856 39025
10.301149285714285 45039
5.865999999999998 46039
10.006322142857139 48281
10.82344761904762 51103
11.613519642857145 54021
10.964486111111098 54045
12.542689795918376 55001
4.195005102040817 8037
10.81489247720365 1125
9.375035714285714 12129
10.35595238095238 13167
10.262340785714285 13177
10.254872000000018 13185
10.257376785714284 13309
4.6546553571428575 16029
10.917605502915459 19153
8.229667857142857 20145
14.81725833333333 21091
9.576157440476189 22001
10.99609044401544 37031
4.570576785714285 38011
8.20532738095238 46027
10.049242857142854 47153
11.52346098901098 48181
10.603765178571436 51119
10.694251890756325 51650
5.936538571428575 53047
5.720667857142857 53059
6.49609464285714 16003
7.1297226190476195 16073
13.053575000000002 17077
11.6139369047619 29123
10.21606607142857 40103
15.906060559006207 42063
7.507661904761906 46067
10.520682142857146 47067
9.584238265306128 48025
7.730121428571428 48393
9.24975071428571 48455
5.565564795918369 53049
9.308684183673465 54025
14.709659902597418 26037
15.55065207100596 26125
4.454635714285716 38053
16.638334016599604 39049
14.515162142857141 39067
19.914913593294486 42071
10.6830041125541 45003
7.289992857142855 46043
6.461814285714286 53019
10.86298482142857 55019
10.154341071428567 1029
10.241178571428568 1105
9.000387225274729 19193
7.569282142857143 20137
11.113877380952383 21109
10.796121703296704 21125
11.690505 21127
13.219490247252747 26017
5.885782142857144 32027
13.128159118541031 36111
11.82420892857143 37017
12.745011904761904 39105
13.36811938775511 42131
10.841468398268393 45041
8.621846428571429 48385
10.809051132404168 51550
11.826950000000002 54043
7.261807188644679 12081
14.762054020408181 34023
11.50900380952381 36035
12.755291806722678 36115
5.640644642857143 38097
13.226417857142854 39131
11.036765079365084 40133
15.73961607142858 42109
6.994532142857143 46097
8.327286904761896 48329
10.68791388888889 55029
4.312287499999999 56023
7.186230357142854 6049
8.633154591836735 8039
12.015220879120923 9011
10.19752344850661 2013
9.941239285714284 1111
9.404641883116886 12131
11.526248809523812 20021
8.158046428571428 20047
15.278296428571442 26005
8.945763095238094 28065
10.338675714285714 29037
10.877195908111993 29095
10.645935714285717 45021
11.04916830357143 47017
9.1243277056277 48167
10.15624107142857 5037
11.060745535714293 51133
10.40197817460318 1081
8.633041666666667 12045
10.668170238095238 13201
8.014769642857143 20135
10.428401785714282 28093
9.956226190476192 31147
15.406941517857149 39075
10.221582142857145 47177
10.070688392857145 48325
14.346597271825438 8031
7.536148571428571 8099
9.73714821428572 1061
7.886865306122452 27095
10.716514285714288 29025
12.352285714285712 29157
6.625046428571431 31149
4.548989285714287 38049
5.8514517857142865 41025
7.316235714285715 46087
10.680926190476193 48077
10.585591386554617 48213
9.29581607142857 5053
9.62459940476191 55067
10.463660714285718 1057
7.819890357142851 12109
9.653005871670697 16001
13.903310714285718 17029
12.325073571428565 19191
9.386445238095238 20095
10.145463392857147 26113
8.972075630252101 28035
10.859141071428573 29063
4.019199999999999 30075
9.044910714285713 31151
10.59597491694351 33011
15.287224404761869 34039
12.190305484693841 36067
9.199753968253964 51173
6.813974599303139 6113
13.975541936671636 8001
5.101300357142853 8085
10.19752344850661 15001
14.591501785714282 18115
8.264885714285715 20189
11.14248102040818 20209
10.342636399371063 25017
6.242877197802199 27027
8.696210714285716 28063
11.219182224025976 29047
10.372229910714285 40015
6.37290882352942 41041
11.04822301587301 47003
9.218034821428574 5079
14.678682142857147 55045
9.353095000000001 55107
10.030520833333338 13081
15.722685459183683 17099
9.01188125 19035
11.755629591836739 21001
9.408305519480518 22119
8.416076785714287 28157
10.889574107142858 29003
7.192382142857142 30039
9.164321428571428 48283
5.7934714285714275 48377
10.377757142857147 51097
10.380423214285717 51101
10.693166666666665 51131
10.5595125 51181
6.390615898617529 6085
7.244787779690185 12071
11.120222315270919 13089
9.829354999999994 13103
9.697577678571426 13199
9.407299107142864 16075
11.683710714285711 19177
8.486438095238093 22077
9.87536928571428 26001
11.70830135714288 27163
8.022038095238099 27165
11.797564285714289 29135
6.1879035714285715 30101
10.594383928571427 51193
10.707942857142864 1093
9.798489285714286 16057
15.436728571428572 17015
19.529151190476192 18069
10.027910714285715 19003
8.221363095238095 19119
13.077522142857154 19183
10.126530357142856 20107
10.495116666666668 21131
9.566365625 26055
4.2940345238095246 30017
10.291437499999999 5071
12.343033902691477 8059
6.925592465753436 12021
10.392536111111104 13277
15.229904285714289 18147
8.905441071428573 20143
7.891016071428571 20183
10.594529464285714 28017
9.635894642857146 28123
9.531298214285714 48487
10.996280714285708 51570
3.848443831168832 8045
10.679032142857144 13033
10.039489285714293 13093
13.613895714285716 17191
13.510832142857128 19057
11.139488392857157 19125
11.685641836734701 26127
10.023628013392837 28049
10.134241666666666 28143
11.894092370129874 29097
8.605341071428573 31143
10.550100000000004 47101
9.818660714285713 51011
10.101246428571425 51037
10.953660204081636 51670
11.799757142857146 54091
10.012833035714285 19073
6.359092857142856 27089
8.997107142857137 31159
14.712646636771327 36081
16.34623367346939 39147
10.871946428571427 40067
10.730140357142869 45025
9.628266883116876 47013
7.679900000000001 48069
8.226148214285711 53043
13.444479166666667 17121
9.801091428571436 20139
10.106403794642858 22017
9.581397023809524 25009
10.423392857142856 28139
17.115749775028146 34007
14.04371519370461 42069
10.303776190476194 47121
8.896220952380949 48427
9.792258333333333 5061
5.215634821428571 53055
5.467649107142856 16013
14.798427472527463 17073
10.638057857142854 21231
10.650867857142847 28057
4.396185714285713 32011
6.352179166666663 35029
19.36066642857143 39125
14.642392857142864 55131
9.095797619047612 1053
10.042105357142857 13229
8.981673809523809 16059
10.907633333333333 19069
16.356111607142857 26059
5.659167857142857 31007
11.28845 40021
8.32195714285714 40059
10.973432857142855 47005
9.547276785714285 48175
9.710045408163268 48203
12.0992218112245 48251
3.997819642857143 56019
10.19752344850661 15003
12.848044642857142 17171
14.850607653061221 18037
9.60719285714286 20017
9.76949404761905 20077
12.521486734693886 21021
10.78476428571428 29061
7.180753571428572 31085
11.939056026785718 36057
11.058462857142864 40001
6.8921035714285726 48359
8.66082857142857 48403
10.615611607142858 51073
10.127000714285709 51820
12.00857904446543 6029
12.113482907471926 6071
18.513532500000007 18103
15.488682725947474 18163
10.788914285714291 20133
13.667312142857137 21103
13.581570238095239 21191
11.318339285714288 21203
10.393220714285714 28137
11.609414285714283 29155
12.368996428571428 29173
4.6493535714285725 35039
15.87905637065639 39103
6.803715109890105 41011
10.164913265306124 47133
9.094694642857142 48047
6.657362499999998 48371
8.541696428571429 48457
10.359414285714283 51079
10.460640476190479 51127
10.0455503968254 1017
10.383539285714285 13159
13.402604761904751 18175
8.03843511904762 20051
8.258914285714285 20171
15.192554144620821 26065
10.13080178571429 26143
7.435034375000001 30047
8.469311904761897 31119
12.423365424430637 34001
10.788505612244894 45061
8.446841071428574 48335
7.304748809523808 48475
13.75238333333333 19113
6.559394387755101 27057
8.280182142857141 28147
12.106824350649358 29187
10.468189000000004 36045
13.229641714285703 36091
10.831171953781517 37057
11.457733035714288 37083
4.716894642857143 38041
16.63777523496241 42077
10.270078571428567 45047
10.408337499999996 47041
10.705667857142856 48119
9.626539880952377 48365
10.176553571428565 48387
5.61365714285714 49019
12.059536904761908 51043
12.452747023809527 54049
10.801703928571433 55083
7.242328571428571 8017
15.231372142857149 17105
11.650292346938773 19123
10.29054880952381 19195
9.474743452380952 20041
15.91791547619048 39117
16.16922476190475 39143
14.037513945578217 42111
10.625220153061221 45057
10.897497515527947 45085
6.3251133928571415 46013
9.901281349206348 1005
10.188629761904762 13003
9.900953571428571 13239
10.970866607142861 19169
8.894984285714285 22003
6.997672321428574 27067
6.690901785714288 27077
9.231844642857146 28061
11.312030102040815 37165
4.475659523809523 49027
9.351544285714281 51775
10.19752344850661 2188
10.19752344850661 15009
12.830591071428566 17127
13.088971428571426 19019
11.839369897959187 21043
9.451858673469385 22031
6.650167857142859 31117
16.17346876566415 34005
15.16594882005901 36005
11.621002759740266 40145
11.036244505494516 40147
4.64906495016611 4015
7.549627678571423 41017
12.29502285714285 55011
8.533483928571428 55013
6.982117857142858 8011
10.091048809523807 19001
7.887110714285716 20071
9.246759523809525 22111
9.925029285714283 28159
10.977277976190473 37185
7.956479761904763 40007
7.9144000000000005 48295
9.40268392857143 48391
9.173896428571428 48411
6.33145238095238 8119
12.835442118226592 9013
10.19752344850661 2050
9.45627857142857 12077
10.245560714285716 13043
10.988429761904763 19131
9.806517261904762 19145
10.839783258928566 20103
7.5371357142857125 20181
9.289316428571423 28127
11.841921428571425 29091
13.959144642857142 39115
10.941226645264853 45079
9.532148214285716 48299
9.37300357142857 51530
10.908028246753245 51660
10.7241125 13007
8.731311071428575 13039
10.736275595238096 13055
10.005579761904759 13269
4.910424999999999 16077
13.113373376623388 19111
13.282673693379802 21067
14.924572905759144 21111
3.613679642857143 30071
12.106577272727275 37163
6.048853571428571 46057
10.750947619047626 48363
7.1659835714285665 50005
10.439039795918365 51033
6.853273609126993 6001
5.124383163265304 8083
12.119810916442049 10005
9.771504846938768 1031
9.892983333333339 1091
19.225841987318045 17031
10.400117857142856 19197
12.118304761904762 29143
7.66320918367347 31047
4.966208928571426 35051
12.890626038961035 36007
14.427005357142843 42033
5.288525000000001 46105
11.007410119047625 47117
9.271394047619053 48323
9.506161904761905 13025
10.470437755102036 13133
11.254945714285716 13147
8.252098214285716 20123
11.574046428571426 24023
14.660346428571424 26067
7.046283571428571 27007
9.609357857142857 27161
12.456246781994041 36055
11.171248376623378 55115
7.0062224489795915 12051
12.920217142857142 19005
8.092442857142855 20025
11.157929870129859 20037
5.179698214285714 27031
9.680050723938242 31109
11.93896142857142 36069
11.616803571428578 36097
11.072646428571431 37177
13.789051984126989 39015
9.532316964285712 40065
11.324618406593402 40121
18.99051324884792 42075
9.101133333333337 5039
10.847470292207788 51760
12.756887380952389 54037
12.71824937500003 55087
7.260856280788184 8077
6.77372690476191 12087
18.66343634259252 17043
15.697237142857151 18139
14.894691666666672 19097
13.978963392857139 21233
10.248139434523805 23003
9.192355357142855 26089
6.522631250000001 27121
12.234028571428567 29229
9.124601190476193 31021
5.761757142857143 38051
5.51476488095238 38093
9.781705612244895 48149
11.572000874635584 5007
9.542630714285723 51067
9.994837755102044 54083
13.116526742160282 55139
5.2917049999999985 8093
10.19752344850661 2240
9.860854999999999 13241
13.957801913265302 18167
13.372861989795924 21209
10.808174285714282 29115
5.276520168067228 35031
11.702645238095243 36023
11.388773076923076 37047
9.312894285714282 47091
10.729042592592593 51710
10.59236190476191 51735
9.291653571428569 54063
10.565625000000002 13211
6.187190816326537 16019
15.388453571428558 18081
9.287317678571437 22073
15.140763909774426 24025
11.41215178571429 29203
14.850268035714297 34031
17.184058673469405 39065
10.836722023809521 51630
12.463573809523814 55081
4.617128571428571 56013
10.224719285714295 13267
13.400082653061235 17051
10.118374999999997 27131
8.536594642857144 28037
4.5274714285714275 30011
4.336546428571428 30033
7.930433749999997 30063
14.94938750000001 34019
4.707231122448977 35006
12.26314944196431 37147
6.521800000000001 46059
9.411663988095231 48049
9.761512732919263 48469
13.70082797619047 18021
8.515996428571428 20185
10.534396428571448 23019
15.624896107142867 26161
9.56198035714286 28069
8.975653571428571 28153
5.310375334821423 30111
6.652255357142858 40025
4.518669770408163 4005
5.7235017857142845 46071
8.047148809523813 48107
9.135432142857143 48275
4.84015119047619 49015
11.990803383458664 51510
6.428392410714287 53017
9.060736011904769 53071
12.537021428571428 55057
8.446495982142858 8087
10.834658333333325 12039
9.628122321428567 20149
8.83607202380953 22007
9.358984375000002 27059
10.11786000000001 45015
10.278300595238099 48177
11.026149999999998 48425
9.035144642857142 5013
10.220740476190477 1063
13.627217142857152 17109
14.951583928571434 18125
9.05726785714286 20027
12.918978571428571 21033
12.518435357142863 21049
10.017595292207782 22015
8.403249999999991 22089
9.434527582417612 25021
14.152436755952388 26087
11.930101190476199 29169
10.570410119047622 37023
11.730783424908427 47125
12.497866071428573 50025
12.182943571428572 51840
7.700191269841274 12083
18.539448214285716 18009
18.384436904761884 18049
18.487574330357127 18053
11.620569480519485 19179
10.342598809523812 29087
8.165585714285713 31125
5.241974999999999 38031
9.301989285714287 47129
9.539390714285721 47151
11.56211281512603 55141
9.400502696793 6047
5.810426190476191 16043
13.273301530612262 17067
8.565944047619048 20055
5.230723214285715 30015
11.669191517857147 36053
11.419924325567171 37119
14.075067513736238 42079
10.695686309523811 47081
8.670917857142857 48327
8.982910714285717 48489
13.126774404761901 55047
9.276646785714286 55069
8.159335119047613 55113
9.360643650793659 1025
10.499442857142853 13301
11.189619444444451 13313
18.17142272727272 18017
12.801637500000005 27169
10.216641964285714 28135
4.615501785714286 30065
8.385582142857144 31081
4.6204303571428555 35053
10.643127197802198 37161
13.805188043478264 42039
14.499197857142848 42085
10.040000892857138 48053
9.318263690476192 48419
3.9913357142857153 8053
6.431412499999996 16065
4.914092857142856 16081
13.720683333333335 17035
14.073250808625332 17167
9.993141666666663 20085
8.367460714285714 20105
11.251610714285714 21237
15.589893582589253 26081
7.3914910714285735 27093
10.59524071428572 28025
10.839451190476192 40077
7.545349999999999 48103
10.705678281853276 48485
5.058347448979587 49053
12.812113888888888 55009
11.936374107142855 29027
6.058885714285714 31075
10.992468939393934 37019
16.381953421578412 42017
10.19752344850661 2105
9.877729464285716 1085
16.734873626373606 18065
8.843900714285715 22029
10.038351020408152 28027
11.804168571428582 29023
15.019225179569057 34003
9.496983928571446 45013
10.713628571428575 47051
10.423587857142865 5035
10.966266964285698 51800
13.64873422619047 55021
12.039883928571422 55091
9.509043303571428 20061
9.79974142857143 28079
10.740047321428573 29177
8.533100000000003 31179
5.949640522875814 35001
10.307498214285717 37111
16.212691071428576 42099
9.83869107142857 45053
5.29395 46019
10.655677380952374 47077
10.460312500000004 47115
11.746708750000007 55035
9.371682493806755 6111
10.467873660714279 13137
9.841839285714283 13149
13.648164285714286 17025
12.980348809523813 17145
9.332801428571425 26019
11.545112500000002 29035
8.74341530612245 31141
16.394376326530622 39057
9.375037362637359 41067
9.456230714285713 48273
10.608183928571426 48277
11.481144047619047 5021
10.105184523809529 51790
4.344176785714286 8021
8.432180234833659 8069
18.87204642857143 39039
12.878760204081631 39079
16.26237671957673 39153
9.679276190476187 40075
7.1592964285714285 48079
5.965967857142858 48109
9.327483035714282 48407
13.890686507936508 54051
14.226667678571431 55027
10.10181130952381 13091
13.816942440476167 17163
14.11040119047619 18155
9.3822369047619 19151
12.367473333333326 29051
15.123017990405083 42003
10.16876919642857 45071
7.548198809523813 48445
10.22478418367347 51027
11.406699285714279 54041
4.3735742857142865 8015
9.185937244897959 1099
10.384017857142856 13265
7.261587857142857 26061
11.634325714285719 29069
11.604932142857146 29153
8.720432142857145 30061
6.360730952380953 35037
10.536984183673471 37053
5.584119642857145 38019
16.512387448979602 39041
16.369934632034667 39165
10.687829931972791 40037
10.542374689441019 45083
7.674934438775508 46099
10.417795535714285 47181
10.642550000000012 48099
9.678490714285706 48133
11.030488799527475 48201
5.600586177248672 49011
10.70801571428572 51025
3.7657133035714256 56037
6.912082539682542 6035
7.1155464285714265 8025
10.634563095238095 13253
13.80354234693878 18077
13.166818750000003 21055
8.86401941964286 22101
11.129501354679785 40017
11.1097400696864 47065
8.369676260504196 48303
11.604470098039213 48309
10.585472077922075 51095
12.19380909090908 54099
10.932409090909093 1071
10.633726428571427 13189
10.813405 13257
17.82748035714286 18131
11.165593290043288 23005
9.221924371428583 25005
9.158097252747243 26029
9.128929761904757 27079
9.558159142857145 33017
15.081339205827097 36047
11.702822142857135 37091
10.975226623376622 37153
6.657415066964295 4003
11.264527777777783 40135
14.84358831168833 42009
10.237701785714293 45009
10.343899675324684 45023
8.294642857142858 48269
10.98680714285714 54001
10.939914795918368 54059
9.621993749999996 12059
10.58387892857142 13115
5.861367857142858 27155
9.592073872180455 28075
8.788141071428573 28085
9.307372767857142 30093
5.87995357142857 35021
5.4973598214285735 38003
5.131540178571426 38079
11.08519821428572 40005
15.447510714285713 42093
5.476693214285715 53041
7.062962755102044 8089
10.387154761904771 13019
9.99781071428571 13023
14.943201190476186 17183
9.02827857142857 20007
8.72336785714286 20029
12.474930476190478 26073
6.854322619047615 27101
7.818508333333333 31107
12.106630102040821 36009
9.726253571428572 37043
15.173797500000004 39031
10.64682295918367 40081
6.462714285714285 41037
11.31493392857142 45033
7.745690476190475 48305
9.940427380952386 48343
7.344974999999999 48501
9.042789285714287 51017
12.053720968448774 1073
16.246161734693878 17007
17.999459821428562 18091
12.419729761904765 29105
12.13879805194805 37013
6.299014087301586 38035
9.679222321428579 48409
10.76050428571429 48467
10.134805952380956 48473
10.2050112244898 5023
11.411553571428568 5131
10.120874326145554 13215
13.861029918032777 17119
10.268389285714289 19175
12.114150000000004 21011
14.068517346938773 21185
9.704696428571427 26039
6.735883333333332 27127
8.425149107142856 28113
10.601217857142858 29075
4.278242321428573 30027
8.941077678571425 31043
6.959206122448981 32001
12.518676428571434 36037
5.928914285714285 41069
10.919448883928576 45031
11.252046501457711 47149
10.661367857142858 55078
8.21882732744785 6083
14.176912301587285 9007
9.486803571428572 19161
11.605555357142864 21165
7.798389285714287 26095
12.867095714285714 27055
10.68812777777778 29101
11.1793875 29103
14.968012755102047 39019
11.179250714285711 40063
6.0139906249999955 41057
8.407904910714283 48241
7.226183984962405 50023
9.637389583333338 5091
8.456071428571427 53023
4.231242857142858 56003
10.789394642857143 1019
10.57042142857143 13125
9.851902976190475 13291
18.874241369047642 18099
14.88954928571429 18123
12.774792857142856 19011
10.117170982142857 20121
7.703326785714286 20193
9.315246428571426 22049
16.1794259157509 26025
10.69999374999999 40083
10.273060714285714 47137
10.393375 48159
9.952056547619044 48259
9.950343233082705 51680
6.733592857142859 8009
13.471575000000001 17017
8.393907467532461 22095
15.225928316326552 26045
9.084715476190476 28029
8.904882397959186 28059
12.176299107142862 29111
5.684303571428571 30073
8.492292091836726 36033
4.362710714285716 38007
8.156701785714285 48483
11.464487142857141 19127
12.355030357142853 21087
8.925619132653061 22005
11.577906760204092 23001
16.571175563909755 26077
12.360396428571429 29059
12.493980357142854 29213
8.638202678571428 31185
9.845772222222228 37113
10.309401020408163 37197
11.46719007936508 40115
8.631612721674887 41047
16.291440731292486 42021
6.832241071428571 46015
6.726614285714283 46017
6.180723214285718 46045
10.292468303571436 48143
11.390397542595023 48453
5.483835164835165 49005
4.353111038961037 49045
10.491639285714287 5083
9.953421428571428 5123
10.294002380952376 5149
8.326197142857147 55129
7.640733333333336 12029
11.061187041719318 13135
11.250214285714277 20099
9.604186111111105 26007
6.4544982142857155 27069
12.367520535714286 29186
11.00835357142857 29197
8.273459523809525 31121
9.258974999999994 37011
10.773509311224487 37151
5.753933928571426 38077
11.235691233766236 40013
10.774409073359081 45063
8.609903571428571 48081
4.286803571428571 8065
3.682942857142859 8107
9.752133418367352 1045
10.320869047619047 13035
6.295714540816333 16083
11.257071428571424 19051
11.63032261904762 19089
11.063649999999999 21025
12.076101127819548 21151
10.989246428571423 21189
13.97339107142857 21225
7.99354534883721 22103
8.690294172932331 27019
12.877808163265309 29113
11.865661428571434 29221
7.001428571428571 31015
12.022864659090912 36015
10.70498869047619 37123
18.29687721674874 42029
9.222407142857147 44001
7.875357142857145 48191
7.826008928571427 48461
5.49251713274934 49035
5.117326785714284 56015
9.154580357142859 13049
10.097757142857144 13173
12.615982142857138 21039
10.772746428571429 21053
12.137755952380957 21173
9.15119107142857 22083
12.004115909090913 29029
7.8490982142857115 31093
7.032185714285716 35041
11.505447868663568 40027
14.37554400726391 42125
10.3047818877551 45043
9.150070833333327 5103
12.252323809523809 51610
6.407532210669082 6081
13.043991071428575 17009
9.424920833333333 19109
9.720146428571427 20073
9.935931298701309 4027
10.603195129870135 48493
7.405457142857149 50009
9.330937500000005 5001
9.584417857142851 5059
10.010120714285723 51147
9.427731168831166 51185
9.54057 26079
13.179465306122433 29099
16.695953628117934 34015
5.342170089285713 35017
3.9392805952380963 38061
9.315080952380951 48059
8.366200892857147 48415
9.376936458333335 5069
13.0046840909091 55015
13.303015476190481 55023
8.193171428571429 12007
6.648205275974027 12111
12.881760119047613 21017
10.540847857142856 27039
9.924841746297162 27053
12.129096428571426 29045
8.850305952380953 31037
4.3931821428571425 38087
15.45621126373626 39129
7.421398928571432 4023
10.821306410256417 47163
6.6382292857142895 48389
4.940088311688314 49003
10.040987499999996 1027
6.235644601489253 12086
12.745963571428574 17181
15.581046230158723 17195
12.906857142857149 19087
8.897183163265309 22047
9.734602380952381 28007
13.67076530612246 29043
15.398004191468267 36061
16.603750714285727 39021
10.75441529017857 40031
9.699366964285714 48073
8.931732142857143 48197
9.36618928571428 5041
10.986281084656069 51179
11.102624489795918 1133
10.112358333333336 13079
8.272048214285713 16021
19.619974206349205 18033
14.444933928571432 18137
14.117073571428568 19031
9.011992857142857 22021
5.9508357142857164 30091
5.326996428571429 30099
10.348223660714288 48013
9.531025 48023
10.680295238095239 48223
10.169625892857143 48503
6.1317130952380925 53039
4.323780785714285 6033
10.687906250000001 13163
10.330834022556402 13223
14.641083928571422 18031
13.313403214285719 18071
11.906322321428572 19037
11.647212903225789 23011
5.805057142857143 38021
4.5488926339285705 4001
11.019436383928563 40125
7.484780107973409 41039
10.308095238095238 45065
10.755389285714285 45073
10.3302225 47105
9.616892983565142 48215
10.362760714285713 51075
9.75867115384616 51191
15.148633792517037 9001
9.229124285714281 1035
8.250908928571425 12123
16.235352891156467 17037
10.28061702657807 20177
8.588719642857141 22023
8.951581868131857 23029
11.867655000000001 29161
5.664863392857144 30083
4.906108333333333 30105
9.403789795918367 31067
11.890632142857141 37187
8.817417857142857 48247
5.102889285714288 49013
9.770148214285713 5077
5.993018367346935 53007
13.205981428571429 55103
10.19752344850661 2282
7.253234668989551 12097
15.396087337662342 18173
11.352281250000006 21171
8.196128571428572 31027
5.9617642857142865 31105
11.881965773809528 36017
13.228985714285718 39163
9.98308511904762 47143
7.491028571428572 48117
7.768139285714286 48169
9.03889929742389 48479
10.828167454728401 51041
9.34618095238095 51750
9.745520535714281 54047
13.174897883597882 6031
10.19752344850661 2198
10.731566935483874 1015
9.485511607142856 1131
10.732765659340656 13057
10.819714999999997 13105
18.30996326530614 18149
9.157224489795913 22053
13.700453124999974 26145
4.484992857142857 30103
5.8807946428571425 31031
12.168761654135338 37195
13.02365396825396 42103
6.93188095238095 46079
10.697437797619045 47031
10.597659415584422 47047
10.694410714285713 51115
10.001200714285712 51690
10.096266666666667 13171
8.18764642857143 20083
7.701133333333333 27133
13.193094435215942 36093
11.064902142857143 40111
8.590584772321415 41005
6.174913095238093 41063
6.644487500000001 46053
6.556589285714288 46085
11.670837499999992 54087
9.782731265664172 1097
9.894027023809521 19155
12.881167142857146 21167
13.844912244897964 21183
13.571597142857142 24029
12.496268749999999 29133
14.305132323688987 36027
10.403113172043014 37067
6.9240934523809505 41031
4.268510714285714 46047
6.928901785714284 46101
9.32598571428571 48007
11.051450396825391 51171
10.104697527472533 5145
6.413900571428583 53061
4.664695714285715 56029
10.28392142857143 20019
8.865973015873012 22009
7.899857142857143 31083
12.07430261904762 36039
11.23956964285714 47111
8.6020125 48267
10.592279285714284 5067
10.592501530612248 5111
4.228705357142858 56031
4.353674107142856 56039
10.40152341269841 13069
9.367192857142854 13101
10.377269285714293 13237
14.425472478991592 17115
14.002731250000007 17139
13.87350142857143 17187
10.219468831168836 21095
8.875429761904762 22025
10.405689642857142 28071
15.429178656462556 34013
9.021305952380947 37009
5.737642857142857 38081
14.255134571428565 39007
9.967361554621826 45019
6.532764285714286 46119
13.330770089285721 17135
18.465693877551004 18075
8.624142857142859 20157
13.493196428571435 21073
10.768824553571429 21193
10.447113492063496 26069
8.159363492063493 28109
6.532613066202083 35013
11.067324756493488 37097
15.72460278361339 42095
10.317502976190475 45011
7.373685714285714 46061
10.450124878934616 48339
9.236187500000002 51580
11.129621000000007 9015
11.645847817460306 1043
11.464353720238112 1117
12.285751428571427 24041
15.958389906832306 26091
15.897945269320763 26163
7.279207142857142 31041
8.053007142857142 31181
4.979685714285713 38023
17.805735714285703 39149
9.43224642857143 48417
10.296466483516486 1113
17.305041836734695 18015
8.089664285714285 20089
8.313181428571427 20175
5.667563095238095 31013
6.969985714285717 31115
12.0580717428571 34029
10.668912637362642 37037
9.978164955357142 37087
8.293707142857144 40045
11.25249404761905 40049
4.732293202764979 4017
17.38579030128637 42091
10.935579037267074 45091
9.677574404761897 48015
10.340157142857144 51057
9.165687857142862 5139
10.955348136645972 6039
7.055964935064938 6103
7.365442857142857 6109
10.533708333333337 19053
12.93755357142857 21161
8.300035714285713 26153
10.61039428571428 28117
4.9390887755102035 35047
6.820465411973882 4019
12.277956658595647 51013
10.277474999999997 51720
7.293778826530619 12069
10.540411607142863 20005
12.25777589285714 21135
9.246229761904763 22123
11.156492647058817 24037
14.765420464285658 24510
11.44379357142857 26011
8.988188839285714 26047
6.447353571428572 27023
10.72760992481203 27037
8.82324761904762 31023
5.605039285714284 35061
11.185793226600977 36075
11.269942857142855 40029
11.50779977678572 40101
4.370760714285715 49025
9.728626250000005 5051
13.178334183673476 54003
15.91149756493506 55127
10.907473809523804 1059
9.972975714285717 13111
10.248284890109893 13175
9.368830357142855 22081
11.339666032325361 27123
13.814900316455704 29183
14.710626691729342 36079
14.208831677018646 39081
14.991462597402604 39155
11.038682142857144 48035
7.56330181898847 48141
7.825037499999999 48153
7.654808333333333 48437
10.295611688311691 51195
12.394710119047616 54053
11.621059821428565 54077
11.749620663265306 55109
6.5330573979591815 6115
10.19752344850661 46102
11.922207539682532 1103
8.351671428571429 12037
9.436603571428567 19047
14.527862755102023 26147
11.781550595238102 27045
5.112336904761904 30041
9.52762714285714 31177
12.001718506493502 36121
11.6042193877551 40131
7.272635714285717 41021
9.982205769230776 51015
5.380395834832656 53033
13.623124107142855 54029
10.992449632352951 13121
10.55079444444444 16017
8.47649107142857 20067
11.383475000000004 21159
11.881619047619047 21169
8.33415267857143 25001
13.512994505494499 26117
12.519527857142855 29163
4.511017857142856 30109
8.05962857142857 31137
8.762406071428577 50001
10.43722589285714 5087
10.026342857142865 5133
10.947496753246751 51730
9.580469285714287 55005
8.789150892857142 55041
10.645013392857141 1007
13.239344642857139 17005
8.488082142857143 20081
12.28887406015038 21047
15.046395807453399 21059
8.290712698412698 27009
10.607355952380953 28115
4.05757261904762 32033
17.96102142857143 39069
6.897428409090911 41019
14.562828954081654 42073
7.625459821428571 48115
11.327784722222228 48257
10.142784285714285 48395
10.620286428571422 51137
9.771800357142853 53075
12.187251428571422 54079
7.350448214285715 8125
7.270605194805205 12105
15.129861507936504 18107
8.682941964285709 19141
8.4968625 20053
11.868368864468863 25003
11.03926126373624 45007
10.8144625 48379
10.19752344850661 2195
9.204584523809523 19021
11.299492857142864 19067
12.091718750000007 21213
6.835963095238095 27001
10.600026020408169 37145
16.975088582677213 39095
8.618895 40153
8.518727619047619 41059
9.077846428571428 44003
12.023837181616875 51059
9.275107499999999 51155
10.69018261904762 51177
13.18251428571429 54073
10.335597023809521 28107
11.146335714285717 29015
5.985034821428571 32013
4.239799285714285 38065
9.032488095238094 40043
10.507804761904767 40127
16.64578053935864 42041
12.744949999999994 42123
11.053967857142856 47103
10.73707357142857 47159
9.091767857142855 5003
9.608291741071431 51019
9.181126785714284 51021
3.795112500000002 8081
10.045373809523802 13031
10.31342553571429 13097
17.29246964285715 18181
10.704147142857147 19079
7.452998214285712 26013
6.338696428571431 27029
11.323762499999999 29179
7.341024999999999 31029
10.886021428571427 51047
9.154655952380958 53003
12.687817113095244 54061
7.920452857142858 55125
7.141912727272723 8101
8.470227678571431 12023
8.883806639839019 12033
11.352153571428573 13131
10.186647142857147 13311
14.001456428571432 19105
14.640001785714277 21029
8.939460204081634 26043
10.939725357142859 33019
9.980380548469382 37021
11.330762136929415 40109
10.19752344850661 2261
10.124979761904765 13109
11.933064682539689 21035
8.016069642857143 22091
12.782088095238093 26151
10.06403392857143 26165
8.812275000000001 28111
11.509761904761906 29149
9.31325428571429 31155
11.5090478021978 36003
11.736225238095237 36051
9.315552318295715 41051
8.56630357142857 48505
11.12562321428571 54005
12.660937406015025 55071
10.879175714285722 13205
10.578880194805206 19033
12.056930714285716 21221
12.815271240601502 26111
6.458937142857145 27113
7.662946052631582 30029
11.338717369047629 36101
12.2348430952381 37107
15.590725793650787 39043
15.37502321428572 39083
16.2826300595238 39097
11.906666071428575 47095
8.817064285714286 48155
12.325765960972033 6059
10.951627678571429 13083
9.987157142857141 19081
9.840213392857141 19091
11.32879960317461 19099
10.313236263736247 20015
7.904080357142858 20063
7.748061904761905 20147
12.770544486823889 25013
6.718394642857143 27071
11.631854464285713 29065
6.404078571428571 31171
4.4430321428571435 38033
11.117999420849404 47187
10.533495634920628 51117
4.240905357142858 8109
10.19752344850661 2016
11.41206785714284 1009
9.95535238095238 13305
13.722212946428561 17049
13.23186868131869 17117
12.9175 21201
7.707428125000005 26103
10.619840178571426 28141
11.43883035714286 29093
6.683549642857142 30049
8.107006168831171 31019
7.707196428571429 31073
5.539394642857144 32021
4.667025000000001 35033
16.042804111295684 39151
11.58187301587302 40097
12.372780992396986 48439
9.88319285714286 51029
9.070982142857146 51063
10.949006428571431 19007
11.371482738095246 24009
10.91659196428572 29049
14.04401895161288 29077
4.678071309523809 38009
14.152527310924372 39141
6.499817857142856 41065
10.08549484126984 45087
10.344583333333329 48009
9.834337142857143 48123
10.990729761904758 5093
10.19752344850661 2164
8.804304830718408 12031
6.2758964285714285 16015
9.815436904761903 19071
11.644166071428572 19075
10.68593035714286 19117
10.156960714285708 21147
13.800407936507932 21211
9.400439285714288 22035
12.452862422360255 24001
8.764176984126982 28001
4.848721428571428 30095
4.469753571428571 32017
5.3118976190476195 38071
11.23502357142857 40123
6.878000000000001 41055
13.031738492063486 42047
13.652759523809515 42059
10.484639285714287 47071
9.732964484127 48037
11.857382027649773 48139
10.277578571428572 51109
10.19752344850661 2290
9.888470408163265 13293
13.3326111111111 17165
18.975393303571426 18169
12.132664285714295 21009
9.43557101328904 22055
13.32574642857143 26057
5.855159821428571 30035
10.034526289682557 33013
9.81663826530612 36049
19.143685992063485 42011
6.586520238095234 46011
7.221016666666669 46023
5.647357142857141 46093
10.281688690476194 5029
9.885714285714288 5105
11.435277678571438 51187
11.628899007936488 1095
6.395996428571427 31103
11.082130654761894 37063
5.297489285714286 38091
7.941552380952374 41003
7.871803571428572 48125
6.815039285714285 48301
4.623067857142858 49055
11.008383116883119 5033
4.918354464285715 8003
5.01930119047619 8071
8.591323469387758 12121
13.37109077380951 17055
17.758285476190466 18035
12.399783333333325 21083
8.779366750000001 25023
8.422687499999999 31051
7.170640178571431 35005
7.2766974999999965 41009
10.968496071428568 47043
11.145682142857146 47169
8.247938928571429 48227
10.797278962053552 51087
10.078132142857145 5147
10.199702380952388 51540
8.021867142857147 6009
7.085607738095237 6043
11.089246428571428 16009
13.605583571428573 18143
13.401262946428568 21239
9.997816596638652 23009
15.63341588345863 26075
10.167458333333336 28119
6.0708785714285725 31123
11.859283142857146 37101
12.304710119047613 37117
15.260903061224496 39055
6.340160714285714 46107
10.196398571428569 47139
10.69816071428572 5063
10.74354707792207 51700
9.52990153061224 12133
10.20967738095238 13319
18.79536863839285 18127
8.601672619047626 27091
6.241816666666668 27149
11.310075000000003 29199
5.502476190476192 38073
15.967723351648349 39033
10.096766071428574 40053
17.875459505494526 42043
8.485821173469398 44009
8.33804285714286 48105
7.708110714285714 48129
10.899861904761897 48337
10.378520034843207 48423
9.306087499999995 51071
9.664414285714283 5109
10.514123214285714 51113
9.303376785714287 51121
10.43145476190476 54023
9.858024582066866 6099
11.629125223214302 1083
9.353976785714286 13065
13.728736904761902 17079
11.420421313364061 18105
10.448338095238094 19039
9.284044285714291 22013
12.401729591836737 29109
10.806571703296706 37105
15.843330219780208 39123
9.878429285714288 40011
11.359755555555553 5055
12.892455357142861 17087
17.47327683397683 18095
9.439061428571435 19085
11.233060714285717 21153
13.453697222222234 21177
11.856025892857147 29215
7.419425000000004 41035
9.21241 48171
7.927569088669953 48381
9.421823214285714 51141
5.210554562211991 6053
7.449033928571432 8121
10.19752344850661 2090
6.507836071428571 12061
10.519006428571428 13027
9.994939285714286 13243
10.16977946428572 13255
5.932650000000001 16063
9.17651964285715 19133
7.7797857142857145 20129
15.6211029220779 26015
11.309532857142864 27049
6.151114285714287 27051
8.823746428571429 31173
5.698785714285714 46051
7.442522321428576 48003
9.796457072829137 48039
7.527501190476189 55051
3.621237142857141 56001
7.2992285714285705 8075
11.108391558441554 13157
14.879684999999995 17053
13.585870238095243 17071
16.043889888682795 17201
9.504363235294116 20155
11.285292691029882 25027
4.558635714285715 30079
7.841621616541355 36019
14.247212772397065 36029
12.029788392857146 37015
11.112619642857144 40051
15.410609999999997 42067
5.996759523809523 48043
5.01724375 49037
10.371302678571425 51051
5.795487609329455 53067
8.1601 12067
10.363971928571425 13321
8.735438095238097 20151
15.070291883116878 21015
13.679934821428578 24043
18.099368487394962 26149
15.769485952380954 26159
11.592950000000004 29057
17.356662698412695 39051
16.72340654761905 39175
10.53578246753246 40113
10.574053571428568 47135
10.927652380952388 48145
8.027178571428573 48317
10.31777142857143 51111
5.565587499999997 53057
10.777326190476193 54007
10.129787315270946 16027
10.701272619047618 19185
11.207090357142864 21071
12.266920833333323 36105
9.807856746031742 37099
11.099465714285719 37139
6.234089285714288 46075
10.824895833333334 47075
5.578028571428574 48243
9.496501190476195 48253
10.241345833333336 54019
13.076437912087913 55111
11.13770474238875 8035
7.294766304347831 12095
9.994142647058824 13045
9.845536507936513 13299
14.106246428571424 18027
14.582917261904763 18061
8.824466666666662 20159
9.23246710526316 22097
10.752796428571434 26085
8.94338831168831 27141
9.22947755102041 28067
15.19772305194809 34021
10.539921008403383 40119
10.033820833333339 47185
9.515737857142852 48019
11.12155692307694 48027
8.977488928571427 48465
4.601589285714286 49031
10.485263095238096 5047
10.766577142857138 51139
4.2648420068027155 53009
4.418238095238097 8105
11.43137017625231 8123
10.126025892857138 13187
4.5837321428571425 16041
10.022607142857144 20059
8.186975 20097
12.847248809523816 21155
11.174240476190478 29089
6.627752380952379 30057
7.549046428571429 31077
15.166923214285713 42061
10.272262857142858 45081
8.691308333333334 48071
7.4506875 48369
10.505811327561325 51810
6.637802380952379 6021
6.085958399287673 12011
7.585642857142858 12049
7.197224626245843 12117
14.540916109422485 19163
13.393173809523809 21023
8.847435555555563 28047
10.275080952380952 28161
8.017457142857143 30001
6.455346428571429 31033
9.909747132034623 33015
12.227062834821416 34009
5.538463265306132 35043
5.660239285714285 38047
15.781434821428547 39169
14.340501552795041 42001
10.88545337022131 45051
10.520442857142857 47023
11.184670189305216 48029
10.200158817498298 6073
4.433667857142857 8091
3.9859821428571425 8097
10.19752344850661 15007
10.331064285714286 13181
8.664037499999997 16035
10.498672321428572 21121
8.842240816326525 22085
16.778352306547625 26021
7.202614285714284 26131
10.043887994836478 27003
5.997687755102041 27083
10.757410714285715 29185
13.966950070028014 42007
5.64864732142857 46109
9.25455238095238 48239
10.682707518797008 51165
10.972494805194813 55017
13.510004464285709 55039
4.6187798809523795 56033
9.626266269841269 1013
9.12427047038328 12091
17.167897321428544 18097
10.91381571428571 21119
7.37331785714286 31057
7.8605902597402615 46083
11.442471428571434 47079
10.702037755102038 51053
11.398207142857148 55033
14.523852142857134 55065
14.166696785714278 18083
12.667884523809514 21157
8.16060625 25007
12.386195634920623 25015
18.058492532467522 26027
8.35372193877551 28045
12.874677210884352 36021
14.663422077922053 42019
9.789510361552045 48355
9.896468749999999 13231
10.305549285714287 20001
11.847860714285707 29073
7.292178571428573 31183
14.123234250585496 36063
10.816375000000003 37095
12.219139560439556 37191
16.825883976617575 39035
7.25620297619048 41015
12.922841836734696 42127
16.593328928571452 42133
6.824269642857143 46005
11.256929931972802 47189
6.847671428571426 48205
7.6443294642857165 48341
11.421139610389607 48497
9.444059340659347 53021
13.736173179271688 9005
11.585092142857144 19023
8.698923979591836 19167
10.28642071428571 28013
9.414615476190477 28129
9.855934523809525 28163
12.719632738095239 29209
7.978923214285715 31011
9.956601587301595 37169
16.90510912698411 39113
11.036973412698408 48147
9.198971428571427 48507
10.402803124999993 51590
9.316617857142857 51678
7.476304999999998 53077
4.673133333333331 8049
10.19752344850661 2180
10.494310714285717 1021
10.343147619047622 1037
10.424102678571426 13317
19.603574489795907 18001
14.77632448979591 18051
12.460163736263747 21019
5.981458333333334 27073
7.936335714285714 31061
11.334067857142852 37073
12.240789285714284 42083
5.920257142857143 46137
10.994003571428578 48209
9.600016071428566 48297
10.12291632653061 48459
11.323569642857143 5049
4.991310267857147 53027
12.987774285714277 55077
5.120386688311688 16005
15.109207491289196 17113
14.628782142857162 19061
11.791925000000003 21003
13.784230357142858 21223
4.931985714285715 30059
11.674453886554613 37051
14.121730952380952 39121
6.4344904761904775 41001
10.04561728571429 45035
10.981603125000001 47055
8.944014285714275 48451
10.613056832298149 51085
8.449103571428571 55085
7.570798377647611 6067
7.110630357142856 12093
8.751510142857148 13127
14.175969230769242 18109
14.19878418367347 18133
16.48035630252102 18177
10.523380357142862 23013
12.271163876146774 24033
7.985623214285711 27063
11.547617857142866 29223
11.219594047619049 40069
5.97643125 41027
13.531021551724141 42081
9.842698051948048 48001
10.366599999999996 5101
9.253251020408161 51035
5.6102326530612245 53029
14.298015253671565 55025
2.7931155714285705 56007
4.951271428571429 8033
9.23180357142857 12079
10.346455357142863 13107
6.5400205357142855 16051
14.354893749999993 17095
9.794904761904757 19027
8.059146428571427 20165
12.54090678571429 29201
4.974739285714287 35007
3.6133149999999996 38013
5.026021071428572 38037
15.54053869047621 39139
10.699847066326516 45077
9.104104761904763 48131
9.342897448979592 48225
9.672061904761904 54071
10.513970238095233 54093
7.166680275974034 12053
6.373264285714287 31017
14.847382319026254 36119
11.814533163265317 54057
8.634427569373077 6077
11.110882142857157 1033
8.236525000000002 12125
10.277231168831195 13021
19.83292908163266 18183
12.703791428571426 21099
7.94475892857143 26033
5.888169047619049 27011
4.328314285714287 35003
5.583419642857143 38045
9.109010714285715 40055
9.944381231003051 44007
10.183060142857162 5045
5.829401339285714 53037
10.0390475 55095
10.864778516483533 1101
6.961136738875854 12103
13.076335714285717 21229
9.324505357142854 22127
8.12060357142857 27065
6.556310714285714 30007
7.4462482142857045 32510
4.145706428571428 38055
9.198123809523807 40151
11.163415816326529 45069
7.478357142857144 48011
8.001035714285713 48195
4.317342857142857 49017
5.9101229081632685 50015
9.290175892857144 51163
16.52067112244898 55059
4.335719642857142 16007
7.994258333333336 16061
13.46262824675324 17081
8.096330357142858 20167
14.103628571428574 21077
8.293776388888888 22051
8.718292857142858 28041
4.578118571428568 30009
8.641801785714282 31167
7.06894107142857 35015
5.180889955357142 4007
9.65538668831169 47145
7.250703571428573 48017
8.7642 48271
10.868446428571415 51740
7.231139471726186 6095
12.64580446428572 17003
18.25447142857143 18151
12.047550000000001 19101
10.751762499999996 20205
12.977872619047607 21113
12.73876785714285 21181
9.147075000000001 28031
12.682027232142861 33005
8.500849999999998 40129
7.72417857142857 48345
8.746527857142858 48353
10.180238169642864 51143
5.0047028911564615 56021
7.680151984126987 12027
13.167124999999993 17083
14.01950595238095 17129
15.603016369047587 17143
10.391408603896124 20045
13.679615873015873 21179
13.328838766233767 24027
10.131878928571426 27025
8.010352463054195 27145
10.387291964285708 28105
11.832015476190477 29017
11.447988392857141 29119
5.816524999999999 35023
10.022239999999996 37173
4.9256321428571415 38069
17.02333961038962 39091
6.625829464285713 46065
10.581715178571425 47039
8.198203571428573 48101
7.767597448979595 48233
10.101996428571429 48287
8.599185204081635 48361
11.943509821428576 50003
12.255589107142862 50021
9.604222619047617 12013
12.553269642857144 21227
8.986339285714289 26141
9.914729464285715 28011
10.83085238095238 29039
8.228322959183675 31079
9.025067857142858 40057
14.075479999999995 42031
13.00406428571428 42053
7.8288214285714295 48033
9.323758928571428 48207
11.181514285714288 5089
11.319568750000002 5121
12.437718367346937 55137
4.028941071428571 56017
4.302958928571427 8007
10.19752344850661 2170
13.50681666666667 17065
17.01156034482758 17091
14.218033928571433 17125
8.705187499999996 19063
9.619422689075632 23017
15.816431766917278 24015
7.071589285714286 46111
4.97927857142857 49007
11.232988214285717 51001
4.2671133928571425 56009
7.434652488839309 12057
12.845827999999988 16055
7.4440202380952325 16087
9.666740178571422 19137
13.853575714285702 19139
9.350991326530616 20113
11.838636607142856 21205
12.164086904761906 24019
11.816353078817723 29019
10.334145000000005 29147
9.845351190476197 31025
5.353596428571429 38063
14.625763571428575 39059
9.92382435064935 40071
9.692765476190477 48289
9.072814285714285 51077
10.8523125 51157
12.271701785714285 54105
11.872283928571429 55061
11.67076122448979 55097
14.04574500915752 6107
10.570833571428572 13063
10.0407 19077
8.175431092436979 22087
10.586142346938772 26129
6.376157142857139 27005
8.740042410714286 28073
11.208856428571426 29021
11.236721428571428 47053
7.054543464285715 50011
9.301995089285716 51023
9.942210064935065 12063
11.336807857142855 13119
10.848355238095232 13297
14.240719642857139 18121
11.861445238095243 19171
8.514467857142856 20093
9.039898809523809 22041
8.916438392857135 26031
8.82551666666666 31039
6.7468071428571434 31049
7.163276785714286 31089
18.315088265306134 39137
9.90599642857143 48051
10.744352443609015 48157
3.6437821428571424 49009
11.288751530612254 5009
9.148375 51045
10.19752344850661 2158
9.901682142857142 13061
12.691464285714293 18119
10.58310102040816 19015
7.833125 20195
10.145939285714288 20207
12.480480158730158 25011
10.992935204081633 29001
8.2428625 31129
10.831276785714284 47027
7.559446428571425 48165
10.438353214285714 48499
10.608597619047615 51830
9.084036196911205 53005
4.037757142857144 8079
11.413073412698408 1079
10.39973035714286 1087
10.661329642857142 13071
14.41886160714285 17147
11.116590476190474 19135
10.863240927419378 20173
11.179454285714286 24017
9.419842142857137 26119
8.375094642857144 31035
13.383741476190457 36001
9.048715229257557 4013
11.575877178571425 42117
13.296189018464526 8005
13.779826190476193 18005
13.688866071428578 21081
8.766873051948055 26041
14.792581873315372 26139
10.138102295918364 47009
11.146499999999993 47097
10.658649404761903 51169
9.5296362244898 1039
7.271732499999998 12035
11.048541964285713 13011
9.25633928571429 16069
15.780451785714286 18161
8.75145535714286 19041
11.327554545454545 40019
5.181346428571428 4011
10.496832653061224 47109
12.114340249060161 48085
9.718632142857144 48185
8.920121428571427 48319
7.205539285714288 48495
4.140026785714286 8051
4.556297321428572 8113
9.957203571428574 1109
10.976609325396838 13013
6.376426785714287 16047
13.43066547619048 18101
9.26733071428571 22061
6.7821624999999965 26083
11.398330952380942 27109
10.65735119047619 29033
10.792016964285716 29079
12.106800714285711 29131
6.107285714285716 31069
9.45947244897959 47035
5.788323571428569 49057
9.163557857142857 53051
9.992326785714283 54109
8.98741666666667 12047
10.379117328042321 13095
9.93549166666667 13235
10.080231428571427 13251
5.876517142857147 16067
10.502067857142857 19049
8.301974999999999 20033
8.815374756493515 22019
10.174307142857142 27147
5.34115119047619 4009
15.204411428571433 42119
11.299266703637995 47037
10.785787912087908 47167
9.501381109022555 48441
9.925483403361346 54081
4.391864285714285 8023
13.688349404761901 17033
6.096539285714286 27173
10.35184464285714 29013
12.121649489795923 37065
11.49052089947089 37085
10.202067857142858 37149
5.771971428571429 46091
9.831175892857146 5081
11.040110714285706 5135
10.257978571428573 13017
10.307553571428569 13123
13.83880285714286 17193
8.42315306122449 20057
9.564916071428573 20127
11.566133928571434 23023
6.181880357142859 27081
11.882648308270664 36113
11.836256802721081 37049
8.199604761904762 41053
10.374941071428577 45001
5.748482142857143 46031
10.110650892857143 47173
9.069660714285714 48373
9.633471428571434 54101
4.896068452380952 6027
10.19752344850661 2068
12.047029464285723 19107
9.710876190476194 19189
10.349308482142861 21235
9.83444285714286 26135
6.546816071428574 27021
10.646860714285717 29081
11.926407142857146 37127
5.810280952380954 46037
11.550312053571423 47045
11.091640476190483 47063
9.04781045918367 48291
10.12995446428572 51065
7.999680194805195 6041
4.740849999999999 8027
6.953985714285713 8115
10.19752344850661 2130
9.249024603174599 22069
10.749724999999989 26105
10.56583154761905 28145
12.150448809523805 29067
14.162151058201037 42055
10.729747023809525 54097
6.545086263736261 6087
13.67853821428571 17021
15.681672727272728 17141
20.83157291666667 18003
8.388804285714283 22037
10.729201020408166 29107
12.241598571428575 36073
4.941839285714286 38103
14.54652291666667 42025
10.940615178571424 45067
13.278078296703288 54107
6.27078947647308 12099
8.99684669642857 13191
10.544254285714285 20011
12.965048214285714 21139
7.422843877551021 26053
9.543046428571428 28055
9.176326428571429 30053
4.527142857142858 46033
6.031067857142857 46041
6.051364285714286 46095
9.573639795918362 48067
9.739469642857143 48093
10.970795714285712 48349
11.178541208791218 13295
15.36303214285714 18171
6.384999999999999 27125
5.811832142857143 35059
9.94467642857143 40141
7.655948214285713 46009
6.154682142857143 46025
7.900582142857145 48211
11.067035714285717 5075
4.512794642857144 8103
10.19752344850661 2150
9.799180714285713 13145
19.62105714285714 18179
8.259271428571425 19143
10.188140476190478 19173
9.807971428571427 20031
12.27240178571429 21079
6.430132499999992 27119
10.999097142857142 29121
17.09179744897958 39173
13.487573917748918 42089
10.665824839124841 45045
10.264826190476178 47025
9.897872704081632 51089
10.622306428571429 51099
9.472172321428575 54089
6.509178928571429 6091
10.265266666666669 13209
5.371407142857143 16025
15.522485714285713 17155
8.383931249999998 20009
10.136362500000002 20191
14.56675892857143 21163
10.84498139097744 21195
9.502242261904762 28149
10.682853571428566 29083
10.949155803571433 29195
10.966008791208798 37077
12.935314880952385 39001
11.335007857142855 48221
10.59865223214285 48293
7.259305663265306 50007
7.772138616071436 53025
10.62593630952381 1001
10.18728112244898 13233
9.958460714285717 13307
15.402782142857141 17011
19.3364630952381 18089
14.600183673469392 18129
4.046736071428573 30087
9.98174074074074 37089
11.37836631493504 37129
5.1609750000000005 38043
15.284527210884356 39157
17.886291468253976 42045
11.65707207792207 48397
11.957554312668448 54039
15.26281130007554 9009
7.169481099873575 12127
12.921237500000002 17151
14.330124285714282 18165
7.694775000000003 20179
7.8988274999999915 22105
12.416238720930206 24031
7.587546428571428 31163
9.875124999999999 40003
5.157575714285716 46081
8.465298214285713 48075
11.091186576354668 48187
9.883074450549456 48401
4.437901785714286 49023
12.012574285714294 55053
5.685797678571429 6057
8.413534821428572 12003
13.934811428571427 17101
12.6806125 17153
10.103591071428573 20079
8.913670238095236 22059
9.333681547619038 26137
12.080106428571417 36099
13.63410612244898 36103
10.97969983766234 37045
10.211109821428577 40089
6.940816071428574 41013
11.06339 47033
10.19515867346939 47123
9.941621428571429 48031
10.095867428571427 48183
9.173378571428572 5025
9.32258888888889 51161
8.097125 53013
8.108183928571421 53065
16.339361255411205 55079
13.276987774725272 55117
4.921537875000001 6045
9.202825996677763 12005
15.224834340659353 17177
12.674136904761905 24011
11.16368809523809 40085
13.784658705357154 42121
7.92583571428572 48375
10.145368993506485 51003
9.958207440476198 51031
6.493571428571429 6003
11.189356377551013 1049
10.114086428571426 1123
6.503289285714284 16037
13.177805952380956 17133
11.769733571428569 19157
8.185217857142858 20203
9.13180625 22067
8.162430000000002 26071
7.623125 31065
11.278807908163262 36025
17.338755782312926 39109
7.333805857142856 4021
8.329698519163745 41029
15.2045652142857 42129
8.602617857142857 48433
5.021296428571427 56035
10.19752344850661 2122
10.811500000000015 13139
13.121409821428571 17189
16.85350214285715 18059
13.867198214285704 18079
15.17252045454547 21101
12.849978781512608 21145
12.58343705357144 29127
11.985850000000001 29151
11.37071666666667 40041
10.434596428571428 13085
12.649006250000001 18013
12.443378928571438 18093
9.251792261904765 20169
13.051225000000004 21031
7.943668668831157 27137
4.758960714285714 31165
8.252328296703288 36031
10.212846031746016 37055
11.144917944250867 37179
9.52256785714286 48447
4.501022857142856 49039
9.641071258503404 5125
