9.434215333333336 17039
10.163782083333333 18135
10.34347333333333 20013
9.512525 26023
6.7643466666666665 26035
8.174596862745096 26155
7.983235555555553 31001
5.8918066666666675 32029
9.561814351851854 37001
9.645280999999995 39159
4.578996666666668 46063
9.839385789473681 47011
9.26569307692308 47073
7.499120740740737 51009
10.41335181818182 13047
10.530361666666666 13249
9.016642962962969 17157
8.13708285714286 22093
8.36603666666666 28133
6.20283 31063
4.382809999999998 38057
10.213865555555559 39161
8.827361666666665 40033
8.544846666666666 47049
7.86994871338931 2275
5.862654444444444 16045
9.080247592592599 17001
10.632274736842103 18085
10.101261904761905 21133
8.385651666666664 21219
8.987712916666664 29207
7.799896060606048 36117
8.136624999999999 37121
7.189716666666666 48173
6.7158950000000015 55135
5.006439999999998 16039
9.670381666666666 17175
8.00963 24045
7.865459444444439 28091
9.400003333333332 29227
5.504549999999999 31135
7.662439027777781 34033
7.677674782608697 34041
6.452843529411767 36077
7.22609782608696 36109
4.843180784313725 41071
7.640985310077519 48061
7.14644333333333 48265
7.166500000000002 48399
9.575506666666667 12065
7.826754736842106 12119
10.78331 13217
8.897055333333329 21207
8.907004761904764 22011
8.479038888888889 22113
7.947046666666666 28015
4.9895700000000005 30055
5.552654761904764 36089
8.834325555555555 37103
9.284583888888886 39127
7.544789259259258 42035
5.629025014880962 9003
7.658616250000004 10001
10.41318822222222 13015
10.626393777777794 13067
9.444604285714288 13179
9.365358527131775 17019
9.377221250000007 17107
9.511983750000006 18023
9.227375555555554 21137
8.858852222222222 21187
9.735414166666668 29167
7.053393333333333 31071
6.216515555555556 31145
4.21524 38025
5.192042333333335 46117
8.281241764705884 47019
8.230674999999998 48255
7.030190000000001 48383
8.408217500000001 5017
5.90977103030303 6069
7.86994871338931 2070
10.391847222222227 13279
8.19677 13281
10.775885 21115
8.421320416666667 22039
8.270803333333337 28101
8.183613888888885 37115
6.904115000000003 46035
5.81248 46123
4.417301666666668 8067
3.3301469791666696 27035
4.164940500000003 27115
11.17620354700858 31055
9.703473333333333 45055
7.239030833333332 54075
7.86994871338931 2110
10.479488333333334 13197
8.817489333333333 18045
10.492235833333332 20117
9.620689333333331 21175
7.781206410256412 26157
7.424691333333335 27047
7.884617777777773 28097
4.9054180000000045 30081
5.605587 32023
9.59786611111113 37159
9.213788666666668 39009
8.928023725490199 42013
10.259725555555557 46127
7.953362345679017 47113
7.526846190476196 48219
7.489168333333334 51685
3.6425488888888897 8019
10.492653333333347 13285
7.754247272727278 22117
5.543955000000001 27167
4.82502 30025
10.148937718360031 37183
9.50345777777778 40099
4.889499999999999 46055
8.408935641025643 48347
9.21211545454545 5115
7.623640000000001 54065
3.642209999999999 8047
9.173174666666666 17045
9.11268 21045
6.312160952380955 26009
9.001724999999999 29129
7.214654444444445 48083
8.535901666666664 51520
3.6837706790123446 53035
4.427702843137253 8013
4.545753333333333 16071
8.51698 21105
9.66846888888889 29011
3.8933433333333336 30107
8.68219402777779 39029
10.294971666666672 40091
8.011476666666663 42057
9.043645555555553 47007
7.030106666666666 48045
4.962955000000001 50017
3.459234 56027
8.825310782312915 6075
10.743491333333324 13113
10.200158333333333 13165
9.993073333333333 13259
8.80308703703703 18055
5.795263583333334 23031
8.620722500000001 29181
8.662327777777781 29205
7.805570461538464 36087
9.161142857142861 37059
10.07444388888889 45037
6.391030000000001 46003
9.070246851851854 48245
9.18616222222222 54035
4.769474444444445 56041
11.16947466666667 13169
8.781976666666663 19055
5.418176666666664 23027
8.617137147435885 24003
8.102438333333332 28125
8.554682222222219 29137
3.8648266666666644 30067
6.207637083333336 36095
8.991243333333326 37033
9.369599462365596 37035
9.63366821917807 39093
8.022461428571427 48249
7.509082380952379 51149
8.257693333333332 51640
4.398732619047618 8043
10.562316166666669 13141
10.184741666666666 13221
11.17583000000001 13275
8.854506666666664 17047
10.318713083333332 20115
9.079033333333337 21069
6.8906437037037 26101
3.9912774583333346 27097
8.156600476190473 28003
9.283054444444444 29085
4.226902000000003 30003
11.190706899224798 31153
9.270469090909094 37061
9.078731333333337 40023
5.470670000000001 46069
4.854064999999998 49047
4.642745999999999 50019
5.524203472222234 6089
10.52059111111111 13263
5.590420000000002 26097
8.347204747474738 28033
8.507492 29053
8.747262666666666 29117
7.3466499999999995 37143
8.529700185185188 42051
9.27407333333334 47107
8.780253412698407 47165
7.462703571428574 48135
7.471556904761909 51069
8.68300111111111 1075
11.022405000000004 13287
5.171272083333331 23021
5.893317499999999 31111
10.131825000000012 39037
9.885332492492486 39061
8.300882592592592 47029
7.618296666666664 48429
7.265557254901968 51061
3.4171487037037065 56025
10.726267108167752 6065
7.5982540740740765 12075
10.164488666666664 13143
9.633337333333333 21037
8.847117499999998 21061
8.552802222222219 21141
7.772300634920633 22109
8.78621469011731 29189
8.136708666666667 37131
8.919178333333331 39111
10.034706666666665 40073
7.139873333333331 48127
8.36836 5073
4.495764666666667 53001
7.970354444444443 55049
9.928849999999999 13195
9.693166666666668 13227
6.369883333333333 16079
8.687400000000002 17059
9.114678888888891 19121
9.81503666666667 21129
9.280575952380952 21199
4.878588407407408 27041
9.097220000000002 31059
4.0229466666666704 31157
6.102503333333333 35035
5.144006111111115 38099
6.165549999999999 48421
7.752304999999996 51005
8.937792777777778 5113
7.949582500000006 12001
10.03991733333333 13001
10.221188671023967 17097
8.852265833333341 17185
9.021376388888886 19181
7.852587142857148 24039
5.1584940849673195 25025
6.624065 27157
9.909844761904766 29009
9.098556477987414 29510
8.759774476190463 39099
4.499830971014493 46103
6.672963333333334 48137
8.213321999999998 5027
3.8940596805555523 53015
6.321161388888893 55075
9.881328666666663 18011
10.422630740740738 39107
8.719233333333332 48021
7.567989999999999 48087
8.757887058823524 5031
9.285981078431368 12073
8.629328666666662 17149
10.409091880341888 18057
9.652606296296296 21013
9.591269268292686 21117
7.777249855072465 22057
4.272526666666667 30069
5.797633333333334 31113
6.962633333333333 35019
4.007169076923077 38101
9.593824444444447 45029
9.56282933333334 47057
8.535190555555562 55089
4.778096190476189 6063
4.8800183846154 8041
9.295198666666664 13099
9.164813750000004 17027
8.385116190476195 19065
8.590800833333331 19147
7.310619999999999 20141
7.308597088607594 36071
8.267682385321109 36085
4.942023333333333 38029
9.644212011494284 39085
10.351263888888894 40087
12.09317066666667 40117
8.49037263888889 42097
5.7441799999999965 50027
9.861419583333326 13213
10.525038333333335 18159
9.605790166666669 20003
8.810605972222225 26099
3.847973333333334 30097
9.23413857142857 39047
6.381254 40139
7.32647714285714 42015
8.603277555555554 47059
7.8191666666666615 47069
6.596075375000001 55093
7.86994871338931 15005
9.566762222222225 1011
10.223373888888895 13059
10.493257333333325 17093
5.3558819607843136 23025
4.6611492424242424 30013
10.37196444444445 40047
9.854479333333327 45049
9.554990386904748 47093
8.575259999999998 48057
7.8153549230769315 51107
8.716840000000001 54085
8.140091666666665 1023
8.22447727272728 24035
6.88735777777778 26133
8.645889999999989 54055
10.5348225925926 13129
9.836902962962958 17103
9.02619733333333 17159
9.951877301587297 18063
8.718228684210528 19013
9.609672222222224 19093
4.895440215686276 27111
8.776960784313724 37027
4.76858 38085
9.783945000000001 39135
8.691929333333329 48089
7.937134444444448 48193
7.86994871338931 2220
9.172522500000001 17023
10.152503888888889 19149
7.511445000000001 27043
5.878915714285715 27085
9.604726666666664 31095
9.083185185185181 39071
9.436336833333339 39145
7.662441666666664 42023
8.895533333333336 46135
8.742270333333332 48321
7.459438333333329 51007
4.918013599358965 53011
9.111411705426363 55133
4.985156666666666 6051
7.380018686868684 6097
5.367393333333335 8061
10.847877592592596 18039
10.594504833333323 18067
8.435896666666672 19059
6.310063333333336 20065
6.797361666666668 20119
8.740929672897186 24005
4.370050714285714 27017
6.9758780952381 27103
5.701819333333331 32019
4.583446666666665 38001
9.959197878787887 39003
9.42003571428571 39053
10.379926666666668 40107
6.0625599999999995 46073
4.663821333333335 49041
5.273612578124993 49049
7.293976666666666 51036
8.534551666666669 54017
9.07123491228069 55105
10.064587168949785 1089
10.253787499999996 13273
8.568857333333337 17061
10.715815499999998 20197
9.78180133333333 37071
4.904844999999998 46029
9.192369999999995 47127
8.847929603174608 48041
8.505078333333334 48285
7.090435555555554 48307
8.473571333333327 5019
3.603286190476191 53031
8.184908571428572 54067
10.792520177777776 18141
8.862597142857139 21085
9.167449166666666 21215
8.424461666666668 27105
8.422077333333334 29219
6.008414444444444 30089
5.118839649122809 33009
8.192353333333331 37137
4.785380000000001 38095
9.409592708333342 39089
8.850554035087715 42005
8.56303761904762 47147
8.994872727272723 48217
8.719644007490636 48491
8.99197222222222 5129
8.863014666666672 5141
9.733418333333335 13037
5.390406666666668 30085
6.114869999999999 31009
8.8976 31139
7.366779333333331 36123
9.456019859943979 37081
4.595565833333333 38089
10.049178333333334 40061
4.481972916666664 41061
8.162232666666663 42037
5.288310000000001 46121
8.767716666666667 46125
8.261326666666674 47021
8.548885833333337 47087
9.16853375 48097
9.207594561403509 48231
7.087606666666667 48431
10.04976977011494 54011
8.617253333333341 54103
7.86994871338931 2185
7.718972666666665 12041
7.24909319148936 12115
9.350986666666666 19009
6.090130000000002 20153
7.321905 31175
7.352009649122805 36011
8.452606190476185 37193
4.984819047619053 38105
8.250128787878788 54033
6.247136296296297 6005
10.25709358974359 1115
8.996232777777779 17085
10.954603458333333 20111
9.291718333333336 21197
7.542921666666667 27033
4.798943515151512 27061
7.922916000000003 27117
6.162551666666667 27129
8.094835555555555 28019
7.870352666666669 28039
8.401971111111113 28103
9.586839259259271 37109
9.619829139784956 37155
9.292787272727272 39005
9.663647348484853 39023
8.167672222222224 48237
8.907155438596494 48367
4.676272307692305 49043
6.990787111111112 54031
5.446562380952381 56005
8.846889545454554 1077
7.750053482587043 12101
9.312987699530506 13051
9.476699999999994 18029
9.075085333333332 18153
5.97151 20199
7.643820208333328 24047
8.586567407407404 28095
8.345382469135812 28121
8.702304738955831 34017
9.30590805555556 37069
4.884852140350877 38015
9.519927499999998 40095
8.675320000000003 47015
8.594107111111112 47141
8.364807777777775 51083
8.703447777777772 5117
5.28602215686274 6007
10.728700000000007 13053
8.48001333333333 19017
12.398953333333333 20049
8.033872666666666 22027
8.167996666666664 22125
6.973097083333335 27015
4.009637555555556 27159
5.8841958823529374 27171
8.03160222222222 28077
8.339315238095233 28099
8.542174444444445 29041
4.299798333333333 30005
10.04105814814815 37125
9.420077368421042 39119
9.573375555555556 45027
8.87216888888889 48477
9.584098484848472 55101
9.635467849462366 6025
8.457753333333333 1041
8.76014911111111 1047
9.152507333333336 17199
8.384111616161615 22079
8.425024210526326 28081
8.41469333333333 29125
6.6651216358658205 32003
8.551711777777774 37141
7.909266666666664 42087
7.578204991319446 42101
6.776801111111108 48357
7.736320000000002 51135
4.7166313888888824 55031
9.524023111111111 1051
7.875893333333325 12017
8.667106666666665 17069
6.734708333333333 20163
10.498940000000008 31097
5.643572828282835 35045
8.39472083333333 40149
8.843185151515149 48481
7.86994871338931 2100
10.459159444444449 1055
10.159617037037039 13117
10.870156666666668 13155
9.837691666666661 18111
8.9129375 19187
4.933184666666668 27135
5.409033333333335 30019
7.182288333333334 37029
7.990240512820511 37189
4.7409300000000005 38027
8.532330370370362 47155
8.339147496229266 47157
7.2474300000000005 48151
6.681456190476191 48179
7.037586666666667 48235
7.598068333333332 48333
8.439081111111111 48405
7.351668333333339 51093
8.307332222222225 51197
4.578643333333333 8055
10.641108888888889 13271
9.073664444444448 17173
9.79965133333334 17179
10.386703666666666 18113
8.881692991452978 26115
9.390954166666665 37079
8.90806666666667 37181
9.286359629629631 39027
8.911056666666667 40093
5.030238333333332 46129
6.668133333333331 48229
5.643610780392164 6061
8.117379906890132 11001
7.510335098039215 12107
9.718178749999998 17161
9.62900333333334 18145
7.928671807909619 22071
8.70580626984127 26121
7.187243333333333 35011
7.420910925925933 35025
5.356782222222222 46115
6.230279753086417 55073
7.86994871338931 2230
9.621187666666662 20201
8.336203939393938 22099
4.183061111111111 27075
5.419004444444446 27107
7.862917777777775 28005
5.257859999999999 31091
6.933788041958051 34025
5.872212666666668 35027
8.436902575757589 37171
9.66998500000001 40079
8.200025 47171
9.628211145833326 5143
9.299038846153845 18019
6.49038 20101
8.513975333333331 22121
7.336712121212119 27099
4.067203333333333 30037
5.016213333333334 31005
8.879786666666664 31169
5.562384077380958 32031
9.296780606060603 45089
6.8740266666666665 48413
9.136975555555557 5127
3.9369079011627974 53053
8.42193354271355 6019
5.467904523809522 6093
11.167769666666683 13153
10.28879833333333 18087
10.533220000000009 19129
9.759695925925929 21089
7.283938333333336 51049
4.767071666666666 8073
10.702470809523811 20161
8.853438888888888 21007
9.065834999999996 21123
8.71906047619047 28087
7.584160980392148 34035
4.354677499999998 35028
7.140283333333332 51125
7.974363333333331 51595
8.908995555555551 54069
7.921751066666669 12113
10.896575000000002 13315
9.111168666666666 21005
8.93508222222222 21041
8.069808333333334 28009
7.583137156862735 34011
4.271152777777776 35055
9.399513589743584 39063
4.833198333333332 46007
7.590670000000003 48311
8.271211333333332 5011
7.346681666666672 51199
4.828379999999998 55003
9.623898888888892 13183
10.750272888888876 13247
9.164406666666666 17041
9.356161666666662 17057
6.847815555555557 26051
10.50458407407407 31053
5.277979696969698 33003
5.331788333333334 36041
8.958255238095239 37003
9.998721624999973 39017
7.99453 47161
8.573711111111114 48091
4.612145833333334 49051
9.387911666666666 51105
6.93318426666666 55063
7.0323576190476205 55123
4.069853333333333 56045
5.227209583333333 16011
9.388344444444442 17075
11.608193846153856 20125
7.3518200000000045 26107
7.303603333333334 31099
7.0168940476190365 36083
9.12909538461537 39077
9.54616740740741 39171
9.223571515151518 40137
7.842259999999998 47083
9.575623049779473 48113
7.777739999999998 48261
9.126693333333332 5065
8.59405777777778 5095
7.110006666666667 51091
5.354494000000001 6011
5.0665499999999986 8095
8.906593333333335 18025
12.394044242424254 20035
8.456414999999996 21107
8.316036666666665 29055
5.657544888888884 33001
10.163630606060602 39011
11.664588971428545 40143
6.617778333333333 48065
7.433628148148151 48189
7.612864666666663 51175
8.851391333333334 1107
6.809489166666672 12043
10.905344851851849 13009
10.58974532520326 17089
9.035440833333334 19025
10.196073333333329 21051
5.0367855555555545 30021
4.246403333333332 30077
10.579984666666668 31131
5.15014733333333 38067
4.064968333333334 41023
8.649223333333333 48315
8.460984999999997 5107
7.388588333333335 51159
5.645435000000001 55037
5.194852037037037 8014
10.339366666666665 13161
10.756170000000008 13193
9.373209333333334 19029
8.930705555555555 21027
6.260489999999996 27143
8.413245964912276 28151
10.071075000000002 29005
8.201007777777775 31003
7.515211300813009 34037
8.434844366197188 42049
9.969295555555554 45005
8.378929333333328 47131
7.407606345381532 51153
8.80809333333333 54013
11.006480475174294 6037
7.292809245283008 6079
11.100135833333336 13075
11.096431999999998 13289
9.899997000000004 17063
6.1176666666666675 20187
6.2843166666666646 27139
5.457274166666665 27151
8.081711666666667 28023
9.133531041666663 29031
8.850548888888886 29211
4.998003333333334 30051
4.444662380952384 32007
8.411437179487175 42065
4.579628181818183 44005
8.760338333333333 47175
7.205979876543209 12055
9.859177777777777 13005
10.880772933333336 13207
10.714443749999994 13261
8.528660000000002 17013
8.718470555555552 19083
8.276372000000006 22043
5.0867781481481495 23007
4.278297708333336 27153
8.013907333333334 28051
8.856283333333334 29171
9.765817083333333 29225
5.964176666666668 31087
10.061517037037037 37093
9.736222564102563 37167
7.353798666666666 42105
8.862754761904755 48161
7.307916000000006 51145
7.504018333333333 51620
2.952196666666666 8057
5.130001111111109 16031
10.024380705128197 17111
9.895874166666667 17131
10.803550855263193 17197
8.5537872072072 18157
7.970125555555554 22107
7.865060000000008 26123
7.209131249999997 27013
5.124046666666667 27087
8.220982083333329 28083
7.934737777777774 37075
6.096991414141416 38017
5.518765185185185 4012
4.843986666666669 49029
8.82298777777778 54009
5.305795555555554 8063
9.321343833333339 18043
10.051173333333336 19115
6.172394999999999 20039
9.350996060606054 21093
8.264725333333336 22045
5.028125333333333 25019
8.494159047619043 29007
10.49251333333333 31127
10.474816666666669 31133
7.846114433333351 34027
5.71359 35057
4.673328333333334 38005
5.0231499999999984 38039
7.7927740000000005 47085
8.869623333333335 48313
5.053305000000001 50013
5.68263111111111 55119
4.16458238095238 8029
8.890867222222221 1065
8.952351969696961 1069
6.421661142857142 12085
10.67592800000001 13303
4.34441 16033
4.585224444444446 16085
9.73582533333333 17123
9.41722333333333 21065
8.605627777777775 29175
8.238291428571431 37039
9.168867916666668 39167
8.516286250000002 42107
5.074276666666666 46089
9.133724999999997 47061
8.201657575757567 47183
7.396948888888887 48163
4.9057966666666655 49021
4.668599999999999 49033
9.385365684210505 5119
3.8333999999999997 53069
4.589103333333332 55007
7.86994871338931 2020
8.781194444444449 18117
9.533362361111102 19103
6.796221666666668 20069
8.797521564102551 20091
8.439616666666673 28089
9.827537117117132 37025
8.884137741935483 37133
5.252868158730159 41043
7.359456666666668 42113
8.331864444444447 5099
5.31070666666667 55099
6.392691250000003 55121
5.351913317829448 6017
5.627393333333334 6105
7.86994871338931 2060
9.454148095238095 13029
9.517022857142859 18041
6.11727 20075
7.997982222222223 28155
4.693636060606064 33007
4.748903933333335 38059
5.3405795833333345 41045
8.44560333333333 48005
7.038726666666666 48095
5.896069999999999 48111
7.232146666666667 48263
8.57723777777778 5097
6.851069841269835 53063
10.610251833333331 13077
8.764070999999994 17137
10.160522500000004 18073
9.258033333333334 19095
9.489616666666668 21063
5.285923333333333 32009
7.345053666666663 36107
7.456297777777775 37041
9.411570925925917 39101
4.982060000000001 46021
8.434365454545448 47099
8.212604554707367 26049
7.993890666666669 28043
4.358510000000002 31161
4.2924566666666655 32015
8.17609866666667 36013
9.396362023809516 39045
9.37645009523809 39133
6.081770000000001 46077
7.691657333333333 51600
8.706821166666666 55055
4.254769999999998 56043
4.45802 16023
8.476316666666666 21143
8.76170866666667 29141
9.527221666666668 29165
4.280744444444445 30043
9.626499999999995 37007
9.837324166666649 37135
8.83775063492063 37157
9.180430476190473 39073
5.233043333333333 46049
9.203803666666673 48471
8.562065333333331 5057
7.922303333333337 51081
7.482635333333337 51183
8.369142676282062 6013
7.39039857142857 6015
8.110905000000004 6055
9.061355555555558 1067
8.367085833333332 1119
9.312389999999995 19159
8.97719333333334 21217
8.62566666666667 22115
9.752538000000005 45075
9.6855276399027 48121
8.804041666666665 48351
7.164885333333333 48463
9.366121999999999 5015
3.990286666666667 8111
9.838904444444438 1127
8.09743933333333 1129
6.998883859649123 12015
10.602540000000003 13283
4.952531333333334 16049
5.857872666666669 16053
9.031812222222223 18007
9.62876416666667 19045
8.550710000000002 21075
5.561316666666664 23015
8.34156588235294 29071
4.90612873333333 35049
8.95994483333333 39013
9.892055208333325 39087
11.560000833333332 40105
4.126174999999998 41007
8.439784705882353 47119
3.4442191190476192 53045
6.066422333333346 53073
7.146036200000003 54027
4.746041666666665 56011
3.55106 8117
10.391997999999997 13073
9.905082857142858 13087
10.983161055555563 13225
10.108627777777777 20043
8.966805333333335 21097
8.243352156862745 22063
5.317559999999999 26003
7.992394444444444 28021
10.123620555555554 29145
4.420664848484852 30031
10.780476666666665 40035
8.571860434782607 47179
8.753740416666657 48055
8.79151333333333 48063
8.840116666666665 48199
8.761396666666672 51167
8.71741222222222 54095
8.089765277777778 55043
5.7126893650793615 6101
7.864591888888899 12019
10.352269444444438 13219
8.921345555555556 17169
10.661803333333335 20131
8.625221666666668 21057
8.12503 28053
9.276332055555553 29217
9.14416074074074 47089
8.580480952380958 48331
8.875588333333333 48449
8.772116666666667 5137
7.896223623188408 51770
7.827563923076929 10003
8.242491666666664 19043
8.704210000000003 21149
8.170724666666667 22065
6.322052857142858 26109
5.361404444444443 31101
7.242900203106333 36059
8.121872222222223 37005
8.148495999999996 37199
7.774277311827955 42027
7.4523903030303025 42115
9.641419215686275 45059
6.7568199999999985 48435
4.87131 49001
9.447400740740747 5005
9.080598333333345 5085
8.060617096774209 1003
6.909627079646015 12009
10.51523872340425 13245
9.46143266666667 18047
10.115134166666667 20087
6.129246666666668 20109
8.618780615942034 22033
7.664527037037036 22075
8.249833333333346 24013
8.112356338797817 24021
7.444794444444442 26063
8.115213333333333 28131
8.457874242424241 29159
4.526240000000002 30023
3.853803333333333 30045
3.916903333333333 31045
6.742208243243232 36065
8.07577238095238 37175
4.33702 38083
7.835174166666666 40009
4.500315000000002 41049
6.864686666666666 48443
8.301664666666664 5043
7.460233333333334 51683
8.891443333333335 54015
7.678842999999998 6023
9.890971363636368 1121
9.799952222222215 17203
9.65532 19165
5.566187450980391 32005
7.058644722222223 35009
3.816157666666666 38075
8.437383333333338 40039
4.7611341269841265 4025
6.03315458333333 41033
9.77178888888889 45017
9.431684814814812 47001
7.422563333333335 48279
8.382657222222223 12089
10.78756639999999 13151
5.691076666666667 20023
8.415858907103827 26093
8.324825833333332 29139
6.419968771929827 36043
9.463234916666668 39025
9.657947333333333 45039
5.471920000000001 46039
7.984378666666664 48281
7.420807777777778 51103
8.53952166666667 54021
10.49858481481482 54045
6.920900952380945 55001
3.5008766666666675 8037
9.7509685815603 1125
8.297028333333333 12129
10.720992222222218 13167
10.896108666666663 13177
10.12667013333334 13185
10.576103333333327 13309
4.477251666666667 16029
9.057068843537404 19153
7.4041316666666654 20145
8.915085555555553 21091
8.584814166666677 22001
8.052609909909915 37031
4.707170000000002 38011
9.868384444444446 46027
9.335987777777776 47153
9.543668076923083 48181
7.349415000000003 51119
7.367368529411774 51650
3.3265696666666655 53047
3.4674902 53059
4.702541666666666 16003
5.120706666666666 16073
9.223924047619052 17077
8.550174444444448 29123
11.513936666666666 40103
8.90421275362318 42063
7.614967777777777 46067
9.48306333333334 47067
8.280848571428573 48025
6.608436666666665 48393
8.76947266666667 48455
4.083703333333332 53049
7.925045714285714 54025
8.427970606060612 26037
8.670381873767292 26125
4.199208666666668 38053
9.748704260563398 39049
9.097812000000001 39067
10.013584727891175 42071
10.1772997979798 45003
6.869 46043
3.8324966666666676 53019
5.9004199999999996 55019
10.100911666666663 1029
8.850510000000003 1105
10.349262692307686 19193
6.296913333333333 20137
9.692508888888893 21109
9.840872307692312 21125
10.204793999999998 21127
7.7523923076923085 26017
4.521873333333334 32027
6.7029892198581535 36111
9.182974999999995 37017
9.283719999999992 39105
7.762447142857142 42131
9.52886737373738 45041
6.809633333333333 48385
7.220659756097572 51550
10.25306466666667 54043
7.337429358974354 12081
7.58852386666665 34023
6.3615437777777775 36035
6.66362117647059 36115
5.4602924999999995 38097
9.215931666666666 39131
10.159303703703715 40133
8.380814166666669 42109
6.820609999999999 46097
7.507643580246914 48329
6.597493333333331 55029
4.508259166666664 56023
4.5075400000000005 6049
4.659592857142857 8039
4.833410697435895 9011
7.86994871338931 2013
9.873930555555557 1111
7.890495454545446 12131
10.262392777777775 20021
7.297799999999999 20047
9.602350833333348 26005
8.004775555555554 28065
8.056955833333323 29037
8.750171926298165 29095
9.543753333333335 45021
7.889666249999996 47017
9.282350000000017 48167
8.41782055555555 5037
7.5410966666666654 51133
10.615180617283949 1081
7.514213333333332 12045
9.533663333333335 13201
6.620893333333334 20135
8.027062777777777 28093
10.42896777777778 31147
9.50082666666667 39075
8.751573703703707 47177
7.773335416666667 48325
5.685947037037036 8031
5.504958666666665 8099
8.52170722222222 1061
4.2431322380952325 27095
8.949881666666668 29025
8.904225333333335 29157
6.446089999999999 31149
4.155216666666667 38049
4.1724 41025
7.791538333333336 46087
8.360216666666664 48077
8.9664462745098 48213
8.649091666666665 5053
5.951343333333337 55067
9.004999999999999 1057
7.687425083333326 12109
6.535368983050847 16001
9.099559999999993 17029
7.673804666666668 19191
9.469301111111115 20095
6.590844166666666 26113
8.248378627450975 28035
9.469153333333335 29063
4.99386 30075
9.869199999999996 31151
6.411482209302319 33011
8.206395833333307 34039
7.444026047619058 36067
8.23748851851852 51173
6.504316829268289 6113
5.584242886597935 8001
4.1621043333333345 8085
7.86994871338931 15001
9.261911666666666 18115
6.553176666666666 20189
9.314537333333327 20209
5.53712336477987 25017
6.015931282051287 27027
7.978201666666667 28063
9.262834393939373 29047
9.28078999999999 40015
4.966761372549022 41041
8.979618888888893 47003
8.471426666666662 5079
8.783494999999995 55045
5.418617333333334 55107
11.051896111111105 13081
9.738421785714277 17099
9.532258333333333 19035
8.862599523809527 21001
8.175355757575753 22119
8.03451 28157
9.914929166666667 29003
4.42678 30039
7.2973066666666675 48283
5.960181666666665 48377
7.262958333333333 51097
7.246747499999998 51101
7.381863333333334 51131
7.296554999999999 51181
7.10436034946239 6085
7.002383333333332 12071
10.83502606896554 13089
9.744423000000001 13103
10.573593333333331 13199
6.054584166666667 16075
9.276475 19177
8.204510555555556 22077
6.216505333333335 26001
6.838748533333323 27163
7.420893333333332 27165
8.532995 29135
4.874076666666665 30101
7.468771666666668 51193
8.737133333333333 1093
5.9057038095238115 16057
9.504782777777788 17015
10.652200370370373 18069
9.250486666666664 19003
9.226114444444445 19119
9.844994000000002 19183
9.044139 20107
10.23336888888889 21131
6.618607916666663 26055
4.8743327777777745 30017
9.209210555555556 5071
4.972952922705305 8059
6.788814977168957 12021
11.117519259259257 13277
8.925491999999998 18147
8.690726666666665 20143
7.206246666666669 20183
8.2238975 28017
8.190350000000006 28123
8.097341666666665 48487
7.574919999999999 51570
3.7716118181818166 8045
10.338818333333332 13033
10.96159366666667 13093
8.920376666666662 17191
9.676085151515146 19057
9.08555166666667 19125
7.746378571428573 26127
8.420008541666668 28049
8.299293333333333 28143
10.120470303030324 29097
9.338511666666667 31143
7.92166333333333 47101
7.516683333333338 51011
7.929576666666668 51037
7.506166666666667 51670
7.886072499999995 54091
9.087390833333338 19073
5.012716666666666 27089
9.978570833333338 31159
8.130807075236588 36081
9.271963571428573 39147
8.640091111111113 40067
9.62103633333333 45025
9.241539090909093 47013
7.05138 48069
4.632967500000001 53043
9.153388611111113 17121
10.398047133333327 20139
8.745896614583334 22017
5.690707551440349 25009
8.158431666666665 28139
7.509915459317569 34007
7.982954576271188 42069
9.447147777777776 47121
7.477357111111105 48427
8.818873333333334 5061
5.517032500000001 53055
4.378258333333333 16013
9.699193333333342 17073
8.787535333333333 21231
8.388014666666669 28057
4.260226666666667 32011
6.470151666666667 35029
9.977138000000004 39125
8.423551428571432 55131
8.104541851851849 1053
9.455907500000004 13229
4.786998888888892 16059
8.519394444444442 19069
9.018265000000005 26059
3.8887566666666675 31007
10.352338888888879 40021
7.324861666666664 40059
7.810856000000004 47005
8.346016666666669 48175
8.695292857142865 48203
9.2480730952381 48251
3.957246666666665 56019
7.86994871338931 15003
8.656829999999998 17171
8.887276666666665 18037
11.026052000000004 20017
9.910193333333334 20077
9.106894761904764 21021
9.171876666666668 29061
5.844316666666668 31085
6.615286250000007 36057
9.996082666666668 40001
5.838103333333333 48359
8.533313333333334 48403
7.301356249999997 51073
7.300331333333335 51820
8.542523796909482 6029
10.503953089430912 6071
10.565488 18103
8.790527687074825 18163
10.583680866666663 20133
8.90748333333333 21103
8.928156666666666 21191
9.478330833333333 21203
8.138755333333334 28137
8.646042222222224 29155
8.608347777777784 29173
4.380414074074072 35039
9.726687297297289 39103
5.967157179487178 41011
8.494629523809524 47133
7.78134 48047
6.565015833333331 48371
8.513193333333339 48457
6.988462999999999 51079
7.245683333333334 51127
10.399615925925922 1017
10.984800000000002 13159
8.889485555555554 18175
6.931025555555555 20051
6.393323333333333 20171
8.59086312757202 26065
6.488431999999999 26143
5.333554583333337 30047
9.24802444444445 31119
7.342413864734305 34001
9.667617142857145 45061
7.169065000000002 48335
7.095694444444446 48475
9.198194962962964 19113
4.342486857142856 27057
7.823306666666668 28147
8.666354545454551 29187
6.257754533333337 36045
7.058628600000002 36091
9.497451764705886 37057
8.394894722222215 37083
4.544468333333335 38041
7.857540394736843 42077
9.903220238095235 45047
8.616269999999995 47041
8.974346666666666 48119
8.480646666666663 48365
8.861625000000004 48387
4.773978333333333 49019
7.479528888888885 51043
8.241150370370372 54049
6.528997333333329 55083
5.419083333333332 8017
9.525802999999994 17105
9.27250095238095 19123
7.654021111111108 19195
9.737989333333335 20041
9.229901666666667 39117
9.285470444444453 39143
8.161141380952385 42111
9.753804999999998 45057
9.787691014492749 45085
5.327176666666668 46013
9.532728148148147 1005
10.064283333333334 13003
9.71068666666667 13239
9.020678833333337 19169
8.64622933333334 22003
5.578544777777778 27067
4.605768333333333 27077
8.124639166666665 28061
9.822429523809522 37165
5.225719999999999 49027
8.004651333333335 51775
7.86994871338931 2188
7.86994871338931 15009
8.862613333333334 17127
8.790392777777777 19019
9.451835714285709 21043
8.484422380952383 22031
5.427043333333333 31117
7.428942456140336 34005
8.370018800393305 36005
11.213012121212108 40145
12.616371025641023 40147
5.355045116279064 4015
4.90123348611111 41017
6.383161333333334 55011
4.5101694444444425 55013
5.215630000000001 8011
9.179852222222221 19001
6.009556666666667 20071
8.192908888888885 22111
8.212509333333333 28159
8.563220555555558 37185
6.768772222222224 40007
6.925438333333333 48295
8.457320000000001 48391
7.417438333333331 48411
4.177775555555555 8119
5.166689195402298 9013
7.86994871338931 2050
7.994633333333332 12077
10.386154444444449 13043
7.641183333333333 19131
9.592887222222227 19145
9.621314166666663 20103
5.90509 20181
8.045861333333335 28127
9.242378333333335 29091
9.298654166666665 39115
9.955275131086122 45079
7.539617777777778 48299
7.398513333333332 51530
7.379851818181816 51660
10.278331666666672 13007
8.553774333333333 13039
10.89090055555556 13055
10.542213333333335 13269
4.909996666666668 16077
9.584619090909086 19111
9.295609227642272 21067
9.47269136125654 21111
3.9011866666666672 30071
9.734360606060608 37163
5.402529999999998 46057
8.317088148148155 48363
4.655259333333333 50005
7.340137619047621 51033
8.327340111111106 6001
4.559551428571428 8083
7.7603557861635135 10005
8.632458571428575 1031
8.448968888888887 1091
11.50064050328786 17031
8.673463333333334 19197
8.849787222222217 29143
6.520391904761903 31047
5.19173666666667 35051
7.422249878787859 36007
8.292792833333328 42033
4.609393333333332 46105
8.795708888888884 47117
7.050667037037039 48323
9.010551111111115 13025
10.603664285714284 13133
9.597228666666664 13147
7.986356666666667 20123
7.230822333333332 24023
8.540503846153848 26067
5.000800333333334 27007
7.008041333333337 27161
8.367024895833335 36055
6.618277272727273 55115
6.774039523809524 12051
7.612610000000003 19005
7.042090000000002 20025
9.98877845454545 20037
4.033108333333333 27031
10.661570810810813 31109
7.7290433333333315 36069
7.2499333333333285 36097
7.369183333333335 37177
9.06476333333333 39015
8.281477499999998 40065
10.009763333333337 40121
9.756877741935474 42075
8.354180000000001 5039
7.405531161616169 51760
7.858717555555557 54037
7.400248749999999 55087
4.6930793103448245 8077
6.505854444444446 12087
11.036407993827149 17043
9.58493933333334 18139
9.19552722222222 19097
8.571630833333332 21233
5.705883194444446 23003
6.472954999999995 26089
5.126363250000003 27121
9.326973333333338 29229
10.274054444444443 31021
5.073429999999999 38051
5.067185000000003 38093
8.559853333333333 48149
9.927057619047623 5007
7.94499 51067
7.241868095238094 54083
7.706570813008129 55139
3.763868666666664 8093
7.86994871338931 2240
8.132249333333332 13241
9.40366047619048 18167
9.157287619047617 21209
8.644511999999999 29115
5.046305294117646 35031
6.991169444444444 36023
8.82286 37047
7.986700666666666 47091
7.306595020576114 51710
7.339847777777778 51735
8.182346666666666 54063
10.708928 13211
5.3096155555555535 16019
9.79612454545455 18081
8.183104499999995 22073
8.629930877192981 24025
8.884875000000001 29203
8.162555099999997 34031
9.484878571428569 39065
7.364188333333331 51630
6.68436 55081
3.8873256666666673 56013
10.119984666666674 13267
9.006257619047625 17051
6.703598461538464 27131
7.947476666666666 28037
4.905630000000001 30011
4.61481 30033
5.205860833333334 30063
7.47818320512821 34019
4.6255804761904775 35006
8.836198020833324 37147
5.474753333333333 46059
7.466527222222223 48049
8.687050434782606 48469
9.185181666666667 18021
7.9552683333333345 20185
5.342767753623184 23019
8.629124166666683 26161
8.239054999999999 28069
8.060264166666666 28153
4.737903020833337 30111
5.739273333333332 40025
4.6412146428571415 4005
4.830023333333333 46071
7.563847777777776 48107
7.627045 48275
4.858604444444445 49015
7.684164473684203 51510
2.894667499999998 53017
5.022948333333332 53071
6.9233990476190455 55057
4.487700416666667 8087
9.269153333333328 12039
10.916798083333333 20149
8.044248333333334 22007
5.197570833333328 27059
9.200745703703706 45015
8.51032111111111 48177
8.545741666666666 48425
8.280244999999999 5013
8.85706333333333 1063
9.292404333333335 17109
8.898100000000001 18125
9.530123666666666 20027
8.410188888888888 21033
9.194716999999999 21049
8.677114242424251 22015
7.837502051282054 22089
4.771787923076934 25021
8.079322638888883 26087
8.933657407407413 29169
8.922785555555553 37023
8.258272051282049 47125
6.520311111111109 50025
7.547172666666667 51840
7.8356220105820364 12083
10.573200000000007 18009
10.358719444444443 18049
10.67904354166666 18053
9.252873030303025 19179
10.089250000000002 29087
8.78234 31125
4.837603333333334 38031
8.737878666666665 47129
8.751596000000005 47151
6.395830588235292 55141
6.537574299319719 6047
4.4759166666666665 16043
9.433148095238096 17067
6.818297222222221 20055
4.698711666666665 30015
6.941174583333329 36053
10.030325951359089 37119
8.076946057692293 42079
7.905534444444449 47081
6.866523333333332 48327
7.820359999999999 48489
7.459179999999998 55047
5.788205999999997 55069
4.914557222222222 55113
8.221749629629626 1025
10.344011666666667 13301
10.33450796296296 13313
10.219438484848483 18017
6.876259000000002 27169
8.14330833333333 28135
4.3011083333333335 30065
8.62610777777778 31081
5.2310944444444445 35053
9.046439743589739 37161
8.273683623188404 42039
8.52116122222222 42085
7.8742345833333305 48053
8.374149444444441 48419
3.9493633333333324 8053
5.021318333333333 16065
4.316903333333333 16081
9.091176666666671 17035
9.164061257861636 17167
10.513353333333333 20085
7.937783333333332 20105
9.733190000000004 21237
9.230201770833341 26081
5.540786277777778 27093
8.493043333333334 28025
9.733199999999998 40077
7.056026666666666 48103
8.47255846846846 48485
5.233726825396833 49053
7.468444320987652 55009
8.512731666666665 29027
4.851520000000002 31075
8.386248282828285 37019
7.53101582750583 42017
7.86994871338931 2105
8.592484166666669 1085
9.903997948717945 18065
7.995130000000004 22029
8.426382857142862 28027
8.738755999999988 29023
8.299445493482326 34003
9.10160799999999 45013
9.258004814814822 47051
8.342447833333335 5035
7.308531666666666 51800
7.865759166666665 55021
6.34935 55091
10.281624625000005 20061
8.191240666666666 28079
8.626000833333332 29177
9.702139999999998 31179
5.594314270152509 35001
8.49510966666667 37111
8.368052333333322 42099
9.633740833333336 45053
4.670251666666667 46019
7.753312222222213 47077
9.670962777777778 47115
6.167341999999996 55035
9.234842042389202 6111
8.824029166666666 13137
10.237294444444446 13149
9.021720000000004 17025
9.18064333333333 17145
6.690746666666668 26019
8.503675 29035
9.634238095238087 31141
9.70504257142857 39057
5.1599653205128275 41067
8.099563999999997 48273
9.039089999999995 48277
8.771700555555555 5021
7.431655555555559 51790
4.1685066666666675 8021
3.7798226575342477 8069
9.761951481481487 39039
9.276536190476191 39079
9.834141135802447 39153
8.53685 40075
7.258240000000001 48079
6.569763333333333 48109
9.108263333333332 48407
8.80074259259259 54051
8.146007166666669 55027
10.893467777777772 13091
9.248513999999988 17163
9.05586666666667 18155
8.837875555555557 19151
8.599739777777772 29051
8.992626194029844 42003
9.705124583333339 45071
7.377311111111109 48445
9.81389904761905 51027
8.117818 54041
3.8525820000000013 8015
8.04767238095238 1099
10.34964666666667 13265
5.132201999999999 26061
8.844235333333327 29069
9.458546666666667 29153
5.567278333333334 30061
6.075445555555556 35037
7.214103809523809 37053
4.97261 38019
9.606642571428578 39041
9.87856111111111 39165
11.327554444444463 40037
9.590655555555555 45083
8.993845714285719 46099
7.968589166666665 47181
8.371891578947364 48099
7.611767333333328 48133
10.7743217896523 48201
5.426266975308639 49011
8.04281266666667 51025
4.5035930555555534 56037
4.6351788888888885 6035
5.030546666666667 8025
9.218131111111113 13253
8.982085714285716 18077
8.598590833333336 21055
7.908897499999999 22101
10.564232298850573 40017
10.214002601626026 47065
7.929916568627451 48303
9.157746535947712 48309
7.2957069696969645 51095
10.281683333333342 54099
9.880181515151516 1071
10.307530000000005 13189
8.971291999999995 13257
10.09418 18131
5.808664646464655 23005
4.954717706666669 25005
6.134620512820516 26029
6.6739422222222196 27079
5.9132002666666725 33017
8.50847525000004 36047
7.737979333333336 37091
9.75844848484848 37153
6.38043802083333 4003
10.224091481481482 40135
8.285818666666675 42009
9.793274166666667 45009
9.697430606060603 45023
7.434643333333331 48269
7.5834425 54001
10.954851904761908 54059
8.230061666666666 12059
10.915625166666668 13115
5.22452 27155
8.299258070175437 28075
8.014876666666662 28085
4.677029166666665 30093
5.3930033333333345 35021
5.277671666666663 38003
4.6893841666666685 38079
9.431459166666665 40005
8.378525 42093
3.62466141666667 53041
5.172616666666668 8089
10.772255000000005 13019
11.02664688888889 13023
9.116406805555556 17183
8.344208333333336 20007
8.634555833333335 20029
7.361548666666675 26073
7.65761888888889 27101
8.201561111111108 31107
7.786024126984123 36009
8.114129999999998 37043
9.460421333333331 39031
10.816603333333331 40081
4.351406666666667 41037
9.536398333333333 45033
7.486376666666664 48305
8.73827888888889 48343
7.296586666666666 48501
7.326796666666667 51017
10.87957051124746 1073
9.675362857142867 17007
11.057732976190485 18091
9.492451666666671 29105
8.15282484848485 37013
5.6493305555555535 38035
8.559251875000001 48409
8.953964 48467
9.567522222222227 48473
8.830808571428573 5023
10.048236666666662 5131
11.0663140880503 13215
9.102065300546455 17119
9.250430000000003 19175
9.143632222222221 21011
9.079090714285716 21185
6.308991333333336 26039
6.761397222222226 27127
7.951881249999998 28113
9.412600000000001 29075
4.09681 30027
10.358269166666664 31043
5.320867142857146 32001
8.076936444444442 36037
3.9396366666666665 41069
9.662510833333327 45031
9.0095131972789 47149
6.377506666666667 55078
8.496716704119859 6083
5.494689444444451 9007
9.317418333333332 19161
9.288609999999998 21165
5.16746 26095
7.134168666666665 27055
8.17113740740741 29101
8.894369999999997 29103
9.175105714285715 39019
10.073633333333335 40063
4.241472916666667 41057
8.701235833333326 48241
4.692590175438599 50023
8.80286583333333 5091
5.089033333333334 53023
4.382018888888888 56003
10.870077777777784 1019
10.415093333333333 13125
8.460727777777779 13291
10.595141944444453 18099
8.99526466666666 18123
8.986553809523807 19011
8.52604425 20121
6.225335000000001 20193
8.060324 22049
9.236303931623926 26025
10.742871249999997 40083
8.520006666666667 47137
8.761796666666665 48159
7.744732777777779 48259
7.67741298245614 51680
5.491426666666668 8009
8.912429333333325 17017
7.990723939393944 22095
8.706039880952378 26045
8.012462222222224 28029
8.119906547619047 28059
9.084385000000003 29111
4.565616666666666 30073
4.940731428571428 36033
4.443340000000001 38007
7.239081666666668 48483
8.792961333333338 19127
8.913779166666668 21087
8.472523333333342 22005
5.629682023809526 23001
9.721746959064305 26077
9.708475555555554 29059
9.759090333333335 29213
9.248323333333337 31185
7.820814074074071 37113
8.741073809523812 37197
10.348230000000001 40115
5.326873787356319 41047
9.164042142857138 42021
6.042894999999996 46015
5.7963000000000005 46017
5.219335 46045
8.061719166666661 48143
8.917205825688079 48453
5.27232807692308 49005
5.416836363636361 49045
9.26583777777778 5083
8.465855555555553 5123
9.08459166666667 5149
4.718136000000002 55129
7.548505555555553 12029
10.559159380530959 13135
10.630784166666666 20099
6.107513333333332 26007
4.950749999999999 27069
8.793713333333327 29186
8.904638333333335 29197
8.704505555555555 31121
8.026209333333334 37011
9.737292738095245 37151
5.488815000000001 38077
9.574317272727269 40013
9.906252612612606 45063
7.113378333333332 48081
3.6271649999999993 8065
3.2393824999999996 8107
8.886303333333338 1045
10.881351111111112 13035
5.519259999999993 16083
9.060774999999996 19051
7.558023333333333 19089
10.44147238095238 21025
9.243625263157888 21151
10.011396666666665 21189
8.603470833333327 21225
7.900202403100782 22103
6.095471228070176 27019
8.541256190476192 29113
8.460851333333334 29221
6.769030000000002 31015
7.315482727272722 36015
9.694090555555558 37123
8.332654597701135 42029
5.053961515151514 44001
7.273763333333333 48191
6.978553333333333 48461
5.609351176100616 49035
3.549267500000002 56015
8.35203666666667 13049
10.008973333333333 13173
8.663814444444444 21039
8.626025555555554 21053
9.159997222222225 21173
8.001529999999999 22083
9.207747272727273 29029
7.944958333333332 31093
7.2294553333333305 35041
10.885401451612879 40027
8.949536045197744 42125
8.917683571428558 45043
8.305447222222227 5103
7.852463333333333 51610
7.806982953586496 6081
8.758923333333332 17009
8.287712222222217 19109
11.60352911111111 20073
7.342309090909095 4027
8.414573636363642 48493
4.639537777777779 50009
8.58169041666667 5001
8.580096190476183 5059
7.554723333333338 51147
8.750043030303033 51185
6.333769999999999 26079
8.723231666666674 29099
7.6393775661375685 34015
5.3656762500000035 35017
3.8508505555555557 38061
7.282722222222222 48059
7.184832499999999 48415
8.767399027777774 5069
7.575993030303023 55015
7.613551666666671 55023
7.868480000000001 12007
6.565911363636363 12111
9.125412777777786 21017
6.897519333333336 27039
6.385166655518394 27053
9.279740000000004 29045
9.939304444444444 31037
4.678019999999999 38087
9.380343076923081 39129
6.286032666666671 4023
8.936943931623935 47163
6.6861786666666685 48389
4.8293036363636395 49003
9.520515833333336 1027
6.751624079794057 12086
9.021081333333337 17181
9.726098888888888 17195
9.751270666666663 19087
8.29498190476191 22047
8.025991666666673 28007
10.331557142857134 29043
8.638154432870376 36061
9.66232566666667 39021
9.322105833333332 40031
8.561729999999997 48073
7.919323333333334 48197
8.507125333333331 5041
7.336280864197534 51179
9.375987619047615 1133
10.81553411111111 13079
5.154701666666667 16021
10.095900740740738 18033
9.22264777777778 18137
9.597553999999999 19031
7.794325555555556 22021
5.4815700000000005 30091
4.616416666666667 30099
8.022430833333333 48013
7.765783333333333 48023
8.84761518518519 48223
7.826150000000003 48503
3.5455957777777787 53039
5.277159555555554 6033
10.490280000000002 13163
10.327136666666668 13223
9.318493888888886 18031
8.997069 18071
8.03823833333333 19037
5.6039672043010675 23011
5.275430000000002 38021
4.751316458333336 4001
10.356480416666672 40125
5.4758851395348795 41039
9.987274444444443 45065
8.964311111111117 45073
9.435771333333337 47105
8.049552566371696 48215
7.202322000000002 51075
8.317964871794876 51191
6.907031984126965 9001
8.109106666666666 1035
8.048226666666668 12123
10.127362063492068 17037
10.636602875969002 20177
8.86969166666667 22023
5.093884230769235 23029
8.492877000000005 29161
5.5262116666666685 30083
4.705568888888889 30105
10.277883809523807 31067
7.6250544444444435 37187
7.391078333333335 48247
4.7096333333333344 49013
8.472169999999998 5077
2.6551658571428582 53007
7.365514000000003 55103
7.86994871338931 2282
7.383358780487812 12097
8.858430606060613 18173
8.6448725 21171
9.381866666666665 31027
3.965550000000001 31105
6.8666383333333325 36017
9.188536666666666 39163
9.278527777777779 47143
6.559212500000002 48117
7.26937 48169
7.229926994535514 48479
7.48837460093896 51041
8.424260000000004 51750
9.389152083333336 54047
8.83450345679011 6031
7.86994871338931 2198
10.374401182795694 1015
8.238557499999997 1131
10.295715000000001 13057
9.80571866666667 13105
10.498558095238094 18149
8.725132380952381 22053
7.972194702380953 26145
4.591669999999999 30103
5.014016666666666 31031
9.552157543859648 37195
7.366751481481482 42103
7.328801111111114 46079
9.016441944444448 47031
7.992522424242424 47047
7.3655283333333355 51115
8.380748 51690
10.685545555555555 13171
6.810303333333335 20083
8.676511111111113 27133
7.142819147286828 36093
10.606793999999997 40111
5.105404795833329 41005
4.49344222222222 41063
6.246138333333332 46053
5.6301733333333335 46085
9.041719999999996 54087
8.644860526315789 1097
10.801108222222206 19155
9.085032000000002 21167
8.708219047619055 21183
8.185496666666673 24029
8.95974166666667 29133
7.060129409282715 36027
9.05266333333331 37067
4.3331447777777745 41031
3.4974961666666666 46047
7.617178333333332 46101
8.482548666666666 48007
7.089567037037039 51171
8.939116410256416 5145
4.0925111866666715 53061
4.1637193333333355 56029
13.115110000000003 20019
8.128511851851847 22009
6.798226666666665 31083
6.38767177777778 36039
8.582225 47111
6.750911666666667 48267
8.727471999999997 5067
8.47584238095238 5111
3.0153041666666662 56031
4.11856083333333 56039
10.359335555555557 13069
8.97598333333333 13101
10.902155333333331 13237
9.39727852941175 17115
9.135220000000002 17139
9.651059999999998 17187
9.565038181818187 21095
7.8629622222222215 22025
7.992708666666666 28071
8.438892571428601 34013
7.994067222222214 37009
5.438655 38081
8.654862933333323 39007
8.654713764705905 45019
5.356343333333333 46119
8.891493333333337 17135
10.474267142857139 18075
8.675628888888891 20157
9.119408787878793 21073
10.65298249999999 21193
6.591028888888889 26069
7.839369999999998 28109
6.660096910569107 35013
9.400766439393966 37097
7.761096078431375 42095
9.908522222222222 45011
7.249529999999998 46061
10.074306440677978 48339
7.83436666666667 51580
4.697807759999997 9015
9.971419629629638 1043
10.203363194444423 1117
8.258096000000002 24041
8.747509275362315 26091
8.864576557376996 26163
6.576529999999999 31041
7.579991666666666 31181
4.722610000000001 38023
9.992553666666666 39149
7.3237 48417
10.968274358974355 1113
9.540675714285715 18015
7.855791666666666 20089
6.739865333333333 20175
4.187283333333334 31013
6.583266666666665 31115
6.661802373333318 34029
9.98560205128205 37037
7.895554166666669 37087
7.388788333333336 40045
9.74236629629629 40049
4.771926021505376 4017
7.705281042654029 42091
9.895638115942033 45091
9.101318888888885 48015
7.332441111111108 51057
8.302974999999993 5139
7.5342094202898595 6039
5.293906666666669 6103
5.893270303030305 6109
9.000197777777775 19053
9.069402666666662 21161
5.5499155555555575 26153
8.22044733333333 28117
4.79493476190476 35047
6.8158701936376 4019
7.890131581920899 51013
9.140480000000004 51720
7.5711389285714255 12069
10.01928 20005
9.191257500000004 21135
8.166781111111112 22123
7.790388627450984 24037
8.874812649999988 24510
6.980562666666667 26011
5.9566695833333325 26047
5.871442499999997 27023
6.653799649122807 27037
9.941833333333332 31023
5.521459259259259 35061
7.087708505747133 36075
9.620924999999998 40029
10.572101041666672 40101
4.732523333333333 49025
8.629499666666668 5051
7.915875952380954 54003
9.166849242424242 55127
8.693059999999994 1059
8.788686000000002 13111
10.96727230769231 13175
8.384426666666666 22081
6.861513576642331 27123
8.645289746835427 29183
7.159730701754387 36079
8.903248260869555 39081
8.754827939393941 39155
8.5766080952381 48035
7.622704306418234 48141
7.32610666666667 48153
7.094255555555557 48437
9.240867575757578 51195
9.423568888888889 54053
7.582617500000006 54077
6.526128880952383 55109
5.510079523809519 6115
7.86994871338931 46102
10.022517901234574 1103
7.546797500000001 12037
9.636287333333332 19047
8.667679251700664 26147
7.123891666666665 27045
4.79740888888889 30041
10.672222 31177
7.873126666666667 36121
11.465346309523817 40131
4.323283333333334 41021
7.348981025641024 51015
3.937511155331651 53033
8.581970833333335 54029
10.831538545751672 13121
6.177840740740741 16017
6.6524899999999985 20067
11.397696666666663 21159
8.761554444444446 21169
4.936127619047624 25001
8.00643769230769 26117
8.492756666666667 29163
4.81501 30109
6.998635555555555 31137
5.169399000000003 50001
9.0441725 5087
8.932762500000003 5133
7.578757575757573 51730
5.346858400000002 55005
5.690557499999998 55041
9.433869166666664 1007
8.983013333333336 17005
6.912453333333332 20081
8.336798070175435 21047
8.892572608695671 21059
4.972751037037042 27009
8.191571111111106 28115
4.297005555555557 32033
9.479192380952382 39069
5.596408030303029 41019
8.642324166666667 42073
7.336393333333335 48115
9.334350925925923 48257
8.581573999999996 48395
7.083396666666665 51137
5.739149333333338 53075
9.694706333333336 54079
5.1994066666666665 8125
7.8149373809523714 12105
9.049145555555553 18107
9.263992499999999 19141
7.984884999999999 20053
6.100429487179486 25003
9.628263504273507 45007
8.958045 48379
7.86994871338931 2195
9.211270555555558 19021
7.966822666666662 19067
8.720615833333335 21213
3.534690277777778 27001
9.058184285714281 37145
9.226060918635163 39095
7.755998666666672 40153
4.947256444444444 41059
4.713674085470081 44003
7.6794191085271235 51059
8.459173666666668 51155
7.278573000000004 51177
8.880608333333335 54073
8.076883333333333 28107
8.726799444444444 29015
4.797975000000002 32013
4.405173333333334 38065
8.174957777777776 40043
9.224053333333332 40127
8.641604421768719 42041
7.879402564102569 42123
9.30817629629629 47103
8.562361333333333 47159
8.274611904761901 5003
7.745488125000002 51019
8.443389999999999 51021
3.541506666666665 8081
10.165399722222224 13031
10.52171816666668 13097
9.52010291666667 18181
8.899614666666665 19079
5.318275000000002 26013
5.027947777777778 27029
8.404964999999997 29179
5.515996666666667 31029
7.096472083333334 51047
5.472275555555553 53003
8.17197263888888 54061
5.418616666666666 55125
5.1543980606060575 8101
8.052117500000003 12023
7.913054507042241 12033
10.623512777777782 13131
8.727138666666669 13311
9.068703333333337 19105
9.472667777777778 21029
5.720011904761903 26043
6.065627333333336 33019
8.386974880952396 37021
11.009078035961252 40109
7.86994871338931 2261
10.148576666666667 13109
8.281192592592593 21035
7.884148333333334 22091
7.902867500000004 26151
6.693558750000004 26165
8.120840000000003 28111
8.930079999999995 29149
10.605073333333339 31155
7.47000179487179 36003
7.738206888888892 36051
5.32526219883042 41051
7.2077833333333325 48505
10.07022416666666 54005
7.398472456140355 55071
10.90423866666667 13205
8.0338893939394 19033
8.253104666666669 21221
7.518999298245611 26111
5.2015893333333345 27113
5.531466140350866 30029
7.292630333333332 36101
9.29255377777777 37107
9.336300925925922 39043
9.237046666666668 39083
9.58679555555555 39097
8.50503 47095
7.697156666666668 48155
11.72362482817865 6059
10.172329166666664 13083
8.217031666666669 19081
8.682004166666669 19091
8.988175925925926 19099
11.99679202564103 20015
6.280009999999999 20063
6.6997177777777805 20147
5.621223268608406 25013
4.690830833333333 27071
8.635542500000003 29065
5.622656666666666 31171
4.726643333333333 38033
8.661182612612617 47187
8.285351111111112 51117
4.034250000000002 8109
7.86994871338931 2016
10.02101814814815 1009
9.522531666666664 13305
9.110330416666661 17049
8.786249230769235 17117
8.963083333333334 21201
5.470102777777773 26103
8.193156666666669 28141
8.418337499999996 29093
4.057574523809521 30049
7.3284212121212065 31019
6.543646666666665 31073
4.857758333333332 32021
4.417016666666667 35033
9.707252945736418 39151
10.854979629629629 40097
9.49393631185809 48439
7.2316466666666654 51029
8.096747777777779 51063
8.86576866666667 19007
7.934576851851854 24009
9.339670833333328 29049
10.494182795698936 29077
4.3101177777777755 38009
9.248042352941171 39141
3.8356895416666665 41065
9.57397 45087
8.16050555555555 48009
8.470840000000004 48123
8.411865833333337 5093
7.86994871338931 2164
8.282158940269731 12031
4.401026666666667 16015
10.27401 19071
8.6848425 19075
8.999991666666661 19117
8.950888333333333 21147
9.097710370370379 21211
8.156464444444445 22035
7.260761927536219 24001
8.038172592592591 28001
3.947331111111111 30095
4.815593333333334 32017
4.849113333333335 38071
9.837789000000006 40123
4.085463333333333 41055
7.937677037037042 42047
8.673092592592598 42059
7.91828555555556 47071
8.893528148148155 48037
9.370191935483879 48139
7.068926666666662 51109
7.86994871338931 2290
10.585924761904767 13293
8.846724444444451 17165
10.69197583333334 18169
8.827546666666668 21009
8.680408759689907 22055
7.844627999999999 26057
4.551354166666664 30035
6.120596388888893 33013
5.738408095238094 36049
8.959699925925925 42011
6.687046111111105 46011
6.881587777777776 46023
4.537253799999999 46093
9.157515000000005 5029
8.999013333333336 5105
7.171697083333333 51187
10.182981666666656 1095
6.061033333333332 31103
9.922079499999995 37063
5.221140000000001 38091
5.275559259259255 41003
7.281926666666666 48125
6.934943333333333 48301
5.040279999999999 49055
9.844677575757576 5033
4.315080833333335 8003
4.616294444444445 8071
8.184695238095237 12121
9.18938638888889 17055
10.344810555555553 18035
8.469325185185177 21083
4.723050900000002 25023
9.987146666666666 31051
7.150274791666665 35005
4.165829333333333 41009
7.997532333333332 47043
8.626306666666665 47169
7.237039999999997 48227
7.371660260416664 51087
8.654116666666669 5147
7.143109999999999 51540
6.267688333333333 6009
5.8206827777777805 6043
6.031245 16009
8.943803333333337 18143
9.211171666666665 21239
5.370294803921567 23009
8.709866403508784 26075
8.270044444444446 28119
4.3046966666666675 31123
10.007809199999997 37101
8.142760555555558 37117
9.259095714285708 39055
5.212056666666666 46107
8.911579333333329 47139
8.892760000000006 5063
7.382627348484867 51700
8.114591904761909 12133
10.99016988888889 13319
11.682953749999998 18127
7.854451666666667 27091
5.302445555555554 27149
9.065706666666667 29199
5.3408911111111115 38073
9.198856923076912 39033
10.388808333333335 40053
9.276856666666646 42043
4.257445499999999 44009
7.076353333333334 48105
6.945716666666666 48129
8.551699444444443 48337
8.85972016260162 48423
8.423709166666663 51071
8.526256666666667 5109
6.919443500000001 51113
8.268353958333327 51121
6.954889999999998 54023
7.22634517730498 6099
9.820873958333339 1083
8.96840166666667 13065
9.097138888888889 17079
8.762858494623657 18105
9.054145555555555 19039
8.112068666666664 22013
10.070992380952383 29109
10.29203358974359 37105
9.281564358974363 39123
8.998388666666667 40011
8.803317777777776 5055
8.852559999999999 17087
10.477399639639634 18095
10.275096 19085
10.645797499999997 21153
8.487144444444443 21177
8.97854 29215
5.298871833333328 41035
7.248191333333331 48171
6.754573793103449 48381
8.216680833333331 51141
6.513515974910392 6053
4.763486666666668 8121
7.86994871338931 2090
6.636583000000002 12061
10.90895666666667 13027
9.724631666666664 13243
10.745782222222221 13255
5.076960000000001 16063
10.048016666666662 19133
6.134289999999999 20129
9.135550303030302 26015
6.7375479999999985 27049
5.104788333333334 27051
10.141800000000007 31173
5.025596666666666 46051
7.397879166666668 48003
9.502874575163405 48039
5.213031111111111 55051
2.806027533333334 56001
4.49060888888889 8075
9.99593818181818 13157
9.299387333333335 17053
9.664862222222222 17071
9.636244242424246 17201
9.410722745098045 20155
5.4520186627906995 25027
4.972080000000001 30079
4.9297775438596485 36019
9.059700988700566 36029
7.822350833333332 37015
10.079223999999998 40051
8.093503999999994 42067
6.118336666666665 48043
4.656414999999997 49037
9.558282499999999 51051
4.033510789115645 53067
7.943203333333334 12067
11.212400666666667 13321
8.17159888888889 20151
9.43853287878788 21015
8.122003020833333 24043
10.067869803921552 26149
9.885413111111108 26159
9.754596666666668 29057
9.288260740740743 39051
9.357616666666665 39175
12.560740000000004 40113
7.6879133333333325 47135
8.810292777777777 48145
7.360378333333333 48317
7.936994444444443 51111
4.595245822222223 53057
8.240274444444445 54007
6.881844367816095 16027
8.840526666666667 19185
11.567321666666667 21071
6.669874583333329 36105
7.750142592592588 37099
7.226768333333339 37139
5.246083333333334 46075
7.961201666666669 47075
5.84394 48243
7.408522777777777 48253
8.860043333333339 54019
7.576061282051279 55111
4.96061765027323 8035
7.482137214170724 12095
10.237037254901969 13045
9.144829999999995 13299
9.000749047619047 18027
9.215788888888891 18061
8.467217777777778 20159
8.420147894736852 22097
7.013099166666666 26085
5.603265151515152 27141
8.283618809523812 28067
7.330789480519468 34021
11.435930588235298 40119
8.662176666666666 47185
7.438305333333334 48019
8.74843676923076 48027
7.113493333333328 48465
4.58896 49031
9.39793333333333 5047
6.986803866666669 51139
3.7291650793650826 53009
4.063994444444445 8105
4.804752987013006 8123
9.035670833333329 13187
4.501246666666669 16041
9.465477733333332 20059
7.4419999999999975 20097
9.028611111111115 21155
8.531487777777778 29089
4.266436666666667 30057
7.866746666666668 31077
8.1467338888889 42061
9.784019999999998 45081
9.329887777777776 48071
6.891648333333334 48369
7.203229831649829 51810
5.322705000000001 6021
6.515841514312106 12011
7.382162222222222 12049
7.412783953488384 12117
9.654822978723413 19163
8.96861 21023
8.16245911111111 28047
7.949215555555558 28161
4.625671111111111 30001
4.522986666666665 31033
6.092844949494957 33015
7.5265814583333395 34009
5.34432404761905 35043
4.889213333333334 38047
9.725230624999996 39169
8.042255217391315 42001
8.90158422535212 45051
7.80112111111111 47023
8.58898374316939 48029
10.335817410951645 6073
4.013523333333334 8091
3.6061525000000003 8097
7.86994871338931 15007
10.012966666666667 13181
5.512488333333332 16035
9.911985416666662 21121
8.432416666666667 22085
10.44483354166665 26021
5.184166666666668 26131
6.053167598393571 27003
6.821945714285716 27083
8.902482222222222 29185
8.583619019607843 42007
5.046015833333333 46109
8.600923333333329 48239
7.25718 51165
5.908336363636364 55017
7.830040333333332 55039
4.187216666666667 56033
8.252551851851852 1013
7.902416178861798 12091
10.403470372023815 18097
11.155054666666663 21119
5.5480133333333335 31057
9.251557272727272 46083
8.048477407407404 47079
7.650705238095235 51053
6.099211249999995 55033
8.494938000000001 55065
9.031105999999996 18083
8.605468333333338 21157
4.833705833333334 25007
5.811937685185185 25015
10.471367272727267 26027
7.956781428571432 28045
6.587204126984131 36021
8.759693939393943 42019
8.467375061728363 48355
10.633279166666664 13231
10.250126199999999 20001
8.178683333333334 29073
7.694333333333333 31183
9.007101803278704 36063
7.550540000000001 37095
9.946765897435897 37191
10.427796091180916 39035
6.353707222222224 41015
7.439098333333328 42127
8.916803592592593 42133
5.8791733333333305 46005
8.889107777777774 47189
5.856203333333332 48205
6.276231666666665 48341
8.922508181818182 48497
4.881326923076922 53021
5.961716993464033 9005
8.454100666666662 19023
9.76988095238095 19167
8.00131666666667 28013
8.141744444444448 28129
8.032117222222224 28163
9.924179444444443 29209
8.62781 31011
8.586064074074068 37169
9.938624030501094 39113
9.24721037037037 48147
7.113095 48507
8.684251041666673 51590
7.416753333333332 51678
3.5339521259259263 53077
3.290331111111111 8049
7.86994871338931 2180
9.226610370370372 1021
9.29533 1037
10.0967825 13317
10.481719047619041 18001
8.787882380952379 18051
9.98196871794871 21019
5.62712888888889 27073
7.114631666666667 31061
7.4026588888888885 37073
7.678094722222226 42083
4.783926666666667 46137
8.690730933333333 48209
8.042895833333334 48297
8.749085714285712 48459
9.210164999999998 5049
3.857254374999999 53027
7.26403866666667 55077
5.151368181818184 16005
9.672601626016267 17113
8.800597820512824 19061
8.645723888888886 21003
8.937779999999998 21223
3.759503333333333 30059
10.112286078431374 37051
9.207494444444448 39121
4.549506111111112 41001
9.255250933333327 45035
8.911332500000002 47055
7.236353600000005 48451
7.2856715942028965 51085
5.6009807142857175 55085
6.755998328075703 6067
6.811025555555552 12093
8.881485111111107 13127
9.416156410256411 18109
9.25190428571429 18133
9.750866470588237 18177
5.604674000000001 23013
8.158820474006081 24033
8.122420833333333 27063
8.396626666666664 29223
9.528761111111109 40069
3.567508249999999 41027
7.743337241379309 42081
8.688476969696973 48001
8.881205000000001 5101
8.287159523809526 51035
4.553077936507935 53029
8.528506012461047 55025
2.484224466666667 56007
4.2904333333333335 8033
8.964444666666669 12079
10.499278888888888 13107
5.203399166666668 16051
9.633317916666664 17095
9.37961111111111 19027
7.1247533333333335 20165
9.080733000000007 29201
4.528106666666665 35007
3.600038666666666 38013
4.533686666666667 38037
9.198140111111112 39139
9.155740595238093 45077
7.525067777777777 48131
8.698333333333334 48225
7.0195066666666674 54071
7.164376666666666 54093
7.761108560606062 12053
6.038763333333334 31017
7.945153796711547 36119
7.128669809523807 54057
7.7613735731414835 6077
8.905784761904755 1033
7.928575555555554 12125
11.23434860606062 13021
10.55384333333333 18183
8.937281333333333 21099
5.2820483333333375 26033
5.230916666666666 27011
4.737993333333334 35003
5.188798333333333 38045
8.053795000000001 40055
5.12433940898346 44007
9.289602133333336 5045
2.7043541666666653 53037
5.395173600000004 55095
9.565570923076939 1101
7.334390819672111 12103
9.019811111111114 21229
8.213349999999998 22127
4.220447166666666 27065
4.209991666666666 30007
5.712632142857141 32510
4.16155 38055
8.286878888888888 40151
9.735343333333333 45069
6.7531 48011
6.545953333333332 48195
4.7150066666666675 49017
4.217698095238096 50015
7.421825833333331 51163
9.766719714285731 55059
4.389364999999999 16007
5.391753333333334 16061
9.161084848484855 17081
7.418840000000001 20167
8.996564999999999 21077
7.868752698412699 22051
7.820736666666666 28041
3.989447333333332 30009
9.56755833333333 31167
7.273229722222221 35015
5.025869374999997 4007
9.046686060606064 47145
7.263196666666668 48017
6.842746666666667 48271
7.290088602150542 51740
8.110542013888896 6095
9.014441666666665 17003
9.742308518518522 18151
9.492870000000002 19101
11.310836749999995 20205
9.227754444444436 21113
9.023349999999999 21181
8.13026166666667 28031
6.780718333333332 33005
7.57391666666667 40129
7.265739999999998 48345
7.213758000000001 48353
8.307801875000003 51143
3.078974253968253 56021
7.125569999999998 12027
8.675033888888889 17083
9.148447777777779 17129
9.85149548611111 17143
9.714921666666665 20045
9.180096666666666 21179
8.803797757575763 24027
5.4891293333333335 27025
5.268073735632187 27145
8.365872916666664 28105
8.761852222222219 29017
9.941122500000002 29119
6.386473333333334 35023
7.746062666666665 37173
4.463668333333332 38069
9.60748333333333 39091
5.443641666666667 46065
7.71208 47039
7.439453333333335 48101
6.558441428571424 48233
8.596360833333332 48287
9.066886190476195 48361
6.3690913888888945 50003
6.122941999999999 50021
8.015118888888889 12013
8.864691666666658 21227
5.824393333333333 26141
8.466450416666662 28011
9.256847777777773 29039
8.220708333333336 31079
8.040586666666666 40057
8.39743466666667 42031
7.948846666666668 42053
7.120443333333332 48033
7.4923183333333325 48207
9.384778333333333 5089
8.7087075 5121
6.963563333333328 55137
3.9272950000000013 56017
4.187251666666669 8007
7.86994871338931 2170
8.876675555555552 17065
10.151935747126428 17091
9.204063333333336 17125
8.247553333333332 19063
5.158946666666664 23017
8.243182456140362 24015
6.471726666666666 46111
4.729167999999998 49007
7.565965000000004 51001
3.167190833333334 56009
8.014036968750002 12057
7.131313333333333 16055
4.914448888888889 16087
9.512717499999999 19137
10.274782666666663 19139
9.403909999999996 20113
9.226515833333337 21205
8.203148888888892 24019
8.652621724137934 29019
9.594714000000003 29147
10.853596111111116 31025
4.975306666666667 38063
9.237717000000002 39059
12.238719090909093 40071
8.732784444444444 48289
8.11778733333333 51077
6.972424999999999 51157
8.908053333333333 54105
7.042996666666665 55061
6.554342142857141 55097
9.20338696581199 6107
10.820462999999995 13063
9.156166666666666 19077
7.833582156862744 22087
6.654527619047625 26129
5.170291700000004 27005
8.07326291666667 28073
10.121972133333335 29021
8.035905714285711 47053
4.7030769999999995 50011
7.7870525000000015 51023
8.501785757575755 12063
9.51441533333333 13119
10.537304000000002 13297
9.143007500000005 18121
8.77295666666667 19171
6.552519999999999 20093
7.848979444444442 22041
5.822941666666668 26031
10.053786666666669 31039
4.969080000000001 31049
7.067378333333334 31089
9.738720952380945 39137
8.668622000000004 48051
10.265848070175425 48157
4.142093333333333 49009
9.23556904761905 5009
7.924276666666667 51045
7.86994871338931 2158
9.459153333333335 13061
8.929805999999996 18119
9.049023333333338 19015
6.410680000000001 20195
10.857947499999998 20207
6.200533148148148 25011
8.816356190476192 29001
8.152555000000001 31129
8.592150000000004 47027
7.4334855555555555 48165
8.717184999999999 48499
7.313937777777778 51830
4.73153252252252 53005
3.954926666666666 8079
9.43623962962964 1079
9.921869166666664 1087
11.31187233333334 13071
9.331920833333337 17147
9.03233222222222 19135
11.945993870967772 20173
7.508275777777783 24017
6.022926666666669 26119
8.395228333333334 31035
7.134287022222218 36001
7.028192601892301 4013
7.21856333333333 42117
5.562141564625868 8005
9.231258222222221 18005
8.911732500000001 21081
5.872445454545455 26041
9.415756729559751 26139
8.907155595238095 47009
8.132817777777774 47097
9.194281111111108 51169
8.28089357142857 1039
7.295653333333336 12035
9.503608333333334 13011
5.649940333333336 16069
9.566823333333334 18161
8.810730000000001 19041
9.2209206060606 40019
5.339866666666668 4011
7.959217619047621 47109
9.696432807017542 48085
9.079251111111116 48185
7.008403333333332 48319
7.09165 48495
3.8114591666666646 8051
4.101609166666667 8113
8.80239125 1109
10.274826851851847 13013
5.301853333333335 16047
8.762435555555555 18101
8.115246333333333 22061
4.587339999999999 26083
6.962634646464643 27109
8.543476666666663 29033
8.9536575 29079
8.775815999999997 29131
4.62634 31069
8.664679523809532 47035
5.413746533333338 49057
5.376594000000003 53051
9.434751666666664 54109
8.546031111111109 12047
11.040355061728404 13095
10.946496666666665 13235
10.065715999999993 13251
5.457443333333334 16067
9.092084444444446 19049
7.401406666666668 20033
9.315024545454543 22019
6.961005833333334 27147
5.602534444444448 4009
8.28809066666667 42119
8.841690393374735 47037
8.08091307692308 47167
7.42403184210527 48441
8.878889215686284 54081
4.248931666666667 8023
9.131914444444446 17033
6.1508075 27173
8.532952666666665 29013
8.909028809523809 37065
10.214067037037024 37085
8.795010952380952 37149
5.122489999999999 46091
8.940501666666668 5081
8.952477500000004 5135
10.795167333333335 13017
9.327243999999999 13123
8.705400666666664 17193
6.996011428571432 20057
10.702314833333332 20127
5.703460000000005 23023
6.7861650000000004 27081
6.391383859649122 36113
8.427639365079369 37049
5.101915555555554 41053
9.74463055555556 45001
4.804436666666666 46031
9.581559999999998 47173
8.778509999999997 48373
7.5868255555555555 54101
5.609532777777778 6027
7.86994871338931 2068
9.395573333333333 19107
7.86126777777778 19189
9.539525000000005 21235
6.29040266666667 26135
3.7968164999999985 27021
9.216337777777776 29081
9.185601111111119 37127
5.007746666666666 46037
8.187648750000003 47045
9.419085000000003 47063
9.336560952380955 48291
7.087532500000004 51065
9.155839030303044 6041
4.19087 8027
5.027349999999999 8115
7.86994871338931 2130
8.378610740740738 22069
7.306636666666666 26105
8.168711111111115 28145
9.41402888888889 29067
8.05895987654322 42055
7.722218333333331 54097
6.784472756410273 6087
9.051208666666659 17021
9.829004242424244 17141
10.500036909722237 18003
8.138978000000002 22037
8.302114285714287 29107
8.06957766666667 36073
4.538544999999998 38103
7.962683055555553 42025
9.251977916666666 45067
9.15014820512821 54107
6.212072640949554 12099
8.934130000000001 13191
9.608052066666666 20011
8.732463333333332 21139
5.2417866666666635 26053
8.11441 28055
5.978065333333334 30053
3.5998061666666663 46033
4.919828333333333 46041
5.201719999999999 46095
8.669042857142864 48067
7.7149475 48093
9.065382666666673 48349
10.401699487179483 13295
8.786688333333334 18171
5.288778333333336 27125
5.249740000000001 35059
8.475109333333332 40141
7.873696666666664 46009
5.190733333333333 46025
7.045843333333334 48211
8.738071111111113 5075
4.231456666666665 8103
7.86994871338931 2150
10.688986666666667 13145
10.58511761904762 18179
8.817681666666667 19143
9.291788888888892 19173
10.599048555555555 20031
9.208079166666662 21079
5.474968666666668 27119
8.640758666666674 29121
9.302070357142847 39173
7.905923939393945 42089
9.492964744744736 45045
9.628394074074077 47025
8.33585047619048 51089
7.476679333333333 51099
8.350501666666664 54089
4.905803333333333 6091
10.473144444444443 13209
4.328873333333333 16025
9.781226666666667 17155
7.733154583333328 20009
11.680376111111107 20191
9.340639999999999 21163
10.975526315789486 21195
8.137757777777772 28149
8.463062777777768 29083
8.468901666666664 29195
9.292680769230769 37077
9.093651111111104 39001
8.744577333333329 48221
8.832736666666673 48293
4.807989619047614 50007
3.833583958333337 53025
9.315531944444446 1001
10.391731904761905 13233
10.15122 13307
9.737573333333335 17011
11.64515800569796 18089
8.661727142857139 18129
4.461155833333334 30087
8.40228074074074 37089
8.343559999999997 37129
4.686053333333334 38043
9.391699523809521 39157
7.92581736111112 42045
9.470523636363637 48397
9.830504779874202 54039
6.099340142857147 9009
7.222224690265489 12127
8.724313333333333 17151
9.184396 18165
6.251031666666665 20179
7.910699166666679 22105
8.301083999999989 24031
7.3221300000000005 31163
9.207991111111113 40003
4.504287333333332 46081
7.60703 48075
8.740321379310354 48187
8.627502820512815 48401
5.097464999999998 49023
6.226174666666665 55053
4.727924683333334 6057
7.966891666666668 12003
9.022276666666665 17101
8.953225 17153
10.658398888888891 20079
7.850578888888891 22059
6.1054166666666685 26137
7.521811333333332 36099
6.29588866459628 36103
9.477355303030317 37045
9.04332291666667 40089
4.387389166666667 41013
8.002719333333328 47033
8.871239999999998 47123
7.845701666666668 48031
8.83175373333333 48183
8.430881666666666 5025
7.904946481481487 51161
4.834676666666666 53013
4.733061111111111 53065
9.360568473625099 55079
7.665083205128208 55117
5.5902706666666635 6045
7.79300201550387 12005
9.316662051282055 17177
8.042072592592595 24011
8.967948888888888 40085
8.311369791666662 42121
6.72156578431372 48375
7.111698030303033 51003
7.768811944444437 51031
5.15398 6003
10.511903571428576 1049
9.54387066666667 1123
4.446173333333333 16037
9.037937222222224 17133
9.053514666666661 19157
6.20484 20203
8.195657083333336 22067
5.532139999999997 26071
6.4579933333333335 31065
6.357329285714287 36025
9.959198888888892 39109
6.896755688888886 4021
6.1876846341463505 41029
8.692425599999995 42129
7.398046666666668 48433
4.156425000000001 56035
7.86994871338931 2122
9.760182314814825 13139
9.149444999999996 17189
10.100625000000012 18059
9.07984166666666 18079
8.823964545454542 21101
8.815821960784314 21145
8.828151249999998 29127
8.338192500000002 29151
10.190621481481486 40041
9.5088 13085
9.01874916666667 18013
8.763908000000008 18093
9.005751111111111 20169
8.643600666666664 21031
5.119538121212119 27137
3.57919 31165
4.960489230769232 36031
7.466961111111111 37055
9.923339349593514 37179
7.522433333333331 48447
4.6276879999999965 49039
8.974108730158733 5125
