14.474858064516129 17039
13.17808669354838 18135
10.038381720430108 20013
12.98423467741934 26023
7.981534310850441 26035
11.393577798861475 26155
8.29965734767025 31001
7.024338709677418 32029
11.473326702508976 37001
13.047331290322582 39159
6.3071677419354835 46063
11.833603225806453 47011
10.82777518610422 47073
10.092376702508965 51009
12.18356715542521 13047
12.195503225806446 13249
14.943553763440859 17157
11.062679262672816 22093
12.319125806451616 28133
6.8439903225806455 31063
5.727032258064518 38057
13.18368028673835 39161
10.419045161290324 40033
11.309175000000003 47049
9.869988108621884 2275
9.137084946236557 16045
12.909113082437273 17001
13.542015959252975 18085
10.404369124423962 21133
14.735516129032254 21219
14.417954032258068 29207
8.093326392961878 36117
9.37707016129032 37121
8.335532258064514 48173
8.965056720430109 55135
7.2153903225806415 16039
12.909466129032257 17175
8.127279796264872 24045
11.48404139784947 28091
9.505377419354838 29227
6.358890322580645 31135
8.727782795698936 34033
8.876822300140244 34041
6.920887096774191 36077
7.909093408134638 36109
6.7889413662239155 41071
10.016308927231826 48061
9.372053870967742 48265
9.13835806451613 48399
9.455498924731184 12065
7.197662648556877 12119
12.24195880893301 13217
12.94167548387097 21207
10.68573041474655 22011
9.314947311827957 22113
12.248685483870966 28015
8.091934516129031 30055
6.444164055299529 36089
9.092649462365591 37103
11.926592473118282 39127
9.084484946236559 42035
7.087365610599068 9003
7.838125705645158 10001
12.276870107526888 13015
12.40011295698925 13067
10.963081105990794 13179
14.74271020255062 17019
14.183101209677426 17107
13.02507298387097 18023
12.880354838709685 21137
13.965895698924733 21187
11.352399193548386 29167
6.91036129032258 31071
6.717008602150538 31145
5.662269032258065 38025
5.7198 46117
9.810750474383294 47019
10.46437983870967 48255
8.326812903225806 48383
11.909983870967741 5017
5.101111436950145 6069
9.869988108621884 2070
11.962561290322581 13279
8.965179569892474 13281
11.06136290322581 21115
10.148962500000001 22039
13.066994838709679 28101
9.36330430107527 37115
6.579647580645156 46035
6.035756451612902 46123
3.830654516129033 8067
7.020808870967732 27035
6.219695564516131 27115
8.505873283705556 31055
10.689500000000004 45055
8.848793548387098 54075
9.869988108621884 2110
12.280898387096775 13197
13.317741935483872 18045
9.167084677419355 20117
11.120019999999997 21175
9.914005459057066 26157
7.583791935483872 27047
12.416407526881727 28097
9.92999225806452 30081
5.286162580645162 32023
11.175583118279562 37159
11.677497634408594 39009
10.23847049335863 42013
7.704084946236561 46127
13.380136678614091 47113
7.914135944700464 48219
9.98769677419355 51685
4.0618215053763445 8019
12.848821198156683 13285
11.459030791788853 22117
6.6785887096774195 27167
7.54731935483871 30025
11.552242487493482 37183
11.444151612903221 40099
5.769490322580645 46055
11.034650620347394 48347
12.414145161290325 5115
8.98099032258065 54065
4.263629032258063 8047
14.714441290322588 17045
13.073732258064515 21045
7.305064976958526 26009
10.098814516129032 29129
9.360839784946238 48083
10.11790403225806 51520
7.340638769414581 53035
5.743007542694496 8013
5.540632258064516 16071
14.787300000000002 21105
11.393184946236566 29011
7.055506451612903 30107
11.555878225806449 39029
11.405848387096777 40091
9.523681720430112 42057
10.895478494623656 47007
8.056996774193548 48045
6.525577419354839 50017
3.8070516129032255 56027
6.550450131665566 6075
12.50139387096773 13113
11.508872580645164 13165
12.160556451612901 13259
14.340170967741928 18055
7.016116129032253 23031
12.792259677419361 29181
11.710905376344085 29205
8.318513101736954 36087
10.862041013824884 37059
11.131453763440863 45037
6.30661935483871 46003
10.127854569892486 48245
11.211658064516127 54035
5.867580645161291 56041
12.801428494623664 13169
10.633979838709687 19055
5.693278225806454 23027
10.03614190446648 24003
11.964624193548392 28125
11.89825806451613 29137
6.2781870967741975 30067
6.729681451612902 36095
11.342712365591394 37033
10.992236628511968 37035
11.892440477242571 39093
10.229010138248846 48249
9.694955760368662 51149
9.87478870967742 51640
4.014001843317972 8043
12.118929032258063 13141
11.671549999999993 13221
10.30798504398826 13275
16.46759247311828 17047
9.81028951612903 20115
12.057233870967744 21069
8.46094946236559 26101
6.699818145161288 27097
12.905523502304147 28003
11.196645161290325 29085
8.291966451612907 30003
8.413525806451622 31153
9.942020645161294 37061
11.805662580645157 40023
5.841151612903227 46069
5.954301075268814 49047
6.1291851612903265 50019
10.005976411290312 6089
12.545197849462363 13263
6.286773548387099 26097
13.374510263929613 28033
11.57806903225806 29053
10.452525806451607 29117
7.751844086021505 37143
10.973987634408616 42051
11.337999677419356 47107
14.1077662826421 47165
8.289291705069118 48135
9.334379262672815 51069
13.270586021505377 1075
11.23727258064516 13287
5.257353145161296 23021
6.754118951612904 31111
13.458637096774202 39037
15.00488789596044 39061
9.679795698924735 47029
9.87856559139785 48429
9.467337760910826 51061
4.192308781362006 56025
8.92237881506804 6065
7.097799283154116 12075
12.27370451612903 13143
14.714400516129022 21037
14.789573387096777 21061
14.783515591397853 21141
9.649899078341004 22109
15.401839779542914 29189
9.419437419354848 37131
11.396379838709677 39111
10.584682258064516 40073
9.098574193548382 48127
12.5307064516129 5073
10.956836774193551 53001
10.095933333333331 55049
11.372759139784947 13195
10.672610215053767 13227
8.954472043010755 16079
16.35869354838709 17059
9.44593333333333 19121
11.253451612903227 21129
12.470903686635946 21199
6.5285906810035765 27041
8.414795161290323 31059
5.348999706744865 31157
5.115330443548392 35035
6.550364516129031 38099
6.504748387096775 48421
9.620397311827958 51005
11.898448387096776 5113
7.229127880184317 12001
11.504102580645162 13001
12.570969955724216 17097
16.73773629032258 17185
9.962629032258066 19181
7.866665898617515 24039
7.9477420777988295 25025
6.663017204301076 27157
11.371317050691239 29009
15.651367681071187 29510
11.865986820276499 39099
5.764034544179521 46103
8.568722580645161 48137
12.718870967741935 5027
6.650854838709685 53015
7.18280215053763 55075
13.536112258064522 18011
13.500184587813616 39107
11.034863870967737 48021
8.673687096774193 48087
13.893401138519918 5031
9.904768595825438 12073
13.309124516129035 17149
13.390488254756015 18057
10.80674372759857 21013
14.853324075531098 21117
9.983216409537166 22057
8.570191290322581 30069
6.538322580645162 31113
4.201093548387097 35019
6.004138461538463 38101
10.517588888888882 45029
11.042407096774195 47057
10.4535482078853 55089
7.837267741935485 6063
4.961729305210917 8041
10.935352903225802 13099
15.36989758064516 17027
9.526715207373275 19065
8.456562903225812 19147
7.895435483870966 20141
8.016936300530855 36071
8.89604871263688 36085
4.7750806451612915 38029
11.854260122358184 39085
11.398136559139779 40087
11.049733548387087 40117
10.563508064516133 42097
6.557126344086017 50027
11.168237096774194 13213
13.02316451612903 18159
11.02363870967742 20003
12.468138142174464 26099
6.582438709677418 30097
12.900311981566816 39047
6.806649032258059 40139
8.41893594470046 42015
10.258021720430103 47059
12.862295161290323 47069
6.586602016129033 55093
9.869988108621884 15005
12.479166666666664 1011
11.808998387096763 13059
14.090742903225802 17093
5.527835256166987 23025
8.466827712609968 30013
10.343047580645154 40047
10.842447741935485 45049
11.921139890553029 47093
10.607791612903227 48057
10.261812406947907 51107
11.235266666666664 54085
12.176845967741931 1023
8.416077126099706 24035
8.206070967741937 26133
10.083396774193536 54055
11.990264516129036 13129
13.01804659498208 17103
16.18828387096776 17159
14.273756221198138 18063
10.176803056027193 19013
8.471921505376347 19093
6.648804743833017 27111
10.12217969639468 37027
4.8601951612903225 38085
13.633812903225822 39135
11.102138064516131 48089
10.586386021505374 48193
9.869988108621884 2220
15.13695161290323 17023
8.017458064516127 19149
7.936841935483876 27043
7.141143317972346 27085
8.868072043010754 31095
12.532491397849459 39071
11.753189999999996 39145
8.844712903225808 42023
7.349526451612904 46135
10.730784838709676 48321
9.783029032258064 51007
7.22148216501241 53011
11.223545011252817 55133
7.085997849462364 6051
8.482481003584228 6097
5.083570967741935 8061
14.750181541218645 18039
13.08917403225806 18067
7.986719999999997 19059
7.047493548387094 20065
7.586351612903226 20119
10.579206783237904 24005
7.455694930875581 27017
7.926467741935489 27103
6.723922258064517 32019
5.379687096774193 38001
13.159890029325497 39003
11.525310599078345 39053
11.179977419354838 40107
6.204380645161289 46073
4.5947058064516115 49041
5.633853906249994 49049
9.45632258064516 51036
11.150693548387094 54017
11.59306230899832 55105
13.514334467521001 1089
11.354171774193553 13273
14.053353548387092 17061
9.990829032258068 20197
11.484205359801477 37071
5.494433640552997 46029
12.270095161290321 47127
11.2977559907834 48041
10.877054838709682 48285
9.24257311827957 48307
13.23102387096774 5019
6.395223963133637 53031
9.954892165898618 54067
14.460748946236576 18141
15.134152073732707 21085
14.911499999999997 21215
7.743688709677421 27105
13.571867741935488 29219
9.591515053763436 30089
6.501385738539905 33009
8.104820967741938 37137
5.700993548387097 38095
12.53404879032255 39089
11.616004244482173 42005
14.282828571428574 47147
11.54239824046921 48217
11.276137042406662 48491
11.35679892473118 5129
11.975772258064515 5141
10.98791935483871 13037
7.834603440860217 30085
6.545903225806453 31009
7.588504838709678 31139
7.742571612903229 36123
11.600157685009522 37081
5.920232258064512 38089
11.612666129032258 40061
8.480437096774194 41061
10.043214408602154 42037
5.878108064516128 46121
7.261558064516129 46125
14.018904659498206 47021
12.411679838709677 47087
12.312032661290331 48097
12.403322071307295 48231
8.474845161290322 48431
11.636784427141277 54011
11.422310322580648 54103
9.869988108621884 2185
7.351900000000002 12041
7.076661324639675 12115
8.794236559139788 19009
6.470190322580645 20153
7.189280645161292 31175
7.775882852292017 36011
9.941860368663594 37193
7.134110368663593 38105
10.68976891495601 54033
8.503735483870974 6005
13.456824317617874 1115
11.297325268817206 17085
10.315329032258068 20111
11.726630645161286 21197
7.619136290322579 27033
6.991102052785927 27061
7.5749664516129 27117
7.005115591397856 27129
12.918341935483875 28019
11.56951290322581 28039
13.134808602150537 28103
11.249597849462367 37109
10.248918002081165 37155
12.034901759530792 39005
13.267710043988275 39023
10.923982795698928 48237
12.044105942275042 48367
5.474716625310173 49043
8.638804301075274 54031
7.068420737327188 56005
13.16880674486805 1077
7.367400168512266 12101
10.91500168105409 13051
14.490571935483871 18029
15.13262193548387 18153
6.163509677419355 20199
7.701157459677419 24047
13.204239068100351 28095
12.968034289127848 28121
9.109591721725588 34017
10.794079569892471 37069
4.5582932088285295 38015
11.963274999999996 40095
12.104720430107527 47015
11.907355053763416 47141
10.702890681003588 51083
12.9066688172043 5117
9.278454712207463 6007
12.743983870967739 13053
9.421570564516133 19017
10.575893548387095 20049
11.971719354838713 22027
10.213067741935477 22125
7.658324193548383 27015
6.844894623655914 27159
7.377316337760911 27171
11.743106451612904 28077
13.532199078341023 28099
11.010621505376347 29041
8.376456532258064 30005
10.837140860215051 37125
11.825613073005092 39119
10.412211021505374 45027
11.176357526881723 48477
11.552003445747799 55101
6.152906732570228 6025
11.86168655913978 1041
13.05926838709677 1047
15.794383225806438 17199
11.146432551319629 22079
13.114832088285233 28081
12.193548387096776 29125
5.930902854871846 32003
8.72516737634409 37141
10.059287634408593 42087
10.400588550067228 42101
7.70834301075269 48357
9.797341129032263 51135
7.696480376344084 55031
13.387664731182799 1051
7.245545041816017 12017
15.876216129032256 17069
7.529040322580645 20163
8.927811290322586 31097
4.853088856304993 35045
9.47462177419355 40149
11.23328885630499 48481
9.869988108621884 2100
13.302410967741952 1055
11.188374982078848 13117
11.209014516129034 13155
13.037988709677418 18111
9.346093548387097 19187
5.874443870967742 27135
8.227630967741934 30019
7.770348387096777 37029
9.25637568238213 37189
5.46928064516129 38027
10.014441039426526 47155
13.464565479492013 47157
9.022533870967743 48151
7.806813364055298 48179
8.535541935483872 48235
10.052577419354842 48333
10.349618279569892 48405
8.938161290322581 51093
9.85692580645162 51197
3.6401919354838705 8055
11.971034408602153 13271
15.244489784946234 17173
14.186699354838725 17179
13.402627096774195 18113
12.289853267162947 26115
10.513819354838708 37079
10.608758387096763 37181
13.0819670250896 39027
9.36408494623656 40093
5.378037096774194 46129
5.573241935483869 48229
8.398912258064533 6061
10.534632762659944 11001
6.670867741935485 12107
12.596630000000008 17161
14.467171612903234 18145
11.180500455622367 22071
11.614975883256504 26121
4.9712870967741924 35011
7.4951787096774245 35025
5.884350537634406 46115
8.160350537634406 55073
9.869988108621884 2230
8.898941935483869 20201
10.0178082111437 22099
6.712439784946235 27075
6.186974193548387 27107
10.859188172043009 28005
6.019854838709676 31091
7.995630701556514 34025
4.275350967741937 35027
10.262912170087981 37171
11.944123387096779 40079
9.632200000000003 47171
11.819807862903215 5143
15.588821836228291 18019
7.155561290322582 20101
11.421682580645161 22121
7.257846920821113 27099
7.372780645161289 30037
6.034941935483871 31005
8.524774193548387 31169
7.307423963133667 32031
9.948555131964806 45089
8.647138709677419 48413
11.692959139784943 5127
7.798224231057766 53053
10.401992073269563 6019
14.29583041474654 6093
12.656149649368864 13153
13.678980645161287 18087
8.291981935483873 19129
11.683164516129029 21089
9.757829032258064 51049
4.539879032258063 8073
9.63514884792626 20161
15.182598924731186 21007
14.8077314516129 21123
13.277586866359439 28087
8.403969876660343 34035
4.157031451612901 35028
9.529246236559135 51125
9.6442 51595
11.794539247311837 54069
11.39149122580646 12113
11.728530645161296 13315
14.146435483870963 21005
14.449669892473118 21041
12.765403225806448 28009
8.203616318785587 34011
3.8160247311827966 35055
12.457911910669969 39063
5.993758064516132 46007
9.787370967741936 48311
12.822046451612906 5011
8.871434792626724 51199
5.888606820276499 55003
11.10517311827957 13183
12.21950731182797 13247
14.981378709677418 17041
13.339955107526892 17057
7.99186308243728 26051
8.337046594982084 31053
6.216118768328446 33003
5.7021129032258075 36041
10.475282027649767 37003
14.659367379032236 39017
13.989779354838705 47161
10.773325672043018 48091
5.19607983870968 49051
10.458734408602151 51105
8.571864903225801 55063
8.8067599078341 55123
4.860454838709678 56045
7.059337096774187 16011
13.50166344086021 17075
11.819312406947892 20125
9.086358944281525 26107
8.022056451612903 31099
8.012473655913992 36083
11.740286848635229 39077
12.6624788530466 39171
10.847273607038115 40137
13.662070967741931 47083
13.003187901701374 48113
9.717270967741934 48261
12.119526612903224 5065
12.919049462365592 5095
8.67771612903226 51091
10.139980645161284 6011
5.945859677419353 8095
15.127726881720433 18025
10.407830498533732 20035
15.787466935483879 21107
12.573971505376338 29055
6.722979139784941 33001
13.390126392961875 39011
12.135290009216563 40143
7.668061290322581 48065
8.201536200716852 48189
9.085750322580648 51175
13.172411612903224 1107
6.5246661290322585 12043
12.549448028673837 13009
13.753278874901685 17089
9.099541129032259 19025
11.056414516129026 21051
7.75221 30021
8.547695161290326 30077
8.738416129032263 31131
6.6944058064516145 38067
8.568067741935485 41023
12.043579838709677 48315
13.201653763440865 5107
8.46321129032258 51159
6.17697741935484 55037
6.708193906810034 8014
11.69538924731183 13161
12.397784677419356 13193
8.660039999999997 19029
15.59190537634409 21027
7.528468548387093 27143
12.02177181663837 28151
9.37762580645161 29005
7.439724731182793 31003
7.947623288749021 34037
11.192550613357577 42049
11.023340860215052 45005
14.252923870967738 47131
9.742893237465983 51153
10.77751612903226 54013
11.357013727919798 6037
5.811044126597696 6079
10.63333790322581 13075
12.547280645161289 13289
13.820976129032239 17063
6.359661290322581 20187
8.151014439324117 27139
6.428305645161292 27151
12.216507258064519 28023
14.932237903225799 29031
10.695323655913977 29211
8.970448387096775 30051
5.944535253456216 32007
10.275625558312655 42065
4.858840762463342 44005
11.01562741935484 47175
6.798828793309445 12055
11.108918279569894 13005
12.599010967741938 13207
12.003721370967735 13261
14.120788709677424 17013
9.863275806451615 19083
11.354766451612901 22043
5.511446379928317 23007
6.759819354838706 27153
12.386925806451613 28051
10.565151612903229 29171
11.320298387096775 29225
6.396674193548388 31087
10.707311469534051 37093
11.0899858560794 37167
8.145235483870962 42105
11.457537788018433 48161
9.905070322580647 51145
8.8886935483871 51620
3.549587096774194 8057
6.4725870967741965 16031
12.657469292803992 17111
12.704241129032258 17131
14.416009825976252 17197
12.581147079337407 18157
11.028656989247317 22107
10.04167829912023 26123
7.98038548387097 27013
6.161148387096772 27087
12.408679435483869 28083
8.700333333333331 37075
6.997826686217014 38017
2.7819236559139773 4012
5.981179032258067 49029
11.684174193548378 54009
5.184770967741933 8063
15.671367580645164 18043
12.40424838709677 19115
6.692412903225806 20039
15.597218621700884 21093
9.594059569892478 22045
5.483793548387098 25019
12.2378935483871 29007
9.276514516129028 31127
9.200064516129032 31133
8.096440548387102 34027
3.905162903225807 35057
5.428087096774192 38005
5.62284193548387 38039
13.396062580645163 47085
11.051109677419346 48313
7.197467741935482 50013
7.35184731182796 55119
4.246216129032258 8029
13.368137634408608 1065
11.2855978005865 1069
7.005740737327198 12085
12.160171612903227 13303
6.463990322580646 16033
9.425206451612908 16085
13.457241290322576 17123
11.756627419354846 21065
11.57522311827957 29175
9.169126728110598 37039
11.830367540322586 39167
10.605683225806443 42107
5.48383870967742 46089
11.176864516129031 47061
14.075032551319666 47183
9.317426881720428 48163
3.9091282258064513 49021
5.480216129032259 49033
13.223654702886234 5119
6.115848387096774 53069
5.919938322580645 55007
9.869988108621884 2020
14.836291397849457 18117
11.887271639784961 19103
7.542214516129031 20069
11.045649776674942 20091
13.218515821812591 28089
11.40115414123799 37025
8.621088126951095 37133
7.460853456221198 41043
8.720630645161288 42113
13.089602150537639 5099
6.551670967741941 55099
7.7644084677419345 55121
7.560591447861985 6017
11.405145161290323 6105
9.869988108621884 2060
11.063961751152073 13029
13.490009677419359 18041
6.428693548387096 20075
12.58436559139785 28155
5.641639296187681 33007
4.696816774193553 38059
8.523147580645167 41045
10.84856356736244 48005
8.945748387096774 48095
5.745474193548386 48111
8.538393548387099 48263
12.049330107526883 5097
11.486094101382518 53063
12.508856451612886 13077
13.896420967741923 17137
12.992462499999997 18073
11.448804838709682 19095
11.20871774193548 21063
6.153851612903227 32009
8.28984774193549 36107
7.809564516129031 37041
12.642732974910393 39101
5.198316129032255 46021
12.343146920821125 47099
11.275498030041883 26049
12.289620000000003 28043
5.475098387096775 31161
6.542551612903225 32015
9.750961658986167 36013
12.73880080645161 39045
12.103425345622123 39133
6.156153225806452 46077
10.310583870967749 51600
10.879137096774183 55055
6.193748387096774 56043
6.352567741935485 16023
15.181898924731186 21143
11.394315483870965 29141
10.896422096774186 29165
8.366581182795699 30043
10.884236559139783 37007
11.431088940092172 37135
11.262262058371727 37157
11.973809216589867 39073
5.782532258064515 46049
11.266342903225802 48471
13.070343870967738 5057
9.589081720430107 51081
9.255381935483864 51183
7.458956498138962 6013
7.766500460829485 6015
8.730232661290318 6055
11.320834408602149 1067
12.973283870967744 1119
9.432300000000001 19159
13.875625161290326 21217
10.6903123655914 22115
10.833873387096771 45075
13.127549564398388 48121
10.085354032258065 48351
9.037008387096778 48463
11.118216774193552 5015
3.665 8111
13.617839964157708 1127
11.491140645161288 1129
7.161743633276732 12015
12.085288709677418 13283
11.914705161290332 16049
7.569689677419355 16053
12.812694623655917 18007
11.902163978494622 19045
14.666106451612904 21075
6.581540143369177 23015
13.600149335863366 29071
4.670753677419351 35049
11.535985000000013 39013
11.570944758064515 39087
12.077075806451612 40105
5.9880548387096715 41007
12.754930550284632 47119
6.315268663594464 53045
8.404071157495261 53073
8.590765161290328 54027
6.0332408064516105 56011
3.705530322580645 8117
11.612522419354828 13073
10.362703225806454 13087
12.668227956989252 13225
10.488218279569894 20043
13.060517419354841 21097
11.839778178368123 22063
5.592951612903224 26003
11.08727419354839 28021
11.594168010752675 29145
7.462897214076248 30031
11.984639354838711 40035
10.301657082748944 47179
10.899412500000004 48055
12.18961612903226 48063
10.223617302052784 48199
9.951339170506916 51167
11.472313978494618 54095
10.222000806451602 55043
9.75040860215054 6101
6.931795053763439 12019
11.903850537634408 13219
13.256810752688176 17169
9.698760215053762 20131
12.827917741935487 21057
12.119275268817209 28053
11.42590967741936 29217
10.87670501792114 47089
11.133038248847933 48331
12.369799999999989 48449
11.979844086021506 5137
10.207737447405325 51770
8.643337741935502 10003
9.888571505376337 19043
16.364439784946242 21149
11.661215483870965 22065
7.083245161290318 26109
6.411353763440859 31101
8.256542132038405 36059
9.672563440860214 37005
9.334052903225809 37199
9.720803329864731 42027
8.60520439882698 42115
11.03721555977228 45059
8.577187096774193 48435
4.189840322580643 49001
11.98963476702509 5005
13.0787616935484 5085
12.05080156087409 1003
7.043213417071087 12009
11.719404323953341 13245
13.91300645161291 18047
10.566582258064514 20087
6.6791193548387096 20109
11.954239971949523 22033
10.560778136200721 22075
10.455030475381992 24013
10.183845848757262 24021
9.086662634408608 26063
11.785366666666668 28131
11.092935190615831 29159
9.435454838709674 30023
7.350022580645161 30045
4.937774193548386 31045
6.962455797733242 36065
8.99895576036866 37175
4.826390322580644 38083
8.93920887096774 40009
8.8248 41049
8.451229032258064 48443
12.518527096774193 5043
9.903670506912444 51683
10.576260215053765 54015
7.578878784946247 6023
13.15597038123166 1121
13.961267741935487 17203
8.457081451612902 19165
5.944239089184065 32005
6.676956182795701 35009
6.342948387096774 38075
9.454008387096774 40039
3.2608303917050705 4025
7.072975604838716 41033
10.694716129032257 45017
11.660354838709663 47001
7.790660000000002 48279
7.918536827956993 12089
12.348846838709683 13151
6.116664516129031 20023
12.051488365943925 26093
12.820475806451615 29139
6.7250166383701195 36043
13.88048750000001 39025
10.92919032258065 45039
5.93082258064516 46039
10.523232903225804 48281
8.30115268817205 51103
10.726798387096771 54021
10.71426093189964 54045
9.028040552995387 55001
3.7499375576036873 8037
14.173523335621121 1125
9.627279838709674 12129
11.979364516129033 13167
11.36212 13177
10.19238116129032 13185
12.155645161290327 13309
5.9523387096774165 16029
10.344223370638609 19153
8.11574516129032 20145
16.32663655913979 21091
9.652369892473121 22001
7.914867149084568 37031
6.47415806451613 38011
7.461661290322581 46027
11.141976344086023 47153
12.388027047146394 48181
8.484898387096779 51119
8.763007969639453 51650
9.759545483870962 53047
6.949943870967742 53059
9.876632258064516 16003
7.859545161290325 16073
15.480128110599079 17077
13.257743010752693 29123
10.791599193548388 40103
11.047950771388496 42063
6.8759075268817185 46067
10.574946774193554 47067
10.701730875576029 48025
7.703874193548389 48393
11.056769032258062 48455
5.671357142857138 53049
9.683208294930875 54025
11.67762829912024 26037
12.313205707196106 26125
6.512086370967743 38053
13.504319775102166 39049
11.25219483870967 39067
11.609415832784702 42071
11.26288426197458 45003
6.5497645161290325 46043
9.342358064516128 53019
7.795116129032257 55019
12.520500806451608 1029
13.073209677419344 1105
8.04300074441687 19193
6.9872258064516135 20137
11.594844086021508 21109
11.643107940446646 21125
11.23149483870968 21127
9.655684615384615 26017
7.365309677419356 32027
7.413470144131766 36111
9.78354204301075 37017
11.598451075268816 39105
9.26549032258065 42131
10.328709090909076 45041
8.748419354838711 48385
8.59653690007868 51550
11.185165806451614 54043
7.029281058726217 12081
8.439979907834129 34023
6.819627311827956 36035
7.1605444022770435 36115
6.501857258064517 38097
12.035036559139787 39131
11.317289605734757 40133
10.475607258064516 42109
6.462812903225806 46097
8.316044802867374 48329
7.436330824372763 55029
6.030820967741936 56023
10.446404032258068 6049
4.683992626728111 8039
5.287652208436732 9011
9.869988108621884 2013
12.473191935483866 1111
10.795974486803518 12131
11.787382258064516 20021
7.970843548387096 20047
13.273641935483873 26005
11.723107526881714 28065
11.193738709677413 29037
10.89461197925109 29095
11.297531017369725 45021
13.530231854838716 47017
11.069745112414475 48167
13.34489731182796 5037
8.138293548387095 51133
13.480358542413382 1081
9.900287096774191 12045
10.631341935483867 13201
7.369522580645163 20135
12.756704301075263 28093
9.68683333333333 31147
11.844737500000003 39075
11.539018279569895 47177
9.686666532258066 48325
6.7558725806451525 8031
5.388013548387097 8099
11.137816129032258 1061
6.435516589861749 27095
10.391104838709676 29025
14.4721870967742 29157
6.460864516129035 31149
5.439588709677419 38049
8.451488709677418 41025
6.908304838709675 46087
10.731983870967742 48077
11.82881214421253 48213
13.167565322580645 5053
7.2114225806451575 55067
13.226152903225806 1057
6.875871774193544 12109
9.6786703663204 16001
15.217753225806447 17029
8.448549677419352 19191
9.203016129032255 20095
7.607161854838713 26113
11.524166223908924 28035
10.302380645161291 29063
9.232993548387096 30075
8.64382016129032 31151
7.308118267066772 33011
8.58992069892474 34039
7.634380529953937 36067
9.577832258064515 51173
8.817176003147138 6113
7.100075124709014 8001
3.956348387096772 8085
9.869988108621884 15001
14.519169354838708 18115
7.011517741935483 20189
10.95889626728111 20209
7.904411341042796 25017
6.895794044665008 27027
10.796464516129037 28063
10.777160997067456 29047
10.30563266129032 40015
6.161178557874761 41041
12.484334050179218 47003
12.826647580645163 5079
11.182613306451614 55045
6.516383225806452 55107
11.617707526881725 13081
13.524911866359433 17099
8.35184596774194 19035
13.41830921658986 21001
11.790730205278592 22119
10.179101612903226 28157
10.31299919354839 29003
8.967303225806454 30039
9.388503225806454 48283
6.879601612903225 48377
8.88095 51097
9.177491935483872 51101
7.8663333333333325 51131
9.088954838709679 51181
6.029591103017668 6085
7.3250884764865605 12071
12.238914215795285 13089
11.324025161290319 13103
12.609432258064512 13199
9.3145629032258 16075
11.547770967741938 19177
10.401444623655916 22077
7.135137419354841 26001
7.40724903225806 27163
7.853962365591399 27165
11.737529032258069 29135
9.157163440860215 30101
8.593012903225803 51193
13.15227983870968 1093
10.516662211981568 16057
11.985581182795691 17015
13.251600716845882 18069
8.89065 19003
7.8369000000000035 19119
11.966763225806451 19183
11.254182258064512 20107
10.700344086021502 21131
7.866811693548387 26055
8.813941935483868 30017
11.795007526881719 5071
5.874583660589052 8059
7.240416791869204 12021
10.97342903225806 13277
16.743608387096764 18147
8.863366129032261 20143
7.74213870967742 20183
12.786089516129032 28017
13.124424193548379 28123
9.630443548387097 48487
9.935443870967747 51570
4.376292375366571 8045
11.486634946236551 13033
12.034058064516135 13093
16.199561290322578 17191
12.711787096774191 19057
10.403607258064508 19125
9.757570967741934 26127
12.764755997983876 28049
13.24745053763441 28143
11.67802947214078 29097
8.215748387096774 31143
12.28840967741936 47101
10.02685483870968 51011
10.21369569892473 51037
9.845146082949316 51670
10.047900806451613 54091
9.344809677419354 19073
6.222952419354839 27089
8.486395967741933 31159
8.978551916678697 36081
12.217448617511515 39147
10.95628817204301 40067
10.708633870967743 45025
11.210426099706748 47013
7.620343010752686 48069
10.475892741935478 53043
15.5024446236559 17121
10.523109677419354 20139
11.838222479838716 22017
7.766103106332153 25009
12.892909677419352 28139
10.020935941071894 34007
9.6811476216512 42069
11.489678494623654 47121
9.692355483870973 48427
12.881738709677414 5061
7.969853225806456 53055
6.664125000000002 16013
12.695156823821339 17073
12.257265161290318 21231
13.179857419354832 28057
5.8518096774193555 32011
5.104338709677421 35029
12.904376129032253 39125
10.369938133640543 55131
11.708993906810038 1053
10.45636451612903 13229
8.934582795698928 16059
9.250080645161288 19069
12.425759677419357 26059
5.20698064516129 31007
11.735326523297486 40021
8.276222580645161 40059
13.512374838709674 47005
10.687556451612902 48175
11.974309677419349 48203
12.216120737327175 48251
5.755406451612905 56019
9.869988108621884 15003
13.752735483870968 17171
16.092152995391704 18037
9.984729032258068 20017
9.54024623655914 20077
13.327652995391707 21021
10.36645806451613 29061
6.294654838709676 31085
7.152747379032262 36057
11.58629483870968 40001
6.196570967741936 48359
10.10174516129032 48403
8.684611290322575 51073
9.705641290322584 51820
9.27722080751977 6029
9.545832469621462 6071
13.240290967741931 18103
17.411294206714953 18163
11.597214838709668 20133
14.434212903225797 21103
13.318066666666668 21191
12.138087096774198 21203
12.868830967741937 28137
14.353569354838703 29155
12.562670967741933 29173
4.111716845878134 35039
12.369373496076726 39103
6.304084119106701 41011
11.78401152073732 47133
9.831545161290324 48047
7.999819354838707 48371
10.194741290322575 48457
9.457370967741934 51079
9.338234408602146 51127
13.10195161290323 1017
12.300051612903228 13159
14.832918279569897 18175
7.7089811827957 20051
6.99176129032258 20171
12.214197052966927 26065
7.337678580645163 26143
9.736632661290335 30047
7.804779569892474 31119
7.829830201028501 34001
10.483720737327195 45061
8.691027419354837 48335
7.835548387096775 48475
11.747417491039448 19113
6.735039170506916 27057
11.403838709677421 28147
13.40561260997068 29187
6.69612361290323 36045
7.9287735483870945 36091
11.234931119544582 37057
9.676056720430102 37083
5.32212258064516 38041
9.945754711375193 42077
11.159586635944697 45047
12.111441129032263 47041
12.253466129032256 48119
11.463368817204302 48365
12.170654838709684 48387
4.657388709677418 49019
9.49964838709677 51043
10.724028494623655 54049
7.738010967741938 55083
5.164393548387096 8017
13.788900322580643 17105
11.085137327188939 19123
7.843079569892475 19195
9.42882365591398 20041
12.327305913978496 39117
12.135406666666663 39143
9.181026881720427 42111
11.114663824884797 45057
10.751107433380074 45085
6.006458467741934 46013
12.081663440860218 1005
10.686317204301075 13003
11.996516129032258 13239
10.15967451612902 19169
10.534045806451614 22003
6.622397849462365 27067
5.765243548387096 27077
12.260044354838708 28061
10.643042857142861 37165
4.866138709677422 49027
10.215143870967745 51775
9.869988108621884 2188
9.869988108621884 15009
15.504968548387092 17127
10.35095322580645 19019
11.451779262672805 21043
11.111881566820273 22031
6.2626483870967755 31117
9.428000594227482 34005
8.970915586640022 36005
12.256476686217008 40145
11.925788833746902 40147
3.4195578244561076 4015
7.694281317204293 41017
7.132087741935481 55011
6.005674731182797 55013
4.645274193548387 8011
9.018752688172045 19001
6.24013870967742 20071
11.969487634408603 22111
13.186470322580636 28159
10.135171505376354 37185
7.607446236559138 40007
7.894556451612903 48295
10.699270967741933 48391
9.791612903225806 48411
4.114810215053764 8119
6.449720912124583 9013
9.869988108621884 2050
9.774480645161288 12077
11.688350537634408 13043
7.796927956989249 19131
8.84781451612903 19145
10.856386693548382 20103
6.189445161290322 20181
12.053450322580652 28127
12.12284516129032 29091
11.77569435483871 39115
10.889929575933293 45079
10.028728494623651 48299
9.648922580645161 51530
9.667692375366574 51660
10.674730645161288 13007
8.35969387096774 13039
11.997421505376348 13055
12.508436559139785 13269
6.12541129032258 16077
12.6738715542522 19111
13.742376317859959 21067
15.909017057929463 21111
7.961244193548387 30071
10.659189736070378 37163
5.79226935483871 46057
11.212267741935475 48363
6.170886774193556 50005
9.454598156682033 51033
6.932508243727642 6001
3.9009599078341037 8083
7.928187340231275 10005
11.598993548387092 1031
12.844580107526884 1091
14.365560419012262 17031
9.196201935483876 19197
14.739983333333338 29143
7.282355299539167 31047
4.202554032258063 35051
8.434207800586512 36007
9.907974516129048 42033
5.552312903225807 46105
12.611583333333328 47117
8.915299999999997 48323
9.606303225806451 13025
11.967711520737335 13133
10.973856129032255 13147
8.370451612903222 20123
8.508241474654376 24023
11.681727047146401 26067
6.494330967741932 27007
7.542952258064516 27161
8.658706552419343 36055
8.31167272727273 55115
6.582179723502304 12051
8.95007290322581 19005
7.9519419354838705 20025
11.674329032258065 20037
6.520575806451613 27031
8.687129686137753 31109
8.076670451612909 36069
7.756201290322579 36097
7.429329032258066 37177
12.722801433691764 39015
9.611033064516128 40065
11.110906451612903 40121
12.617529656607704 42075
13.224505376344087 5039
10.159931818181816 51760
9.65031978494623 54037
10.02384838709677 55087
4.807983203559507 8077
8.01781817204301 12087
14.164704166666647 17043
13.840467741935488 18139
11.396542473118277 19097
16.183390322580653 21233
6.359976478494636 23003
7.560345161290318 26089
6.374108870967743 27121
11.53144112903226 29229
8.065024731182797 31021
5.360829032258064 38051
5.473236021505374 38093
10.906373271889393 48149
12.085638907175772 5007
10.34720451612903 51067
8.841732718894011 54083
10.249774114870169 55139
3.682607741935482 8093
9.869988108621884 2240
8.866673548387096 13241
14.648613018433181 18167
13.755652304147457 21209
10.67177677419355 29115
4.3666948766603415 35031
7.599760215053763 36023
9.33518146401985 37047
9.380665161290317 47091
8.71275236957386 51710
8.698086021505377 51735
10.007304301075267 54063
12.115540645161289 13211
7.64396082949309 16019
14.839111143695021 18081
11.633134758064498 22073
9.972995302773041 24025
12.023395161290326 29203
8.215923290322541 34031
12.64545576036866 39065
9.585570967741933 51630
8.58962222222223 55081
5.418853225806454 56013
11.593340645161293 13267
15.209099078341007 17051
7.394064019851116 27131
10.793390322580644 28037
7.565996774193548 30011
8.264528387096775 30033
9.68241419354839 30063
8.646692928039718 34019
3.879164516129036 35006
9.580531048387094 37147
5.894003225806451 46059
9.8916876344086 48049
11.102506872370268 48469
14.02069301075269 18021
8.37065806451613 20185
5.289371157082744 23019
12.660717870967696 26161
13.111174193548388 28069
11.535464516129036 28153
7.994409072580644 30111
5.386572580645162 40025
3.8315025345622153 4005
5.773985483870967 46071
8.472281720430109 48107
9.321603225806449 48275
5.125062365591397 49015
10.160216553480465 51510
11.169617741935474 53017
9.735912903225799 53071
8.96114377880184 55057
5.405317338709681 8087
10.018240143369177 12039
9.825746774193544 20149
10.00160268817204 22007
6.8843370967741855 27059
10.168277204301093 45015
10.693645698924728 48177
11.227543548387096 48425
13.019922580645165 5013
13.327318279569894 1063
13.126220645161297 17109
16.828620161290328 18125
9.07347741935484 20027
15.313962365591395 21033
12.837633870967743 21049
11.869277272727274 22015
10.945898511166252 22089
7.576273895781633 25021
10.831103225806466 26087
11.650568100358418 29169
10.295824910394266 37023
14.347745657568245 47125
6.2427462365591415 50025
9.458079999999997 51840
7.164517101894536 12083
13.036025000000002 18009
13.13323655913979 18049
13.051310080645148 18053
11.205340175953062 19179
10.072462365591399 29087
7.900109677419356 31125
5.464129032258065 38031
10.756529032258063 47129
11.19213096774194 47151
8.630498671726762 55141
8.426919881500993 6047
6.6981182795698935 16043
12.936542857142864 17067
7.434597849462369 20055
8.744227419354836 30015
7.110337701612897 36053
11.686041672435213 37119
9.830200248138986 42079
12.78556612903226 47081
8.815183870967743 48327
10.020262580645165 48489
9.572110215053764 55047
7.272771935483866 55069
6.08016666666667 55113
11.89991039426524 1025
11.73946774193548 13301
11.857860035842297 13313
13.192982697947214 18017
7.784586129032255 27169
12.409172580645155 28135
8.013424193548389 30065
8.263776344086024 31081
3.662944623655913 35053
10.461623821339959 37161
11.038347545582063 42039
11.632943118279584 42085
10.398100806451616 48053
10.81133870967742 48419
3.536090322580646 8053
7.446279032258067 16065
6.346512903225805 16081
15.506747311827965 17035
14.464223919659174 17167
10.16304516129032 20085
8.473003225806453 20105
11.155161290322576 21237
12.658520564516166 26081
6.653992688172038 27093
12.985128387096776 28025
11.225512903225807 40077
8.11123870967742 48103
10.56529442022667 48485
4.187902918586787 49053
9.233420669056137 55009
12.365765725806446 29027
5.839348387096774 31075
8.786237243401757 37019
9.411437987818637 42017
9.869988108621884 2105
12.400787903225808 1085
13.145746898263027 18065
10.56714580645161 22029
12.94900921658987 28027
13.567030645161301 29023
8.535292881600283 34003
10.236022983870964 45013
11.843057347670252 47051
13.48743451612904 5035
8.775606797235023 51800
9.91378494623656 55021
6.717401612903225 55091
9.586012499999995 20061
13.41082709677419 28079
10.524084677419347 29177
7.900682258064516 31179
4.800892009276835 35001
9.700307741935488 37111
10.679499032258066 42099
10.791278225806446 45053
6.124548870967745 46019
13.077205376344086 47077
11.490920967741939 47115
7.355825483870963 55035
10.049299552489263 6111
9.67739435483871 13137
12.501649462365593 13149
15.924336290322582 17025
15.413370967741931 17145
7.950252903225808 26019
12.459249999999997 29035
8.256599539170507 31141
13.569754838709674 39057
7.0873730148883265 41067
10.254205806451614 48273
12.152302956989253 48277
13.755131720430096 5021
9.542988709677418 51790
3.6499983870967743 8021
5.375335925762269 8069
12.763002508960577 39039
11.71839170506913 39079
12.461783225806428 39153
9.677108602150538 40075
7.295583870967742 48079
5.981390322580644 48109
11.182885483870974 48407
11.618482795698922 54051
9.997755645161298 55027
12.236579569892474 13091
15.504624784946241 17163
14.395119354838716 18155
8.793809677419354 19151
12.305602150537627 29051
12.704876584817802 42003
10.948789919354834 45071
7.948055913978493 48445
10.346654377880174 51027
10.353092258064521 54041
3.5369741935483865 8015
11.819154377880183 1099
11.731219354838707 13265
5.489169999999995 26061
14.420235483870954 29069
11.731925806451613 29153
9.99619838709677 30061
5.23425698924731 35037
7.644496774193555 37053
6.059893548387097 38019
13.13429612903227 39041
14.25820938416422 39165
11.349380952380955 40037
11.294683029453028 45083
7.532447465437784 46099
12.176225000000008 47181
10.977728183361622 48099
10.070710967741935 48133
13.186035126815915 48201
6.940749880525702 49011
9.791753548387094 51025
5.664069623655914 56037
8.784134408602146 6035
4.382470967741937 8025
10.444323655913983 13253
14.559162672811066 18077
15.656182258064515 21055
9.173580846774206 22101
11.358639822024465 40017
12.123449055861514 47065
8.585264943073993 48303
11.663035167615426 48309
9.058482404692082 51095
11.496286217008803 54099
12.143187976539597 1071
11.67852064516129 13189
9.928885806451609 13257
12.885039516129025 18131
7.167730254154447 23005
6.3425786838709755 25005
7.048518362282881 26029
7.775120967741934 27079
7.16600180645163 33017
9.317019286927092 36047
8.638026451612907 37091
10.738889149560107 37153
4.53181764112903 4003
12.200758064516135 40135
9.401245161290323 42009
10.923890322580645 45009
11.202197653958946 45023
8.783874193548387 48269
9.502171774193549 54001
10.765327188940086 54059
10.860051612903215 12059
12.520238548387102 13115
6.436027419354838 27155
13.008996943972843 28075
11.438306451612904 28085
9.670838306451614 30093
4.417270967741936 35021
5.8589435483870975 38003
5.73989112903226 38079
11.410047580645164 40005
10.312274193548387 42093
6.738386129032258 53041
4.367286175115208 8089
10.743698924731186 13019
12.25937311827957 13023
14.059111693548383 17183
8.857020967741935 20007
8.647784677419352 20029
9.343568817204309 26073
7.418143010752688 27101
7.171753763440862 31107
8.718347158218126 36009
8.839309677419353 37043
11.597044516129033 39031
11.230796313364062 40081
8.787882258064517 41037
10.22639569892473 45033
8.234264516129027 48305
12.207323655913974 48343
7.695903225806452 48501
9.07816129032258 51017
14.802584801108289 1073
12.583041935483879 17007
13.81203087557604 18091
11.551862365591395 29105
8.440069208211145 37013
7.007562007168453 38035
10.740487499999983 48409
12.082323870967738 48467
11.938112903225807 48473
12.386137327188933 5023
12.64626674937965 5131
13.1333629945222 13215
15.654267953463773 17119
9.2831685483871 19175
11.950877419354835 21011
15.054875576036869 21185
7.130634193548382 26039
7.197373118279571 27127
11.432315725806452 28113
9.911516129032256 29075
7.88451612903226 30027
8.071519354838708 31043
7.098191705069125 32001
8.707944086021516 36037
7.430390322580644 41069
10.494637903225817 45031
13.529671757735377 47149
7.8650806451612905 55078
7.786584342152977 6083
6.605000627240155 9007
8.884790322580654 19161
11.454159677419355 21165
5.607403225806452 26095
8.358527096774193 27055
10.936227598566303 29101
11.53477258064516 29103
11.410228110599075 39019
11.25782451612903 40063
6.06087661290323 41057
10.044541532258068 48241
6.364178268251275 50023
12.714923118279568 5091
9.678848387096776 53023
6.470130107526879 56003
12.683453763440859 1019
11.863183870967744 13125
9.400915591397842 13291
13.569581451612896 18099
16.138927096774186 18123
11.107488940092157 19011
11.088573387096776 20121
6.6362774193548395 20193
11.58406322580645 22049
12.880297518610428 26025
11.26259677419355 40083
11.81040322580645 47137
12.238744086021505 48159
10.011221505376344 48259
10.407950764006786 51680
5.102790322580644 8009
13.666067741935484 17017
11.110391788856296 22095
12.295782603686629 26045
11.583649462365596 28029
12.183895276497719 28059
12.295421774193548 29111
9.002099999999999 30073
5.909598156682021 36033
6.592467741935484 38007
8.394429032258063 48483
10.456931290322581 19127
14.103575 21087
11.73007096774194 22005
6.599146198156685 23001
13.51196593095643 26077
11.383137634408598 29059
11.387553225806451 29213
8.389100000000001 31185
8.403872401433693 37113
10.553399539170503 37197
11.86142043010753 40115
7.569219132369295 41047
10.197419892473098 42021
6.145943548387099 46015
6.02779677419355 46017
5.695214516129033 46045
10.683638306451613 48143
11.300010017756737 48453
5.503663523573207 49005
5.95813167155425 49045
11.915849462365594 5083
13.230064516129035 5123
12.254960215053758 5149
6.047000000000003 55129
7.52434838709677 12029
11.824865172709126 13135
11.727045161290325 20099
7.216422580645168 26007
6.357490322580646 27069
14.1554 29186
11.011533870967742 29197
8.035050537634406 31121
9.258199999999993 37011
11.292360944700466 37151
6.581317204301074 38077
11.886625513196469 40013
10.820471185701805 45063
8.886151612903227 48081
3.623188709677419 8065
3.787188306451611 8107
11.493467281105984 1045
12.407812903225807 13035
7.317956912442393 16083
11.058061290322579 19051
7.813791397849462 19089
10.94030322580645 21025
12.635362818336162 21151
11.130972580645164 21189
16.447637903225804 21225
11.48280532633158 22103
8.030057045840401 27019
13.87036912442396 29113
12.947956774193548 29221
6.492593548387096 31015
8.00683563049853 36015
10.803401612903226 37123
9.743713209121205 42029
5.987993841642233 44001
8.419441935483869 48191
8.015062903225806 48461
6.533340292148497 49035
4.845279032258064 56015
8.299043548387097 13049
10.306011290322578 13173
14.934541935483871 21039
12.35813978494624 21053
12.211054838709677 21173
11.40908548387096 22083
11.624547507331377 29029
7.654438709677417 31093
6.526067741935483 35041
11.7534922476587 40027
12.680141279387659 42125
9.45362281105991 45043
13.157274193548384 5103
10.510062365591393 51610
6.04488221723154 6081
13.104893548387096 17009
8.470650537634409 19109
10.367870967741931 20073
3.44749751319648 4027
10.53710263929619 48493
5.838715053763439 50009
12.784425403225807 5001
12.972280184331803 5059
9.938489677419355 51147
9.839474193548389 51185
7.32132774193548 26079
14.452935483870952 29099
9.74396303123401 34015
4.298575000000003 35017
5.976219354838706 38061
9.444572043010753 48059
8.751449999999997 48415
13.167203629032262 5069
9.979495307917885 55015
9.36413978494624 55023
7.045829838709677 12007
7.03905975073315 12111
13.015720967741942 21017
6.729127096774196 27039
8.464533876362092 27053
12.146663440860214 29045
8.190973118279565 31037
6.543277419354839 38087
13.024423821339946 39129
3.923511612903226 4023
10.708260297766758 47163
7.110078064516133 48389
5.867350146627568 49003
12.575313709677419 1027
8.38579546020673 12086
15.176159999999994 17181
12.535968100358417 17195
12.05661935483871 19087
10.724198156682023 22047
13.037121505376346 28007
11.435221889400918 29043
9.165989471326132 36061
13.004217419354829 39021
10.395400403225795 40031
11.220733333333333 48073
9.146687096774194 48197
12.337758709677416 5041
9.518409438470721 51179
13.15192073732719 1133
12.701025806451616 13079
8.14032419354839 16021
13.0397853046595 18033
14.335127419354842 18137
11.991600645161292 19031
11.382934408602148 22021
7.720572258064519 30091
8.667890322580645 30099
10.027531854838703 48013
9.72210322580645 48023
12.241840860215062 48223
10.164170161290324 48503
7.488231182795702 53039
10.126166021505371 6033
11.733820161290323 13163
12.35589066213922 13223
14.462783870967742 18031
14.869882258064505 18071
8.632640322580643 19037
6.11559334027055 23011
5.691216129032256 38021
4.003253024193543 4001
11.366392540322577 40125
6.990106639159779 41039
11.30525376344086 45065
9.939186666666659 45073
11.893702903225808 47105
10.365938395660827 48215
9.877926451612906 51075
9.769834243176176 51191
7.936504301075267 9001
11.782569032258058 1035
8.687153225806455 12123
13.535456221198157 17037
10.689645986496616 20177
9.15937741935484 22023
5.195747890818859 23029
12.168612258064522 29161
7.751595967741935 30083
8.110484408602154 30105
8.93823041474654 31067
7.711169892473118 37187
9.546666129032257 48247
5.651101075268814 49013
13.117634677419357 5077
10.737653686635946 53007
9.301410322580649 55103
9.869988108621884 2282
7.229361211644365 12097
17.13850850439882 18173
13.309829838709673 21171
7.569074193548388 31027
5.350293548387096 31105
7.399001344086024 36017
11.765944086021502 39163
11.057144086021506 47143
7.153603225806454 48117
8.37015806451613 48169
9.305905076678997 48479
10.098129077691945 51041
10.32759677419355 51750
10.1389439516129 54047
9.163894862604533 6031
9.869988108621884 2198
13.259769094693038 1015
12.317939516129034 1131
11.768706823821335 13057
11.20125935483871 13105
13.163349769585249 18149
9.46834331797235 22053
10.445256970046076 26145
8.944403870967744 30103
5.833383870967741 31031
10.962680135823437 37195
8.154215412186389 42103
6.813339784946235 46079
11.942379032258057 47031
13.09696627565983 47047
8.35537580645161 51115
10.826122580645158 51690
12.492408602150533 13171
7.5497645161290325 20083
7.673727956989248 27133
8.097990997749427 36093
11.348546451612906 40111
7.668161814516132 41005
9.933731182795698 41063
6.191940322580643 46053
5.890630645161289 46085
10.865685483870967 54087
12.597686021505382 1097
8.366879569892472 19155
13.673729677419358 21167
15.753694009216593 21183
8.532790967741938 24029
15.182975806451608 29133
7.929103511637404 36027
11.173496392646568 37067
7.792297311827955 41031
4.570020322580645 46047
7.219583870967743 46101
10.506305806451604 48007
9.039958064516126 51171
12.985801488833765 5145
7.754926817204293 53061
6.201890967741935 56029
10.842080645161289 20019
10.232182078853041 22009
7.587090322580644 31083
7.083628387096772 36039
13.352992741935488 47111
8.76708387096774 48267
12.998974193548396 5067
13.661789400921661 5111
3.8385741935483866 56031
6.0101653225806455 56039
11.180739068100356 13069
9.282951612903224 13101
12.34015354838709 13237
15.010370208728636 17115
15.131070161290324 17139
12.947835483870975 17187
10.471155131964808 21095
10.707449462365595 22025
12.494175483870958 28071
8.609602196620598 34013
9.363963978494626 37009
6.143537096774194 38081
11.35619651612903 39007
9.705028387096773 45019
5.776009677419355 46119
15.01211975806453 17135
13.198746543778794 18075
8.532074193548382 20157
14.173785043988271 21073
10.702571774193542 21193
7.488678853046597 26069
11.734456630824365 28109
6.02466443745082 35013
11.038426173020529 37097
9.598449573055024 42095
11.073101612903226 45011
6.751380645161292 46061
12.164788135593215 48339
9.702819354838706 51580
5.563735096774202 9015
13.122877060931907 1043
14.173524798387099 1117
8.20824161290322 24041
12.270893969144462 26091
12.836053077736722 26163
6.968327419354839 31041
7.905587096774194 31181
7.382088064516128 38023
13.334700645161282 39149
9.506416129032258 48417
13.220592059553333 1113
12.95805161290323 18015
8.117327419354838 20089
7.326902580645161 20175
5.315024731182797 31013
6.676370967741933 31115
7.843377058064519 34029
11.304161538461532 37037
8.875612096774189 37087
8.258451612903226 40045
11.282288172043012 40049
3.9421210197710765 4017
9.929958752484337 42091
11.52639656381486 45091
11.475842473118277 48015
8.760917204301071 51057
12.72666161290322 5139
9.29041739130435 6039
9.421726686217006 6103
8.734197067448681 6109
9.74266559139785 19053
12.398794193548387 21161
5.984781720430108 26153
13.040821290322572 28117
4.092407834101385 35047
4.596388582519095 4019
10.445537178786235 51013
10.26395806451613 51720
7.079278168202775 12069
10.54504677419355 20005
11.679476612903228 21135
11.481988172043009 22123
8.29237912713473 24037
10.608120548387086 24510
8.000242580645162 26011
6.8284903225806435 26047
6.673922580645164 27023
8.044545025466904 27037
8.208017204301077 31023
3.965910394265237 35061
7.206382758620693 36075
11.398598387096774 40029
11.959906048387097 40101
3.6956790322580626 49025
12.5100264516129 5051
9.445854147465441 54003
11.518181378299131 55127
13.175551971326176 1059
9.935670322580645 13111
12.313241687344915 13175
11.107401612903221 22081
8.30556550506238 27123
14.879182482645938 29183
8.072420543293726 36079
11.49930392706873 39081
11.765775542522011 39155
11.156638709677418 48035
7.0779940893608435 48141
8.241537096774193 48153
7.947940860215053 48437
10.26366744868035 51195
11.503549462365593 54053
9.385457258064514 54077
6.547469700460836 55109
9.420002534562215 6115
9.869988108621884 46102
14.006443369175617 1103
9.555791935483867 12037
8.551710322580641 19047
11.98772863726135 26147
7.304759139784948 27045
8.816066129032247 30041
8.291951612903231 31177
8.486991788856308 36121
12.54286324884791 40131
8.207832258064519 41021
9.482075434243175 51015
8.546348086454868 53033
11.48366532258064 54029
12.370009645793823 13121
9.060998207885314 16017
7.133301612903229 20067
10.99786129032258 21159
13.79815483870968 21169
5.869348156682031 25001
10.44428858560795 26117
13.10986129032259 29163
7.452014516129029 30109
7.8990978494623665 31137
6.324036774193549 50001
10.911136290322583 5087
12.675124193548383 5133
9.844510850439889 51730
6.262098709677424 55005
6.450570161290323 55041
13.76245725806452 1007
15.190998387096771 17005
7.526619354838711 20081
14.770802207130721 21047
16.838129032258088 21059
6.587116810035845 27009
12.737574193548388 28115
4.749225806451613 32033
12.645143317972344 39069
6.505964809384159 41019
11.8263487327189 42073
8.219198387096773 48115
12.42018781362006 48257
11.189642580645168 48395
9.52176516129032 51137
10.528998387096765 53075
11.433035161290318 54079
5.553001612903224 8125
7.576464474235426 12105
13.36803799283155 18107
8.126688709677422 19141
8.489738709677418 20053
6.978055996691468 25003
11.100665425971881 45007
12.20175161290323 48379
9.869988108621884 2195
8.648680645161294 19021
8.43822129032258 19067
14.452715322580648 21213
6.507176344086026 27001
11.15872488479263 37145
12.570875590551175 39095
8.476868387096776 40153
9.345217204301067 41059
5.3053774689826225 44003
10.24914098524632 51059
10.20425838709677 51155
9.57984311827957 51177
11.58151451612903 54073
12.569456989247318 28107
11.018327419354838 29015
7.509911290322579 32013
5.1502967741935475 38065
8.928449462365593 40043
11.438689247311828 40127
10.992652995391712 42041
9.568422580645175 42123
12.401120788530465 47103
12.763826451612902 47159
12.114667281105993 5003
10.245604637096772 51019
9.948950000000005 51021
4.3868072580645165 8081
11.491225537634405 13031
12.362890000000007 13097
12.834566532258064 18181
9.663154838709676 19079
5.612554838709677 26013
6.17076129032258 27029
12.398512903225805 29179
6.23410322580645 31029
9.412250000000002 51047
10.246700537634412 53003
10.587954569892474 54061
6.524232903225806 55125
4.685186627565986 8101
7.763095430107533 12023
11.644685143116773 12033
10.425249999999997 13131
9.551466451612905 13311
11.342558709677423 19105
15.737059856630811 21029
6.342323963133641 26043
6.605284838709679 33019
9.485075115207382 37021
11.811522647570596 40109
9.869988108621884 2261
11.520363440860216 13109
14.42584050179212 21035
11.321182258064514 22091
10.026966666666654 26151
7.9247225806451596 26165
11.291770967741938 28111
12.140315053763443 29149
8.350573548387098 31155
8.053294540942929 36003
8.188603440860215 36051
7.476356102622159 41051
9.322479569892476 48505
10.802025806451613 54005
9.099238709677428 55071
10.682969677419349 13205
8.451829325513193 19033
14.58169096774193 21221
9.493243803056023 26111
6.044914838709676 27113
9.53931392190153 30029
7.672317419354829 36101
10.169098064516138 37107
11.569572580645183 39043
12.03775510752688 39083
13.227272311827956 39097
14.219346774193552 47095
9.078309677419353 48155
10.983008718545564 6059
11.821648387096776 13083
8.516503225806453 19081
8.954841129032259 19091
10.552424014336921 19099
10.427798759305215 20015
6.9466870967741965 20063
7.438897849462364 20147
7.233084528656428 25013
6.145387903225809 27071
12.002585483870968 29065
6.324858064516128 31171
7.1835516129032255 38033
13.744900261551873 47187
10.24541433691756 51117
3.4588499999999995 8109
9.869988108621884 2016
13.06001577060933 1009
10.849104301075274 13305
15.76645483870967 17049
14.797029776674941 17117
12.656819354838708 21201
5.838191666666664 26103
12.772991129032263 28141
12.675324193548388 29093
7.824706105990788 30049
8.02885718475072 31019
7.37066129032258 31073
6.274406451612906 32021
3.808977419354839 35033
12.197877456864209 39151
12.155869534050169 40097
12.648805692599653 48439
9.751456451612906 51029
10.045589247311826 51063
10.521112903225806 19007
8.411579569892481 24009
10.47805161290322 29049
11.50880723204994 29077
5.994566666666668 38009
12.531127324478193 39141
7.45969112903226 41065
11.163592114695343 45087
10.321774193548391 48009
10.754671612903223 48123
13.850309408602163 5093
9.869988108621884 2164
7.460161887003571 12031
7.412535483870965 16015
8.643221505376346 19071
10.035238709677419 19075
9.956303225806455 19117
11.707449193548383 21147
14.715239426523299 21211
11.654141935483876 22035
8.286816830294535 24001
10.580485663082442 28001
6.64172365591398 30095
4.168598387096775 32017
5.620648387096775 38071
11.43012483870969 40123
7.777790322580645 41055
9.432601433691753 42047
11.778923655913989 42059
12.504106451612904 47071
12.601297132616484 48037
12.365222892819983 48139
9.662243548387098 51109
9.869988108621884 2290
12.55243824884792 13293
16.063310394265216 17165
13.35136733870968 18169
14.244896774193547 21009
10.205246586646656 22055
10.311035161290324 26057
8.953199999999999 30035
6.962097222222228 33013
5.918053917050691 36049
10.952703118279603 42011
6.7391247311827955 46011
6.527237634408607 46023
5.7760700645161265 46093
12.454911827956995 5029
12.303251612903232 5105
9.19001370967741 51187
13.252570250896055 1095
6.19626451612903 31103
11.51796268817202 37063
5.95758064516129 38091
6.680784767025083 41003
8.541206451612904 48125
7.036287096774193 48301
4.4117225806451605 49055
12.282742521994134 5033
3.7357177419354843 8003
3.8090860215053794 8071
8.346151612903224 12121
15.925534677419353 17055
12.987513118279573 18035
14.709496057347675 21083
6.87309061290322 25023
7.791004838709676 31051
6.0606439516128985 35005
6.548881290322581 41009
13.543587741935484 47043
13.369241935483876 47169
8.425045806451614 48227
10.092348235887084 51087
13.187866129032258 5147
9.853570430107524 51540
8.630481290322573 6009
9.028962903225805 6043
10.148522580645158 16009
14.868593548387091 18143
14.032481048387105 21239
5.556344781783676 23009
12.321713921901525 26075
12.802586021505373 28119
5.529741935483871 31123
11.371544774193534 37101
8.465530107526883 37117
11.820940245775725 39055
5.645845161290324 46107
10.34212322580645 47139
12.57212056451613 5063
8.952765175953068 51700
10.651780645161292 12133
12.540441935483873 13319
13.73368870967739 18127
8.22964623655914 27091
6.454827956989247 27149
11.502795161290326 29199
6.103589247311828 38073
12.152763771712156 39033
10.026974193548385 40053
11.471541240694778 42043
4.303474573732719 44009
8.418709677419356 48105
8.136927419354839 48129
11.405431182795695 48337
11.869789221085757 48423
10.202553225806453 51071
12.815539784946237 5109
9.317362903225806 51113
10.257288104838707 51121
8.506759139784943 54023
8.618102745367194 6099
13.51543830645161 1083
9.471382258064516 13065
15.898239784946234 17079
13.48868168574402 18105
9.661301075268815 19039
11.482075483870965 22013
11.346453917050695 29109
11.253738709677423 37105
11.724725806451614 39123
9.68268967741936 40011
13.834956272401428 5055
15.43620483870968 17087
12.984715693112484 18095
8.14104774193548 19085
10.989425806451612 21153
15.539119713261648 21177
11.73024677419355 29215
10.169895645161281 41035
9.590476129032258 48171
7.720025583982199 48381
10.319774193548387 51141
4.395715771765517 6053
5.0765032258064515 8121
9.869988108621884 2090
6.849521075268819 12061
10.14795290322581 13027
11.498317741935484 13243
12.480460752688169 13255
6.64615483870968 16063
8.05911693548387 19133
6.386119354838712 20129
12.730324340175954 26015
6.794202580645155 27049
6.415240322580644 27051
8.045864516129031 31173
5.838937096774194 46051
7.924354838709682 48003
11.832066919671105 48039
6.066653763440858 55051
4.105817741935482 56001
5.41956505376344 8075
11.27420410557184 13157
13.97927806451613 17053
12.895388172043013 17071
12.653853288646832 17201
9.311762049335861 20155
7.074786965491388 25027
8.067187741935486 30079
6.597300339558573 36019
10.245567823947496 36029
8.302380645161286 37015
11.064102258064523 40051
10.28649419354839 42067
7.4725688172043006 48043
4.074453225806449 49037
10.28533629032258 51051
7.003239170506916 53067
8.267598387096774 12067
10.986889032258068 13321
8.584703225806452 20151
14.749752052785928 21015
9.552363810483888 24043
13.868316318785574 26149
13.575840430107533 26159
11.19078387096774 29057
12.554533691756266 39051
12.384291397849472 39175
11.351759237536658 40113
12.587653225806449 47135
11.287361290322586 48145
8.259577419354837 48317
9.993797849462362 51111
7.376061290322577 53057
10.22190860215054 54007
10.024080867630712 16027
10.061634408602151 19185
10.872308064516124 21071
7.3899243279569875 36105
8.402349820788533 37099
7.752354516129029 37139
5.894690000000002 46075
13.291276344086024 47075
6.60781612903226 48243
9.466250000000002 48253
10.39873064516129 54019
9.630180397022334 55111
5.280119830777368 8035
7.462834252766084 12095
12.307361859582542 13045
9.93076379928316 13299
16.14476866359448 18027
15.424856451612898 18061
8.74821612903226 20159
10.059764006791175 22097
8.507950806451612 26085
7.238476070381232 27141
11.96335023041475 28067
8.852769082530367 34021
11.150168311195445 40119
11.389825806451613 47185
9.554765161290321 48019
11.257412555831255 48027
8.816739677419356 48465
4.164612903225807 49031
11.715807526881722 5047
9.196222580645161 51139
5.905337173579108 53009
3.5638096774193544 8105
6.754752618349402 8123
9.845311290322583 13187
5.348487096774194 16041
10.780810967741935 20059
8.12756129032258 20097
14.030054301075253 21155
11.511062365591393 29089
7.421234408602153 30057
7.407929032258066 31077
9.999689784946236 42061
10.869320000000004 45081
10.669844086021506 48071
6.96584677419355 48369
8.351681394591063 51810
9.744768279569897 6021
8.104221499419182 12011
7.024627419354844 12049
7.302860165041255 12117
12.455091489361724 19163
12.857286021505377 21023
12.145317132616475 28047
12.309164516129028 28161
8.124508602150534 30001
5.6612731182795715 31033
7.557030742913009 33015
7.474347479838709 34009
4.944340668202764 35043
4.999087096774194 38047
12.353768447580663 39169
10.404896914445997 42001
9.384040663334845 45051
12.871382795698926 47023
10.645446959280799 48029
7.656090024695178 6073
3.696306451612903 8091
3.747964516129031 8097
9.869988108621884 15007
11.436187096774196 13181
10.86709516129032 16035
11.150493951612907 21121
10.44359815668203 22085
14.053110685483864 26021
5.652611827956988 26131
7.789134279051681 27003
7.0158170506912425 27083
11.07540107526882 29185
11.900986970271973 42007
5.9375580645161286 46109
10.87948494623656 48239
9.449765704584044 51165
7.102659824046929 55017
9.84581596774193 55039
7.396481182795699 56033
11.94554551971326 1013
10.986002202989784 12091
14.70092233582949 18097
10.700360645161293 21119
6.158538709677421 31057
7.577538709677416 46083
13.982136917562716 47079
9.729312903225807 51053
6.641915725806453 55033
10.764367096774194 55065
16.60208129032259 18083
15.110187096774187 21157
5.48625322580645 25007
7.01507517921147 25015
14.412789149560108 26027
11.795752073732725 28045
7.427986021505363 36021
11.971528885630498 42019
10.650160533651938 48355
12.499663709677423 13231
11.366617419354835 20001
12.703545161290318 29073
7.332422580645161 31183
10.433949338974093 36063
7.454361290322582 37095
11.441513647642676 37191
12.619200007232736 39035
6.528287634408597 41015
8.482481105990777 42127
10.89202250896057 42133
6.053403763440863 46005
13.818671428571436 47189
5.831177419354838 48205
6.87727580645161 48341
12.093568914956004 48497
10.607924813895771 53021
7.038631941808983 9005
9.360660645161294 19023
8.04725898617512 19167
12.604440645161292 28013
12.38613440860215 28129
12.176875268817206 28163
11.418849462365596 29209
7.758898387096776 31011
10.716308960573476 37169
13.879267952772507 39113
12.074747670250892 48147
9.044984677419352 48507
11.205246774193547 51590
9.553654838709676 51678
8.609744659498213 53077
3.794097849462365 8049
9.869988108621884 2180
13.037510394265224 1021
12.90191075268817 1037
11.544262903225802 13317
13.303152995391706 18001
16.906534101382494 18051
11.642942431761783 21019
6.395452688172042 27073
7.727285483870968 31061
8.368763440860215 37073
8.834093548387099 42083
5.531996774193547 46137
10.951022838709672 48209
10.451441935483865 48297
11.99292718894008 48459
12.22365 5049
5.724952016129034 53027
9.353363870967742 55077
6.647937683284452 16005
14.247364516129048 17113
11.063931141439209 19061
13.938287634408603 21003
14.510414516129034 21223
6.703537096774196 30059
10.882090370018952 37051
11.490711827956988 39121
8.24613279569892 41001
10.37841767741935 45035
12.474095161290325 47055
9.036539096774202 48451
9.857248246844327 51085
6.818130184331802 55085
8.456961208914265 6067
6.668707795698925 12093
9.253421075268824 13127
14.103670471464019 18109
13.680434562211971 18133
13.29425730550286 18177
6.511217096774188 23013
10.273594229061855 24033
7.895779838709677 27063
13.025226612903225 29223
11.541055913978495 40069
7.029379032258065 41027
9.21363815350389 42081
11.249506744868045 48001
10.901779032258066 5101
9.968569585253451 51035
7.290264055299537 53029
10.837905818510697 55025
2.9930171612903234 56007
3.854938709677419 8033
9.117469032258066 12079
11.76209301075269 13107
7.646023387096769 16051
12.957226612903233 17095
9.000024731182801 19027
7.854619354838709 20165
14.957213225806461 29201
3.7896881720430105 35007
6.717458064516131 38013
4.7548903225806445 38037
12.01358774193549 39139
10.29902684331797 45077
9.675840860215054 48131
10.938412903225808 48225
8.557807526881719 54071
8.741782795698924 54093
7.281376686217009 12053
6.297541935483872 31017
8.684864385939552 36119
8.342423963133639 54057
8.640108888373177 6077
13.505317511520735 1033
7.238804301075268 12125
12.9109728739003 13021
13.21192995391705 18183
14.642961290322582 21099
6.768877880184329 26033
6.248739784946237 27011
3.8280064516129033 35003
5.511109677419354 38045
9.239925806451614 40055
6.530609242736226 44007
12.867285161290328 5045
9.017740322580645 53037
6.17621116129032 55095
13.566576674937963 1101
6.894054732945521 12103
14.01243118279569 21229
11.487934677419355 22127
6.244447580645161 27065
7.589787096774193 30007
6.298869815668204 32510
5.27095 38055
8.937226881720433 40151
10.58647096774195 45069
7.7606322580645175 48011
7.2017258064516145 48195
3.9333225806451604 49017
6.238505069124427 50015
9.519777419354837 51163
11.808773640553005 55059
5.489175806451613 16007
11.327119354838713 16061
15.86676832844574 17081
7.99508387096774 20167
14.284351612903224 21077
11.085109626216068 22051
11.149896774193552 28041
6.486801935483871 30009
7.94792741935484 31167
6.666170967741936 35015
4.019738709677418 4007
11.086965689149562 47145
7.094403225806451 48017
8.707570967741937 48271
8.80407055150885 51740
8.321516465053769 6095
15.154459677419348 17003
12.997422939068102 18151
11.57529112903226 19101
11.451159677419357 20205
13.574335125448036 21113
12.545135483870968 21181
11.875445967741932 28031
6.151766733870973 33005
8.604409677419355 40129
8.347877419354838 48345
8.926085806451615 48353
10.850122379032266 51143
5.434820583717356 56021
7.057564157706095 12027
14.677437634408598 17083
14.016304301075266 17129
13.96137715053766 17143
10.740259237536662 20045
14.8090559139785 21179
11.182942346041076 24027
6.733006129032257 27025
6.655226774193549 27145
12.994626612903227 28105
13.841858064516135 29017
11.629133870967749 29119
4.329780645161289 35023
8.125572903225807 37173
5.362159677419354 38069
12.806383870967728 39091
5.838774193548387 46065
12.812615322580646 47039
8.686732258064517 48101
7.52159262672811 48233
10.999137903225806 48287
10.249717665130571 48361
6.704259677419357 50003
6.443157258064511 50021
10.152824731182793 12013
14.84484865591397 21227
6.796276881720433 26141
12.450336290322577 28011
11.164983870967744 29039
8.20474147465438 31079
9.245451612903226 40057
10.607531935483866 42031
9.848002150537637 42053
8.352396774193547 48033
9.423130645161292 48207
11.526164516129027 5089
12.71125806451613 5121
9.21358156682028 55137
5.682411290322583 56017
3.5280540322580647 8007
9.869988108621884 2170
16.20952258064516 17065
13.769183314794219 17091
13.769760215053774 17125
8.19206129032258 19063
5.845684629981025 23017
8.411798302207131 24015
6.273006451612904 46111
5.43146580645161 49007
7.691469677419351 51001
3.220453790322581 56009
7.741736612903217 12057
10.455877806451626 16055
8.827307526881723 16087
8.506880645161283 19137
12.525336129032265 19139
9.43428064516129 20113
11.474917741935489 21205
8.046228673835127 24019
12.178609121245819 29019
9.632259999999997 29147
8.428715053763442 31025
5.71737741935484 38063
11.40732612903225 39059
10.48166979472141 40071
11.046044086021507 48289
9.653114838709676 51077
9.112345161290325 51157
10.990520967741935 54105
8.136763709677421 55061
8.774777880184324 55097
10.436292803970222 6107
12.456525161290333 13063
9.150361290322582 19077
11.070200759013291 22087
7.382708294930876 26129
6.802371935483871 27005
11.455864112903225 28073
10.661829548387088 29021
13.575973041474652 47053
6.896575161290322 50011
9.957511290322577 51023
10.497391495601175 12063
10.704774193548394 13119
11.981889677419344 13297
13.924557258064512 18121
10.617692473118282 19171
7.109638709677418 20093
11.263950537634408 22041
6.659065725806451 26031
8.100584946236557 31039
6.076483870967742 31049
6.806212096774197 31089
12.814292626728115 39137
11.139191612903227 48051
12.890567020373496 48157
5.133990322580646 49009
11.093226728110599 5009
9.837180645161293 51045
9.869988108621884 2158
11.345922580645162 13061
13.615708387096772 18119
9.857961290322578 19015
7.187732258064518 20195
11.161077419354843 20207
6.584386917562726 25011
11.122710599078337 29001
8.17030806451613 31129
12.674977419354837 47027
7.932332258064519 48165
12.01590225806451 48499
9.052320430107523 51830
10.315046033129905 53005
3.441451612903226 8079
13.58768924731183 1079
13.236278225806446 1087
10.57599354838709 13071
14.905653225806448 17147
10.661641935483868 19135
10.629272502601454 20173
9.155436129032253 24017
6.901742580645167 26119
8.262059677419355 31035
8.153947010752686 36001
5.758471091350839 4013
7.845279354838711 42117
6.326394162826409 8005
14.838598279569906 18005
13.806231451612902 21081
6.538139296187685 26041
13.03558295800367 26139
10.851239631336409 47009
13.363226523297488 47097
10.589428494623656 51169
11.451854147465431 1039
6.776849516129037 12035
10.565912096774193 13011
10.586865161290334 16069
13.562070967741933 18161
8.219275806451614 19041
11.657392961876836 40019
4.265131182795701 4011
12.720260368663602 47109
13.150792211375244 48085
11.31172311827957 48185
9.246587096774197 48319
7.619670967741933 48495
3.594834677419355 8051
3.7454758064516134 8113
12.04989556451613 1109
11.598733333333326 13013
7.250022580645162 16047
15.106589247311826 18101
11.743649354838714 22061
5.097175806451613 26083
6.3803448680351895 27109
10.658136559139786 29033
10.378617741935479 29079
11.821218064516126 29131
5.692012903225805 31069
10.728890552995379 47035
7.087699354838713 49057
9.331743870967735 53051
10.320891397849456 54109
8.72311182795699 12047
11.072585424133791 13095
12.084482795698925 13235
11.276238709677424 13251
6.80368258064516 16067
9.874881505376337 19049
8.218641935483872 20033
10.422602932551342 22019
7.196460080645154 27147
4.386099641577064 4009
10.171194193548388 42119
14.333426748146666 47037
13.288477419354834 47167
9.478483191850572 48441
10.315686717267557 54081
3.5557548387096785 8023
15.684348387096781 17033
6.680259677419354 27173
11.303532258064514 29013
9.885263594470045 37065
11.169595698924738 37085
10.031123502304148 37149
5.669332258064517 46091
12.864797580645162 5081
12.258899999999999 5135
11.446526451612906 13017
10.36309548387097 13123
16.537805161290322 17193
7.785126728110604 20057
9.83240806451613 20127
6.942751209677421 23023
6.884498387096773 27081
6.962075891341261 36113
8.556790476190475 37049
6.822081182795695 41053
11.074393010752685 45001
5.099799999999999 46031
11.308934677419362 47173
10.918869032258062 48373
9.363229032258069 54101
7.029430645161294 6027
9.869988108621884 2068
11.468761290322576 19107
8.133770967741937 19189
11.446424999999985 21235
6.993851612903226 26135
6.673538064516131 27021
9.93832580645162 29081
10.4342775985663 37127
5.591374193548387 46037
13.5633435483871 47045
11.014371774193544 47063
11.067473041474656 48291
9.74587983870968 51065
7.590636011730197 6041
3.5634838709677417 8027
5.994661290322582 8115
9.869988108621884 2130
10.903256630824378 22069
9.129827822580646 26105
12.854395698924725 28145
11.490219354838711 29067
10.043183751493434 42055
9.706526881720432 54097
4.674326433002477 6087
14.868860967741934 17021
12.982236070381227 17141
13.284063037634406 18003
10.799793548387091 22037
10.763801382488483 29107
8.664805806451607 36073
5.127980645161293 38103
9.682398924731178 42025
9.820064112903218 45067
11.709586724565728 54107
7.178922944385955 12099
9.932813709677419 13191
11.45445548387097 20011
15.481474193548383 21139
5.952389815668207 26053
11.86326129032258 28055
7.829819999999999 30053
4.762340967741936 46033
5.468329032258065 46041
5.772212903225806 46095
12.165672350230414 48067
10.284315322580657 48093
11.738279354838713 48349
11.973961042183621 13295
13.049666129032259 18171
6.053201612903228 27125
4.375009677419353 35059
9.918094193548384 40141
7.023216129032255 46009
5.661929032258064 46025
8.105712903225808 48211
12.89314193548387 5075
5.546667741935483 8103
9.869988108621884 2150
12.877843225806451 13145
13.263854377880172 18179
7.846190322580646 19143
9.154959139784943 19173
10.76175161290323 20031
12.953611290322586 21079
6.539520645161295 27119
11.30241741935484 29121
12.53912430875577 39173
9.125115738025409 42089
11.042583260680086 45045
10.873798566308237 47025
10.73240668202765 51089
9.065489032258071 51099
10.09054677419355 54089
7.288303225806453 6091
12.083384946236558 13209
6.724619354838711 16025
13.413814516129031 17155
8.27052701612903 20009
10.27330322580645 20191
15.731329435483886 21163
10.674809677419356 21195
11.763143548387106 28149
11.038312365591398 29083
11.041610483870969 29195
11.017957320099262 37077
12.065146236559142 39001
11.60437677419355 48221
11.435181854838708 48293
6.817495668202765 50007
11.142236895161302 53025
13.253576344086035 1001
12.442049769585262 13233
11.892204838709679 13307
13.050240000000006 17011
14.518191011855485 18089
16.942140552995387 18129
9.645171048387102 30087
9.54433237753884 37089
8.649634142228743 37129
4.655941935483872 38043
11.470580337941646 39157
10.381336447132648 42045
12.760176246334309 48397
11.367856360316505 54039
7.30008933265061 9009
7.008779360548127 12127
15.509759677419355 17151
14.296877419354836 18165
6.830433870967742 20179
11.461626935483864 22105
11.088165791447874 24031
7.4256419354838705 31163
9.46534408602151 40003
5.756241741935483 46081
8.779672580645162 48075
10.865684204671854 48187
11.572006947890815 48401
5.1187145161290335 49023
8.018023225806449 55053
8.005932096774199 6057
7.400620967741934 12003
16.356525806451614 17101
15.193887096774192 17153
10.16583978494624 20079
11.189213978494625 22059
7.0505010752688095 26137
7.965559354838712 36099
7.29968706672005 36103
11.128754105571835 37045
12.174687500000005 40089
7.469420161290322 41013
13.414060000000005 47033
10.749181105990786 47123
10.167325806451618 48031
11.947195354838717 48183
13.241716129032257 5025
10.16332043010754 51161
9.4763 53013
9.386777419354834 53065
11.240220136852434 55079
9.701201116625302 55117
9.316395645161284 6045
10.422512603150782 12005
12.059995533498764 17177
8.161299283154133 24011
11.813520430107518 40085
10.822624596774189 42121
7.760064800759014 48375
9.753162609970675 51003
10.44854516129032 51031
6.16018064516129 6003
12.52669216589861 1049
12.94806387096774 1123
7.463038709677419 16037
14.965241397849455 17133
10.987540645161287 19157
6.661125806451613 20203
11.659964112903232 22067
6.01337290322581 26071
7.1896161290322596 31065
6.918801843317973 36025
13.46796820276497 39109
5.7276413763440885 4021
8.71804366640441 41029
11.734223774193552 42129
8.976064516129032 48433
5.922254838709675 56035
9.869988108621884 2122
10.779500537634405 13139
15.325638709677422 17189
13.832534838709673 18059
14.66992419354839 18079
17.16745601173021 21101
15.37399639468691 21145
12.688307258064512 29127
12.384942741935483 29151
11.723546236559143 40041
10.327954838709678 13085
14.142174193548382 18013
14.311723548387105 18093
9.241044354838705 20169
15.159150322580643 21031
7.927037585532751 27137
4.442548387096774 31165
5.892779156327553 36031
7.354282078853045 37055
11.430281982690808 37179
9.587854838709676 48447
4.890970322580644 49039
13.073567281105978 5125
