17039 9.74130066666667
18135 10.014901666666663
20013 9.47348
26023 8.6555725
26035 7.266825454545456
26155 8.402921176470592
31001 9.189335555555557
32029 4.7501033333333345
37001 9.794589722222211
39159 10.961488666666664
46063 5.338336666666666
47011 11.433756315789475
47073 10.645052307692309
51009 9.37591222222222
13047 11.421043939393943
13249 9.892568333333333
17157 9.928816666666663
22093 10.678300476190477
28133 11.465798571428577
31063 7.598420000000001
38057 6.306961111111111
39161 9.911217407407408
40033 9.123468333333333
47049 9.796100833333336
2275 8.802681378690483
16045 4.608683333333333
17001 9.588235925925938
18085 9.457864210526315
21133 9.726633809523804
21219 10.910770833333327
29207 10.490161666666665
36117 9.385005757575753
37121 8.982568333333328
48173 7.550856666666665
55135 7.805335555555564
16039 4.197531333333333
17175 9.726406666666666
24045 9.723377192982452
28091 10.181844999999997
29227 9.104483333333336
31135 7.309973333333333
34033 10.522825277777777
34041 9.659689855072472
36077 7.495033725490191
36109 8.770904492753623
41071 4.707221784313721
48061 7.636861627906967
48265 8.36661666666667
48399 7.732675000000002
12065 7.152104444444443
12119 5.979987719298248
13217 10.816568205128196
21207 10.252681333333328
22011 11.277620476190476
22113 9.830779444444445
28015 11.14635
30055 4.895003333333333
36089 7.32649547619048
37103 11.712574444444446
39127 10.854036666666673
42035 9.159128148148149
9003 7.464565967261902
10001 9.96040218749999
13015 11.368677333333341
13067 11.34385377777778
13179 7.935907380952377
17019 9.954507441860471
17107 9.762824166666661
18023 10.163274166666664
21137 10.372228888888886
21187 10.846813333333332
29167 9.16072
31071 7.655916666666667
31145 7.528674444444445
38025 5.521323333333331
46117 6.332256666666668
47019 9.566834313725487
48255 8.168840000000003
48383 7.34583
5017 11.242548333333332
6069 5.80754303030303
2070 8.802681378690483
13279 8.461042777777775
13281 9.246805555555556
21115 10.427222222222222
22039 10.774591666666662
28101 11.939331333333334
37115 9.338332222222219
46035 7.775933333333332
46123 6.756493333333335
8067 6.668257999999998
27035 7.494561874999994
27115 6.890843749999994
31055 10.390199081196561
45055 9.54788688888889
54075 8.797576666666666
2110 8.802681378690483
13197 9.823174999999999
18045 9.973372000000001
20117 9.151368333333334
21175 10.035957999999999
26157 8.164900000000005
27047 8.37155866666667
28097 11.356502222222222
30081 3.4791422666666647
32023 4.978854333333332
37159 10.229151777777787
39009 10.896682666666663
42013 10.121651862745088
46127 8.686360000000004
47113 11.19130481481482
48219 8.109284285714287
51685 10.076533333333334
8019 5.581326666666667
13285 10.86299404761905
22117 9.690137272727272
27167 7.116385000000002
30025 5.734266666666667
37183 10.436604777183572
40099 10.254672222222226
46055 5.938986666666667
48347 11.351088205128207
5115 9.737587575757574
54065 9.881684166666666
8047 5.817623333333334
17045 10.031365999999998
21045 10.306785333333337
26009 7.484679047619047
29129 8.896816666666668
48083 7.98547
51520 9.89984333333333
53035 4.793420308641976
8013 7.469530343137251
16071 4.428656666666666
21105 10.672336666666665
29011 9.80719777777778
30107 4.46864
39029 11.864249861111107
40091 10.579382777777782
42057 9.908509999999998
47007 10.175415555555553
48045 7.590306666666666
50017 5.93852133333333
56027 6.663153333333332
6075 7.0378798129251585
13113 10.777766333333325
13165 9.073141666666666
13259 9.460385
18055 10.405419259259256
23031 6.627249166666667
29181 9.527475833333337
29205 9.12760444444445
36087 8.775466461538455
37059 10.032385714285711
45037 9.886521111111115
46003 7.418453333333332
48245 11.040396203703708
54035 11.059258333333332
56041 5.986334444444442
13169 10.906618333333336
19055 8.469824166666665
23027 5.796326249999999
24003 11.02928407051282
28125 11.261985000000003
29137 9.114638888888893
30067 3.966841666666667
36095 7.217729999999995
37033 9.498437222222229
37035 10.048574301075282
39093 10.547850547945195
48249 8.056381904761905
51149 10.236750000000002
51640 8.833371666666666
8043 6.529293333333334
13141 9.95096
13221 9.790318333333333
13275 8.36275090909091
17047 10.40014
20115 9.573959999999996
21069 10.157257500000004
26101 7.66006518518519
27097 7.519616666666664
28003 11.09312809523809
29085 8.886195555555558
30003 5.9008366666666685
31153 10.402818759689916
37061 10.134065454545446
40023 10.665438666666665
46069 6.957896666666667
49047 7.396392777777776
50019 5.7514776
6089 3.685396736111109
13263 10.225043333333334
26097 6.607482666666666
28033 11.717928888888876
29053 8.991422666666663
29117 9.237053333333337
37143 10.570751111111111
42051 11.380554074074064
47107 11.225198666666666
47165 10.97661857142855
48135 8.309733452380957
51069 9.927891904761907
1075 12.106823333333331
13287 8.789356666666666
23021 5.028767916666668
31111 7.595222500000001
39037 10.587752222222216
39061 11.992280600600585
47029 10.013038888888893
48429 8.289322222222221
51061 9.596631764705892
56025 7.850513518518518
6065 10.49301613686535
12075 5.682373333333336
13143 11.186174000000001
21037 11.706329600000002
21061 10.857148333333331
21141 10.95673611111111
22109 8.637874761904762
29189 11.024897772194317
37131 10.215923333333333
39111 11.190213333333336
40073 10.209981666666664
48127 6.905498333333336
5073 11.947601666666666
53001 4.055130666666666
55049 7.848637222222226
13195 10.04263333333333
13227 10.373585555555554
16079 3.7072260000000017
17059 10.617389999999999
19121 8.995565555555562
21129 9.947891111111112
21199 10.380921190476194
27041 7.257197777777777
31059 9.298758333333334
31157 6.952753030303029
35035 8.729552708333333
38099 6.02802111111111
48421 7.25988
51005 9.27522055555556
5113 10.01982611111111
12001 6.042230773809524
13001 7.9063073333333325
17097 9.19010740740743
17185 10.740793333333333
19181 9.01214916666666
24039 9.545312380952383
25025 8.908558872549023
27157 8.392724444444449
29009 9.368548095238094
29510 11.196320691823901
39099 11.649769761904754
46103 6.56486623188406
48137 6.9625933333333325
5027 12.389255333333331
53015 4.032997916666671
55075 7.303771111111113
18011 10.394577666666665
39107 10.255744074074075
48021 9.743611666666661
48087 7.85002
5031 10.890664313725496
12073 7.461042647058821
17149 9.542031333333332
18057 10.628659316239341
21013 9.832414074074077
21117 11.645554308943087
22057 8.919281304347823
30069 4.811043333333333
31113 7.197166666666666
35019 6.940413333333333
38101 5.784600256410254
45029 8.33102666666667
47057 10.698075333333337
55089 8.88404777777777
6063 3.4100885714285702
8041 8.352672153846166
13099 8.736347333333333
17027 10.12179166666667
19065 8.367660476190476
19147 8.381875833333336
20141 8.175403333333334
36071 8.179297468354441
36085 10.395624311926603
38029 6.119219999999999
39085 10.805409597701116
40087 10.39860555555556
40117 10.576504666666674
42097 9.862442500000006
50027 6.083296111111103
13213 10.878531249999998
18159 10.138184999999996
20003 9.933746666666668
26099 9.10456658950618
30097 4.566679999999999
39047 10.987179523809521
40139 7.243101333333334
42015 8.76277095238096
47059 10.370896000000005
47069 10.926952222222223
55093 8.588499166666669
15005 8.802681378690483
1011 9.927468888888892
13059 10.114716111111104
17093 9.587769666666672
23025 5.425032352941174
30013 4.432660606060606
40047 10.447846944444443
45049 8.747647333333331
47093 11.193173005952366
48057 7.635627999999997
51107 10.364583179487182
54085 10.463623333333334
1023 10.891092500000005
24035 10.558623030303027
26133 7.322818333333334
54055 9.19588708333333
13129 11.430437777777776
17103 8.841365185185184
17159 10.157704
18063 10.662844920634917
19013 8.750964649122809
19093 8.68790111111111
27111 6.935255882352944
37027 9.446628235294114
38085 5.770290000000003
39135 11.012281666666667
48089 8.916826
48193 8.893113333333334
2220 8.802681378690483
17023 10.129050833333336
19149 8.708248888888885
27043 8.45782666666667
27085 8.342769047619043
31095 9.242516666666665
39071 10.919647407407405
39145 10.969960500000004
42023 8.791985
46135 8.273117333333333
48321 8.314324000000003
51007 9.265656666666668
53011 5.373970769230771
55133 8.799161627906974
6051 4.135925555555556
6097 4.5789996632996735
8061 6.594103333333334
18039 9.211001944444437
18067 10.08659966666666
19059 8.386226666666666
20065 7.451761666666666
20119 7.541683333333335
24005 11.10095814641745
27017 6.893074285714288
27103 8.679061428571432
32019 4.394026333333333
38001 5.618729999999999
39003 10.417647373737363
39053 11.27126476190476
40107 10.40677416666667
46073 7.357223333333334
49041 5.353268666666669
49049 9.320831901041647
51036 10.039732222222222
54017 10.351315000000001
55105 8.470132280701748
1089 12.981049771689497
13273 9.066263333333334
17061 9.635976666666666
20197 9.201183333333335
37071 10.464421128205109
46029 7.731265238095237
47127 10.829746666666667
48041 10.268415476190485
48285 8.501385555555554
48307 7.886988888888889
5019 11.961398666666662
53031 4.171563380952382
54067 9.472520476190477
18141 9.192206222222202
21085 11.045653333333332
21215 11.08699166666667
27105 8.147199444444444
29219 9.955034666666666
30089 3.5619144444444455
33009 5.775558315789475
37137 12.660281666666666
38095 5.777150000000002
39089 11.10787312500001
42005 11.806394385964918
47147 10.988726666666668
48217 10.24510636363636
48491 10.457932247191025
5129 8.667767777777781
5141 9.237720666666663
13037 8.835673333333334
30085 4.924096666666666
31009 7.2215099999999985
31139 8.477645000000004
36123 8.788677999999999
37081 10.090405574229711
38089 5.583192916666667
40061 10.625018333333333
41061 3.5715154166666667
42037 9.573134000000003
46121 6.519056666666668
46125 8.303805
47021 10.652819629629622
47087 10.215786666666666
48097 10.734395416666668
48231 11.129350701754376
48431 7.333869999999999
54011 11.354790574712636
54103 10.92821133333333
2185 8.802681378690483
12041 6.045344666666662
12115 5.760222978723404
19009 9.228782222222216
20153 7.0989400000000025
31175 8.059196666666669
36011 9.002255964912276
37193 9.176871190476191
38105 5.3873957142857165
54033 10.375929242424242
6005 5.556857777777781
1115 13.407986410256418
17085 8.481933333333332
20111 9.520939583333334
21197 10.080283333333332
27033 8.096946666666666
27061 6.47270909090909
27117 7.988698666666667
27129 8.048708333333328
28019 11.867261111111109
28039 9.692340666666665
28103 12.001137777777778
37109 10.29573185185186
37155 9.797875053763429
39005 10.677634545454543
39023 11.239579318181837
48237 9.31453222222222
48367 10.746612105263154
49043 7.0779069230769265
54031 9.201730000000003
56005 8.013588571428572
1077 11.589773030303032
12101 5.875449651741305
13051 8.243775305164325
18029 11.342011666666668
18153 10.458813333333332
20199 6.6448833333333335
24047 9.620518958333333
28095 11.90203814814815
28121 11.984436913580222
34017 10.594662851405612
37069 10.248960555555557
38015 6.264466491228072
40095 10.589205
47015 10.124965555555558
47141 10.14453599999999
51083 9.449034814814812
5117 11.09818222222222
6007 4.051619346405234
13053 10.111899333333339
19017 8.560679583333338
20049 9.827989999999998
22027 12.789072666666671
22125 10.352422222222222
27015 8.300042083333329
27159 7.03523111111111
27171 8.904405882352938
28077 10.702386666666666
28099 12.052406190476198
29041 9.098645555555557
30005 4.6072508333333335
37125 9.586737407407414
39119 11.030688245614025
45027 8.863278333333334
48477 9.646672222222218
55101 9.128704848484862
6025 8.239495268817212
1041 9.414849444444457
1047 10.86940177777778
17199 10.159052444444436
22079 11.276817777777776
28081 11.686456666666658
29125 8.908516666666669
32003 6.9538859206023105
37141 10.008804222222226
42087 9.633048888888895
42101 10.759020164930543
48357 7.3798600000000025
51135 9.372337499999997
55031 6.847094722222224
1051 11.59716755555556
12017 5.916305802469136
17069 10.558791666666666
20163 7.773141666666664
31097 9.382563333333334
35045 7.653355151515145
40149 8.714861666666666
48481 9.06427575757576
2100 8.802681378690483
1055 12.752120666666656
13117 10.594786888888896
13155 8.480654999999995
18111 9.67100833333333
19187 8.743053888888891
27135 5.751776000000001
30019 4.874750000000001
37029 10.428181666666665
37189 8.813546923076919
38027 5.98103
47155 10.250772222222208
47157 11.67369013574662
48151 7.717898333333332
48179 7.514088571428575
48235 7.215246666666666
48333 8.455993333333332
48405 11.36521777777778
51093 10.086981250000001
51197 8.915471111111112
8055 6.035068333333332
13271 8.381926666666667
17173 9.698762777777777
17179 10.259428333333343
18113 9.199799666666665
26115 9.322072307692325
37079 10.853122500000001
37181 9.89463233333333
39027 11.249529999999998
40093 9.343527777777778
46129 6.261266666666667
48229 7.981223333333334
6061 5.248421764705886
11001 10.948078100558673
12107 5.7475335294117595
17161 9.620076083333332
18145 10.633659999999997
22071 9.352338192090409
26121 8.760590793650803
35011 7.540373333333331
35025 8.841674259259255
46115 7.462683333333335
55073 7.689104691358013
2230 8.802681378690483
20201 9.049910000000002
22099 10.374939696969696
27075 5.891314444444446
27107 6.463206666666666
28005 9.989156666666661
31091 6.85678
34025 9.50925263403263
35027 8.634328000000002
37171 9.215878030303033
40079 10.438981666666667
47171 9.437249999999997
5143 9.898048333333344
18019 11.840976923076916
20101 7.462673333333331
22121 11.589499333333332
27099 8.258824545454546
30037 4.66682
31005 6.848973333333333
31169 9.133759999999999
32031 4.727371279761918
45089 8.770101818181812
48413 7.128113333333334
5127 9.748421111111108
53053 4.720639277131786
6019 6.359144690117285
6093 3.2201019761904757
13153 10.29685463768115
18087 9.041892083333336
19129 9.964920000000005
21089 11.253498518518526
51049 8.93229666666667
8073 6.523411666666664
20161 9.20420595238095
21007 10.74462444444444
21123 10.956379999999994
28087 12.249020952380958
34035 9.602175196078422
35028 6.841991666666667
51125 8.837278888888894
51595 10.265866666666666
54069 11.56692333333332
12113 7.780956933333345
13315 8.866921666666672
21005 10.855987333333331
21041 11.242100000000004
28009 11.144828333333335
34011 9.83110901960785
35055 6.068005
39063 10.148749487179483
46007 6.415755
48311 7.397476666666667
5011 12.023961333333334
51199 10.037924285714286
55003 6.262696190476191
13183 7.913348888888888
13247 10.859202000000009
17041 9.885139999999998
17057 9.703960277777767
26051 7.384412222222218
31053 9.654885185185186
33003 5.644166909090909
36041 6.353440833333329
37003 9.660103333333335
39017 11.991443875000016
47161 10.485716666666667
48091 10.048066250000002
49051 8.194567500000002
51105 9.766280000000002
55063 8.285234666666659
55123 7.9233542857142885
56045 6.978523333333333
16011 5.1461087500000025
17075 9.512065555555557
20125 10.704247435897436
26107 7.604766969696969
31099 8.64865
36083 7.557584857142846
39077 10.231937692307696
39171 9.009356296296298
40137 9.563202121212127
47083 10.305926666666664
48113 12.447194020163867
48261 6.891003333333333
5065 8.941426666666665
5095 11.250014444444444
51091 8.686623333333333
6011 3.6307586666666687
8095 7.141799999999999
18025 10.92957888888889
20035 9.761405151515152
21107 11.134406388888891
29055 9.163745000000004
33001 6.146767333333336
39011 10.552895454545453
40143 11.816984609523765
48065 7.497721666666667
48189 8.073773333333333
51175 10.109269999999999
1107 12.138671333333331
12043 5.795663333333333
13009 10.381408518518521
17089 9.40763426829267
19025 8.709641666666666
21051 9.841445555555548
30021 5.3019044444444425
30077 3.6097200000000003
31131 9.684688000000003
38067 5.981997999999999
41023 2.9523716666666666
48315 12.474089999999999
5107 11.568282777777775
51159 9.494471666666666
55037 6.569328333333333
8014 8.46290981481481
13161 8.132487777777783
13193 10.03051416666667
19029 9.348285333333333
21027 11.27094388888889
27143 8.385254999999999
28151 11.483228596491228
29005 9.485775
31003 8.286384444444446
34037 8.489740975609758
42049 10.195128638497675
45005 8.928018888888891
47131 10.747496333333324
51153 9.933095863453799
54013 10.20012666666667
6037 10.484351809645911
6079 5.746801698113214
13075 8.251986666666664
13289 10.202901666666664
17063 9.484582
20187 6.940256666666667
27139 9.50474222222222
27151 7.640781666666669
28023 11.052437499999998
29031 10.42640333333333
29211 8.87049888888889
30051 4.39957
32007 4.646803571428572
42065 10.172156153846155
44005 8.045299999999992
47175 9.899903333333333
12055 5.804498024691362
13005 7.819741111111115
13207 10.743808666666665
13261 9.612807083333333
17013 9.897511666666668
19083 8.721973333333334
22043 11.433072000000003
23007 5.209502851851853
27153 7.329321666666667
28051 11.262736666666669
29171 8.803181666666665
29225 9.01292291666667
31087 7.250653333333332
37093 9.777531481481482
37167 9.821816153846152
42105 8.531805999999996
48161 10.527359523809533
51145 9.430484
51620 10.100304999999995
8057 5.455546666666667
16031 4.660834999999999
17111 8.894803525641022
17131 9.592210833333331
17197 10.11868116228071
18157 10.130455045045052
22107 10.394315555555558
26123 8.082591818181818
27013 8.756147916666661
27087 6.303216666666665
28083 11.301992083333337
37075 9.173553333333334
38017 7.010975353535347
4012 6.23395037037037
49029 6.287810000000001
54009 11.83136666666667
8063 6.586491111111109
18043 11.774311166666669
19115 9.539886666666666
20039 7.267801666666668
21093 11.411403636363628
22045 9.828453777777781
25019 7.807296
29007 9.21306904761905
31127 9.540841666666665
31133 9.23229
34027 9.064066800000006
35057 7.9633724999999975
38005 5.854927500000001
38039 6.142840000000001
47085 10.251449999999993
48313 10.495721666666666
50013 7.085040000000002
55119 7.209412222222223
8029 5.352925714285716
1065 11.452971111111106
1069 9.118358787878774
12085 6.434800952380944
13303 9.766115999999998
16033 3.682420000000001
16085 3.2205044444444457
17123 9.768378
21065 10.07726833333333
29175 9.075516111111108
37039 9.470819047619054
39167 11.35284541666666
42107 9.979595333333346
46089 6.549109999999999
47061 10.017815833333335
47183 10.674383333333337
48163 7.494665555555555
49021 4.825245
49033 5.099803333333332
5119 11.429187894736856
53069 3.6473166666666663
55007 6.1817773333333355
2020 8.802681378690483
18117 10.64787222222222
19103 8.996405694444448
20069 7.562664999999998
20091 10.266493128205155
28089 12.150582539682533
37025 10.316348468468464
37133 10.942814623655913
41043 4.899027999999994
42113 8.618153333333332
5099 12.04416777777778
55099 6.724586666666669
55121 8.12296916666667
6017 5.053727596899221
6105 3.094331000000001
2060 8.802681378690483
13029 8.165576190476193
18041 10.434515238095232
20075 6.819773333333334
28155 11.626781111111105
33007 5.198798151515151
38059 6.133615333333332
41045 3.970506666666668
48005 11.262471176470587
48095 7.566860000000001
48111 6.913493333333332
48263 7.530916666666667
5097 10.149061111111111
53063 4.990162158730166
13077 10.942445666666671
17137 9.597283333333335
18073 9.761630833333331
19095 8.847368333333332
21063 10.145045000000003
32009 4.232176666666667
36107 8.74589866666667
37041 10.6157
39101 10.853462962962958
46021 6.296740000000001
47099 10.674325151515148
26049 8.533334402035624
28043 11.259977999999997
31161 6.470459999999999
32015 3.7654433333333333
36013 9.515406095238104
39045 11.15359547619048
39133 11.330797523809517
46077 7.805386666666665
51600 10.484454000000003
55055 8.408926500000005
56043 5.857419999999999
16023 3.5522033333333334
21143 10.847548888888888
29141 8.798461333333334
29165 10.462067666666666
30043 4.262896666666668
37007 9.60971944444444
37135 9.952662738095235
37157 9.592330476190485
39073 10.83182571428571
46049 6.943833333333333
48471 11.301939333333335
5057 11.732284666666672
51081 10.218619999999998
51183 10.06050466666667
6013 6.816342644230769
6015 4.218090952380953
6055 4.894541750000002
1067 9.041793333333333
1119 11.622764999999996
19159 9.016269999999999
21217 10.529289333333336
22115 11.420485277777779
45075 9.02546616666667
48121 12.23375523114358
48351 11.359879999999999
48463 7.5246319999999995
5015 9.069710666666667
8111 5.378336666666666
1127 13.276965555555563
1129 9.994976000000003
12015 5.894822192982463
13283 8.914439999999997
16049 3.7048782000000005
16053 5.208868666666671
18007 9.72083666666667
19045 9.276848333333332
21075 10.712438333333333
23015 6.279195925925927
29071 9.902416078431374
35049 7.7036005333333355
39013 11.431631666666664
39087 11.54659520833334
40105 10.769766666666666
41007 3.4842852777777744
47119 10.53070627450981
53045 3.3673559285714276
53073 6.174184803921568
54027 9.597554
56011 6.774421666666668
8117 5.158364666666668
13073 10.392983166666665
13087 8.224169523809524
13225 10.35204055555555
20043 9.68202777777778
21097 10.53547466666666
22063 10.60061274509804
26003 6.235105555555557
28021 10.447112222222218
29145 9.862850000000012
30031 4.535755757575758
40035 10.427358
47179 10.158670144927537
48055 9.427512916666668
48063 11.976371111111108
48199 11.509663333333341
51167 9.52092857142857
54095 10.84140333333333
55043 8.160644444444443
6101 4.355176349206352
12019 6.399039222222211
13219 10.195157777777775
17169 9.569152222222224
20131 9.319317777777782
21057 10.188223333333333
28053 11.394470000000002
29217 9.76895888888889
47089 10.847954814814818
48331 9.833265238095237
48449 12.048309999999999
5137 9.002961111111112
51770 9.915648260869567
10003 10.867816692307677
19043 8.213795555555558
21149 11.600295555555554
22065 10.971118666666667
26109 7.399946190476191
31101 7.349221111111113
36059 10.005821445639194
37005 8.735013333333333
37199 9.004030000000006
42027 9.568436021505375
42115 8.489654545454545
45059 9.931250392156862
48435 6.997163333333335
49001 4.743051666666668
5005 8.768957407407399
5085 11.1850275
1003 8.584312795698935
12009 6.078780707964619
13245 10.508859787234018
18047 10.775380666666669
20087 9.78112083333334
20109 6.883633333333332
22033 11.563386086956525
22075 7.0528307407407365
24013 10.625003508771936
24021 10.62228316939889
26063 7.878809444444448
28131 9.78358111111111
29159 9.019797878787879
30023 3.442951111111111
30045 4.257783333333333
31045 6.70445666666667
36065 8.14618549549549
37175 8.97924380952381
38083 5.8079366666666665
40009 8.296339166666668
41049 3.5503633333333324
48443 7.838143333333331
5043 11.511596666666675
51683 9.978718571428573
54015 9.95353111111111
6023 4.156178211111107
1121 12.601860303030302
17203 9.980081851851846
19165 9.336709999999998
32005 4.543395882352943
35009 8.047365000000006
38075 5.556886666666666
40039 8.907156000000002
4025 5.7281837301587295
41033 3.7778372916666685
45017 9.19803888888889
47001 10.921429444444453
48279 8.082057999999998
12089 6.497078888888885
13151 10.719273999999999
20023 6.7984866666666655
26093 8.577297486338784
29139 9.423575833333333
36043 7.690005964912286
39025 11.636738749999996
45039 9.631007333333333
46039 7.703590000000002
48281 9.11059866666667
51103 9.611331111111113
54021 10.02187166666667
54045 10.165758518518526
55001 7.736868095238092
8037 5.127869285714287
1125 13.171779219858152
12129 6.624010833333333
13167 9.36777777777778
13177 9.028572666666665
13185 7.709503866666664
13309 8.537453333333335
16029 4.841785
19153 9.227697721088424
20145 8.237259999999997
21091 11.58773222222222
22001 10.517889166666668
37031 10.03796711711711
38011 5.558723333333333
46027 8.48126
47153 10.130303333333334
48181 11.092132051282055
51119 9.663860833333334
51650 10.253452156862748
53047 2.968064333333332
53059 3.3526566666666664
16003 3.3808716666666667
16073 4.139871111111113
17077 10.099674761904756
29123 9.41343666666667
40103 10.481207499999995
42063 11.202672608695652
46067 7.921825555555554
47067 10.096886666666668
48025 8.287771428571428
48393 7.417869999999999
48455 10.977669333333335
53049 3.25941238095238
54025 9.16943619047619
26037 8.403484242424241
26125 8.843607317554245
38053 5.405261666666669
39049 11.554728615023475
39067 11.204324000000003
42071 11.929612244897957
45003 10.03219686868686
46043 7.535573333333334
53019 3.161188333333332
55019 7.554662916666664
1029 11.594697500000002
1105 10.987231111111111
19193 8.975121282051267
20137 7.417223333333334
21109 10.004635555555556
21125 10.186091794871787
21127 10.623362
26017 8.149810641025644
32027 3.6601733333333324
36111 7.579972978723409
37017 9.65321
39105 11.179295000000003
42131 8.852158095238094
45041 9.484077373737371
48385 7.296716666666667
51550 10.418339024390253
54043 10.618787333333334
12081 5.835992692307687
34023 9.838807771428588
36035 7.220683111111111
36115 6.923931372549022
38097 6.4608466666666695
39131 10.839660555555552
40133 10.486725925925928
42109 9.739774583333327
46097 7.899569999999999
48329 8.256355555555556
55029 7.737282222222228
56023 5.8598175
6049 3.147975833333334
8039 6.943595238095238
9011 7.8064680512820495
2013 8.802681378690483
1111 11.24250388888889
12131 7.279954545454544
20021 10.327552777777779
20047 8.087204999999999
26005 8.70117375
28065 10.718546666666667
29037 9.8784355
29095 10.36496871021777
45021 10.339992051282055
47017 10.65717625
48167 9.779936111111105
5037 11.104076666666666
51133 9.623184166666672
1081 11.251035061728393
12045 5.906026666666666
13201 8.513600000000002
20135 7.693215
28093 11.223287222222224
31147 9.48979555555556
39075 11.055733333333329
47177 10.038161851851859
48325 8.784289166666667
8031 8.810120254629632
8099 6.484042
1061 8.762464444444447
27095 7.448968095238095
29025 9.517483333333333
29157 9.881698
31149 7.228660000000001
38049 5.729083333333335
41025 2.912748333333334
46087 8.099196666666668
48077 9.11704
48213 10.981254509803925
5053 11.868529999999998
55067 7.114281666666665
1057 12.516157333333336
12109 5.942209583333334
16001 5.625895084745764
17029 9.868988611111106
19191 8.141022000000005
20095 9.748107777777777
26113 7.151648333333332
28035 10.515854313725496
29063 9.55181
30075 7.71824
31151 9.368012499999997
33011 6.923486124031009
34039 10.024898271604936
36067 8.850404833333332
51173 8.90287925925926
6113 4.981992195121955
8001 9.012631752577338
8085 5.2362053333333325
15001 8.802681378690483
18115 11.44055166666667
20189 7.23759
20209 10.539385047619058
25017 8.266018563941337
27027 7.005321538461549
28063 10.231496666666663
29047 10.452823333333324
40015 9.482818333333336
41041 3.5747164705882373
47003 10.596787777777775
5079 11.536048333333339
55045 8.174777500000001
55107 7.127004000000002
13081 9.209348888888888
17099 9.363994523809533
19035 8.569686666666668
21001 10.352162380952384
22119 12.800919090909082
28157 10.022386666666668
29003 9.603939166666667
30039 3.3743199999999995
48283 7.053526666666668
48377 6.94329
51097 9.654798333333334
51101 9.803745000000001
51131 10.002111111111113
51181 9.876004999999997
6085 6.474942652329765
12071 6.413013734939779
13089 11.078263586206896
13103 8.682532333333329
13199 10.476651666666667
16075 4.515181666666664
19177 9.21155
22077 10.713258888888886
26001 6.979805333333334
27163 9.485437400000004
27165 8.373561111111114
29135 8.895695833333331
30101 4.1920366666666675
51193 9.59876583333333
1093 11.917452500000005
16057 4.831730952380952
17015 8.755618888888892
18069 9.672684074074077
19003 9.2505
19119 8.460360000000005
19183 9.173902666666665
20107 9.840108333333335
21131 9.700773333333332
26055 7.428914791666661
30017 6.061821666666668
5071 9.469011111111115
8059 7.7736446135265815
12021 6.353707534246569
13277 8.571037037037042
18147 11.804914666666667
20143 9.134113333333334
20183 8.148100000000001
28017 11.767245833333334
28123 11.912066111111113
48487 8.310135000000002
51570 10.251792000000002
8045 5.412833636363636
13033 9.519851111111118
13093 9.673694444444447
17191 10.177107999999997
19057 9.76315454545455
19125 8.948940833333335
26127 8.056315238095241
28049 11.963441614583344
28143 11.609023333333331
29097 10.102386969696967
31143 9.257985
47101 10.052568333333335
51011 9.146818888888895
51037 9.27923
51670 10.326001428571427
54091 10.246505833333334
19073 8.9926925
27089 5.922024999999999
31159 9.567509166666666
36081 10.673070518186341
39147 10.27403880952381
40067 9.503079999999997
45025 9.519447999999993
47013 10.129449090909098
48069 7.883048888888887
53043 3.9810983333333336
17121 9.982984444444444
20139 9.666936666666665
22017 13.441265468750007
25009 8.063376646090562
28139 11.19540083333333
34007 10.458283280839884
42069 9.000044971751421
47121 11.14583888888889
48427 7.091887333333336
5061 11.243258888888889
53055 5.786965833333336
16013 3.446916666666666
17073 9.533419230769228
21231 10.045961999999998
28057 11.450237333333337
32011 3.837113333333334
35029 9.067820000000006
39125 9.501364666666673
55131 8.476851666666667
1053 8.742937407407407
13229 7.5427100000000005
16059 3.118890222222222
19069 8.509324444444442
26059 8.546540277777783
31007 6.554823333333333
40021 10.22880481481481
40059 7.939115000000001
47005 10.371375999999998
48175 8.094910000000002
48203 12.697300476190476
48251 11.123380119047612
56019 6.702188333333335
15003 8.802681378690483
17171 9.581478333333333
18037 11.218425238095238
20017 9.308296666666669
20077 9.925104444444441
21021 10.535519047619047
29061 9.336916666666665
31085 7.253143333333331
36057 7.5208743750000036
40001 9.969496
48359 7.144783333333334
48403 11.52517888888889
51073 9.877603333333335
51820 9.110174666666667
6029 6.859310331125825
6071 11.079067253839217
18103 9.948771
18163 11.795105578231304
20133 10.415945333333331
21103 11.040237333333334
21191 10.658447777777779
21203 10.214475833333331
28137 11.479357333333331
29155 10.878670555555551
29173 9.408393333333333
35039 6.752781851851847
39103 11.073946396396407
41011 4.143673333333337
47133 9.96787761904762
48047 7.14734
48371 7.587713333333335
48457 11.41212733333333
51079 9.098032222222223
51127 9.933374444444441
1017 10.967217037037038
13159 10.638214444444445
18175 10.89700666666667
20051 8.102035000000004
20171 7.289433333333334
26065 8.55228534979424
26143 6.989617000000003
30047 3.7065170833333325
31119 8.660207407407402
34001 9.246288550724643
45061 9.370580000000002
48335 7.600583333333331
48475 7.981797777777777
19113 8.918693629629635
27057 6.772389999999998
28147 9.945185555555556
29187 9.620094242424253
36045 8.018548133333347
36091 7.4847732666666715
37057 10.184870294117646
37083 10.204576388888896
38041 5.603433333333334
42077 11.068796315789475
45047 9.68697880952381
47041 10.16327916666666
48119 10.945300000000003
48365 12.177699444444443
48387 11.242639166666663
49019 5.460710000000001
51043 10.005306666666666
54049 10.686928703703714
55083 7.385036666666666
8017 6.574966666666666
17105 9.406178000000002
19123 9.059629047619051
19195 8.27308111111111
20041 9.299341666666663
39117 10.71796277777778
39143 10.064896666666668
42111 10.422543650793626
45057 9.821019047619046
45085 9.360454057971017
46013 7.094969166666664
1005 9.581079629629631
13003 7.906140000000002
13239 9.400813333333335
19169 9.143096333333338
22003 10.75344733333333
27067 7.921317222222228
27077 6.163461666666666
28061 11.225135833333335
37165 9.841019047619048
49027 5.25257111111111
51775 9.816015333333333
2188 8.802681378690483
15009 8.802681378690483
17127 10.762954999999996
19019 8.625131111111108
21043 10.333633809523796
22031 12.587953333333326
31117 7.069806666666667
34005 10.005929649122812
36005 10.54202258603736
40145 11.342588333333335
40147 10.961706410256411
4015 5.936314961240314
41017 3.9085370138888877
55011 8.222966
55013 7.0430622222222246
8011 6.438323333333334
19001 9.120774444444443
20071 6.733556666666668
22111 12.356747777777771
28159 11.950074666666675
37185 9.88704611111111
40007 7.50800888888889
48295 7.636365
48391 7.685531666666666
48411 8.306288333333336
8119 6.850451111111112
9013 7.3950396551724165
2050 8.802681378690483
12077 6.534888333333334
13043 8.793903333333333
19131 8.174212222222224
19145 9.504197222222228
20103 10.152447291666666
20181 6.676213333333333
28127 11.316060666666663
29091 8.75680041666667
39115 11.052706666666667
45079 9.897144157303373
48299 8.79067833333333
51530 9.164573333333331
51660 9.416407272727263
13007 8.517736666666663
13039 6.532844666666663
13055 11.438762222222223
13269 10.186818888888888
16077 4.518351666666667
19111 9.749200606060608
21067 11.037380447154483
21111 11.844624554973862
30071 4.641016666666666
37163 10.070395757575769
46057 7.768998333333333
48363 9.56946185185185
50005 5.6498199000000024
51033 9.682785238095242
6001 7.40236362037036
8083 5.894482857142856
10005 9.657185911949695
1031 9.342723809523806
1091 10.855136666666668
17031 10.96586326757705
19197 8.530244000000003
29143 10.778671666666671
31047 8.013505714285714
35051 9.128979166666662
36007 8.612661151515155
42033 9.683646000000007
46105 5.368883333333332
47117 10.694496111111105
48323 7.0670977777777795
13025 7.118397777777776
13133 9.943657619047617
13147 10.101768000000003
20123 8.771471666666669
24023 9.911375238095243
26067 8.361699999999995
27007 6.515369999999996
27161 8.562586000000003
36055 9.882925173611126
55115 7.537072727272724
12051 6.200586666666663
19005 8.045144666666662
20025 7.7593733333333335
20037 10.26568636363637
27031 5.478294999999999
31109 9.834371081081052
36069 9.217224133333335
36097 8.707049333333323
37177 10.832713333333336
39015 10.949785185185183
40065 8.341443333333338
40121 10.66383769230768
42075 11.051482150537629
5039 12.171404444444445
51760 10.310797727272734
54037 10.422018888888896
55087 8.338709833333334
8077 6.018335057471266
12087 6.497229111111113
17043 10.179827206790144
18139 10.32625666666667
19097 8.73175166666666
21233 11.255774166666662
23003 4.811634166666668
26089 7.599688888888887
27121 7.412617499999999
29229 8.717128333333331
31021 9.228777777777777
38051 6.309606666666666
38093 6.1924572222222185
48149 8.949150476190479
5007 9.908573877551014
51067 9.532235000000002
54083 9.196864761904763
55139 8.477517642276414
8093 5.502872666666667
2240 8.802681378690483
13241 9.151740666666665
18167 10.32452940476191
21209 10.921324285714281
29115 9.078645999999997
35031 6.607071568627456
36023 8.496081388888891
37047 9.5984517948718
47091 8.986985333333331
51710 10.492709382716065
51735 10.113312222222223
54063 9.277376666666667
13211 10.444775333333334
16019 5.528714285714285
18081 10.847730303030309
22073 11.884631833333323
24025 10.912124619883036
29203 8.613233333333337
34031 9.480271566666666
39065 10.32592238095238
51630 9.575630555555552
55081 7.859965925925922
56013 6.354427000000003
13267 8.257626
17051 9.732074285714281
27131 8.828625641025635
28037 10.19298
30011 6.5906899999999995
30033 4.778536666666667
30063 3.895079833333332
34019 9.69117153846154
35006 6.524383333333334
37147 10.859423229166655
46059 7.271666666666665
48049 8.42739111111111
48469 8.49893347826087
18021 10.239546666666664
20185 8.67858833333333
23019 5.462037173913041
26161 8.90633023333333
28069 11.918496666666664
28153 10.353439999999999
30111 6.334537812499999
40025 6.547996666666667
4005 5.241737142857145
46071 6.18246
48107 7.803649999999998
48275 7.887981666666664
49015 6.077423333333334
51510 10.676149824561406
53017 3.1214095833333326
53071 4.775732222222223
55057 7.783058095238095
8087 7.538907499999998
12039 7.623772222222224
20149 9.24650333333333
22007 10.13563833333333
27059 8.03962375
45015 8.140371703703707
48177 8.622643888888893
48425 9.624966666666664
5013 12.40154333333333
1063 11.669422222222225
17109 9.638075333333335
18125 11.1288425
20027 9.052561666666666
21033 10.796811111111113
21049 10.547525666666665
22015 13.360502878787868
22089 9.543555384615377
25021 8.538231846153831
26087 8.366272916666674
29169 8.77956703703703
37023 9.623315370370369
47125 10.81858
50025 6.365917833333338
51840 10.030961333333334
12083 6.088418730158728
18009 9.755514166666668
18049 9.631780000000001
18053 9.796896875000005
19179 9.109330303030298
29087 9.515148888888888
31125 8.801653333333332
38031 6.070543333333332
47129 10.196120666666664
47151 9.829285999999998
55141 7.86346666666667
6047 5.829806666666658
16043 4.505223333333334
17067 9.670889047619047
20055 7.544864722222228
30015 4.3041899999999975
36053 8.259969375000008
37119 10.660906666666738
42079 9.134733429487195
47081 10.09165555555556
48327 7.437929999999999
48489 7.433852000000002
55047 7.913934999999999
55069 7.142726666666663
55113 6.770316666666661
1025 10.050574074074072
13301 10.00414166666667
13313 11.388888703703707
18017 10.033859999999999
27169 8.412270666666666
28135 11.335320833333336
30065 5.593038333333333
31081 9.319271111111112
35053 7.6324666666666685
37161 9.88663615384615
42039 10.270865507246379
42085 11.208302777777774
48053 9.18409375
48419 11.656757777777779
8053 6.2946633333333315
16065 5.31554222222222
16081 4.45112
17035 9.950122222222223
17167 9.896104528301892
20085 9.387333333333334
20105 8.809976666666667
21237 9.9941
26081 8.841157552083311
27093 8.20611611111111
28025 12.122114666666667
40077 10.420725555555553
48103 7.919146666666666
48485 9.094839189189187
49053 5.420758253968254
55009 8.074194876543196
29027 9.148115416666663
31075 6.7107
37019 9.779075353535346
42017 10.177265734265744
2105 8.802681378690483
1085 10.2894675
18065 9.9768117948718
22029 10.177243999999998
28027 11.754383809523807
29023 9.967342666666669
34003 9.816282420856599
45013 7.779638500000007
47051 10.633801851851858
5035 11.516263333333338
51800 10.233273214285703
55021 8.048383333333328
55091 8.24366
20061 9.170135833333335
28079 11.751534666666666
29177 9.7642825
31179 8.640556666666667
35001 10.237871045751636
37111 9.314945999999999
42099 9.793322666666676
45053 8.42029666666667
46019 5.6792083333333325
47077 10.657694444444445
47115 10.585631111111113
55035 8.121963833333329
6111 8.09680660886322
13137 9.697652500000004
13149 11.121182222222224
17025 9.985428333333337
17145 9.95592944444445
26019 7.583472000000003
29035 8.946716666666664
31141 9.185035238095239
39057 11.401536476190492
41067 5.790427551282051
48273 7.958876666666667
48277 10.951821666666667
5021 10.440284444444444
51790 9.101643333333339
8021 5.795678333333336
8069 9.42859543378995
39039 9.424755185185184
39079 11.042803333333337
39153 11.453806395061704
40075 8.645670000000003
48079 7.998359999999999
48109 7.696513333333335
48407 11.401424166666665
54051 11.416148148148153
55027 8.157965166666663
13091 9.000547777777772
17163 10.90673516666666
18155 11.43444888888889
19151 8.46983
29051 9.132175777777784
42003 12.830189568822535
45071 9.647297916666671
48445 8.051688888888888
51027 9.871543809523809
54041 9.893925333333337
8015 5.269126666666668
1099 9.269010952380953
13265 9.749966666666666
26061 5.914641333333333
29069 10.703656666666669
29153 8.666889999999999
30061 3.489208333333333
35037 7.056697777777776
37053 10.401130000000002
38019 5.916925000000001
39041 11.26173847619048
39165 11.95709818181818
40037 11.04898253968254
45083 10.524487101449282
46099 8.507481428571433
47181 10.34686416666666
48099 9.591696491228069
48133 8.445900666666665
48201 13.303163363019532
49011 6.92379845679012
51025 9.940813333333333
56037 6.890516388888885
6035 3.355656666666669
8025 6.798833333333333
13253 8.313088888888888
18077 11.178101428571424
21055 10.785775833333338
22101 8.959959583333331
40017 10.80908781609196
47065 11.182267601626048
48303 8.482022156862726
48309 10.365482091503258
51095 9.850295757575758
54099 11.116836969696973
1071 11.558460303030307
13189 10.120172666666669
13257 9.839593999999998
18131 9.662491666666664
23005 6.821121126262624
25005 8.093792106666658
26029 7.442443846153842
27079 8.63848111111111
33017 6.722535200000001
36047 10.7747274342105
37091 10.438047333333332
37153 9.667407878787875
4003 5.937741145833329
40135 10.53105444444444
42009 9.998593333333332
45009 8.866771666666667
45023 9.896876666666664
48269 7.667539999999999
54001 9.711944999999996
54059 10.294992380952378
12059 8.037993333333334
13115 11.636979166666674
27155 7.222381666666666
28075 11.886950877192977
28085 10.522745555555552
30093 3.8403887499999994
35021 6.394023333333333
38003 6.4640791666666635
38079 5.660624166666666
40005 10.32102916666667
42093 9.847240833333334
53041 3.6283384999999977
8089 6.591045238095242
13019 8.124513888888886
13023 9.480623333333336
17183 9.909464027777782
20007 8.953308333333334
20029 8.908785
26073 7.794821777777768
27101 7.9091422222222185
31107 8.133368888888887
36009 8.979690317460312
37043 9.173324999999998
39031 11.018429000000001
40081 10.56685619047619
41037 2.9697566666666657
45033 9.720597222222219
48305 7.90907888888889
48343 12.063018888888887
48501 8.385879999999998
51017 8.842953333333334
1073 14.432946993865048
17007 8.558921428571429
18091 9.487969166666671
29105 8.879917777777779
37013 11.450001818181827
38035 6.4079151851851845
48409 8.106321250000002
48467 11.163103333333332
48473 11.101099999999999
5023 9.70496095238095
5131 10.580122564102565
13215 10.75229591194969
17119 10.722553005464489
19175 9.068833333333334
21011 10.095550000000003
21185 11.44801738095238
26039 6.9784799999999985
27127 7.969673888888891
28113 10.09924666666667
29075 9.270430000000001
30027 4.5430183333333325
31043 9.008379166666668
32001 4.149274761904759
36037 9.653967333333343
41069 2.9456786666666672
45031 9.545108333333335
47149 10.752146326530607
55078 7.240054999999998
6083 6.139698539325855
9007 7.7616082407407365
19161 8.73191
21165 9.984191666666666
26095 6.068094444444445
27055 8.179555333333335
29101 9.446356296296297
29103 9.015311666666666
39019 11.39674904761905
40063 10.472540666666669
41057 3.329183333333332
48241 11.483240833333333
50023 6.011712982456144
5091 11.976593611111108
53023 4.6628833333333315
56003 5.48135888888889
1019 11.808229444444448
13125 10.005526666666668
13291 9.562854444444438
18099 9.379788333333334
18123 11.544681333333331
19011 8.76237857142857
20121 9.840924166666667
20193 7.039123333333334
22049 12.20674533333333
26025 8.594024444444452
40083 10.82100458333333
47137 9.845533333333334
48159 11.607630000000007
48259 9.348794444444444
51680 9.658021052631574
8009 6.314926666666664
17017 9.576450000000005
22095 10.011764545454536
26045 8.457579642857135
28029 10.936883333333336
28059 8.89198321428572
29111 9.410188333333336
30073 3.8558749999999993
36033 6.615358333333337
38007 5.257023333333333
48483 7.836281666666665
19127 8.772482666666669
21087 10.577520833333333
22005 11.242564523809525
23001 6.07891083333334
26077 8.76679637426899
29059 8.967293333333334
29213 9.202452
31185 9.438298333333334
37113 8.980953703703706
37197 9.57636047619048
40115 10.227903333333336
41047 5.469297988505759
42021 10.688277619047609
46015 7.18337
46017 6.994646666666667
46045 6.762041666666664
48143 8.98088625
48453 10.760071636085598
49005 5.244353025641028
49045 5.927579393939399
5083 9.805053333333339
5123 11.320681666666665
5149 9.85123222222222
55129 6.892210666666666
12029 5.816817777777777
13135 10.824631740412974
20099 10.45236541666666
26007 7.091624074074075
27069 5.667376666666667
29186 9.821684166666666
29197 8.910593333333333
31121 9.074744444444445
37011 8.829435333333338
37151 9.919677261904768
38077 7.0519783333333335
40013 10.589484242424238
45063 9.759757567567567
48081 7.558928333333336
8065 5.030313333333334
8107 5.474442916666669
1045 9.34816880952381
13035 10.660569999999998
16083 4.91699761904762
19051 8.990478333333334
19089 8.13247777777778
21025 9.974660476190481
21151 10.483359649122816
21189 9.893474999999999
21225 11.101007500000003
22103 9.210433875968993
27019 9.315349473684213
29113 10.045416190476187
29221 9.379050666666668
31015 7.287750000000001
36015 8.855143939393932
37123 9.56208166666667
42029 11.183438821839067
44001 8.019563939393935
48191 7.727806666666668
48461 7.703666666666665
49035 8.170503286163502
56015 7.036015000000003
13049 6.7071799999999975
13173 7.613614999999999
21039 10.740840000000002
21053 10.019653333333334
21173 10.237812777777776
22083 11.034742777777776
29029 8.848060303030303
31093 8.660086666666666
35041 8.133584666666671
40027 10.88555118279572
42125 12.140676384180773
45043 8.582171904761918
5103 12.500250555555557
51610 10.769983333333334
6081 6.433007531645565
17009 9.46352
19109 8.399222222222221
20073 9.611786666666667
4027 7.187772484848477
48493 8.966036363636363
50009 5.3976041111111135
5001 11.184545833333338
5059 11.614123333333335
51147 9.038438000000001
51185 9.184480909090906
26079 7.1644593333333315
29099 10.421432222222231
34015 10.46047809523809
35017 9.129165416666662
38061 5.647459999999999
48059 8.044947777777777
48415 7.672973333333332
5069 11.735177638888887
55015 8.339312121212126
55023 7.98408611111111
12007 6.165728333333334
12111 6.226506818181826
21017 10.577578333333332
27039 8.43797266666667
27053 10.319500546265342
29045 9.475654444444451
31037 9.130659999999999
38087 5.359403333333334
39129 11.239913589743587
4023 5.9353126666666665
47163 10.429872735042752
48389 7.873746
49003 5.409570303030298
1027 11.609997499999997
12086 8.17647314028319
17181 10.178136000000007
17195 9.077733333333336
19087 9.542813333333333
22047 11.126916190476196
28007 11.566970555555557
29043 9.483385714285706
36061 10.729345057870331
39021 10.987678333333335
40031 9.358531666666675
48073 11.199333333333337
48197 8.059999999999999
5041 11.249686666666667
51179 9.592762469135806
1133 12.22929238095238
13079 10.51168
16021 3.3441558333333328
18033 9.184928518518522
18137 10.87786944444445
19031 9.099951333333332
22021 11.02812555555555
30091 5.064200000000002
30099 3.8088041111111117
48013 8.505245833333337
48023 8.12946
48223 11.175003333333331
48503 8.697011666666665
53039 3.0343022222222222
6033 3.448904666666668
13163 9.749005833333333
13223 11.277502280701766
18031 10.686908888888889
18071 10.880771666666663
19037 8.34158
23011 5.893746236559141
38021 6.664567777777778
4001 5.52449791666667
40125 10.601553541666666
41039 4.609208387596884
45065 9.738217777777779
45073 9.934251555555555
47105 11.59434866666667
48215 8.018378259587038
51075 9.475808000000002
51191 9.423748205128204
9001 8.472698603174578
1035 8.969066666666668
12123 6.354111666666669
17037 8.823677142857143
20177 9.789860000000003
22023 9.088325000000003
23029 5.60454820512821
29161 8.883110333333331
30083 5.314300833333336
30105 4.756506666666666
31067 9.261869047619042
37187 10.949736666666666
48247 6.8571616666666655
49013 8.385225555555557
5077 11.482790833333333
53007 2.91286045238095
55103 7.814698
2282 8.802681378690483
12097 6.249137398373982
18173 11.805938787878794
21171 10.39511666666667
31027 8.421014999999999
31105 6.8374266666666665
36017 7.943829999999995
39163 10.918358888888893
47143 10.665179444444442
48117 7.606063333333337
48169 7.591296666666666
48479 6.857852349726779
51041 10.064160516431947
51750 9.470532222222225
54047 9.482525416666668
6031 6.172323703703706
2198 8.802681378690483
1015 12.75391494623656
1131 9.986669999999997
13057 11.010375641025648
13105 9.803528666666667
18149 9.498996666666667
22053 10.019747619047617
26145 8.34459809523808
30103 5.561286666666667
31031 6.613171666666665
37195 10.831626842105255
42103 8.215802037037033
46079 8.04967
47031 10.406134166666668
47047 11.13546454545454
51115 9.892468333333333
51690 9.500298000000003
13171 10.54809888888889
20083 7.725736666666667
27133 8.185635555555555
36093 7.728688527131779
40111 10.566048000000006
41005 6.181054250000002
41063 3.437639999999999
46053 7.058070000000001
46085 6.857339999999999
54087 10.449510000000007
1097 9.874993187134493
19155 10.165257555555547
21167 10.723768
21183 11.292847619047622
24029 10.639624000000001
29133 10.748125
36027 7.916453143459916
37067 9.986497777777759
41031 3.3511017777777776
46047 6.703148333333333
46101 8.111556666666665
48007 7.2789746666666675
51171 9.370399259259248
5145 10.730241025641023
53061 5.721946635555545
56029 4.849544666666663
20019 10.03643
22009 10.611694074074066
31083 7.921126666666668
36039 7.300294222222219
47111 10.414843333333339
48267 7.410071666666668
5067 10.712236666666671
5111 11.022989999999995
56031 6.933636666666666
56039 4.446584999999999
13069 8.090873333333331
13101 6.958080000000001
13237 10.363855999999998
17115 9.96982343137254
17139 9.773311666666663
17187 9.687475333333333
21095 9.614672424242423
22025 10.417875555555556
28071 11.315976333333335
34013 10.02414223809524
37009 8.71862277777778
38081 6.776488333333334
39007 10.487703466666668
45019 7.682203490196088
46119 6.764339999999999
17135 9.62300875
18075 9.820380476190472
20157 8.913586666666667
21073 10.904261212121211
21193 9.871957500000002
26069 7.187735555555558
28109 9.64160740740741
35013 11.406033577235782
37097 10.214725606060595
42095 10.615486127450986
45011 9.10302277777778
46061 7.890746666666669
48339 12.744579943502846
51580 9.397368333333334
9015 7.250637866666663
1043 12.800986296296292
1117 13.4925076388889
24041 10.187418999999998
26091 8.78421144927537
26163 9.326113398907092
31041 7.769911666666667
31181 8.614293333333332
38023 5.194883333333335
39149 10.855874999999985
48417 8.007276666666668
1113 10.847024615384614
18015 10.147738571428569
20089 8.699591666666665
20175 7.419471333333331
31013 6.690014444444441
31115 7.4607899999999985
34029 9.226010293333333
37037 9.810489487179485
37087 9.101094999999999
40045 7.9853516666666655
40049 10.145190740740738
4017 5.771521397849466
42091 10.814269857819914
45091 10.47329036231885
48015 9.772952777777776
51057 9.524355555555557
5139 12.647152333333333
6039 5.824594347826087
6103 3.681414545454544
6109 5.366090909090907
19053 8.89902
21161 10.430885333333332
26153 6.605511111111115
28117 11.213462666666665
35047 6.414307619047626
4019 6.898120373444011
51013 10.84046937853107
51720 9.598139999999999
12069 5.900803214285705
20005 9.690441666666663
21135 10.226471666666667
22123 11.075253333333333
24037 9.83591294117647
24510 11.223562149999998
26011 7.495750666666663
26047 7.187994999999998
27023 7.918998333333332
27037 9.831703192982456
31023 9.374226666666667
35061 8.942063518518529
36075 8.681946666666665
40029 10.417583333333333
40101 10.820945416666678
49025 4.806386666666665
5051 10.788983000000004
54003 10.387511666666667
55127 8.611027575757578
1059 11.503330000000007
13111 9.979595999999999
13175 9.451084358974343
22081 12.359016666666669
27123 10.26508036496348
29183 10.638128016877637
36079 8.057379298245614
39081 11.75357666666666
39155 11.32357806060608
48035 9.725588571428576
48141 11.521700993788826
48153 7.756970000000001
48437 7.81258777777778
51195 9.63885393939393
54053 11.320567777777773
54077 10.081821250000006
55109 8.622845000000002
6115 4.48699
46102 8.802681378690483
1103 12.857752345679007
12037 5.725413333333334
19047 9.014362000000002
26147 9.193855374149656
27045 8.172229444444447
30041 4.645942222222223
31177 9.825656
36121 9.232039090909092
40131 11.49151988095237
41021 3.401806666666667
51015 9.03847153846154
53033 5.989859564231752
54029 12.017320000000002
13121 11.179268611111102
16017 3.9728074814814835
20067 7.319888333333334
21159 10.556037777777776
21169 10.484625555555557
25001 8.010720773809526
26117 8.112764871794884
29163 9.572932666666668
30109 5.294036666666666
31137 8.256447777777774
50001 6.35648466666667
5087 9.07181
5133 11.169721666666668
51730 10.21132818181818
55005 7.397391666666669
55041 6.700643333333332
1007 12.351807499999998
17005 9.839750833333337
20081 7.494326666666665
21047 10.85413122807017
21059 11.888436521739122
27009 8.198285555555557
28115 11.627784444444442
32033 4.250740000000001
39069 9.586629999999998
41019 4.068236151515153
42073 11.84552261904764
48115 7.94757833333333
48257 11.414440555555554
48395 10.10410533333333
51137 9.323627333333338
53075 5.0294803333333284
54079 11.199642999999991
8125 6.837535000000002
12105 6.40034932900432
18107 10.094085185185184
19141 8.526548333333336
20053 8.909468333333333
25003 6.994719623931621
45007 10.357288888888883
48379 11.172303333333332
2195 8.802681378690483
19021 8.547996666666666
19067 8.296441333333334
21213 10.956620833333334
27001 6.758858888888887
37145 9.664317619047617
39095 9.564139606299225
40153 8.272768000000003
41059 4.074515777777781
44003 7.720880598290605
51059 10.499437493540054
51155 9.279631666666665
51177 9.50266077777777
54073 10.906798333333334
28107 11.410687777777781
29015 8.846898333333332
32013 3.861240833333333
38065 6.137990000000001
40043 8.571151111111114
40127 10.35026777777778
42041 10.34126816326531
42123 9.291329743589746
47103 11.375475925925915
47159 10.290663333333333
5003 11.637058095238096
51019 9.682047291666663
51021 8.990366666666667
8081 5.889730833333335
13031 8.743892500000003
13097 11.199383500000003
18181 9.933290833333338
19079 8.827446
26013 6.080973333333332
27029 6.235620000000001
29179 8.883803333333331
31029 7.1471300000000015
51047 9.406350833333336
53003 4.80051722222222
54061 10.814655833333335
55125 6.629663333333334
8101 7.5101813333333345
12023 6.4050919444444405
12033 7.975621971830977
13131 8.32874388888889
13311 9.635764666666667
19105 8.678938666666665
21029 11.50451759259258
26043 6.807377142857144
33019 6.101545666666669
37021 9.366871011904756
40109 11.27130319502074
2261 8.802681378690483
13109 8.376546666666666
21035 10.704801481481477
22091 9.89137333333333
26151 8.324816388888886
26165 7.184842916666666
28111 10.081710000000003
29149 8.82833777777778
31155 9.757805333333335
36003 8.720230512820514
36051 9.166753555555555
41051 6.369708596491217
48505 6.690726666666669
54005 10.183283749999998
55071 8.314698421052631
13205 8.476064000000004
19033 8.369156363636366
21221 10.713424
26111 7.936050877192982
27113 6.055406666666666
30029 3.948381403508772
36101 8.661236222222227
37107 10.66961022222222
39043 10.118797037037053
39083 10.739326111111113
39097 11.076289999999991
47095 10.785420000000004
48155 7.923106666666665
6059 9.861873522336705
13083 11.013395
19081 8.350155833333332
19091 8.52923666666667
19099 8.990264074074073
20015 9.856128205128204
20063 7.341878333333333
20147 7.686051111111112
25013 7.753675695792872
27071 6.103073333333333
29065 8.7002875
31171 7.091846666666667
38033 5.27722
47187 10.736669189189199
51117 9.636663333333333
8109 6.15167
2016 8.802681378690483
1009 12.882561851851856
13305 7.680936666666664
17049 9.923084166666673
17117 9.75390153846154
21201 10.31444
26103 6.332847638888899
28141 10.945043333333334
29093 9.261226666666666
30049 4.269284523809526
31019 8.742263030303029
31073 7.920210000000001
32021 4.117201666666667
35033 5.725683333333334
39151 11.651898914728696
40097 10.658365555555545
48439 12.04228117647059
51029 8.870581666666663
51063 9.08713888888889
19007 8.835700666666666
24009 10.092379814814816
29049 9.808813333333335
29077 9.628931290322589
38009 5.5974633333333355
39141 11.028162549019605
41065 3.4317512500000005
45087 9.955202222222226
48009 8.752301111111107
48123 8.355267333333332
5093 11.07210777777778
2164 8.802681378690483
12031 6.810087475915219
16015 3.3802033333333332
19071 9.715474444444446
19075 8.677946666666664
19117 8.83330666666667
21147 9.961579166666665
21211 11.077947407407402
22035 11.019518888888891
24001 9.970148115942015
28001 10.077435185185175
30095 4.842731111111111
32017 4.482919999999999
38071 5.925477777777778
40123 10.441617666666668
41055 3.4066800000000006
42047 9.239738148148149
42059 11.333240000000005
47071 10.591306666666668
48037 11.944663333333319
48139 11.296377311827955
51109 9.291528333333334
2290 8.802681378690483
13293 10.385269523809523
17165 10.263107407407412
18169 9.768639583333336
21009 10.720952666666664
22055 10.861257596899238
26057 8.074084333333339
30035 3.5990983333333317
33013 6.482870925925936
36049 7.168642857142855
42011 11.576683555555556
46011 8.042565000000003
46023 7.452783333333332
46093 6.080782666666667
5029 10.115029999999996
5105 10.17914555555555
51187 9.61347291666667
1095 12.446324629629627
31103 6.912670000000001
37063 10.152056166666656
38091 6.268646666666671
41003 4.373584999999999
48125 7.622519999999999
48301 8.06057
49055 4.986103333333332
5033 10.279005757575767
8003 6.212660000000001
8071 5.9139500000000025
12121 6.573135238095233
17055 10.128094722222219
18035 9.794481888888878
21083 10.78912888888889
25023 8.315262166666667
31051 8.64584
35005 9.270386458333325
41009 4.181622333333333
47043 10.362478666666672
47169 10.476755000000002
48227 7.749521666666667
51087 10.185008802083324
5147 11.008041666666667
51540 9.258190555555554
6009 5.466733333333332
6043 5.349749444444443
16009 4.330570000000001
18143 11.170722000000001
21239 11.012611249999997
23009 5.8903125490196055
26075 8.495832105263162
28119 11.607629999999997
31123 6.848313333333333
37101 10.455747066666659
37117 10.713786666666673
39055 10.799571904761905
46107 6.6036366666666675
47139 10.483442
5063 9.912189166666671
51700 10.12792810606061
12133 7.432102857142864
13319 10.282642222222218
18127 10.037695312500004
27091 8.456684444444445
27149 7.4460211111111105
29199 9.063963333333332
38073 6.636486666666665
39033 10.53543666666667
40053 10.166421666666668
42043 10.577925794871803
44009 7.858616309523816
48105 7.329806666666666
48129 7.642136666666669
48337 9.806013888888884
48423 11.715500162601609
51071 9.343791666666672
5109 11.08932888888889
51113 9.108329999999995
51121 9.526798125000004
54023 9.18353
6099 5.944752836879437
1083 12.656980208333344
13065 7.060356666666668
17079 10.089410000000003
18105 10.395195376344072
19039 8.904825555555552
22013 12.664046666666666
29109 9.473835238095235
37105 9.742877692307696
39123 9.867245641025642
40011 9.393643333333332
5055 10.607243703703704
17087 10.22651583333333
18095 10.075896036036044
19085 9.605384666666666
21153 10.150990833333337
21177 11.166496666666664
29215 8.60736916666667
41035 3.295086883333334
48171 8.526256000000002
48381 7.755507586206885
51141 9.089448333333332
6053 5.564971111111116
8121 6.8728966666666675
2090 8.802681378690483
12061 5.962362222222224
13027 7.915073999999996
13243 9.056735
13255 10.597359444444445
16063 4.38435
19133 9.064146666666662
20129 6.9584833333333345
26015 8.544920303030306
27049 8.656142999999997
27051 7.132896666666667
31173 8.943418333333332
46051 7.588698333333337
48003 8.196506666666666
48039 10.2719722875817
55051 6.445873333333332
56001 6.9135849999999985
8075 7.209507777777779
13157 10.331831818181819
17053 9.485926666666671
17071 9.697217777777778
17201 8.524832900432916
20155 9.737496078431372
25027 7.402250077519395
30079 5.426496666666666
36019 6.881990000000001
36029 10.486196285310724
37015 10.568751666666667
40051 10.128315666666666
42067 9.602932666666659
48043 7.148581111111113
49037 5.07694
51051 9.816168333333335
53067 4.088794891156455
12067 6.325298333333332
13321 8.70276866666667
20151 8.810605555555554
21015 11.479766666666666
24043 10.62486552083334
26149 8.894566470588236
26159 8.745062222222225
29057 9.404178333333336
39051 9.205557407407412
39175 10.454283888888892
40113 10.940654545454544
47135 10.04679666666667
48145 9.891308888888888
48317 7.973625000000002
51111 9.431826666666668
53057 5.090006666666668
54007 9.699730000000002
16027 5.619978850574709
19185 8.794936666666665
21071 10.316100666666664
36105 7.643722083333331
37099 8.942817037037035
37139 10.550368333333333
46075 6.3119700000000005
47075 11.107922777777777
48243 7.111216666666666
48253 8.04910444444444
54019 9.804365555555561
55111 7.851596410256413
8035 7.610671967213118
12095 6.659999339774557
13045 11.203141764705888
13299 7.428424814814817
18027 10.917213333333333
18061 11.362163888888889
20159 9.204396666666666
22097 10.627657192982452
26085 7.381465833333336
27141 8.717414848484845
28067 10.793411190476192
34021 9.704234805194803
40119 10.543837450980392
47185 10.052841666666666
48019 8.699206666666669
48027 9.996475948717947
48465 7.418794000000001
49031 4.864416666666668
5047 9.76068888888889
51139 9.226661999999997
53009 3.746109206349207
8105 6.75501555555556
8123 9.217709826839847
13187 9.843050833333335
16041 4.814516666666666
20059 9.875326000000001
20097 8.121673333333332
21155 10.633508888888883
29089 9.054496666666669
30057 3.7034977777777778
31077 8.233963333333332
42061 9.791687222222222
45081 9.466626000000002
48071 10.281527222222223
48369 7.879656666666665
51810 10.404476397306402
6021 3.719206111111113
12011 8.33009126500464
12049 5.937934444444442
12117 6.53319325581395
19163 9.570353971631192
21023 10.529265555555558
28047 9.131411555555557
28161 11.298617777777778
30001 3.3867468888888888
31033 6.973801111111111
33015 7.2069333333333345
34009 9.321826562500005
35043 9.182421309523807
38047 6.1297266666666665
39169 11.291372604166645
42001 10.430488260869566
45051 9.316872065727692
47023 10.798420000000002
48029 10.271045601092892
6073 9.77863203083468
8091 5.047023333333333
8097 5.0200066666666645
15007 8.802681378690483
13181 9.762171666666665
16035 4.010046666666667
21121 9.925020833333333
22085 11.929618571428565
26021 9.027127638888894
26131 6.160275555555554
27003 9.641034538152608
27083 7.92686380952381
29185 9.107365555555553
42007 12.448653137254908
46109 7.2254
48239 8.245953333333334
51165 9.262206315789468
55017 7.792604242424237
55039 8.114728500000004
56033 6.656187777777779
1013 9.39390148148148
12091 7.223529999999997
18097 10.928773735119089
21119 10.013242666666665
31057 6.97809
46083 8.52756393939394
47079 10.557645925925925
51053 9.932705714285714
55033 8.122102083333328
55065 8.181777333333331
18083 10.772119666666667
21157 11.012642222222222
25007 7.985404166666665
25015 7.4568114166666675
26027 8.949270303030302
28045 8.942993333333332
36021 7.423259809523811
42019 12.07910492424243
48355 8.070234156378593
13231 10.495440833333333
20001 10.225752666666668
29073 9.254208000000004
31183 7.934466666666667
36063 11.001478579234954
37095 10.918436666666668
37191 10.791367051282053
39035 11.318697032884916
41015 3.8384883333333324
42127 8.281011904761906
42133 11.151419000000002
46005 7.700763333333331
47189 10.924472857142861
48205 6.968583333333333
48341 7.400809999999997
48497 10.874065151515156
53021 4.280574615384616
9005 7.177049196078428
19023 8.547853333333332
19167 8.64746904761904
28013 11.566932000000003
28129 11.533661111111112
28163 11.549664999999997
29209 9.392516666666669
31011 8.544333333333332
37169 9.461363703703707
39113 11.54477732026145
48147 10.760120740740737
48507 7.133071666666664
51590 9.497079791666664
51678 9.124686666666666
53077 3.2218840814814804
8049 5.472755555555555
2180 8.802681378690483
1021 11.628581111111114
1037 11.446324444444445
13317 9.695294166666672
18001 9.826067142857136
18051 11.158923333333336
21019 11.466147435897435
27073 7.757451111111113
31061 8.266033333333334
37073 10.276026666666665
42083 8.897374444444448
46137 5.787716666666666
48209 9.995550000000007
48297 8.154615
48459 11.943358571428572
5049 8.813085000000003
53027 3.2318366041666664
55077 7.854839333333331
16005 5.116481060606062
17113 9.847004308943074
19061 8.59804705128205
21003 10.63117388888889
21223 11.197220000000005
30059 4.298680000000001
37051 9.876137058823542
39121 11.211128888888888
41001 3.350182777777778
45035 8.234007733333337
47055 11.185676666666653
48451 7.605566133333332
51085 10.111567246376811
55085 6.851875714285713
6067 5.860814164037842
12093 5.910515277777779
13127 6.803532222222222
18109 10.573217948717952
18133 10.19230238095238
18177 10.453742549019626
23013 6.379653333333334
24033 10.85916180428134
27063 8.234425833333333
29223 9.242830833333333
40069 10.312856666666669
41027 3.3024
42081 9.257520344827592
48001 10.740956060606067
5101 8.732453333333332
51035 8.915456666666662
53029 5.274871269841267
55025 8.16938517133956
56007 5.734949999999998
8033 5.126583333333333
12079 6.923131333333334
13107 9.010806111111116
16051 5.331695833333334
17095 9.713827291666663
19027 9.044940000000004
20165 8.130823333333334
29201 10.684456666666668
35007 5.7968077777777784
38013 5.383669999999999
38037 5.696549999999999
39139 10.49633922222223
45077 10.133091071428563
48131 7.276745555555555
48225 10.6691
54071 8.814857777777773
54093 9.34028
12053 5.682912500000005
31017 7.060843333333335
36119 9.484036980568051
54057 9.824574285714284
6077 6.082165299760196
1033 11.717107619047626
12125 6.242004444444443
13021 11.018238787878794
18183 9.472889047619049
21099 10.826558666666662
26033 6.521349785714287
27011 7.477462222222226
35003 7.182453333333332
38045 6.439519999999999
40055 8.201706666666665
44007 7.7727145862884175
5045 10.562821066666672
53037 2.8813831666666676
55095 7.696982666666666
1101 11.622831897435903
12103 6.005841625683073
21229 10.679481111111112
22127 11.769273333333336
27065 7.138484166666668
30007 4.432894999999999
32510 4.641742619047622
38055 6.039371666666667
40151 8.87736111111111
45069 9.778191904761908
48011 7.480833333333334
48195 7.281686666666669
49017 4.7359050000000025
50015 5.947561428571431
51163 9.105264166666666
55059 9.117562095238101
16007 5.066261666666666
16061 4.223268888888888
17081 10.08164121212121
20167 8.332861666666668
21077 11.21700166666667
22051 9.390325767195758
28041 9.882003333333333
30009 4.764763999999999
31167 8.715100000000001
35015 8.85428
4007 6.271269791666666
47145 11.036258787878785
48017 7.985163333333333
48271 7.065140000000001
51740 10.452689354838716
6095 5.708797222222221
17003 10.578968333333329
18151 8.836052962962965
19101 9.20603166666666
20205 10.488165833333335
21113 10.912244074074072
21181 10.249010000000004
28031 10.995105833333337
33005 6.3874625
40129 8.13826666666667
48345 7.631190000000001
48353 7.7039446666666676
51143 9.413488750000004
56021 7.602375714285713
12027 5.842379999999999
17083 9.954443888888889
17129 9.70923333333333
17143 10.35104694444446
20045 10.016151818181811
21179 11.003407777777776
24027 11.069239515151521
27025 8.100104000000002
27145 8.328216321839074
28105 12.076794999999994
29017 9.82307111111111
29119 9.728689166666665
35023 6.478996666666669
37173 9.056335999999996
38069 5.708274999999999
39091 10.613111818181817
46065 6.740370833333335
47039 10.314604166666665
48101 7.740613333333332
48233 7.434523809523809
48287 9.407599166666666
48361 11.259184920634913
50003 6.542144055555548
50021 6.3648279166666635
12013 6.922339999999999
21227 11.074972638888893
26141 6.7828114999999976
28011 11.580373750000003
29039 9.314703333333334
31079 9.213138095238099
40057 8.076283333333333
42031 10.46190833333333
42053 9.52283
48033 7.638013333333334
48207 7.8604616666666685
5089 8.69866
5121 9.881789166666666
55137 7.810646190476192
56017 5.242905000000001
8007 7.885512500000003
2170 8.802681378690483
17065 10.180154444444444
17091 9.645432068965516
17125 9.68703833333333
19063 8.419304166666661
23017 5.358641823529406
24015 10.80878122807018
46111 7.744303333333334
49007 8.152685333333334
51001 9.696871666666672
56009 7.996971666666668
12057 6.500414791666631
16055 4.8818519999999985
16087 3.6683833333333333
19137 9.548695
19139 9.591300666666658
20113 9.732328095238097
21205 10.032855000000003
24019 9.838207777777777
29019 9.230075287356328
29147 9.321012000000003
31025 10.025191111111114
38063 5.929393333333335
39059 11.076034999999996
40071 10.177452424242434
48289 10.243201111111112
51077 8.722650666666672
51157 9.306988333333333
54105 10.61057
55061 7.961823333333332
55097 7.866766428571431
6107 6.881363589743592
13063 10.875455133333325
19077 9.087100000000001
22087 8.755470980392163
26129 7.099893333333332
27005 6.795094666666668
28073 10.302235833333334
29021 9.851764000000005
47053 10.89199642857142
50011 6.560196666666669
51023 9.681327083333333
12063 7.887453939393944
13119 10.123111999999999
13297 10.63869644444444
18121 10.065245833333329
19171 8.658096111111112
20093 7.250069999999999
22041 10.671788888888893
26031 6.854230000000004
31039 8.935286666666668
31049 7.088716666666667
31089 7.5459925
39137 10.018830476190475
48051 9.677621333333335
48157 12.147904166666656
49009 6.41608
5009 8.773831428571427
51045 9.289113333333331
2158 8.802681378690483
13061 9.003143333333336
18119 10.246206000000003
19015 9.098871904761902
20195 7.620349999999999
20207 10.157525000000003
25011 6.889939796296295
29001 8.953074761904755
31129 8.910018333333335
47027 10.278541666666666
48165 8.343547777777781
48499 11.406198999999996
51830 9.873404444444443
53005 4.084256486486489
8079 7.821999999999997
1079 12.018992962962967
1087 10.856489999999997
13071 8.429709333333335
17147 9.840305833333332
19135 8.986485555555557
20173 10.533611102150532
24017 10.05303666666667
26119 6.854282466666666
31035 9.21824
36001 7.738717733333322
4013 8.395351259097502
42117 8.588379666666668
8005 8.461265215419505
18005 10.799725555555563
21081 10.793117499999997
26041 7.078779090909093
26139 8.896251446540873
47009 10.736936190476191
47097 11.052378148148147
51169 10.153627777777778
1039 8.773013809523807
12035 5.635867666666668
13011 10.139399166666664
16069 4.8661186666666705
18161 10.755246666666668
19041 8.420095000000002
40019 10.303176060606066
4011 6.517984444444445
47109 10.834917142857142
48085 12.275301249999982
48185 10.82267555555556
48319 8.027818333333332
48495 8.062763333333333
8051 5.094890000000002
8113 5.0531783333333316
1109 9.649295416666664
13013 10.45207481481481
16047 4.58036
18101 10.690966666666666
22061 12.678670999999996
26083 5.308054999999999
27109 8.625122626262629
29033 9.344834444444443
29079 9.101148333333327
29131 8.882510000000002
31069 6.769456666666668
47035 10.157243571428577
49057 6.407596000000005
53051 3.7096903333333344
54109 9.629903888888887
12047 6.735054444444447
13095 8.844355802469133
13235 9.329203333333334
13251 8.901791333333334
16067 4.939358666666666
19049 9.149608666666666
20033 8.18856
22019 11.266320757575764
27147 8.576192499999992
4009 6.409334074074075
42119 9.75305533333333
47037 11.11720366459627
47167 11.173575128205135
48441 8.172094649122812
54081 9.625520588235291
8023 5.757966666666665
17033 10.377789999999997
27173 7.8903824999999985
29013 9.581024166666664
37065 10.662089523809518
37085 9.977859012345679
37149 9.636411904761903
46091 6.89515
5081 11.685686666666664
5135 9.226236666666667
13017 8.451048
13123 10.160327999999996
17193 10.577147333333327
20057 7.713554761904763
20127 9.183335000000001
23023 6.4716520833333355
27081 7.782139999999999
36113 6.816775614035091
37049 12.96154857142857
41053 4.5420472222222275
45001 9.743956666666667
46031 5.751785
47173 10.576639166666668
48373 11.219274333333336
54101 9.126979999999996
6027 4.638298333333332
2068 8.802681378690483
19107 8.999213333333332
19189 8.354634444444443
21235 10.067893333333336
26135 6.877766666666666
27021 6.852674666666665
29081 9.087541111111111
37127 10.563673148148148
46037 7.233531111111108
47045 10.907640416666679
47063 10.92929027777778
48291 11.390776428571433
51065 9.143435000000006
6041 5.776982242424234
8027 6.1030500000000005
8115 7.107590000000001
2130 8.802681378690483
22069 12.05188814814815
26105 7.870272083333332
28145 11.44492166666667
29067 8.710603333333333
42055 10.435038271604947
54097 9.633471666666669
6087 5.781878397435896
17021 9.682863999999997
17141 8.597743636363633
18003 9.593004930555553
22037 10.376796000000002
29107 9.644052380952383
36073 9.827850999999999
38103 5.915051666666667
42025 9.60186472222223
45067 9.423212916666673
54107 11.259250512820518
12099 7.414944846686434
13191 7.199560833333332
20011 10.020530666666675
21139 10.844728333333329
26053 6.376112380952379
28055 11.129589999999999
30053 3.3778053333333333
46033 6.418638333333334
46041 5.9754
46095 6.335353333333334
48067 12.185774285714281
48093 8.576034999999997
48349 10.608764999999996
13295 11.238797948717941
18171 9.861015
27125 6.1998549999999994
35059 6.154489999999999
40141 8.604046666666662
46009 7.939518333333331
46025 7.565253333333332
48211 7.709169999999999
5075 10.238744999999996
8103 5.5907816666666665
2150 8.802681378690483
13145 10.587564
18179 9.74550904761905
19143 8.347201666666667
19173 9.144772222222224
20031 9.867442222222222
21079 10.5159125
27119 6.3529253333333315
29121 9.074523333333332
39173 9.83330928571429
42089 9.062944040404046
45045 10.495045945945934
47025 10.107438888888893
51089 9.426172142857148
51099 9.557479333333333
54089 9.360576666666667
6091 3.6032933333333332
13209 8.50803111111111
16025 3.421946666666666
17155 9.598654999999997
20009 8.549401249999997
20191 10.036352222222225
21163 11.459107916666673
21195 10.272128771929818
28149 11.1317175
29083 9.225375000000001
29195 9.190458749999998
37077 9.952475128205135
39001 10.60178
48221 10.040340333333337
48293 10.18396708333333
50007 6.791820857142864
53025 3.6159335416666676
1001 11.619563611111111
13233 11.257326666666671
13307 9.413843333333334
17011 9.383938666666669
18089 10.593924985754983
18129 11.236002380952382
30087 6.945064166666667
37089 9.309369876543212
37129 10.092035833333334
38043 5.9509833333333315
39157 11.223258730158738
42045 11.013256967592577
48397 11.814243939393934
54039 10.94533119496856
9009 7.960154356261019
12127 5.9042740707964665
17151 10.442401666666667
18165 10.095672666666667
20179 7.236748333333333
22105 9.712673166666661
24031 10.993161844961222
31163 8.36078
40003 9.542977777777775
46081 6.181672000000002
48075 7.918903333333333
48187 9.89701862068965
48401 11.853973333333329
49023 6.432663333333335
55053 7.87341333333333
6057 4.317084666666668
12003 6.515498333333334
17101 10.493167333333332
17153 10.466010000000002
20079 10.075962222222216
22059 10.766350000000006
26137 7.0376494444444475
36099 9.084137666666672
36103 9.082320745341626
37045 10.240306212121206
40089 11.038154166666663
41013 3.2755981666666667
47033 11.023377333333332
47123 10.7777219047619
48031 9.083755
48183 12.305664266666657
5025 11.997511666666666
51161 9.816849259259259
53013 4.697626666666667
53065 3.6084063888888878
55079 9.198780628507334
55117 8.387809615384613
6045 3.704480499999998
12005 6.525462635658913
17177 8.452323333333332
24011 10.126564814814815
40085 10.334442222222224
42121 10.253924374999995
48375 7.783233823529402
51003 9.170049696969691
51031 9.5769725
6003 4.3421199999999995
1049 11.802505714285706
1123 11.129004333333336
16037 3.155163333333333
17133 10.496008888888891
19157 8.829296666666668
20203 7.005626666666667
22067 11.551965000000003
26071 6.471836666666665
31065 7.693856666666666
36025 7.387120238095236
39109 11.107165079365092
4021 7.786045777777763
41029 4.0245917154471496
42129 12.30292483333333
48433 7.661356666666667
56035 6.563985000000001
2122 8.802681378690483
13139 10.39113083333333
17189 9.9639325
18059 10.493227999999995
18079 10.907023333333331
21101 11.78163060606061
21145 10.980502156862737
29127 9.525870416666665
29151 9.029834999999997
40041 9.963901111111113
13085 10.181062222222218
18013 10.432072499999999
18093 10.495949666666661
20169 9.477821388888893
21031 10.99216733333333
27137 6.778225606060614
31165 6.578176666666666
36031 6.257674102564103
37055 10.110725555555561
37179 10.226380569105695
48447 8.022506666666667
49039 6.408705999999998
5125 11.469543968253964
