17039 11.254673585714286
18135 12.021307111607145
20013 9.543263726190474
26023 11.920753770833338
26035 9.502530555194804
26155 11.636810684873952
31001 7.576881746031746
32029 6.645169464285715
37001 8.685949357142857
39159 11.770725825
46063 6.228191821428571
47011 10.455446028195494
47073 10.110015898351643
51009 8.262994115079364
13047 10.826411298701299
13249 12.881570732142862
17157 10.090992769841272
22093 9.652161198979591
28133 9.012178612244897
31063 6.7779432857142865
38057 6.576242392857146
39161 12.680576841269842
40033 8.285277482142858
47049 9.24022175892857
2275 9.12550607495869
16045 6.837685369047624
17001 11.363771345238098
18085 12.284616721804516
21133 9.0123823622449
21219 9.882568892857147
29207 9.115729526785712
36117 9.908101972402596
37121 8.754708857142855
48173 7.092413392857142
55135 11.893440958333334
16039 5.787836285714287
17175 12.20999769642857
24045 8.228152569548868
28091 8.751881291666658
29227 9.762810392857144
31135 6.5872020000000004
34033 10.206044992559528
34041 10.863756940993792
36077 9.006358384453778
36109 9.708439082298128
41071 8.548725739495811
48061 8.645628085963466
48265 7.558411396428577
48399 7.534255678571429
12065 11.394155250000003
12119 9.314011422932328
13217 12.093580791208788
21207 9.690206521428566
22011 8.174632387755103
22113 8.607794875
28015 8.749022714285717
30055 6.329318321428572
36089 9.495059466836738
37103 7.675119428571425
39127 10.930203315476184
42035 9.544808694444447
9003 11.917188933832902
10001 8.790236968750008
13015 11.42341102619047
13067 11.939723382142878
13179 9.644871994897958
17019 11.394128200166113
17107 11.424741102678578
18023 11.940589446428573
21137 9.838665369047622
21187 10.204112845238098
29167 10.080458116071426
31071 6.671897250000001
31145 6.87004741666667
38025 6.372865785714285
46117 6.531629499999998
47019 9.020074743697476
48255 8.305280526785713
48383 7.142109
5017 8.685975553571431
6069 7.931229155844152
2070 9.12550607495869
13279 11.26029571428571
13281 9.347818464285716
21115 9.832633589285718
22039 7.915039424107142
28101 9.654216064285714
37115 9.035428279761907
46035 7.545801964285711
46123 6.817973339285715
8067 4.9452818214285745
27035 9.018199274553576
27115 8.788063495535715
31055 10.19072275938644
45055 9.400256380952372
54075 7.663989410714288
2110 9.12550607495869
13197 12.539597589285716
18045 11.295618764285708
20117 9.039228892857142
21175 9.36579547142857
26157 11.294128582417589
27047 10.607562692857138
28097 8.726727738095239
30081 5.829333782142854
32023 5.692551289285712
37159 9.521299530952378
39009 10.564054826190478
42013 9.95211647058823
46127 8.477182547619046
47113 8.791101015873013
48219 6.817600515306117
51685 9.575790553571425
8019 3.8458626904761894
13285 12.058220471938782
22117 8.309640993506497
27167 7.905021089285713
30025 6.175013357142857
37183 8.760918526165
40099 9.103432238095237
46055 6.434494750000001
48347 8.780083714285707
5115 9.803968961038965
54065 9.590163205357142
8047 3.9290975000000006
17045 11.04270277857143
21045 9.687888035714286
26009 8.39519389285714
29129 10.041081232142856
48083 7.405711738095238
51520 9.434085750000003
53035 7.62993222817462
8013 5.8488616932773025
16071 5.896589178571426
21105 9.238219964285715
29011 10.195755261904765
30107 5.8076246071428566
39029 11.92689884672619
40091 9.987613154761906
42057 9.914964190476192
47007 9.530037095238098
48045 6.813137821428571
50017 10.100688003571426
56027 5.659852178571429
6075 7.1533641459548045
13113 12.19301438214286
13165 10.836683232142859
13259 12.347897964285718
18055 11.358871444444443
23031 10.391221669642846
29181 8.780396366071429
29205 10.595785821428573
36087 10.652499784615385
37059 9.5316412244898
45037 10.221112273809526
46003 7.221529785714287
48245 8.998891103670635
54035 10.085441571428564
56041 5.484391345238095
13169 12.872681738095242
19055 12.261947910714287
23027 9.088888084821425
24003 9.395054331730762
28125 8.697841339285715
29137 10.53633336904762
30067 5.739894005952381
36095 8.94125109375
37033 8.501643964285716
37035 10.295895208525335
39093 12.276074171232889
48249 8.298042295918364
51149 7.50264264285714
51640 8.697514339285714
8043 4.666080211734695
13141 11.297426321428569
13221 10.882202526785713
13275 14.401768454545449
17047 10.635328535714285
20115 9.074253544642854
21069 9.845291571428573
26101 8.939338107142854
27097 8.885053294642855
28003 8.918957352040819
29085 9.754996726190475
30003 6.279044057142857
31153 10.073153838039866
37061 8.339741844155842
40023 8.984572185714285
46069 6.881770285714287
49047 5.273096232142855
50019 9.066472899999999
6089 6.801984471726193
13263 12.447401690476186
26097 7.93174831428571
28033 9.064678630952368
29053 10.180390221428572
29117 10.395045485714292
37143 6.9479373333333365
42051 9.675807584325392
47107 10.054592603571429
47165 10.128185179421767
48135 7.3887533788265305
51069 9.34385382653061
1075 9.681808714285715
13287 12.95123639285714
23021 7.880723825892857
31111 6.883361968750002
39037 12.239333083333335
39061 12.171331368725896
47029 9.293848888888892
48429 7.6997602380952355
51061 8.494348619747903
56025 5.864497287698415
6065 7.736724485257012
12075 8.76905204365079
13143 11.384888478571431
21037 11.757365612857138
21061 10.238759696428568
21141 9.987423255952384
22109 8.712215437074828
29189 13.027639271536225
37131 7.364449557142851
39111 11.068784517857148
40073 9.127180089285714
48127 7.445617446428572
5073 9.236778874999999
53001 7.275306757142857
55049 12.019515636904762
13195 11.236211589285713
13227 10.703064089285713
16079 6.664189833333334
17059 10.050967696428572
19121 9.956268
21129 9.320407690476186
21199 9.755587344387756
27041 8.482467976190478
31059 7.844218607142856
31157 5.92565006493506
35035 6.855288848214287
38099 7.2854287857142905
48421 6.515298214285714
51005 8.20355315476191
5113 9.342131982142858
12001 9.326562725765294
13001 11.130063878571425
17097 12.46279024743236
17185 10.87912391964286
19181 10.364622279761912
24039 7.594636214285715
25025 12.61945452170867
27157 11.01629511309524
29009 10.27262255612245
29510 13.452837183288363
39099 12.339047804081616
46103 6.755650242236027
48137 7.091619642857144
5027 9.24294459285714
53015 7.123483973214282
55075 10.70834235119048
18011 12.104009032142859
39107 12.685517091269833
48021 8.489459099999998
48087 7.287869428571428
5031 8.76649254831933
12073 11.860508763655467
17149 10.851702542857142
18057 12.706612466117214
21013 9.381358642857139
21117 11.665607309233458
22057 8.854449936335413
30069 6.233055392857142
31113 6.526772642857144
35019 4.99856217857143
38101 6.853658989010991
45029 9.011809702380955
47057 9.967714021428568
55089 12.593863956349209
6063 6.601758749999997
8041 5.329550826923071
13099 12.549648985714285
17027 10.608960571428568
19065 11.632375122448986
19147 9.779618839285718
20141 7.671944178571428
36071 9.917745623417723
36085 11.233897846330253
38029 6.579167392857143
39085 12.14467689532021
40087 9.366141166666674
40117 10.818393285714286
42097 11.441007669642866
50027 10.53293501190476
13213 10.57041271428571
18159 12.089451401785718
20003 9.685659160714284
26099 13.844994281250006
30097 5.932704857142857
39047 10.664000306122453
40139 6.868250457142859
42015 9.349529984693884
47059 9.816155585714291
47069 8.532459571428571
55093 10.93995877678571
15005 9.12550607495869
1011 11.902862238095238
13059 11.519058505952376
17093 12.076313299999999
23025 8.83344616806722
30013 6.1132045308441585
40047 9.286493184523799
45049 9.437870000000002
47093 10.665456543048471
48057 8.111632185714285
51107 9.567504750000003
54085 9.51987627380952
1023 9.337876017857145
24035 8.38023351623377
26133 9.337150053571431
54055 8.263002294642861
13129 11.32488258730158
17103 12.415188051587304
17159 10.821724807142854
18063 12.348419295918365
19013 11.73181471522555
19093 9.459509892857142
27111 8.198654386554624
37027 9.731481346638661
38085 6.459437928571427
39135 11.59631966369048
48089 8.49260615
48193 7.5853770357142825
2220 9.12550607495869
17023 10.954185205357144
19149 9.070829589285715
27043 10.222421565476187
27085 9.74517177551021
31095 8.45404429761905
39071 10.382838952380952
39145 10.238723403571413
42023 8.763996214285715
46135 7.768703714285716
48321 8.633661657142854
51007 7.296736732142859
53011 9.236718530906606
55133 13.013036480481734
6051 6.889796869047623
6097 5.73493618470419
8061 5.8780152857142856
18039 12.391494590277789
18067 12.086438007142853
19059 9.634410042857144
20065 7.192642446428572
20119 7.438578267857143
24005 10.710906922229618
27017 8.641329301020406
27103 10.623561586734697
32019 6.23100114642857
38001 6.265545285714286
39003 12.498577198051937
39053 10.573643948979589
40107 9.919811437500003
46073 7.189424821428572
49041 5.251423564285718
49049 6.140663458426339
51036 7.239009083333335
54017 9.425206357142857
55105 12.936486904135334
1089 10.530721447162415
13273 13.432584812499998
17061 11.02776853571428
20197 9.324335535714287
37071 9.98243040439559
46029 7.807660734693878
47127 10.038019500000003
48041 8.754214071428573
48285 8.288358202380955
48307 7.311844154761908
5019 9.639377535714283
53031 6.114883617346939
54067 8.420677852040813
18141 12.115688868571448
21085 10.251886403061222
21215 10.62826060714286
27105 9.281429738095232
29219 10.382844621428573
30089 6.516542464285716
33009 9.504562635338344
37137 7.29854886607143
38095 7.1346559285714255
39089 11.855896536830366
42005 10.375133389097734
47147 9.83671919897959
48217 8.498911779220787
48491 8.756985578250394
5129 8.98255744047619
5141 9.146425049999998
13037 12.866135607142855
30085 6.628526119047625
31009 6.539795714285714
31139 7.604635178571428
36123 9.142363242857142
37081 9.04247369297718
38089 6.282164888392858
40061 9.780555071428571
41061 6.194263232142856
42037 10.772724790476195
46121 6.452995678571427
46125 8.065015374999998
47021 9.360996579365082
47087 9.48287997321429
48097 8.947693535714283
48231 8.89627440789473
48431 7.0853442499999995
54011 10.721850477832522
54103 10.217233285714288
2185 9.12550607495869
12041 9.204489342857146
12115 9.113393682750756
19009 9.732266690476191
20153 6.605205107142857
31175 6.836886428571431
36011 9.903365099624065
37193 9.217429558673475
38105 6.601893653061227
54033 9.492076615259734
6005 6.030499603174602
1115 11.996423695054947
17085 12.740170136904768
20111 9.388626517857142
21197 9.548658839285713
27033 9.36834333035714
27061 7.788120730519475
27117 8.741968392857148
27129 9.228231375000004
28019 8.983650440476191
28039 8.73382321428571
28103 9.498963047619046
37109 9.985066277777774
37155 9.169738155529952
39005 11.901889568181828
39023 11.64643484334416
48237 7.978590428571427
48367 8.594542199248119
49043 5.17528712912088
54031 8.026837619047617
56005 6.574339882653063
1077 9.720612904220777
12101 9.165105651652466
13051 9.309480926056334
18029 11.29446763214286
18153 11.228126257142856
20199 6.244520999999999
24047 7.595510415178578
28095 9.57574817857143
28121 9.577164186507936
34017 12.53688323601549
37069 7.8667884255952325
38015 6.832406225563916
40095 9.018618124999998
47015 9.572008773809525
47141 9.46929942380953
51083 8.041606984126988
5117 9.342918964285719
6007 6.560544579831927
13053 12.509588135714292
19017 11.492764263392852
20049 9.754951928571428
22027 8.88380355
22125 8.417340119047616
27015 9.897101790178569
27159 8.366928035714286
27171 10.322536697478997
28077 8.76097333333333
28099 9.552683448979588
29041 10.216355119047616
30005 6.562390223214285
37125 8.737108579365074
39119 11.350596939849636
45027 9.26109153571429
48477 8.620283922619054
55101 12.829002556818182
6025 8.128660832949315
1041 10.867733714285716
1047 10.66775866190476
17199 10.154720199999998
22079 8.14104079978355
28081 9.357098832706765
29125 9.601597654761903
32003 7.246113283514207
37141 8.382824516666675
42087 10.460268294642855
42101 12.139097981956855
48357 7.194276083333335
51135 7.32014503571429
55031 8.721282416666671
1051 11.856582619047616
12017 8.920066542328039
17069 9.673208553571428
20163 7.444070803571429
31097 9.183307517857143
35045 5.863006010822517
40149 7.868779660714283
48481 8.648668087662337
2100 9.12550607495869
1055 11.800020353571423
13117 11.42555717063492
13155 12.45074441071429
18111 11.181672910714285
19187 10.193786639880958
27135 7.710466950000002
30019 6.794507821428573
37029 6.891605499999998
37189 8.464469810439553
38027 6.92722057142857
47155 9.558231373015873
47157 9.148226101971561
48151 7.411598839285714
48179 7.217418617346943
48235 7.2323097857142855
48333 7.515270142857143
48405 8.3916983452381
51093 7.4620106473214305
51197 8.518461470238089
8055 4.765796999999998
13271 11.740783273809521
17173 10.806782035714285
17179 12.335532139285714
18113 12.391501207142854
26115 12.998802143772906
37079 8.0742088125
37181 7.7816123357142875
39027 10.821084714285712
40093 8.546025988095238
46129 6.777207017857142
48229 8.085125821428571
6061 6.508588918907565
11001 9.91071625758181
12107 8.558295226890763
17161 14.01451154821429
18145 11.89241382857143
22071 9.118881224979827
26121 11.108448367346949
35011 5.306855964285716
35025 6.947181503968248
46115 7.394917392857143
55073 10.79591876455026
2230 9.12550607495869
20201 8.668700696428571
22099 8.944210045454534
27075 7.319631226190475
27107 7.718923511904761
28005 8.303794190476191
31091 6.343201178571428
34025 8.714245132367642
35027 5.401670207142858
37171 9.21139562987013
40079 9.773021755952376
47171 8.954578169642858
5143 10.41431033147323
18019 11.62441817170329
20101 7.162483785714286
22121 9.675062557142857
27099 10.910779087662336
30037 5.973499785714283
31005 6.219256071428573
31169 8.0323085
32031 6.919743168367347
45089 9.022466100649352
48413 7.168901464285715
5127 9.641785607142857
53053 8.82481213330567
6019 13.474875771536286
6093 6.384126017857143
13153 13.02330988354038
18087 12.380545598214292
19129 9.871694835714285
21089 10.6042496031746
51049 7.436723428571427
8073 5.139215357142857
20161 9.385520584183672
21007 9.32758364285714
21123 10.348058258928576
28087 9.851618642857149
34035 9.962650218487383
35028 4.561709008928572
51125 7.483096071428572
51595 7.346155732142859
54069 11.222067249999997
12113 9.001437678571428
13315 12.618919767857141
21005 10.25595917857143
21041 10.572499845238095
28009 8.629809785714286
34011 8.895039203781522
35055 4.713606875000001
39063 12.407908546703284
46007 6.248273857142858
48311 7.7630066428571425
5011 9.151165064285715
51199 7.706246127551007
55003 7.78316293367347
13183 10.038406166666668
13247 12.198046588095234
17041 11.086009942857148
17057 11.780743714285723
26051 9.899241432539682
31053 8.90315815873016
33003 8.919332561688318
36041 8.2385074375
37003 9.892765244897959
39017 12.048743796428605
47161 8.840431764285709
48091 8.603740171130951
49051 5.26248300892857
51105 9.324651863095236
55063 11.686964108571434
55123 11.360134510204082
56045 6.287940178571428
16011 6.682736200892859
17075 11.027549753968252
20125 10.529722892857132
26107 10.01538407142857
31099 7.422191749999998
36083 11.218368584183658
39077 11.872425505494508
39171 12.508114492063488
40137 8.439528110389613
47083 8.760562142857143
48113 9.538811737510125
48261 8.08028175
5065 9.01823632142857
5095 9.092195452380949
51091 7.527987500000001
6011 5.485558371428574
8095 6.393171821428571
18025 10.74771404761905
20035 9.865057798701299
21107 10.185229470238093
29055 9.363092886904761
33001 9.651766816666669
39011 12.421503727272736
40143 11.74860384632654
48065 7.249551964285714
48189 7.063595432539682
51175 7.055992785714288
1107 9.96665692857144
12043 8.453580794642859
13009 11.976145408730165
17089 12.220080249128948
19025 9.901241919642855
21051 9.36190286904762
30021 6.258854226190477
30077 5.484496625
31131 9.330046649999998
38067 7.4662820357142845
41023 6.104693767857144
48315 9.012002330357143
5107 9.069251059523811
51159 6.739769749999999
55037 8.430879482142856
8014 6.738425234126994
13161 11.61419069047619
13193 13.040788035714286
19029 9.703363557142856
21027 10.403300720238088
27143 10.029676687499999
28151 8.904349250000012
29005 9.431024678571431
31003 7.253012999999999
34037 9.334059868466884
42049 10.932974783702218
45005 9.911000333333332
47131 8.935222353571435
51153 8.876742742685014
54013 9.195828214285713
6037 10.162851777894739
6079 8.06789366981131
13075 12.71496008928571
13289 12.578440357142854
17063 11.533820760714292
20187 6.352493357142857
27139 11.232694649659864
27151 8.584943651785716
28023 9.327894589285714
29031 9.775981104910702
29211 10.546875476190475
30051 6.757372892857143
32007 5.520691948979588
42065 9.44192243406593
44005 9.318237577922087
47175 9.466033089285718
12055 9.041209911375656
13005 11.228180619047619
13207 12.661052564285713
13261 13.160802428571428
17013 11.022641696428574
19083 10.859985250000001
22043 8.108922257142863
23007 8.650689773809525
27153 8.515128482142861
28051 8.89645820714286
29171 10.499016267857144
29225 9.880908437499999
31087 6.650335857142856
37093 9.129588833333328
37167 9.04725261263736
42105 8.566994564285716
48161 8.5671840867347
51145 7.585071299999999
51620 7.041368053571428
8057 4.371480928571428
16031 5.913292690476197
17111 12.074306812500007
17131 13.125519410714281
17197 12.122436171522562
18157 11.786515886100373
22107 8.132963571428572
26123 10.463970233766227
27013 10.741233624999994
27087 7.715913321428572
28083 8.919983825892855
37075 8.826309523809526
38017 7.9626763354978385
4012 5.778032238095241
49029 5.489577589285716
54009 11.299203767857136
8063 5.860802273809525
18043 11.626378873214277
19115 12.911725238095238
20039 6.888912642857144
21093 10.666955029220787
22045 8.97773222380952
25019 7.539832042857141
29007 10.564183346938771
31127 9.399236017857143
31133 9.208113928571427
34027 9.76489693714285
35057 4.831603241071429
38005 6.974045375000002
38039 6.946557428571427
47085 8.724068764285713
48313 8.763551357142855
50013 10.409337732142859
55119 9.542093172619051
8029 5.136579683673468
1065 10.36083948809524
1069 11.9361217564935
12085 7.810999091836726
13303 11.475870949999994
16033 6.019374285714286
16085 5.2732523095238095
17123 11.9076707
21065 9.52656675892857
29175 10.401344494047617
37039 9.292652107142853
39167 10.845680374999995
42107 11.226309459821431
46089 6.799388678571427
47061 9.710416696428569
47183 8.912921259740262
48163 7.658707869047618
49021 5.349490718750002
49033 5.740600964285712
5119 10.452804184962392
53069 6.360094714285714
55007 7.700787914285711
2020 9.12550607495869
18117 11.02988342857143
19103 12.975994907738114
20069 7.51075998214286
20091 11.422332326098909
28089 9.726834675170082
37025 9.637409191119678
37133 8.041719895161297
41043 8.58972113435375
42113 9.151552017857144
5099 9.458232047619049
55099 8.515620678571427
55121 11.03425750446429
6017 5.8641889335548125
6105 5.5300287642857135
2060 9.12550607495869
13029 9.469735408163263
18041 11.367945015306116
20075 6.473240249999998
28155 8.85373383333333
33007 8.396786756493505
38059 6.677256571428573
41045 6.500880968749997
48005 8.563890348739497
48095 7.219892035714287
48111 6.093723428571429
48263 6.965478250000001
5097 9.453725047619047
53063 8.798559186054415
13077 12.036911448214282
17137 11.060144342857136
18073 11.436324651785716
19095 11.725947598214285
21063 9.334872196428575
32009 6.373910357142855
36107 9.69712705357143
37041 6.976475154761904
39101 12.055166317460323
46021 6.729729714285716
47099 9.263572110389616
26049 12.161918735278055
28043 8.736778249999997
31161 6.096693589285715
32015 5.378682107142857
36013 9.732111044897955
39045 11.279108262755107
39133 12.602673734693873
46077 7.714496803571429
51600 10.033907328571429
55055 13.257610751785705
56043 6.655952535714287
16023 5.492192785714287
21143 9.404419321428572
29141 9.87727360714286
29165 11.283390085714279
30043 5.639955630952381
37007 8.933238529761907
37135 8.61186646045919
37157 8.718692187074826
39073 10.570515214285715
46049 6.983065714285713
48471 9.100910825000001
5057 9.585179028571426
51081 7.308535238095236
51183 7.009226249999998
6013 7.064264101991767
6015 6.146455734693881
6055 5.668193183035706
1067 11.864053886904763
1119 9.584182455357146
19159 9.778102107142857
21217 9.996303899999996
22115 7.9794116011904785
45075 9.781553523214294
48121 9.457992640510932
48351 8.212561598214288
48463 7.461991578571428
5015 10.049745028571424
8111 4.748684750000001
1127 11.136312412698407
1129 9.205325007142863
12015 9.00370636560151
13283 11.529013160714284
16049 5.710622064285714
16053 6.49326497142857
18007 11.116996023809522
19045 13.751378874999991
21075 9.01253382142857
23015 9.802621916666672
29071 10.000633445378167
35049 5.378140092142861
39013 11.324174069642856
39087 10.827083100446421
40105 10.70884829464286
41007 6.003518002976192
47119 9.508881951680674
53045 6.556955433673463
53073 7.798817301470581
54027 8.652203085714289
56011 6.1585711428571415
8117 4.139186214285714
13073 10.986942560714281
13087 13.369251867346936
13225 13.076503994047625
20043 9.722832619047617
21097 10.19794056428571
22063 9.146190548319327
26003 7.751552785714285
28021 8.395764547619047
29145 10.642535035714275
30031 6.241646990259739
40035 10.510389578571427
47179 9.662683183229811
48055 8.521001709821425
48063 9.09259064285714
48199 8.761891577922077
51167 8.991097489795921
54095 10.067112654761905
55043 12.40666754761904
6101 6.308531933673472
12019 9.014296445238086
13219 11.502266613095237
17169 11.248112297619047
20131 9.386052547619045
21057 9.532547803571429
28053 8.936406214285714
29217 10.241575672619044
47089 10.157390365079369
48331 8.464425030612245
48449 9.231773683035714
5137 8.904882142857144
51770 9.246975981366463
10003 10.457985030769265
19043 11.899366380952378
21149 10.768196321428574
22065 8.437836564285714
26109 10.480862494897957
31101 6.6138736071428585
36059 10.267160553763441
37005 8.620250071428572
37199 8.680557749999997
42027 9.86879297119814
42115 9.483219889610384
45059 9.90753003151259
48435 7.157856571428572
49001 5.2410711785714295
5005 9.220659222222213
5085 9.838894026785724
1003 8.670894130184333
12009 8.680435273388124
13245 11.327809632978724
18047 11.16987302857143
20087 10.040083812500002
20109 6.568393035714286
22033 10.040503856366476
22075 7.803858158730158
24013 10.18155613627819
24021 10.00593411416861
26063 10.403337217261903
28131 9.022329678571424
29159 10.174388506493498
30023 5.543529464285716
30045 5.603655000000002
31045 5.855816571428571
36065 10.437397337837844
37175 8.661721188775518
38083 6.622452428571429
40009 7.651692285714285
41049 6.855085892857139
48443 6.930217964285716
5043 8.914367257142857
51683 9.385672622448986
54015 8.889025
6023 6.120224758333335
1121 12.235340332792198
17203 11.96465850396825
19165 9.634235642857146
32005 6.140132605042016
35009 6.332267434523807
38075 6.9689235357142865
40039 8.004708992857145
4025 5.674313603741487
41033 8.016588895089281
45017 9.811335821428573
47001 10.395028281746036
48279 6.715310928571432
12089 8.67130382738095
13151 12.33379547428571
20023 6.479685571428573
26093 11.939285433255282
29139 10.250316491071427
36043 9.73602768796992
39025 11.37766463839284
45039 9.220047799999993
46039 7.9004600714285695
48281 7.819563349999998
51103 6.7183048690476195
54021 9.061664017857142
54045 9.369362952380943
55001 11.500403489795916
8037 4.4721545025510245
1125 11.039262777355626
12129 10.354969160714289
13167 11.460383785714289
13177 13.53990956428571
13185 11.845636427142862
13309 11.681476142857141
16029 6.002923053571428
19153 10.83814062827989
20145 7.861443696428571
21091 10.989164726190477
22001 8.218696669642863
37031 7.0523837471042485
38011 6.213494517857142
46027 8.036646369047615
47153 9.701644000000002
48181 9.050516560439561
51119 6.7919556875000024
51650 7.968214870798318
53047 6.494324535714284
53059 5.8841794857142835
16003 5.495966089285717
16073 6.116651809523809
17077 10.005724683673481
29123 9.100520797619046
40103 9.909955651785712
42063 9.791687669254664
46067 7.632345440476187
47067 9.577137839285717
48025 8.39859370408163
48393 7.278177857142857
48455 8.738669178571431
53049 5.899145132653063
54025 8.141055785714284
26037 11.891159452922077
26125 13.169473713968666
38053 6.3559537499999985
39049 12.466894126760538
39067 11.515155000000002
42071 13.739443500728857
45003 11.02046728679654
46043 7.291572250000001
53019 6.436431059523808
55019 10.18651337053572
1029 11.603101714285712
1105 10.433742857142855
19193 9.039699862637356
20137 7.1237416428571425
21109 9.441351904761907
21125 9.799239486263735
21127 9.822290014285716
26017 11.643854385989023
32027 5.650226214285714
36111 9.635333046352592
37017 8.613006071428575
39105 10.631991845238092
42131 9.930498168367345
45041 9.33671954329005
48385 7.088843428571428
51550 7.680439339721262
54043 9.949782107142854
12081 9.460443520146526
34023 10.18473718918368
36035 9.988910423809527
36115 11.126432521008407
38097 7.247478223214283
39131 10.28500339285715
40133 9.664908376984128
42109 11.54025122321428
46097 7.79637225
48329 7.515258010582004
55029 10.913438376984129
56023 5.751400598214284
6049 6.520006241071427
8039 4.584144959183673
9011 10.122753522527486
2013 9.12550607495869
1111 11.672559583333337
12131 9.856419000000002
20021 10.441015779761901
20047 7.820566232142858
26005 11.733161605654768
28065 9.005710619047623
29037 10.700225430357126
29095 12.004345595836336
45021 9.918722200549452
47017 8.772353781249999
48167 8.807986515151518
5037 8.773696101190483
51133 6.6720510357142855
1081 12.384699515873022
12045 8.836186535714287
13201 12.611621345238099
20135 7.37880807142857
28093 8.592890351190475
31147 9.417790488095237
39075 12.353774700892856
47177 9.62248122619048
48325 8.137145486607142
8031 6.975170936011893
8099 6.098668492857139
1061 11.453651535714283
27095 9.206438867346938
29025 10.33480460714286
29157 9.719729192857145
31149 6.660179142857143
38049 6.908806964285715
41025 6.182239839285716
46087 7.955419892857145
48077 8.155480845238095
48213 8.633376136554611
5053 9.65657723214286
55067 9.770214625000001
1057 10.19160116428572
12109 8.375498166964297
16001 8.15464686985472
17029 10.974024163690483
19191 11.203157957142865
20095 8.739558047619047
26113 8.947063178571424
28035 9.76712869537815
29063 9.99449807142857
30075 6.155112142857141
31151 8.224842151785714
33011 10.585410249169426
34039 11.27076116468252
36067 10.854847333163237
51173 8.441518992063491
6113 6.856208265679443
8001 7.141255209131065
8085 5.1453527
15001 9.12550607495869
18115 11.088180357142859
20189 6.837194589285715
20209 11.840054341836732
25017 12.202411248989234
27027 8.133593854395604
28063 8.233702392857142
29047 11.693832099025993
40015 8.406606879464281
41041 6.278042283613443
47003 9.99240707142857
5079 9.246744955357142
55045 12.485634468750002
55107 9.349234485714291
13081 13.022873125000004
17099 11.770914201530617
19035 9.356552303571428
21001 9.78680038265306
22119 8.9334555974026
28157 8.205651696428571
29003 9.838614803571428
30039 5.53556875
48283 7.5273878214285705
48377 6.200120517857142
51097 6.8620338035714274
51101 7.0578843125000015
51131 6.823841273809525
51181 7.026641499999998
6085 7.642188953053025
12071 8.985898653184185
13089 12.42736165738916
13103 9.4714145
13199 12.27801928571429
16075 7.280458366071428
19177 11.304448964285715
22077 8.627763255952383
26001 8.864209957142853
27163 11.743320683571431
27165 9.962411904761902
29135 10.14188614285714
30101 6.854645535714284
51193 6.820135562499998
1093 9.856300558035716
16057 6.5036136020408195
17015 13.043046214285715
18069 12.25078163888889
19003 9.70244260714286
19119 9.16624579761905
19183 12.462279221428574
20107 9.794966535714286
21131 9.013347142857143
26055 8.770169410714285
30017 6.385613374999997
5071 9.681439624999996
8059 5.896227578674953
12021 8.357738123287678
13277 12.984794369047613
18147 11.488411671428569
20143 8.433344267857144
20183 7.627037017857143
28017 9.186455071428572
28123 9.451774279761908
48487 7.72295894642857
51570 7.864358414285716
8045 4.981138990259737
13033 10.722136113095234
13093 13.1669604047619
17191 10.482363542857138
19057 12.587851496753258
19125 10.462506299107138
26127 9.937642081632651
28049 9.5073984045759
28143 8.936423761904766
29097 10.679462949675328
31143 7.68935
47101 8.793199071428571
51011 7.837113416666667
51037 7.698366380952381
51670 7.810251290816328
54091 9.202811883928566
19073 10.00966732142857
27089 7.545377482142859
31159 8.135348250000003
36081 11.749049148302333
39147 12.238817767857133
40067 8.285942749999997
45025 8.97428770714286
47013 9.581890311688309
48069 6.639810488095236
53043 6.760074392857147
17121 10.365346494047612
20139 9.557377849999991
22017 9.423340106584833
25009 11.754994385802464
28139 8.815910687500002
34007 11.41576802334083
42069 10.221409568401945
47121 10.136994988095243
48427 7.971062054761897
5061 9.780733678571428
53055 6.837976526785715
16013 5.295984901785714
17073 13.055463423076917
21231 9.501502735714286
28057 9.346356028571423
32011 5.298711571428571
35029 7.679068464285711
39125 12.82636678571428
55131 12.587988881377568
1053 9.386545289682541
13229 10.608771160714285
16059 5.759095011904764
19069 10.727523190476191
26059 11.80104013392857
31007 5.409929464285715
40021 10.038540571428578
40059 7.658784017857145
47005 8.711876707142856
48175 8.198852553571426
48203 9.039372114795912
48251 8.80205044897959
56019 6.177279928571427
15003 9.12550607495869
17171 10.91288310714286
18037 11.929990443877546
20017 9.184825250000001
20077 8.75641079761905
21021 10.000288744897956
29061 10.136370982142855
31085 6.598424892857143
36057 10.313017683035723
40001 10.000244942857146
48359 6.023924250000001
48403 8.310068297619047
51073 7.1659136875000025
51820 7.940512685714285
6029 10.724959699621566
6071 8.554842260065845
18103 12.066677196428577
18163 11.864342691690974
20133 10.190008842857145
21103 10.379549049999998
21191 10.23851413095238
21203 9.635698410714285
28137 8.75652632857143
29155 8.704534244047622
29173 10.79878313095238
35039 4.855823837301586
39103 12.53004231853282
41011 7.567877065934057
47133 9.315499326530613
48047 8.049724339285715
48371 6.529847758928571
48457 8.245857135714287
51079 7.94229175
51127 7.158737380952382
1017 12.093285587301589
13159 12.190627511904765
18175 10.854621589285715
20051 7.700439529761904
20171 7.0505985
26065 12.157107328924159
26143 8.811092767857142
30047 6.398091218749999
31119 7.738938059523811
34001 8.14529247826087
45061 9.394467744897963
48335 7.276446178571429
48475 6.977599297619049
19113 12.315099643650788
27057 8.125078244897958
28147 8.45479260714286
29187 9.588775938311684
36045 9.547551658571427
36091 11.806242007857145
37057 9.302871660714287
37083 7.493549779761905
38041 6.2351457678571425
42077 12.932516397086475
45047 9.806741061224482
47041 9.532553616071434
48119 8.976714607142858
48365 8.773776833333338
48387 9.084217053571427
49019 5.152826750000001
51043 9.298620035714285
54049 9.739575835317474
55083 11.375234939285718
8017 5.798709571428573
17105 11.357955100000003
19123 11.047717479591833
19195 10.594362857142855
20041 8.959639696428571
39117 11.85500330952381
39143 12.31173611666667
42111 9.082609700680276
45057 9.012969061224483
45085 9.565549689440987
46013 7.334171075892859
1005 11.8555633452381
13003 11.86633413095238
13239 12.010564285714285
19169 10.692321953571431
22003 7.632194878571433
27067 9.070411047619038
27077 7.369674767857144
28061 9.645009633928572
37165 9.156579301020408
49027 5.16397154761905
51775 9.18494346428571
2188 9.12550607495869
15009 9.12550607495869
17127 9.518746321428575
19019 11.837804934523811
21043 9.634448561224495
22031 8.6799465255102
31117 6.430060678571428
34005 10.94028379479952
36005 12.565562025811193
40145 11.063505904220772
40147 10.718928390109882
4015 5.398553838870445
41017 8.893402675595244
55011 10.85304542857143
55013 9.213209071428574
8011 5.740547749999999
19001 9.721454416666669
20071 6.376648535714284
22111 8.813212220238093
28159 9.245809014285713
37185 7.458851875000003
40007 7.3075328333333305
48295 7.5033424464285705
48391 8.076912142857145
48411 7.42600301785714
8119 4.251517815476194
9013 11.328674864532024
2050 9.12550607495869
12077 9.89901210714286
13043 11.138296154761905
19131 10.89899217857143
19145 9.61642338690476
20103 10.394430575892857
20181 6.354026392857143
28127 9.119640621428566
29091 9.204438616071434
39115 11.029791598214286
45079 10.282676126003228
48299 7.693090285714284
51530 8.020524785714285
51660 8.780466431818175
13007 12.948143839285718
13039 8.637165024999998
13055 11.4152572202381
13269 12.823322940476192
16077 6.029100910714285
19111 11.946447142857137
21067 11.000221141114979
21111 12.009778856581903
30071 6.714852178571429
37163 8.649134162337663
46057 7.775201089285715
48363 8.156438277777777
50005 9.318724132142854
51033 7.362221392857145
6001 7.27690671587301
8083 5.061957311224487
10005 8.191655216307268
1031 11.459633257653053
1091 9.979636220238106
17031 13.273320227753116
19197 10.406158764285715
29143 8.920474160714287
31047 7.09839426530612
35051 5.943327937499999
36007 9.943179766883109
42033 9.12973497678571
46105 6.259514607142855
47117 9.828347458333333
48323 7.630654912698411
13025 9.522683428571426
13133 11.09615692857143
13147 10.87231767857143
20123 7.986125660714284
24023 8.571288821428563
26067 11.771076151098907
27007 8.014558314285717
27161 10.60366782857143
36055 10.864745421875025
55115 11.603761142857136
12051 8.41454098469388
19005 11.347499857142855
20025 7.596265428571426
20037 10.24534256168832
27031 6.8919995714285704
31109 8.854136344594579
36069 9.695179717142864
36097 9.214881342857144
37177 7.099702428571429
39015 10.3888548015873
40065 7.74978870982143
40121 9.415470557692307
42075 13.678939957373258
5039 9.489910857142858
51760 8.671325453463204
54037 10.057452147619042
55087 13.97470456339287
8077 5.728836885467989
12087 6.9526259071428544
17043 12.844984369708987
18139 11.603156064285711
19097 13.033758178571437
21233 10.413040874999997
23003 7.664983373511898
26089 8.333481869047617
27121 8.526642187499995
29229 9.300439214285714
31021 8.812811250000001
38051 6.722367821428571
38093 6.8818539583333305
48149 8.372812724489794
5007 10.592763994897952
51067 8.461381442857137
54083 7.991605489795922
55139 13.435351430313574
8093 4.07382615
2240 9.12550607495869
13241 9.20874000714286
18167 11.490808404336736
21209 10.542309137755097
29115 10.369546128571425
35031 4.966122071428567
36023 9.535279901785715
37047 8.461062629120882
47091 8.385275535714282
51710 8.044479110670189
51735 7.738841476190482
54063 8.31243763095238
13211 11.704556750000005
16019 7.080428554421771
18081 12.278660001623393
22073 8.503004514285715
24025 10.097321045739344
29203 9.113191928571428
34031 11.131736579642855
39065 11.98606364795917
51630 7.746684047619048
55081 11.138532686507935
56013 6.94028704285714
13267 10.868129728571432
17051 10.508873908163258
27131 10.940281969780214
28037 8.298884982142857
30011 6.198638107142858
30033 6.313368214285714
30063 6.517273103571424
34019 10.142592108516476
35006 4.538290035714285
37147 7.800843582589292
46059 7.061953160714286
48049 7.615619589285712
48469 8.589434821428574
18021 11.425308970238094
20185 8.138319625000001
23019 8.837439978260862
26161 13.179345453214282
28069 9.323947946428573
28153 9.241214866071433
30111 6.806131238839282
40025 5.93111425
4005 5.228786457908164
46071 6.3807732321428565
48107 7.158777892857146
48275 7.446809589285715
49015 5.270444964285715
51510 9.601735421992483
53017 6.6021319374999985
53071 7.077422380952385
55057 11.38585189795919
8087 6.170058111607145
12039 12.069262317460316
20149 9.467926624999999
22007 9.668877880952381
27059 10.123023008928575
45015 8.882686995238082
48177 8.38720676785714
48425 8.019332624999999
5013 9.393724089285712
1063 10.086790035714284
17109 11.660963692857136
18125 11.516378598214288
20027 8.794219678571427
21033 9.626995940476192
21049 10.37548358928572
22015 9.457457977272721
22089 9.171269131868137
25021 12.027868613461498
26087 11.497240037202385
29169 9.491935476190474
37023 9.751835015873015
47125 9.53414775641027
50025 9.990943593253961
51840 9.51616346428572
12083 9.346173193310664
18009 12.162038419642858
18049 11.701868613095236
18053 12.064687410714285
19179 11.254651636363638
29087 9.483062428571433
31125 7.358457928571428
38031 6.885399535714284
47129 9.622609735714283
47151 9.324563992857142
55141 10.978429508403355
6047 10.348586892128276
16043 6.120013297619049
17067 11.82423094897959
20055 7.414652854166666
30015 6.24211680357143
36053 10.006253656249994
37119 9.945906087982827
42079 10.270407825206048
47081 8.78537950595238
48327 7.202926785714287
48489 8.379562164285714
55047 12.326766761904764
55069 9.450731078571428
55113 8.581608035714291
1025 9.581476412698407
13301 10.83758982142857
13313 10.91190904365079
18017 11.97388182467532
27169 11.16467647142857
28135 8.932169125
30065 6.12105767857143
31081 7.528379559523813
35053 4.902440386904762
37161 9.745621326923068
42039 10.441497051242239
42085 11.38069811309523
48053 7.987640004464281
48419 8.716654607142866
8053 4.534522392857142
16065 6.772810910714282
16081 5.679029714285714
17035 10.872751535714288
17167 11.356536190026958
20085 9.644483095238092
20105 8.045076892857143
21237 9.341335892857142
26081 12.81042573911833
27093 9.346065333333332
28025 9.548324364285715
40077 9.188496059523809
48103 6.95546
48485 8.434950241312738
49053 5.763007413265308
55009 13.99098127513226
29027 10.372852250000005
31075 6.114649000000001
37019 8.162710874458876
42017 11.430271467532462
2105 9.12550607495869
1085 10.841435767857138
18065 11.913878354395617
22029 8.021468635714285
28027 9.207147198979591
29023 8.849387889285714
34003 11.840718492617722
45013 8.543526688392866
47051 9.98142933730159
5035 8.909288753571438
51800 7.376065540816333
55021 12.428831830357153
55091 10.771345428571427
20061 9.252527312500002
28079 9.301492057142857
29177 10.74188577678571
31179 7.910508660714283
35001 6.038100859477106
37111 9.181635867857139
42099 12.281603914285718
45053 8.980434517857146
46019 6.199865857142855
47077 8.672581726190478
47115 10.199369738095239
55035 11.089003805357157
6111 7.738889532617678
13137 10.346511812500001
13149 11.762906440476192
17025 10.559054883928573
17145 10.007531125000007
26019 8.705084335714286
29035 8.721980517857142
31141 8.021490035714285
39057 11.760083206122466
41067 10.484157392170326
48273 8.419172950000005
48277 9.059817202380954
5021 8.603924511904763
51790 8.132239553571427
8021 4.600589464285714
8069 6.005290266144816
39039 12.881753230158735
39079 10.597472438775508
39153 13.199422685185155
40075 7.8338961785714245
48079 6.229403285714286
48109 6.858140535714285
48407 8.899489142857144
54051 11.021032119047623
55027 12.908133230357143
13091 12.314712767857142
17163 11.96809071369049
18155 10.806133702380952
19151 9.769770523809521
29051 10.352752028571427
42003 12.080160302683058
45071 9.608182571428571
48445 6.8402933452380985
51027 8.897387244897956
54041 8.923192478571432
8015 4.420807135714286
1099 9.617682290816324
13265 10.625917071428573
26061 7.597125675
29069 8.719218442857136
29153 9.360552250000001
30061 6.040445785714285
35037 5.435768107142855
37053 6.813314515306125
38019 7.1840038035714295
39041 12.262122327551044
39165 11.893869831168816
40037 10.978707044217698
45083 10.410595372153217
46099 8.928484357142862
47181 8.859624732142864
48099 8.129035562030078
48133 7.640940942857141
48201 10.912697111777483
49011 6.29812874801587
51025 7.288156899999997
56037 5.733007077380951
6035 6.565083293650796
8025 5.5332076785714275
13253 12.53866520238095
18077 10.68246546938776
21055 9.706729205357146
22101 8.932718488839289
40017 9.502552358374373
47065 10.549984168554003
48303 7.720820482142859
48309 8.798574371848758
51095 7.232184665584419
54099 10.451491113636356
1071 10.601936610389611
13189 10.819355392857148
13257 10.492152742857142
18131 11.539768508928576
23005 10.779420739177475
25005 10.44298715371428
26029 8.281630774725276
27079 10.650155678571434
33017 10.610268499999995
36047 11.705886150516903
37091 7.153460328571427
37153 8.943518113636364
4003 6.029868917410709
40135 10.021580865079368
42009 9.471817688311685
45009 9.874358044642852
45023 9.116719243506491
48269 7.030748321428571
54001 8.593278392857144
54059 9.57009856632653
12059 11.160418848214283
13115 11.634846935714272
27155 7.966674696428571
28075 9.55784589473684
28085 8.621896410714285
30093 5.7477905357142856
35021 5.105089392857144
38003 6.988381562500001
38079 7.209115910714281
40005 8.935832419642859
42093 11.457600821428574
53041 6.8482697089285685
8089 5.691671816326532
13019 12.551443285714289
13023 12.52955741666667
17183 11.251565793154763
20007 8.196198749999999
20029 8.186371660714284
26073 10.660795309523804
27101 8.923001285714285
31107 7.446522666666666
36009 9.076361018707475
37043 9.195544589285717
39031 11.804015174999995
40081 10.287615790816325
41037 6.720429321428574
45033 8.984870595238098
48305 7.124007702380949
48343 9.054165107142863
48501 6.544641482142857
51017 7.679785678571429
1073 12.019733384312033
17007 12.388784683673466
18091 11.637182031887749
29105 9.54512303571429
37013 7.425310503246755
38035 7.551128559523808
48409 8.400046232142847
48467 8.757593267857137
48473 9.25693020833333
5023 9.248105892857142
5131 10.337276666208803
13215 12.80600931805929
17119 12.223822638173322
19175 9.812060258928572
21011 9.778185285714285
21185 10.945711168367348
26039 8.653438235714287
27127 9.179244172619049
28113 8.43900567410714
29075 9.883178142857146
30027 5.994871535714284
31043 8.813388607142858
32001 6.073027408163265
36037 10.059690559523807
41069 6.334527642857145
45031 9.413983966517856
47149 10.056866660349854
55078 10.825566392857146
6083 7.3015037873194135
9007 11.357175840277774
19161 9.715093633928575
21165 9.409713464285714
26095 7.545660357142858
27055 11.279497757142858
29101 10.115298686507932
29103 10.641558607142857
39019 12.108894040816335
40063 9.612550085714288
41057 5.965088620535714
48241 8.284551312499996
50023 9.64230222556391
5091 9.664623455357141
53023 6.163290857142856
56003 6.287737190476189
1019 11.858856642857145
13125 11.07861285714286
13291 9.70950100595238
18099 11.75373858928571
18123 11.128283007142851
19011 11.563654484693872
20121 10.052617183035713
20193 6.732703749999999
22049 8.309556921428575
26025 12.060730576923063
40083 9.884362200892852
47137 9.35288910714286
48159 9.047344476190476
48259 7.972227678571428
51680 8.532794187969929
8009 5.833987678571428
17017 11.209982178571432
22095 9.143414379870137
26045 11.888281521683679
28029 8.747529636904758
28059 8.795150535714274
29111 11.04108827678571
30073 6.397937785714284
36033 8.433385711734694
38007 6.025129285714286
48483 7.484796499999997
19127 11.094459074999994
21087 10.044838410714283
22005 10.363806053571436
23001 10.702935612244902
26077 12.201860318922307
29059 9.817458107142855
29213 10.260766328571426
31185 7.7823485803571435
37113 8.898934257936505
37197 9.448079443877557
40115 10.501857317460319
41047 9.380236029556652
42021 9.592116171768694
46015 7.046646339285713
46017 6.939605928571431
46045 6.91442157142857
48143 7.786197763392853
48453 9.020338084698572
49005 6.801502105769233
49045 4.920942402597403
5083 9.89988033928571
5123 8.867520428571428
5149 9.723324083333333
55129 8.980584564285712
12029 8.820830928571425
13135 11.971089863463979
20099 10.359649651785716
26007 8.788452222222222
27069 7.598096803571429
29186 9.793073589285715
29197 10.593302928571427
31121 7.418108261904763
37011 8.50179385
37151 8.860522492346943
38077 7.706444071428568
40013 8.950308720779223
45063 10.29353585859073
48081 7.359517035714283
8065 4.271259767857145
8107 4.73501114732143
1045 11.775924530612238
13035 12.328943642857144
16083 6.259899612244893
19051 10.901954821428571
19089 11.019014309523811
21025 9.422734056122447
21151 10.127373530075186
21189 9.345688696428569
21225 10.346887991071426
22103 8.349235906976764
27019 10.883394426691725
29113 10.786164096938775
29221 9.270019185714286
31015 6.944890035714286
36015 9.420348745129871
37123 8.672916809523805
42029 11.112557189655185
44001 10.50867053896104
48191 7.0481135
48461 6.950841089285713
49035 6.277742637297836
56015 5.716555410714284
13049 9.242706071428572
13173 11.645957446428572
21039 9.29163088095238
21053 9.540802571428575
21173 9.966457333333338
22083 8.258158494047617
29029 9.728382922077925
31093 7.125889517857139
35041 6.119608335714287
40027 9.918863000576028
42125 10.93032826634384
45043 8.37087678061225
5103 9.486864529761904
51610 10.240631321428575
6081 7.006987953661847
17009 11.047136517857142
19109 10.00242950595238
20073 9.369911940476191
4027 7.189129066883131
48493 8.594381607142848
50009 8.782009178571426
5001 9.115127741071435
5059 9.735737724489802
51147 7.4901359857142875
51185 8.432210733766226
26079 8.635996149999997
29099 11.051462475340132
34015 10.747456830498876
35017 6.002916200892855
38061 6.5562031666666645
48059 7.663347130952381
48415 7.244696285714286
5069 9.630155183035718
55015 13.71883906818181
55023 11.627221857142855
12007 9.068981062499997
12111 8.141669699675331
21017 10.417572125
27039 10.90112429285714
27053 12.16151627974201
29045 11.205362357142857
31037 8.291958809523814
38087 6.099327428571428
39129 10.927858667582422
4023 5.9615761357142905
47163 10.001029097069605
48389 6.612495657142858
49003 6.3759937694805195
1027 11.782663375000002
12086 8.067079125413674
17181 9.578556685714288
17195 13.177282341269835
19087 12.256886828571432
22047 9.560948132653063
28007 8.948855565476194
29043 10.666340933673474
36061 12.826085406373991
39021 11.486305142857143
40031 8.456094800223209
48073 8.599002595238094
48197 7.456927071428572
5041 8.863662585714287
51179 7.8837495357142915
1133 10.69067459183673
13079 12.916917297619044
16021 7.379850982142857
18033 12.419788821428583
18137 10.889599351190476
19031 13.110970085714285
22021 7.857893833333332
30091 6.843477089285714
30099 5.951835464285715
48013 8.337034763392857
48023 7.717284857142857
48223 8.996287535714288
48503 7.951839062499997
53039 6.240954452380953
6033 4.881474626190479
13163 11.140577026785715
13223 11.471477986842107
18031 11.259007011904766
18071 11.104931960714278
19037 11.25901321428571
23011 10.159237375576039
38021 7.07461023809524
4001 4.909633995535716
40125 9.838099354910712
41039 8.391105728405332
45065 9.839637440476192
45073 10.129376585714292
47105 10.735408028571428
48215 8.686425165613151
51075 7.726165164285713
51191 8.976979395604394
9001 11.50257250714289
1035 9.809837149999998
12123 9.540700776785714
17037 11.934945862244904
20177 10.12843119102992
22023 8.019254839285715
23029 7.221995519230774
29161 9.491168207142852
30083 6.416958866071428
30105 6.719032988095237
31067 8.958325137755102
37187 7.221937678571429
48247 7.757873089285714
49013 5.3193181785714305
5077 8.93380177678572
53007 6.268854954081632
55103 11.555135100000001
2282 9.12550607495869
12097 9.510278461672476
18173 11.672109428571432
21171 9.821454642857143
31027 7.754807928571429
31105 5.433127857142857
36017 9.362284407738093
39163 10.749077785714281
47143 9.862144279761903
48117 6.453972562500001
48169 7.006993392857142
48479 7.879618171545667
51041 8.193022470824957
51750 8.903534035714285
54047 8.435227455357138
6031 13.45182454629628
2198 9.12550607495869
1015 11.898398782258067
1131 10.049139857142853
13057 11.37780425274726
13105 10.462845407142854
18149 11.523008586734697
22053 7.888479377551021
26145 11.848741422831623
30103 6.397969357142857
31031 6.312548178571431
37195 8.160865381578944
42103 8.911206648809522
46079 8.013810178571427
47031 9.90385415178571
47047 8.636486253246748
51115 6.867472214285714
51690 8.67920647857143
13171 12.537061654761906
20083 7.538173428571428
27133 9.059399309523807
36093 11.788278048172737
40111 10.289643414285731
41005 9.77951586205357
41063 5.79918101190476
46053 6.928974214285715
46085 6.8104534107142864
54087 9.431074285714288
1097 9.331310059210532
19155 10.394646514285716
21167 10.143111078571435
21183 10.347198341836735
24029 8.748040171428567
29133 9.065178089285718
36027 10.287732807414114
37067 9.357028587557625
41031 7.335836351190476
46047 6.078234214285715
46101 8.38758175
48007 8.048790207142856
51171 8.395276829365079
5145 9.443849151098897
53061 8.950377321666666
56029 5.979978407142856
20019 10.09851282142857
22009 8.230349920634918
31083 7.208228857142858
36039 9.498847252380955
47111 9.716352446428573
48267 7.235042642857141
5067 8.807021114285716
5111 8.649314887755102
56031 5.2301568571428545
56039 5.379336428571429
13069 11.9539730515873
13101 10.362645589285716
13237 11.872416428571432
17115 11.324283131302526
17139 10.977227508928573
17187 12.447639078571436
21095 9.06124902922078
22025 7.951150749999997
28071 8.671998049999996
34013 11.674868206462566
37009 8.307919529761904
38081 7.255475589285717
39007 11.034779884285715
45019 8.46424754495798
46119 6.810067178571431
17135 10.9054353125
18075 12.330011362244894
20157 8.086729714285715
21073 10.447919113636361
21193 9.1790839375
26069 9.317931678571421
28109 8.610489781746024
35013 9.721301248257838
37097 9.877666774350653
42095 12.402073730042007
45011 10.02261642857143
46061 7.731949821428571
48339 10.10647407384987
51580 8.325209892857144
9015 10.597766840000002
1043 11.166195751984125
1117 11.877713577380947
24041 8.026238764285715
26091 12.51285230590062
26163 14.167739179274077
31041 6.8004419910714295
31181 7.510390857142857
38023 6.89653225
39149 12.000535546428566
48417 7.637982464285715
1113 12.667879348901101
18015 12.088579795918365
20089 7.742060589285715
20175 7.29612282857143
31013 5.87775286904762
31115 6.597816964285713
34029 7.985490223999992
37037 8.513774098901095
37087 8.669549375000006
40045 7.6498987142857136
40049 9.03925736507937
4017 5.162207135944706
42091 11.929227920616126
45091 9.610080984472047
48015 8.781974720238097
51057 6.823041071428572
5139 9.393472692857138
6039 11.257805299689444
6103 6.616544253246756
6109 6.8309843344155885
19053 9.897528523809525
21161 10.02411367142857
26153 8.097022761904762
28117 9.046321328571425
35047 4.836243147959184
4019 7.239955795643169
51013 10.039528167070207
51720 8.872930107142857
12069 9.164955713647965
20005 9.897317214285712
21135 9.701188482142856
22123 8.483148011904762
24037 6.913721117647056
24510 11.033951696071425
26011 10.090849914285709
26047 8.146503379464288
27023 8.765897357142856
27037 11.758972989097723
31023 8.096960761904763
35061 5.363962551587306
36075 10.109104699507396
40029 9.099370160714285
40101 10.346206272321428
49025 5.212441767857142
5051 9.667525332142864
54003 10.425274936224492
55127 12.861955063311678
1059 9.728547650793647
13111 9.833391728571428
13175 12.033301516483514
22081 8.756562946428573
27123 12.419178386339938
29183 11.980021297016275
36079 10.387563678571428
39081 11.437877083850939
39155 12.122467344155844
48035 8.170213117346936
48141 12.689639424134874
48153 6.97755982142857
48437 6.905910345238096
51195 8.940250668831167
54053 10.502131595238087
54077 8.757013174107135
55109 11.041213497448982
6115 6.047191114795925
46102 9.12550607495869
1103 10.710403654761897
12037 8.86485684821429
19047 9.58581937142857
26147 12.379778271137013
27045 10.943265874999998
30041 6.717304702380951
31177 9.392776721428579
36121 9.446957915584417
40131 11.234118631377546
41021 6.581498035714287
51015 7.978421071428577
53033 8.903036081684053
54029 11.438308696428576
13121 12.3227889072129
16017 7.687879710317464
20067 6.924511089285715
21159 9.957621083333336
21169 9.94526713095238
25001 8.612923077806135
26117 11.131351837912089
29163 10.622730407142859
30109 6.0819168928571425
31137 7.2841029761904785
50001 10.247687107142852
5087 9.649184375
5133 9.686537455357142
51730 7.67367743181818
55005 9.873792350000002
55041 8.69770404464286
1007 10.92984725
17005 10.660185419642858
20081 7.395436428571429
21047 9.678909005639095
21059 11.154290939440983
27009 9.793595626984128
28115 9.002512279761905
32033 5.234880071428571
39069 12.85430151020408
41019 8.17703500000001
42073 11.848275734693887
48115 7.033694187500002
48257 8.937890599206352
48395 8.61430515
51137 7.858000171428575
53075 6.502864099999999
54079 10.38386113214285
8125 6.216823571428572
12105 9.912019276901678
18107 11.563931226190476
19141 9.383813526785715
20053 8.124981607142857
25003 9.870200348901093
45007 10.488366083333329
48379 8.812689589285714
2195 9.12550607495869
19021 9.582957511904759
19067 11.028307821428577
21213 10.055642732142859
27001 8.257926309523814
37145 8.179550341836732
39095 13.399394514060731
40153 7.902112807142857
41059 7.287828216666671
44003 10.461669310439563
51059 9.77432990808417
51155 8.730104953571432
51177 7.680301655952379
54073 10.054341089285714
28107 8.789907029761904
29015 9.833981821428571
32013 5.6633638125
38065 6.6002578214285705
40043 7.883075869047621
40127 8.839849964285714
42041 13.18375955612245
42123 9.329784722527478
47103 10.045280714285722
47159 9.558301299999998
5003 8.80069275
51019 8.517006602678569
51021 8.313235803571427
8081 5.1685014642857094
13031 10.520688348214287
13097 11.737714282142846
18181 11.80706780357143
19079 10.465351778571431
26013 7.7293981964285745
27029 7.5651360000000025
29179 8.870097303571425
31029 6.513722357142859
51047 8.1096011875
53003 6.580115797619049
54061 9.514742633928574
55125 8.172628128571425
8101 5.894594256493513
12023 9.487514258928563
12033 9.045821181086504
13131 14.130958416666669
13311 10.221055171428578
19105 12.65915448571429
21029 11.407876378968254
26043 8.79617395918367
33019 10.26573595357143
37021 9.302062968750013
40109 10.221884802459966
2261 9.12550607495869
13109 10.812500059523805
21035 9.10487434523809
22091 8.226144392857144
26151 10.86040349404763
26165 8.77115940625
28111 9.292423297619049
29149 9.076170952380952
31155 8.763813128571432
36003 8.68515253296703
36051 9.51750224761904
41051 10.776367453007568
48505 7.655731833333332
54005 9.311060660714288
55071 12.597008770676693
13205 13.787231371428572
19033 10.660637305194799
21221 9.206676771428569
26111 11.019350958646626
27113 7.631084364285714
30029 7.546505409774443
36101 8.800580869047623
37107 7.908658290476193
39043 12.181337351190473
39083 11.716963505952384
39097 11.232588886904763
47095 8.735857571428568
48155 7.30721167857143
6059 9.057767959131043
13083 10.581200785714287
19081 10.26552673214286
19091 10.063092419642858
19099 10.780629753968258
20015 9.8475068543956
20063 7.024419071428572
20147 7.345997226190475
25013 12.329088540915427
27071 7.628785714285715
29065 9.129325303571429
31171 6.451952785714286
38033 6.063942857142857
47187 9.750842761583005
51117 7.592733515873015
8109 4.550305071428571
2016 9.12550607495869
1009 11.306308337301582
13305 10.171036738095237
17049 10.757912125000002
17117 11.196109112637359
21201 9.980747607142858
26103 7.968700840773821
28141 8.993982999999998
29093 9.018069151785712
30049 5.611864706632652
31019 7.363689240259749
31073 6.998636785714285
32021 6.224557196428571
35033 4.675835642857143
39151 13.49029936420263
40097 10.633905825396829
48439 9.3238558445378
51029 7.501396160714286
51063 8.335359333333335
19007 10.495218599999992
24009 7.19870048809524
29049 10.295997250000008
29077 10.931887043202746
38009 7.207149880952383
39141 10.54474622058825
41065 6.6625698526785735
45087 9.508959583333338
48009 8.08841726190476
48123 8.268472157142856
5093 8.598105633928569
2164 9.12550607495869
12031 9.298939417836502
16015 4.922435678571429
19071 9.544174785714285
19075 11.234099830357144
19117 10.082884812500003
21147 9.440351401785716
21211 10.502485817460315
22035 8.483724952380951
24001 9.068386576086962
28001 8.136523829365075
30095 5.980352059523806
32017 5.289302749999998
38071 7.098368642857143
40123 9.233658085714278
41055 6.5076215
42047 9.027532123015867
42059 10.022910571428568
47071 8.776455238095236
48037 9.60657175595238
48139 8.79024884216589
51109 7.6063782559523805
2290 9.12550607495869
13293 12.576489306122442
17165 9.974623539682545
18169 12.195482620535717
21009 10.238890810714278
22055 8.81360575664451
26057 11.222453978571423
30035 6.809912062499997
33013 10.180555396825396
36049 8.874215249999995
42011 12.975294307936498
46011 8.088113309523807
46023 7.177798190476191
46093 6.329871485714289
5029 9.814829517857142
5105 9.584077547619044
51187 8.492186316964283
1095 11.167041946428558
31103 6.667814999999999
37063 8.788299737499981
38091 6.944349642857142
41003 8.285973986111106
48125 6.968020178571428
48301 6.581409035714286
49055 5.1448627857142855
5033 10.102831620129862
8003 4.865805473214286
8071 4.912626375000002
12121 9.853787892857142
17055 10.221517261904756
18035 12.179125872619052
21083 9.373674999999993
25023 10.602609347142854
31051 8.001590196428571
35005 6.569867975446438
41009 7.675700582142854
47043 8.918181892857142
47169 9.769531321428572
48227 7.267209324999996
51087 8.509000656250006
5147 8.991954303571429
51540 8.150686267857145
6009 6.257503703571429
6043 8.017228196428576
16009 6.627604107142859
18143 10.829566878571427
21239 10.634271517857144
23009 7.952029613445374
26075 11.946061792293232
28119 9.042766761904764
31123 6.078692678571429
37101 8.38009582714286
37117 7.363373625000001
39055 11.829823707482996
46107 6.806899214285715
47139 9.705669142857143
5063 9.083109026785717
51700 7.90129420698052
12133 10.755493448979589
13319 12.134911273809523
18127 11.806167977678582
27091 10.02200942261904
27149 8.37714067857143
29199 10.782925892857142
38073 7.258178428571429
39033 11.955936258241756
40053 8.956885017857138
42043 13.932078552747273
44009 9.347157664540827
48105 7.2139359999999995
48129 7.134054214285716
48337 8.36377988690476
48423 8.993649204703837
51071 8.499794366071429
5109 9.615225928571428
51113 7.831416910714286
51121 8.859449133928578
54023 7.93955269047619
6099 8.897951632218838
1083 10.378306758928574
13065 10.322258642857141
17079 10.812249392857145
18105 11.3405090172811
19039 9.921709333333332
22013 8.63429345
29109 10.244343596938773
37105 8.607140653846152
39123 12.469198175824166
40011 8.60903385
5055 8.625495099206352
17087 9.559161089285714
18095 12.360468986486485
19085 9.65407762142857
21153 9.510060294642857
21177 10.20597425396826
29215 9.111539651785714
41035 8.117510182142862
48171 7.576004607142857
48381 7.281185389162568
51141 8.41574351785714
6053 7.389982451228858
8121 5.7141043571428565
2090 9.12550607495869
12061 8.214295455952387
13027 12.545841785714288
13243 12.636897839285712
13255 12.348823916666664
16063 5.793949035714286
19133 9.255635428571425
20129 6.37317792857143
26015 11.927222120129878
27049 10.978729099999995
27051 8.141186196428574
31173 8.352092803571429
46051 7.750427482142858
48003 6.8216699285714295
48039 9.457097384453785
55051 8.033426226190478
56001 4.499905635714281
8075 6.1277661607142875
13157 11.681170522727276
17053 11.107701950000001
17071 12.518204547619044
17201 12.516248627087199
20155 8.93803648319327
25027 11.032599734842208
30079 6.205532428571429
36019 9.364931603383454
36029 11.216847003631962
37015 7.161611026785712
40051 8.95509815714286
42067 11.121207799999995
48043 6.231967464285715
49037 5.106620482142856
51051 9.020615000000005
53067 8.273997499271134
12067 9.534543625
13321 13.786455071428577
20151 8.300023976190475
21015 11.347405782467545
24043 10.515117364955362
26149 12.158836567226897
26159 11.31702467142857
29057 10.053797892857139
39051 12.907099948412707
39175 12.21027591071428
40113 10.9664234025974
47135 8.539253732142857
48145 8.42244832142857
48317 7.213268214285715
51111 7.408751345238095
53057 7.218920676190486
54007 8.691287869047619
16027 9.236414528325128
19185 10.093509333333325
21071 9.567127907142854
36105 8.73499222470238
37099 8.726573746031752
37139 6.93548459285714
46075 6.570664642857142
47075 8.57705310714286
48243 6.31276275
48253 7.786379571428567
54019 8.731020779761902
55111 11.953801148351644
8035 5.250203823770488
12095 9.944400304865438
13045 11.576795428571435
13299 10.598401250000004
18027 11.696157612244898
18061 10.953839857142857
20159 8.45593669047619
22097 8.263360680451134
26085 9.382238705357144
27141 10.386736256493512
28067 9.825050497448984
34021 10.628989446660487
40119 10.48466118067227
47185 9.477244684523807
48019 7.690894549999994
48027 8.511472986813192
48465 7.559251835714289
49031 5.297910464285714
5047 9.861371583333334
51139 8.045627007142858
53009 5.719723547619055
8105 4.615983464285714
8123 7.275692545918359
13187 10.511453232142852
16041 6.288664964285714
20059 9.778532435714288
20097 7.743860892857143
21155 10.09106592857143
29089 10.250992571428569
30057 5.660395249999998
31077 6.935248071428572
42061 9.956687985119048
45081 9.678210071428575
48071 8.574630083333336
48369 6.332166232142859
51810 7.578307300865812
6021 6.395363357142854
12011 7.8967136003165646
12049 9.46626723809524
12117 9.632320175249166
19163 14.0898384430091
21023 10.097020785714282
28047 8.876120060317454
28161 8.68434732142857
30001 5.759727869047619
31033 5.88592775
33015 11.275838182359305
34009 7.582708073660718
35043 5.446578790816333
38047 6.760763678571431
39169 12.76496437276786
42001 11.301052091614906
45051 8.434480438128773
47023 8.598819785714285
48029 9.03732980649883
6073 7.717773036796539
8091 4.882959392857144
8097 4.548613000000001
15007 9.12550607495869
13181 10.100131821428567
16035 6.090219035714283
21121 9.677911133928566
22085 8.293648969387753
26021 11.483347782738118
26131 7.627885940476189
27003 11.517417509896712
27083 8.788009198979589
29185 9.909197654761906
42007 11.949417127450982
46109 7.575175973214283
48239 8.332297916666667
51165 8.411980625939858
55017 10.582648373376626
55039 12.912380910714292
56033 6.707838815476187
1013 10.528864178571427
12091 9.236516339721264
18097 13.146323758609718
21119 9.289684814285721
31057 6.416560249999999
46083 8.810068045454546
47079 8.860384833333333
51053 7.360022714285711
55033 10.563224383928572
55065 12.487697757142858
18083 11.273569039285716
21157 9.483821119047624
25007 8.28457723214286
25015 11.469155196428572
26027 11.956955626623373
28045 8.388824841836737
36021 10.176591202380955
42019 11.136660472402601
48355 8.410514951499128
13231 12.426955446428567
20001 9.932621564285713
29073 9.741353607142857
31183 6.829531178571429
36063 11.234744716042135
37095 7.246534392857143
37191 8.397529880494513
39035 13.432768411034601
41015 6.412661982142858
42127 9.123156229591833
42133 12.905330532936516
46005 7.484680690476192
47189 10.14062456972789
48205 6.046112285714287
48341 6.723173401785714
48497 8.716993253246759
53021 7.786587733516482
9005 9.87855615126049
19023 11.189838035714278
19167 9.101158760204076
28013 8.825867492857148
28129 9.527083738095238
28163 8.988341166666663
29209 10.28789643452381
31011 7.2891891964285715
37169 8.990173785714287
39113 12.129845643557445
48147 8.861591150793647
48507 7.471478946428571
51590 8.812649948660717
51678 8.093530178571429
53077 7.618041174603163
8049 4.334444523809524
2180 9.12550607495869
1021 11.475148107142854
1037 11.844927178571428
13317 10.332668767857145
18001 12.68666553061224
18051 11.223287403061232
21019 10.866643876373624
27073 8.270876892857142
31061 7.341177982142857
37073 6.991574119047618
42083 8.908708732142852
46137 6.3846093928571435
48209 8.549386221428572
48297 8.389300482142856
48459 9.006051867346939
5049 9.060240642857142
53027 6.120460216517862
55077 11.90950897857143
16005 6.747969045454542
17113 11.6566216271777
19061 13.001438428571442
21003 10.021579928571427
21223 10.564315339285713
30059 5.489846607142856
37051 9.216333783088249
39121 11.489134809523808
41001 5.989785541666667
45035 8.901763835714284
47055 9.743778388392863
48451 7.55390017428572
51085 8.108642259316769
55085 8.630176176020415
6067 8.037791004731833
12093 8.471140443452384
13127 8.72540325714286
18109 11.925558230769234
18133 11.511586403061225
18177 11.695351117647062
23013 8.822181967857144
24033 9.192734682994775
27063 9.55081579464286
29223 8.770226374999996
40069 8.963871892857142
41027 6.165344098214287
42081 10.480014657635463
48001 8.526041006493507
5101 9.145762142857143
51035 8.728274377551019
53029 7.563766464285726
55025 13.480221682910575
56007 5.140479671428572
8033 4.89991067857143
12079 10.820612835714286
13107 11.28448604166667
16051 6.953520419642859
17095 12.488901839285717
19027 9.801822672619048
20165 7.676547178571428
29201 9.434292625000001
35007 4.862587345238095
38013 6.931036535714285
38037 6.376074785714285
39139 11.795027955952362
45077 10.02237303061226
48131 7.816074845238094
48225 8.739024352040817
54071 7.551148464285714
54093 8.14578579761905
12053 8.87784747077922
31017 6.580330142857142
36119 11.567792712203724
54057 8.786468306122448
6077 8.000192341212754
1033 9.807560556122452
12125 9.130379035714284
13021 13.271556891233772
18183 12.450501989795917
21099 10.195335235714293
26033 7.8053882857142876
27011 8.06057532142857
35003 4.896805321428571
38045 6.944394464285714
40055 7.545249017857143
44007 11.333151371327238
5045 10.042520882857144
53037 6.232490102678569
55095 10.167192353571425
1101 11.849332369780235
12103 9.693852885392294
21229 10.078322428571429
22127 8.07988234821429
27065 9.023013821428574
30007 5.655622642857144
32510 6.328608045918366
38055 6.529518607142856
40151 8.142256833333336
45069 9.219515887755106
48011 6.913753357142857
48195 6.9347558750000005
49017 5.167555553571427
50015 9.071556642857148
51163 7.994550562499994
55059 12.669771113265304
16007 5.949055999999999
16061 5.982895476190477
17081 10.301511905844158
20167 7.820158696428572
21077 10.685008999999999
22051 9.174860210600924
28041 8.894410714285714
30009 5.993830792857143
31167 7.956913928571427
35015 7.081334464285716
4007 5.68714265401786
47145 10.308312821428565
48017 6.315206178571429
48271 7.293006071428571
51740 7.968718827188935
6095 6.527429668898806
17003 9.28389116071429
18151 12.033423170634913
19101 11.806831830357142
20205 10.18070583928571
21113 10.653253408730157
21181 10.031848267857143
28031 9.424385116071429
33005 10.193316558035718
40129 7.5967322857142845
48345 7.049406607142857
48353 7.408067150000003
51143 8.54747380803571
56021 5.068977882653063
12027 9.209689230158729
17083 11.493242523809515
17129 11.26090780952381
17143 12.476862125744065
20045 10.210349586038962
21179 10.439219750000001
24027 10.070044808441546
27025 10.389630939285714
27145 9.613559316502485
28105 9.362749803571429
29017 9.204488392857142
29119 10.559921785714284
35023 6.241912892857142
37173 8.764536607142855
38069 7.02561719642857
39091 11.561093347402604
46065 6.759311357142857
47039 8.589807071428575
48101 7.137749107142855
48233 7.2718636836734705
48287 8.384649482142851
48361 8.761674653061224
50003 9.578803452380955
50021 10.909717603571444
12013 10.322667630952383
21227 10.506840395833322
26141 8.21278004166667
28011 9.094752754464286
29039 10.068046619047617
31079 7.412285431122446
40057 7.371645571428571
42031 9.768662814285712
42053 9.352716059523809
48033 6.929312535714286
48207 7.575498053571429
5089 9.300711348214287
5121 8.822033625
55137 11.820762913265307
56017 6.298667660714288
8007 4.667315937500001
2170 9.12550607495869
17065 10.207405083333331
17091 11.291376971674888
17125 11.467781732142853
19063 9.798174017857141
23017 9.147868722689074
24015 9.940298644736846
46111 7.5296195357142865
49007 5.290386071428573
51001 7.120039192857135
56009 5.731575062499999
12057 10.435136651450888
16055 7.901933714285717
16087 5.924086142857143
19137 9.684442410714285
19139 13.391352142857142
20113 8.868444265306122
21205 9.406631839285714
24019 8.33924475793651
29019 10.697184697044339
29147 9.634770592857146
31025 9.476320476190475
38063 7.006135678571427
39059 11.548686282142855
40071 10.104480191558444
48289 8.77026163095238
51077 8.447182914285714
51157 8.02933582142857
54105 9.696955767857144
55061 12.123602116071433
55097 11.415815408163256
6107 12.287805443223437
13063 12.46471553642855
19077 9.796655499999996
22087 8.714558432773106
26129 9.264072132653054
27005 8.166582703571429
28073 9.33069310267857
29021 10.08854970142856
47053 8.77346437755102
50011 9.709586742857145
51023 8.783841531250006
12063 11.541291155844158
13119 11.105398028571422
13297 11.817203811904774
18121 11.322372098214284
19171 11.217017309523808
20093 6.826627821428572
22041 8.08793948809524
26031 8.091874290178579
31039 8.33381398809524
31049 6.347439821428571
31089 6.836474839285711
39137 12.564696219387752
48051 8.532536414285715
48157 10.15242899248121
49009 4.864386821428573
5009 9.820642127551016
51045 8.447166999999999
2158 9.12550607495869
13061 12.071402821428572
18119 11.342910521428571
19015 10.383966943877557
20195 7.354436642857142
20207 9.737315982142858
25011 10.73729957738094
29001 10.504444091836733
31129 7.708418678571428
47027 9.59823355357143
48165 6.969929583333332
48499 8.903153482142866
51830 7.317818440476187
53005 7.662200830115821
8079 4.5103256428571425
1079 10.363968222222214
1087 12.184601943452384
13071 13.523811585714288
17147 11.180299633928572
19135 10.574651238095234
20173 10.398127347638281
24017 7.563250005952377
26119 8.311753471428577
31035 7.627086232142858
36001 11.603043264285716
4013 8.932865459529058
42117 8.765576232142857
8005 6.437167566083573
18005 11.437602392857146
21081 10.289445446428571
26041 8.991461399350648
26139 12.025814903638796
47009 10.21974725000001
47097 8.594138384920635
51169 9.722331488095234
1039 10.573235048469384
12035 8.03321614464285
13011 11.290283133928574
16069 6.600981453571425
18161 11.319605357142857
19041 9.625652357142858
40019 8.982147068181813
4011 5.466191369047617
47109 8.730205336734699
48085 9.459411621945495
48185 8.806358315476194
48319 7.372971821428571
48495 6.8850859404761895
8051 4.628964660714286
8113 4.845815526785715
1109 11.461992441964284
13013 11.698927470238097
16047 6.00807632142857
18101 11.468192238095234
22061 8.752136935714294
26083 7.0556727678571445
27109 11.525659653679654
29033 10.164837797619052
29079 10.24497271428572
29131 9.930282471428573
31069 6.105274000000001
47035 9.326997852040812
49057 6.599848968571427
53051 7.249445500000002
54109 8.44587681547619
12047 10.127166190476188
13095 13.768816854497357
13235 12.782003773809523
13251 10.263817242857138
16067 6.208278250000002
19049 10.288910390476197
20033 7.863526035714287
22019 8.713410461038956
27147 10.803764562500001
4009 5.883929023809529
42119 11.378600757142856
47037 10.171908226929938
47167 8.648536019230772
48441 8.00848984586467
54081 8.421598483193275
8023 4.660808767857143
17033 11.02466356547619
27173 8.547183491071424
29013 10.04869514285714
37065 7.880067127551012
37085 8.76159476719577
37149 9.512190479591832
46091 7.3717928214285715
5081 9.705692758928576
5135 8.907598955357143
13017 12.269403578571428
13123 10.374536121428575
17193 10.386022135714287
20057 7.765081352040817
20127 9.133609589285715
23023 10.564271892857148
27081 8.348641535714284
36113 10.640519889097748
37049 7.517770115646259
41053 8.606584610119048
45001 9.942599249999997
46031 6.483883374999998
47173 9.953647455357142
48373 8.48269156071429
54101 8.072059845238092
6027 7.472491523809528
2068 9.12550607495869
19107 11.61796508035714
19189 10.21863894047619
21235 9.76636696428571
26135 8.694371378571427
27021 8.159245539285713
29081 9.888634976190477
37127 7.970562960317455
46037 7.436086154761905
47045 8.656208415178572
47063 10.238828383928567
48291 8.701942900510206
51065 7.752443982142853
6041 6.232224323376624
8027 4.518895321428571
8115 6.358349500000001
2130 9.12550607495869
22069 8.555468837301593
26105 9.517889799107143
28145 8.939656142857146
29067 9.37424947619048
42055 10.972717638888897
54097 8.514433767857144
6087 7.417866967032968
17021 10.978075564285714
17141 12.279233392857142
18003 12.809320656249993
22037 8.73534909285714
29107 10.30436656122449
36073 10.005656582142857
38103 6.7513226249999985
42025 10.457163827380962
45067 8.803132223214286
54107 10.667640510989012
12099 7.365625552140735
13191 8.824420892857137
20011 10.081456035714284
21139 9.503309232142858
26053 8.003036551020406
28055 8.609431892857144
30053 7.978488028571428
46033 6.671936035714286
46041 6.478636839285713
46095 6.480693750000001
48067 9.181288627551021
48093 7.587870919642858
48349 8.478323835714288
13295 10.82561622252747
18171 11.21324757142857
27125 7.626935964285714
35059 5.2418530357142865
40141 7.8924505
46009 7.460883321428571
46025 7.5707023214285725
48211 7.272263571428572
5075 8.746402291666666
8103 4.9846012321428566
2150 9.12550607495869
13145 12.407895885714286
18179 12.441102112244897
19143 9.408495482142856
19173 9.709092833333337
20031 9.449422595238095
21079 10.081350732142862
27119 7.736184757142865
29121 10.382017757142851
39173 12.909568941326523
42089 9.912166049783554
45045 10.283468819498065
47025 9.548509428571425
51089 8.603693961734692
51099 7.1224692357142825
54089 8.287683053571426
6091 5.942044142857142
13209 11.43748909523809
16025 5.0507346785714295
17155 12.006179374999999
20009 8.113590013392859
20191 9.456454172619045
21163 10.665725991071435
21195 9.5631469868421
28149 8.788242711309517
29083 10.01077249404762
29195 10.088703151785724
37077 8.102978087912087
39001 10.093236440476192
48221 8.22700873571429
48293 8.43743966964285
50007 10.145822477551006
53025 7.186359272321424
1001 11.552863267857143
13233 11.372428642857143
13307 12.705240857142858
17011 12.241362082142867
18089 12.390760484126954
18129 11.010445525510201
30087 6.360471267857142
37089 9.244957539682536
37129 8.45832197808441
38043 6.744923857142858
39157 12.237425290816327
42045 11.683911985615087
48397 9.235112701298705
54039 10.168988966307273
9009 12.200212145691578
12127 8.593729374525916
17151 9.472166589285715
18165 11.299251421428576
20179 7.026447999999999
22105 8.390904071428574
24031 9.952172361461814
31163 6.889577178571427
40003 8.544396809523807
46081 6.059928757142856
48075 7.305154678571427
48187 8.814186326354683
48401 8.962072804945056
49023 5.103958232142857
55053 10.71607644285714
6057 5.441671403571425
12003 8.976341151785713
17101 11.0206849
17153 9.319083160714284
20079 9.406949178571427
22059 7.895245571428569
26137 8.275685464285711
36099 9.812802796428569
36103 9.628834460292829
37045 9.97080935714285
40089 9.357854959821427
41013 7.4097466607142835
47033 8.68416815
47123 9.89561756122449
48031 7.8308900892857105
48183 9.182419664285712
5025 9.393458392857145
51161 9.09604005555556
53013 6.237650464285713
53065 6.954146023809524
55079 13.413245023208287
55117 12.522579388736276
6045 5.127958821428576
12005 9.368119545681065
17177 12.466672936813186
24011 8.6103566468254
40085 8.839257869047616
42121 10.044082988839293
48375 7.384928383403368
51003 8.037801676948048
51031 8.297913860119044
6003 5.800130928571427
1049 11.272285257653062
1123 12.040129807142852
16037 5.249035178571428
17133 11.266392660714288
19157 11.12531425000001
20203 6.7119926785714314
22067 8.4752883125
26071 8.128484085714284
31065 7.004943607142856
36025 8.51472148979592
39109 12.03734178401362
4021 7.123149158095254
41029 8.62441290853659
42129 10.666680498928585
48433 7.199224142857142
56035 5.945569232142856
2122 9.12550607495869
13139 11.518428276785702
17189 10.219265741071425
18059 12.550445042857136
18079 11.04810375
21101 11.419558373376615
21145 9.620899289915977
29127 11.117497187499993
29151 9.910217991071429
40041 10.402209039682536
13085 10.943134440476186
18013 11.231536687499998
18093 11.141788835714278
20169 8.762163440476192
21031 10.093719571428576
27137 8.153399096861468
31165 5.508922357142858
36031 8.599085425824173
37055 6.799579123015873
37179 9.456901720383293
48447 7.596735714285714
49039 5.312124000000002
5125 10.198474967687073
