11.678154193548387 17039
10.931389919354844 18135
10.445449462365593 20013
11.281315053763434 26023
7.471565982404686 26035
10.211152561669824 26155
8.757131899641584 31001
5.993516129032258 32029
11.337956989247306 37001
11.529063225806459 39159
8.380012903225806 46063
10.7159259762309 47011
10.694091563275439 47073
10.876002867383512 51009
11.216874193548378 13047
12.535938709677422 13249
12.117758781362008 17157
11.316111520737326 22093
11.61984470046083 28133
7.24473870967742 31063
8.766303225806453 38057
11.55294623655915 39161
10.779496774193548 40033
9.892548387096774 47049
9.76160892463315 2275
9.134224731182796 16045
10.120727240143376 17001
12.104039898132417 18085
10.190596774193548 21133
12.39399112903226 21219
13.052591532258063 29207
8.232050586510256 36117
9.84436209677419 37121
8.618909677419357 48173
7.191829838709685 55135
8.316621935483871 16039
10.449122580645165 17175
9.147613412563649 24045
11.385492473118278 28091
9.726038709677423 29227
7.0300903225806435 31135
9.302708064516136 34033
9.67509158485274 34041
7.849600189753321 36077
8.383880084151473 36109
6.4214074003795005 41071
11.406495611402852 48061
10.742886451612897 48265
9.567466935483873 48399
10.422061290322583 12065
7.691209507640068 12119
12.605341687344918 13217
11.110814193548393 21207
12.377400460829495 22011
10.763802956989242 22113
11.32442258064516 28015
10.150370967741935 30055
7.902951036866359 36089
8.143162365591396 37103
11.373715053763442 39127
10.056177777777785 42035
7.995837989631329 9003
8.893164717741934 10001
11.86748000000001 13015
12.387616317204284 13067
10.406315437788018 13179
11.997105851462848 17019
11.27096048387097 17107
10.48351895161291 18023
11.074246774193542 21137
11.97094731182796 21187
10.9775064516129 29167
7.310941935483872 31071
7.123089247311828 31145
9.040577419354836 38025
7.208851612903226 46117
10.175305123339655 47019
11.91595806451613 48255
8.66987741935484 48383
11.413542741935483 5017
5.278280645161293 6069
9.76160892463315 2070
10.936926881720423 13279
9.147177419354835 13281
10.381766129032265 21115
11.534011693548383 22039
12.038980645161285 28101
9.688759677419354 37115
7.196118548387098 46035
6.731438709677421 46123
4.913405161290322 8067
5.581219959677419 27035
5.8727423387096795 27115
10.861603081058764 31055
10.599461720430105 45055
9.78358951612904 54075
9.76160892463315 2110
12.477108064516127 13197
10.899379354838716 18045
9.447314516129037 20117
10.328052258064515 21175
9.066946401985115 26157
7.416795483870961 27047
11.33713978494624 28097
9.960389032258062 30081
6.249327419354841 32023
11.227546021505372 37159
11.22272623655914 39009
10.552151707779885 42013
9.250024731182798 46127
12.616573476702511 47113
8.836413824884795 48219
10.043220967741934 51685
6.327937634408601 8019
12.308707373271899 13285
11.035963929618767 22117
6.148448387096774 27167
9.59380322580645 30025
11.108559755045677 37183
11.75071182795699 40099
7.4054935483870965 46055
13.23184789081887 48347
11.50760527859238 5115
9.081976612903224 54065
6.681216129032257 8047
11.752323870967746 17045
11.15511548387097 21045
6.540071428571427 26009
9.403774193548387 29129
10.058396774193547 48083
10.366151612903222 51520
6.158544922341703 53035
8.36065166034154 8013
8.0456 16071
13.051867741935483 21105
11.025573118279572 29011
8.50626129032258 30107
12.329496505376332 39029
11.147392473118284 40091
9.365962365591395 42057
9.906868817204305 47007
8.238312903225806 48045
7.38468741935484 50017
6.077948387096774 56027
6.173700197498364 6075
12.548211612903238 13113
10.840748387096776 13165
12.460491935483875 13259
11.549686021505376 18055
8.623122499999988 23031
11.510047580645159 29181
9.63457419354839 29205
9.247494441687342 36087
11.268576958525337 37059
11.557290322580645 45037
6.873203225806453 46003
12.85002450716846 48245
11.439604838709675 54035
8.141567741935486 56041
13.177256451612898 13169
8.685216129032257 19055
7.679632661290323 23027
10.474199255583105 24003
11.15636935483871 28125
9.858037634408602 29137
7.64234569892473 30067
7.631994354838712 36095
11.544295698924733 37033
11.324675026014566 37035
11.678899204595679 39093
11.74613317972351 48249
9.761417050691248 51149
10.67856935483871 51640
5.585246543778794 8043
12.65755806451613 13141
12.09084112903226 13221
11.426242521994132 13275
12.663362365591398 17047
9.405906451612902 20115
11.013287903225809 21069
7.3698494623655915 26101
5.721970564516132 27097
12.063852073732724 28003
10.787260215053765 29085
9.446789032258062 30003
10.934019729932485 31153
8.79914105571848 37061
11.64220451612903 40023
6.7583419354838705 46069
7.925017741935484 49047
7.322598387096772 50019
8.044595967741945 6089
12.406826881720422 13263
5.3896025806451595 26097
12.468615151515136 28033
10.574427096774198 29053
9.836535483870971 29117
8.28317634408602 37143
11.732536290322583 42051
10.218185806451613 47107
12.63511912442397 47165
8.916577880184319 48135
9.429197235023047 51069
12.492740860215058 1075
11.777554838709678 13287
6.975822580645159 23021
7.132838709677424 31111
11.397695967741946 39037
13.323651394943326 39061
9.779910035842288 47029
10.433562365591401 48429
9.773134345351046 51061
6.6399010752688215 56025
11.34223537705626 6065
7.723264516129036 12075
11.856147741935484 13143
13.229875870967737 21037
12.229939516129026 21061
12.46103225806452 21141
10.1827846390169 22109
11.52314002269411 29189
9.663492903225803 37131
11.959659677419355 39111
10.000142741935484 40073
10.187411290322581 48127
12.304474193548383 5073
10.59969419354839 53001
7.700317741935479 55049
11.698562365591393 13195
10.773630645161283 13227
9.943362365591398 16079
12.787485483870965 17059
9.015646236559137 19121
10.298718279569897 21129
10.845028110599085 21199
5.9602089605734765 27041
8.965454838709675 31059
7.657852785923749 31157
7.326266935483862 35035
6.207748387096773 38099
7.314377419354837 48421
10.414344623655898 51005
10.979401612903223 5113
8.030106912442395 12001
10.823465806451617 13001
11.085127682901135 17097
12.918634677419352 17185
9.108434946236558 19181
9.012990783410139 24039
9.166957969639444 25025
6.685175806451609 27157
10.885263594470047 29009
11.498134723067578 29510
12.3530102764977 39099
7.395618934081347 46103
9.586977419354843 48137
12.350049032258061 5027
6.023681048387097 53015
6.7501873655913975 55075
11.223700967741943 18011
11.575315770609317 39107
12.406446129032265 48021
8.492316129032258 48087
12.782025996204933 5031
10.9729424573055 12073
10.210721935483868 17149
11.279985773366437 18057
10.336377777777773 21013
13.237499449252553 21117
10.322412622720904 22057
9.266941935483871 30069
6.908990322580644 31113
6.571499999999999 35019
7.666037071960302 38101
9.831988888888883 45029
10.69261225806451 47057
9.492027419354843 55089
6.663244239631338 6063
6.736197444168721 8041
11.959103870967745 13099
12.00984879032259 17027
8.362935023041477 19065
8.355643548387096 19147
7.978883870967741 20141
8.595567660269483 36071
9.909917756732757 36085
6.422554838709678 38029
11.516445828698544 39085
11.309645698924738 40087
10.30407032258065 40117
10.724674731182798 42097
7.462238530465947 50027
10.638258870967743 13213
10.547332258064516 18159
11.317032258064515 20003
11.197965068697712 26099
7.871306451612903 30097
11.604052995391706 39047
7.328579999999999 40139
9.002229493087562 42015
10.34347053763441 47059
11.901989247311825 47069
6.40162661290323 55093
9.76160892463315 15005
12.378209677419362 1011
12.13882956989249 13059
11.983426129032269 17093
7.367428462998099 23025
9.52817756598241 30013
9.79655134408602 40047
10.345493548387097 45049
10.768908784562226 47093
12.068757419354837 48057
9.973360744416874 51107
11.457336559139787 54085
12.036500806451615 1023
9.53984076246334 24035
7.4409172043010745 26133
10.288714717741938 54055
11.501899641577067 13129
10.222213978494626 17103
12.506224516129034 17159
12.0431396313364 18063
8.923154159592535 19013
9.131670967741936 19093
5.954900000000004 27111
10.7204404174573 37027
6.983427419354835 38085
11.440145967741934 39135
12.04453483870968 48089
11.385572043010754 48193
9.76160892463315 2220
11.936745161290323 17023
9.316423118279571 19149
7.554760752688172 27043
6.42015437788019 27085
9.211239784946239 31095
11.692198207885298 39071
11.053661290322578 39145
10.007182258064521 42023
8.26998258064516 46135
11.995409677419348 48321
10.10006451612903 51007
6.931803970223315 53011
9.705401762940713 55133
5.54692258064516 6051
7.018268035190621 6097
6.542754838709678 8061
13.205253046594994 18039
10.450084032258063 18067
8.250179354838705 19059
7.400624193548385 20065
7.6213612903225805 20119
10.541515842628886 24005
6.373723502304145 27017
7.178753456221199 27103
5.5394645161290335 32019
8.189870967741935 38001
11.612170869990232 39003
11.13175668202765 39053
10.909474999999999 40107
6.785070967741935 46073
5.844625161290322 49041
7.951147127016128 49049
9.559829032258065 51036
11.381951612903224 54017
9.250859507640067 55105
12.874645691559886 1089
12.181201612903227 13273
10.597299354838714 17061
9.862632258064513 20197
11.269096724565768 37071
5.9870434101382495 46029
11.746122580645157 47127
12.777398924731182 48041
12.056028494623662 48285
10.21045376344086 48307
12.4573729032258 5019
5.35339124423963 53031
10.485494009216591 54067
12.865458881720405 18141
12.431867281105983 21085
12.571207258064527 21215
8.332606451612909 27105
10.854196774193547 29219
10.629435483870964 30089
7.542510526315787 33009
7.574925000000001 37137
6.0924516129032265 38095
11.788895060483885 39089
12.587840577249569 42005
12.593871889400925 47147
13.019398533724342 48217
12.646941464298667 48491
10.428206451612901 5129
10.982123870967744 5141
12.020975806451618 13037
10.078022580645161 30085
6.790274193548388 31009
8.597069354838707 31139
8.121820645161291 36123
11.54342876118187 37081
9.295228629032254 38089
11.009199193548387 40061
7.331333467741933 41061
10.346345161290321 42037
6.799687096774194 46121
8.112337096774192 46125
12.510221505376343 47021
11.120308064516134 47087
12.900506451612902 48097
13.644912393887953 48231
8.683716129032257 48431
11.189238598442696 54011
11.828398064516124 54103
9.76160892463315 2185
8.069688387096773 12041
7.1713099519560775 12115
9.209368817204302 19009
6.801183870967742 20153
7.750387096774194 31175
8.126094397283525 36011
10.741793778801842 37193
9.627921013824885 38105
11.103911730205285 54033
6.368026523297496 6005
13.162859305210922 1115
8.628652688172046 17085
10.07450725806452 20111
10.560808064516133 21197
7.421749193548387 27033
6.264198826979473 27061
8.138859354838708 27117
6.651825806451614 27129
11.577392473118275 28019
11.492672258064522 28039
12.087646236559138 28103
11.31881021505376 37109
9.522995421436008 37155
11.776664222873904 39005
11.572137756598238 39023
11.442582795698927 48237
12.937999999999999 48367
7.727219851116622 49043
9.186130107526884 54031
9.294562211981567 56005
12.567482551319648 1077
8.051135532017327 12101
10.44838400726944 13051
12.369219354838716 18029
12.059528387096776 18153
7.021283870967742 20199
8.869648185483875 24047
12.493655197132618 28095
12.031434050179215 28121
10.113593295763716 34017
10.697483333333334 37069
7.311150322580651 38015
12.425641129032261 40095
11.18128924731183 47015
10.65000322580646 47141
11.00603548387096 51083
11.708555913978495 5117
8.565867046173308 6007
12.764261290322578 13053
8.519811693548386 19017
9.952841935483871 20049
12.029750967741927 22027
11.005362365591397 22125
7.081488709677418 27015
5.634317204301076 27159
6.177538140417456 27171
11.628633333333333 28077
11.951181105990779 28099
9.973107526881721 29041
9.286546774193551 30005
10.005049283154126 37125
11.702448217317468 39119
9.854229838709681 45027
12.412691935483865 48477
10.523736656891517 55101
8.19932445369407 6025
12.036381720430107 1041
12.68200666666667 1047
12.838028602150535 17199
11.908550928641247 22079
12.40790628183361 28081
10.718078494623654 29125
7.930969907928725 32003
7.233354193548382 37141
10.184443817204293 42087
10.215674537970388 42101
7.767302150537635 48357
10.127962096774196 51135
7.048902150537636 55031
12.83503204301075 1051
7.852289127837513 12017
12.771941935483873 17069
7.739769354838708 20163
9.95968870967742 31097
5.755904007820132 35045
9.310617741935484 40149
12.135796187683281 48481
9.76160892463315 2100
12.843108709677415 1055
11.63648810035842 13117
11.251617741935485 13155
11.20411693548387 18111
8.926868817204303 19187
6.033245806451612 27135
10.093974193548386 30019
8.386998387096774 37029
9.979590322580645 37189
5.673351612903225 38027
9.8475629032258 47155
12.366574558458582 47157
9.352485483870966 48151
7.930579262672807 48179
8.87291935483871 48235
10.90997903225806 48333
12.627330107526873 48405
9.219608870967742 51093
10.385323655913977 51197
4.9080790322580645 8055
11.192521505376348 13271
11.974963440860217 17173
11.479972258064512 17179
12.01781838709677 18113
11.402709098428454 26115
9.848074999999994 37079
10.670735806451619 37181
12.005930824372763 39027
9.129667741935485 40093
6.686959677419358 46129
7.343106451612901 48229
6.82901707779886 6061
10.73474865741577 11001
7.274368690702082 12107
9.826774838709687 17161
11.72985806451612 18145
10.763325022781098 22071
9.568991705069127 26121
7.430548387096775 35011
9.152342114695339 35025
6.433464516129032 46115
6.802302150537632 55073
9.76160892463315 2230
9.01296612903226 20201
10.943413782991193 22099
6.318493548387095 27075
5.698583870967741 27107
11.07341612903226 28005
6.736867741935485 31091
8.961041168508952 34025
6.749948387096776 35027
11.053016568914954 37171
10.997431720430107 40079
10.007189516129037 47171
11.21174637096774 5143
13.668046526054589 18019
7.498848387096774 20101
12.003621290322581 22121
7.29808387096774 27099
8.703038709677418 30037
6.813596774193549 31005
8.72861129032258 31169
6.339852044930876 32031
9.276097067448681 45089
9.087645161290324 48413
10.787077419354839 5127
6.927443979744933 53053
9.623691570757002 6019
6.8760889400921625 6093
13.080776858345025 13153
12.11090120967741 18087
10.583582580645158 19129
11.062008243727593 21089
10.238320967741936 51049
6.428232258064516 8073
9.533841935483872 20161
13.107724731182802 21007
12.120095161290328 21123
12.547885023041477 28087
9.338104838709684 34035
5.68008387096774 35028
10.316755913978493 51125
9.829093548387096 51595
12.45148727598566 54069
11.597314580645165 12113
11.840417741935479 13315
11.73430129032258 21005
12.557107526881715 21041
11.85735322580645 28009
8.934843453510435 34011
5.268806451612903 35055
11.339817617866 39063
7.216120967741936 46007
11.152603225806452 48311
11.713516774193552 5011
9.206684562211978 51199
5.828570506912443 55003
10.484276344086021 13183
12.58635139784947 13247
12.00823548387097 17041
10.444927150537628 17057
7.668222580645163 26051
10.085449820788526 31053
7.590234897360708 33003
7.050598387096775 36041
11.041085253456226 37003
12.653276572580646 39017
12.298169677419358 47161
12.41026276881721 48091
7.3660725806451595 49051
10.349441397849459 51105
7.355242193548387 55063
7.359884331797238 55123
6.619961290322579 56045
8.806314112903227 16011
11.35491290322581 17075
11.274793548387107 20125
8.194294134897365 26107
8.335093548387098 31099
8.271718663594454 36083
11.42272183622829 39077
11.241473476702506 39171
11.203675366568916 40137
12.291441935483869 47083
14.736273687420057 48113
11.612806451612906 48261
10.902291935483868 5065
11.774583870967742 5095
9.726229032258066 51091
7.9420129032258036 6011
6.892524193548386 8095
12.841349462365594 18025
9.692227272727273 20035
12.844590860215051 21107
10.708945698924724 29055
7.878829462365587 33001
11.570346627565979 39011
11.341714820276472 40143
7.952619354838708 48065
8.914141577060942 48189
9.386664516129029 51175
12.383666451612905 1107
6.037444354838706 12043
12.991666308243731 13009
11.744860267505919 17089
8.972029838709675 19025
10.301308064516126 21051
10.538466666666661 30021
10.003779032258063 30077
10.343658064516132 31131
6.5357400000000005 38067
8.634167741935483 41023
12.833662903225804 48315
11.993639784946229 5107
9.2542435483871 51159
5.849403225806451 55037
9.367180107526881 8014
10.963220430107526 13161
12.784228225806451 13193
9.387421935483871 19029
12.96886720430108 21027
6.714379032258064 27143
11.446105942275052 28151
10.553722580645157 29005
8.05264193548387 31003
9.00766553894572 34037
11.31698069059519 42049
10.5363559139785 45005
12.969982580645167 47131
9.973566031869424 51153
11.214433870967738 54013
12.230373605661292 6037
5.485372124163118 6079
11.215116129032257 13075
12.881558064516128 13289
11.624245161290327 17063
7.064087096774194 20187
6.8047242703533 27139
6.269256451612902 27151
11.939984677419357 28023
12.68104475806452 29031
9.451188172043016 29211
9.148329032258065 30051
6.600427649769584 32007
11.29300248138957 42065
6.484819648093839 44005
10.142391935483872 47175
6.412566666666667 12055
10.811787096774195 13005
12.939316774193545 13207
12.508993145161295 13261
10.671422580645162 17013
8.7741435483871 19083
11.832327096774202 22043
7.293171326164878 23007
5.751214516129032 27153
11.26535870967742 28051
9.250054838709678 29171
11.048093145161287 29225
6.811103225806453 31087
9.92638673835126 37093
10.637994789081892 37167
9.201701290322578 42105
13.471067741935482 48161
10.077483225806452 51145
9.24156451612903 51620
5.566712903225805 8057
8.25248064516129 16031
10.717010732009934 17111
9.665620161290324 17131
12.674756578947376 17197
10.310271054925893 18157
11.084940860215054 22107
8.826182404692085 26123
7.344665120967748 27013
5.729932258064515 27087
11.735674193548391 28083
8.810172043010754 37075
6.091957282502442 38017
4.811949498207884 4012
8.668253225806453 49029
12.398283333333334 54009
6.6625344086021485 8063
13.874492580645164 18043
9.085768817204302 19115
6.9597612903225805 20039
12.87302580645163 21093
10.657398709677414 22045
7.310212258064514 25019
10.237201382488474 29007
10.416416129032255 31127
9.834470967741936 31133
9.253451387096794 34027
6.300472580645161 35057
5.832742741935487 38005
5.510670967741936 38039
12.302552903225806 47085
12.970416935483879 48313
7.949579032258064 50013
6.222206451612906 55119
5.586254838709677 8029
12.620115591397843 1065
12.092648680351905 1069
6.214071705069121 12085
12.056101935483872 13303
7.410935483870968 16033
7.3634397849462365 16085
10.92110516129032 17123
10.52564596774194 21065
9.995755376344091 29175
9.100619815668205 37039
11.82860302419355 39167
10.851488064516126 42107
6.013719354838708 46089
10.580886290322578 47061
12.766721994134901 47183
10.86766451612903 48163
5.1654318548387055 49021
7.765309677419356 49033
12.526566689303918 5119
5.4894870967741936 53069
5.996831612903228 55007
9.76160892463315 2020
12.445319892473112 18117
9.062678763440855 19103
7.76923064516129 20069
11.833800570719603 20091
11.95950138248848 28089
11.105660592850901 37025
7.487978772112368 37133
7.21822242703533 41043
9.426851612903228 42113
12.432359139784952 5099
5.833248387096774 55099
6.814178629032258 55121
5.715668042010499 6017
7.082438064516129 6105
9.76160892463315 2060
10.493121658986176 13029
11.100871428571423 18041
7.185841935483872 20075
11.522536559139791 28155
7.1235733137829955 33007
7.6224978709677425 38059
8.228621370967733 41045
13.191771157495257 48005
9.583038709677417 48095
6.818550000000001 48111
8.981867741935487 48263
11.108990322580647 5097
12.922193056835647 53063
12.337444999999988 13077
10.564366774193541 17137
11.37430725806452 18073
8.989295967741937 19095
10.466137096774197 21063
5.352019354838709 32009
8.735392903225813 36107
8.255230107526883 37041
11.458658960573484 39101
6.467132258064515 46021
11.864438123167158 47099
10.332289165230229 26049
11.546107096774186 28043
6.713162903225806 31161
5.556970967741934 32015
10.096230783410135 36013
11.662296889400917 39045
12.326580184331778 39133
6.78833870967742 46077
10.207199354838716 51600
8.930694838709671 55055
7.67108279569893 56043
7.490829032258067 16023
12.643747311827957 21143
10.713919999999996 29141
11.121174838709678 29165
9.728217204301073 30043
10.322949462365592 37007
11.174871889400933 37135
11.561165591397856 37157
11.157524423963146 39073
6.45646129032258 46049
13.34299451612903 48471
12.518609032258057 5057
9.787706451612904 51081
9.478804516129033 51183
6.202926231389601 6013
7.751293548387097 6015
7.21174733870968 6055
11.955811827956987 1067
12.235759677419352 1119
9.387120967741932 19159
11.651771612903222 21217
12.255566129032267 22115
10.364907580645156 45075
14.50543503649638 48121
12.589066129032263 48351
10.496532258064525 48463
10.492195483870965 5015
4.831645161290323 8111
13.06644050179211 1127
11.81761161290323 1129
6.865741935483876 12015
11.083314516129029 13283
8.442631612903227 16049
8.88219935483871 16053
10.631193548387095 18007
9.072553225806448 19045
13.16261451612904 21075
8.407282795698919 23015
11.030643833017075 29071
6.429487806451614 35049
12.279999677419354 39013
11.111778427419342 39087
11.339582258064524 40105
5.691093010752688 41007
12.101376850094885 47119
5.178387327188938 53045
7.807934440227704 53073
8.955339354838708 54027
7.739648387096774 56011
5.664508387096776 8117
11.99694499999999 13073
11.827522580645157 13087
13.003396774193556 13225
10.932894623655914 20043
11.299003225806452 21097
11.977576280834903 22063
5.685766666666665 26003
11.18274193548387 28021
11.22631075268818 29145
9.098305131964807 30031
11.245613548387096 40035
10.483609256662005 47179
12.259196774193546 48055
13.205493548387098 48063
12.53240146627566 48199
10.122107373271888 51167
11.73550752688172 54095
8.050010215053762 55043
8.79967296466974 6101
7.991942903225822 12019
12.29764516129031 13219
10.097132258064518 17169
10.042394623655918 20131
11.19893064516129 21057
11.450602150537632 28053
11.287760215053762 29217
10.531891756272397 47089
12.45738248847927 48331
12.92884314516129 48449
10.935759139784945 5137
10.66576100981767 51770
9.607920843672453 10003
8.172139784946234 19043
13.271175268817204 21149
11.199529677419354 22065
6.7887050691244255 26109
7.0715903225806445 31101
9.301706937218194 36059
10.513691397849463 37005
9.7903864516129 37199
10.470047554630602 42027
9.21959061583578 42115
11.04244459203036 45059
9.223406451612904 48435
5.399920967741937 49001
10.747823655913981 5005
11.96361169354839 5085
12.055849323621235 1003
6.677703939480431 12009
11.907660398078244 13245
11.520539354838705 18047
10.917302419354836 20087
7.078116129032259 20109
12.449966690042066 22033
9.723375627240147 22075
10.058497113752109 24013
9.724437969328408 24021
7.842372580645161 26063
11.472655913978492 28131
10.783378592375367 29159
9.86590860215054 30023
8.698335483870968 30045
6.670785483870968 31045
7.946584437663457 36065
9.198211059907832 37175
6.388180645161291 38083
8.729012096774195 40009
7.670490322580643 41049
9.087909677419356 48443
11.575038064516123 5043
10.008130414746544 51683
10.990732258064515 54015
7.307033225806458 6023
12.822057771260999 1121
11.392545878136206 17203
9.437077419354841 19165
4.503333055028463 32005
8.377777688172044 35009
7.923299032258062 38075
9.243705161290325 40039
4.8170969662058285 4025
6.504963104838708 41033
10.497183870967737 45017
10.309644623655917 47001
8.782118064516128 48279
8.611598387096775 12089
12.64795638709678 13151
6.839841935483871 20023
10.578330724484394 26093
10.457701612903225 29139
7.7327512733446495 36043
12.791666129032262 39025
10.719798709677418 45039
6.365154838709675 46039
11.50125677419355 48281
9.097216129032258 51103
11.129733870967748 54021
10.682543010752688 54045
7.170305069124425 55001
5.636055760368663 8037
13.39538771448183 1125
10.225920161290324 12129
11.448309677419353 13167
12.362355483870964 13177
10.820325161290327 13185
11.140182258064513 13309
7.732588709677418 16029
9.27835822909809 19153
8.406798387096776 20145
13.420944086021498 21091
11.137155913978496 22001
7.173352746294687 37031
9.096927419354838 38011
8.830655913978495 46027
10.312530107526882 47153
12.99946352357321 48181
9.099442741935485 51119
9.132533776091076 51650
8.578803870967738 53047
6.040820645161293 53059
7.535190322580644 16003
7.97458279569892 16073
12.694567741935487 17077
11.282415053763444 29123
10.048179032258062 40103
11.72592454417952 42063
7.492145161290324 46067
10.507537096774193 47067
12.092361290322586 48025
7.801419354838709 48393
13.305441935483874 48455
5.39560230414746 53049
10.198664055299538 54025
10.402877859237533 26037
10.91511417255205 26125
9.553101612903223 38053
12.032846626533413 39049
11.958148387096777 39067
11.97486826859777 42071
11.413404007820144 45003
7.084232258064516 46043
7.491421505376343 53019
6.508234677419353 55019
12.092224999999997 1029
12.593812903225801 1105
9.62912692307693 19193
7.29406129032258 20137
10.453590322580647 21109
10.516025558312657 21125
10.568563225806454 21127
9.126640942928038 26017
6.613061290322582 32027
8.011977419354846 36111
8.822775268817209 37017
11.39850806451613 39105
9.695312903225808 42131
9.91148220918866 45041
10.027874193548387 48385
8.95495216365067 51550
10.913476129032263 54043
7.268137468982638 12081
9.332876405529957 34023
7.63750645161291 36035
7.638989943074007 36115
5.817308870967741 38097
11.192000537634412 39131
11.161929390680994 40133
10.606295967741936 42109
7.126232258064515 46097
8.881628912783752 48329
7.3500179211469545 55029
7.6445338709677415 56023
6.898353225806451 6049
6.716703225806451 8039
6.865544913151351 9011
9.76160892463315 2013
11.85087795698925 1111
11.238660410557179 12131
11.377524193548384 20021
8.281682258064516 20047
11.012960752688175 26005
11.62166451612903 28065
12.431706935483867 29037
11.267531285459562 29095
11.144706947890809 45021
12.493781048387097 47017
12.484509824046919 48167
11.883203763440871 5037
9.170484677419351 51133
13.071669295101568 1081
10.088568817204298 12045
11.966584946236557 13201
7.798398387096777 20135
12.033422580645162 28093
10.393667741935486 31147
12.16121774193549 39075
10.697029749103946 47177
11.342952016129027 48325
9.417679861111104 8031
6.631238064516132 8099
11.968625806451616 1061
5.738419815668207 27095
10.220469354838707 29025
11.9831129032258 29157
6.706890322580645 31149
6.686066129032257 38049
8.469266129032254 41025
7.647762903225807 46087
11.178224731182794 48077
13.940658064516132 48213
12.335868548387102 5053
6.4286225806451585 55067
12.576265806451602 1057
7.54800677419354 12109
10.471728485511209 16001
11.971527419354842 17029
7.608463870967745 19191
9.124408602150538 20095
6.899583870967742 26113
11.726498481973435 28035
10.500098387096775 29063
11.07531935483871 30075
9.358852419354838 31151
8.435293210802712 33011
9.569466845878136 34039
8.22005903225805 36067
10.040567383512554 51173
7.277635562549195 6113
9.69212673761224 8001
5.343525483870965 8085
9.76160892463315 15001
12.691170967741938 18115
7.397174193548388 20189
11.193091705069147 20209
9.01058178129437 25017
6.152645657568243 27027
11.134516129032257 28063
10.985536290322583 29047
10.238931451612904 40015
6.158703795066415 41041
11.933647311827956 47003
11.693860483870969 5079
8.414756854838705 55045
6.006125806451616 55107
12.247275268817203 13081
11.001863364055293 17099
9.003625806451616 19035
11.42606774193549 21001
12.222281231671555 22119
10.938587096774194 28157
10.894949193548385 29003
9.789416129032258 30039
10.765674193548387 48283
6.90796935483871 48377
9.31058225806452 51097
9.492758870967744 51101
8.756088172043011 51131
9.27586935483871 51181
5.450426844432887 6085
6.931332666148475 12071
12.611046051167984 13089
10.780829032258064 13103
12.306166935483871 13199
8.86474838709678 16075
9.001285483870967 19177
11.116917741935486 22077
6.491211612903225 26001
6.589482774193546 27163
7.369758064516132 27165
10.736199999999998 29135
9.420907526881717 30101
9.407827419354836 51193
12.453296774193555 1093
9.843402304147464 16057
9.095561290322584 17015
11.351782437275974 18069
9.419175806451614 19003
8.840476344086026 19119
9.02095935483871 19183
11.638111290322584 20107
10.292275268817205 21131
6.847271774193546 26055
10.33958172043011 30017
10.963338709677418 5071
8.530848387096777 8059
6.758405700397697 12021
11.45056272401433 13277
13.572122580645168 18147
8.618920967741934 20143
7.902356451612904 20183
11.977420161290329 28017
11.810022580645152 28123
9.912167741935482 48487
9.963152258064515 51570
5.940720821114373 8045
11.153553225806457 13033
12.627291397849465 13093
12.43806193548388 17191
9.476875366568924 19057
9.07704677419355 19125
8.28738755760369 26127
11.893994506048383 28049
12.074748387096776 28143
11.362700733137851 29097
9.246741935483875 31143
11.608733870967738 47101
10.605691397849466 51011
10.619887096774193 51037
9.904535023041475 51670
10.683186290322572 54091
9.034252419354841 19073
6.156535483870967 27089
9.489280645161287 31159
10.077743859395309 36081
11.446317281105987 39147
11.404586021505377 40067
10.238715483870951 45025
10.139468621700882 47013
8.67307419354839 48069
11.522819354838706 53043
12.124652150537628 17121
10.669266451612907 20139
12.756890423387105 22017
9.238314476304256 25009
11.920409677419352 28139
9.817519786639586 34007
10.06217031164572 42069
10.161975268817205 47121
10.44136301075268 48427
12.133901075268817 5061
7.465956451612899 53055
7.370203225806448 16013
10.088304714640195 17073
10.595471612903225 21231
12.332814838709679 28057
5.637158064516127 32011
6.904434408602153 35029
11.476040645161294 39125
8.97326993087558 55131
12.15705519713262 1053
10.52107338709677 13229
8.057862365591399 16059
8.45159139784946 19069
10.927319354838712 26059
7.287212903225806 31007
11.057603225806451 40021
8.126835483870973 40059
12.423176774193548 47005
12.092537096774196 48175
13.140764746543784 48203
13.734868894009226 48251
7.291408064516127 56019
9.76160892463315 15003
10.436917741935481 17171
13.044224884792627 18037
9.537780645161293 20017
9.23854623655914 20077
11.29653225806451 21021
10.061280645161293 29061
6.7498645161290325 31085
7.848584274193549 36057
10.909632258064518 40001
7.406422580645162 48359
12.322846236559142 48403
9.12786370967742 51073
10.2938 51820
10.139104336680198 6029
11.704537136113286 6071
10.810790322580642 18103
13.773759447004599 18163
11.23941419354839 20133
12.426716774193551 21103
11.80755268817204 21191
10.730387096774196 21203
12.192716774193551 28137
13.405831182795698 29155
10.014152688172043 29173
5.506009318996413 35039
12.209941238012188 39103
6.570839950372204 41011
10.483260829493087 47133
11.366787096774194 48047
8.487340322580643 48371
12.779153548387095 48457
9.995724731182793 51079
9.50941290322581 51127
12.5866193548387 1017
12.795504301075264 13159
12.577005913978486 18175
8.098623118279571 20051
7.384716129032258 20171
10.743503624054165 26065
6.861049677419352 26143
11.245764112903217 30047
8.999682795698927 31119
8.75401126694715 34001
10.308842857142862 45061
8.941287096774191 48335
8.643468817204301 48475
9.380300931899656 19113
5.65841198156682 27057
11.228790322580641 28147
11.24394545454546 29187
8.005623999999994 36045
8.239724064516139 36091
11.317512903225808 37057
9.865913440860213 37083
8.331311290322581 38041
10.226504541595906 42077
11.405381105990784 45047
10.961547580645162 47041
12.894141935483871 48119
13.259589247311833 48365
11.991338709677425 48387
5.99646935483871 49019
9.475567741935487 51043
11.286594086021495 54049
6.955194838709677 55083
6.669545161290323 8017
11.268718064516133 17105
9.145996313364057 19123
7.606437634408603 19195
9.171281182795703 20041
11.51437365591398 39117
11.501546881720424 39143
9.817996620583724 42111
10.536897004608294 45057
10.432892286114999 45085
6.246618145161288 46013
12.29661541218639 1005
10.848109677419355 13003
12.414183870967738 13239
9.114882258064515 19169
12.040154193548386 22003
6.308015860215057 27067
5.66576935483871 27077
11.891716129032261 28061
10.00592304147466 37165
6.018545161290322 49027
10.666717419354837 51775
9.76160892463315 2188
9.76160892463315 15009
12.9480935483871 17127
8.918665591397849 19019
10.72900184331798 21043
12.790019815668206 22031
6.781167741935483 31117
9.401736672325974 34005
10.302000475782615 36005
11.531023167155434 40145
11.032429032258067 40147
5.2594414103525855 4015
9.158066532258065 41017
6.610384516129029 55011
5.852444086021508 55013
6.110467741935483 8011
9.10550967741935 19001
7.131825806451614 20071
11.836974731182798 22111
11.683920000000006 28159
10.203857526881723 37185
7.5697236559139816 40007
7.7948887096774175 48295
12.216619354838707 48391
10.807320967741935 48411
5.8165150537634425 8119
7.613104894327034 9013
9.76160892463315 2050
10.361650000000001 12077
10.852146236559138 13043
7.569698924731182 19131
10.035311290322584 19145
11.171897379032258 20103
6.959933870967743 20181
11.640546451612904 28127
10.870545967741931 29091
11.505037903225807 39115
11.11132816237767 45079
11.236086559139787 48299
10.48765806451613 51530
10.132517302052783 51660
12.08952258064516 13007
8.921686129032262 13039
11.545163440860215 13055
12.603884946236558 13269
8.20202258064516 16077
9.540139002932557 19111
11.453132769472857 21067
13.87766031075833 21111
9.6614935483871 30071
9.607457771261 37163
6.407167741935483 46057
11.756659139784949 48363
7.26786967741936 50005
9.792851612903233 51033
6.131951343189962 6001
4.931467281105992 8083
8.942630614729154 10005
12.11984216589862 1031
12.485082258064514 1091
13.358592934064303 17031
8.62160258064516 19197
13.538025268817197 29143
7.811796313364053 31047
6.223492741935482 35051
8.889535835777133 36007
10.919991774193566 42033
7.933416129032258 46105
12.182884408602149 47117
9.793197491039429 48323
9.998246236559144 13025
12.65075207373272 13133
11.190820645161285 13147
8.191099999999999 20123
9.265504147465437 24023
10.326070223325063 26067
5.916979677419355 27007
7.1955535483871 27161
8.538501646505384 36055
7.079973313782995 55115
6.289244700460828 12051
7.665881290322581 19005
7.874003225806451 20025
11.30634105571848 20037
5.842583870967741 27031
10.04694651264167 31109
8.209402967741934 36069
8.271737419354844 36097
7.758048387096774 37177
11.911157347670251 39015
9.64615846774194 40065
11.040687593052109 40121
12.169205723205003 42075
12.231304301075273 5039
10.094669990224835 51760
9.459003440860227 54037
8.12576846774192 55087
6.094123915461628 8077
8.115834516129038 12087
12.527343428912777 17043
11.243801935483877 18139
8.706802688172047 19097
13.049292741935483 21233
7.653342204301077 23003
6.816272580645165 26089
6.026209677419358 27121
10.883583870967747 29229
9.804220430107526 31021
6.2063354838709675 38051
5.762297849462367 38093
12.141855760368657 48149
11.35204430546412 5007
10.89575516129032 51067
9.751189400921657 54083
8.383142250196682 55139
5.594327096774193 8093
9.76160892463315 2240
9.198234193548387 13241
11.838189285714265 18167
11.510654147465436 21209
9.691417419354835 29115
5.271996204933587 35031
8.186654032258069 36023
8.358965508684864 37047
9.89032129032258 47091
9.06093464755078 51710
9.09879569892473 51735
10.340183870967747 54063
12.657723870967743 13211
9.204950998463893 16019
12.272254692082106 18081
11.63211459677418 22073
10.592243803056018 24025
10.78422419354839 29203
9.314066290322593 34031
11.22857649769585 39065
9.935048387096767 51630
7.1221075268817176 55081
6.929354290322584 56013
10.686678064516133 13267
11.904258525345623 17051
6.871916129032255 27131
11.155159677419352 28037
9.367722580645161 30011
9.813996774193548 30033
11.546904677419352 30063
9.407556451612901 34019
5.278778341013827 35006
9.118751411290328 37147
6.567379032258063 46059
10.62958118279571 48049
12.399203085554003 48469
11.445887096774193 18021
8.605054838709679 20185
7.175869424964933 23019
11.13725532258066 26161
12.059614516129031 28069
11.636750000000005 28153
9.52691108870968 30111
6.517754838709676 40025
5.269872235023043 4005
7.245275806451614 46071
9.01604301075269 48107
9.734996774193553 48275
6.599843010752692 49015
10.29934592529711 51510
10.39221774193549 53017
8.31130537634409 53071
7.1518451612903275 55057
7.277574596774195 8087
11.183392473118282 12039
9.780499193548385 20149
10.806890860215052 22007
6.035738709677421 27059
9.230436559139791 45015
12.039505376344085 48177
12.346541935483868 48425
12.05173548387097 5013
12.38623655913979 1063
10.099070967741937 17109
13.28730725806451 18125
8.922564516129032 20027
12.59187634408602 21033
11.041264516129035 21049
12.621169501466284 22015
10.6508905707196 22089
8.74536496277916 25021
9.81748897849464 26087
10.887392831541227 29169
10.747108422939075 37023
12.486152605459038 47125
7.478987096774189 50025
9.520041935483869 51840
7.814584895033282 12083
10.88801693548387 18009
11.294789247311826 18049
10.76764173387097 18053
9.197504105571847 19179
10.731172043010757 29087
8.676790322580645 31125
5.776935483870969 38031
9.380282580645158 47129
9.830470322580647 47151
6.925910246679313 55141
6.614648321263986 6047
7.792105376344087 16043
9.743862672811064 17067
7.686948924731181 20055
8.827224193548386 30015
7.940034677419355 36053
11.224569278693085 37119
10.165482599255593 42079
11.925815053763438 47081
9.663216129032259 48327
11.621611612903225 48489
7.6648612903225795 55047
6.239463548387094 55069
5.885030107526881 55113
12.24772616487455 1025
12.217580645161295 13301
11.07115161290321 13313
10.83546891495601 18017
7.005752258064514 27169
11.78640725806451 28135
9.097832258064514 30065
8.994024731182794 31081
5.672129032258065 35053
10.707684615384622 37161
11.288432117812059 42039
12.030050107526884 42085
11.627703225806451 48053
13.000832795698932 48419
4.782529032258064 8053
8.808424731182795 16065
7.403354838709678 16081
12.068202150537635 17035
11.274265124771775 17167
10.318206451612905 20085
8.255564516129033 20105
10.284795161290322 21237
10.997747177419317 26081
6.1308069892473105 27093
12.25508838709677 28025
10.830874193548384 40077
8.64367741935484 48103
10.912264952048817 48485
5.488309831029185 49053
8.019528076463567 55009
10.674081854838713 29027
6.748358064516128 31075
7.4026956989247275 37019
9.645021926460638 42017
9.76160892463315 2105
12.396789516129033 1085
10.720009181141442 18065
11.035059999999994 22029
11.964255299539179 28027
12.181791612903224 29023
9.657043863759261 34003
9.741050000000003 45013
11.279465232974907 47051
12.21938016129033 5035
9.095098963133639 51800
7.8626518817204305 55021
6.458037096774192 55091
9.3677685483871 20061
11.573726451612899 28079
10.516276612903223 29177
9.198470967741933 31179
7.287018258486173 35001
10.145595806451624 37111
10.620138064516137 42099
10.353922580645158 45053
7.915504838709676 46019
12.105418817204303 47077
10.835968279569892 47115
6.584142419354844 55035
9.842852172291634 6111
10.113703629032262 13137
11.958778494623656 13149
12.309541935483875 17025
12.391939784946238 17145
7.009756129032257 26019
10.995235483870964 29035
9.40644423963134 31141
11.848971705069145 39057
6.759591966501262 41067
11.88624322580645 48273
12.282016666666662 48277
12.738545698924725 5021
10.239279032258063 51790
4.833503225806452 8021
7.9720764913831275 8069
11.437584229390676 39039
11.070406451612902 39079
12.629657084826745 39153
9.643545161290325 40075
8.670658064516129 48079
7.509912903225807 48109
13.608832258064517 48407
12.364099641577061 54051
8.319993548387094 55027
11.815988172043005 13091
11.812559892473091 17163
12.569852688172041 18155
8.677069892473117 19151
10.926572688172033 29051
13.531575493500295 42003
11.012218548387095 45071
8.819263440860214 48445
10.303522119815673 51027
10.857847741935487 54041
5.135574193548385 8015
12.334594470046074 1099
12.31973870967742 13265
5.419568387096771 26061
13.36557483870968 29069
10.629914516129029 29153
10.546504838709675 30061
7.079926881720429 35037
8.264927649769582 37053
6.1968951612903265 38019
11.778731059907843 39041
12.62162952101661 39165
10.78970430107527 40037
11.259892005610087 45083
8.439089477726577 46099
11.58714677419355 47181
12.021126655348054 48099
10.726394838709671 48133
14.817235561848443 48201
9.780715591397852 49011
9.97774322580646 51025
7.633291397849468 56037
6.617265232974913 6035
6.104732258064518 8025
11.783111827956992 13253
12.465480184331795 18077
12.791448387096777 21055
10.204431048387091 22101
10.944503337041175 40017
11.101497285601901 47065
9.291382874762826 48303
13.06174611005693 48309
9.281019648093842 51095
10.981919354838707 54099
11.543066862170084 1071
12.103409032258062 13189
10.345030322580646 13257
11.187903225806453 18131
8.795905669599204 23005
7.834360851612915 25005
6.309432754342431 26029
6.954281720430104 27079
8.547636258064516 33017
10.396627915959238 36047
9.006287741935484 37091
10.153446627565987 37153
5.549363810483874 4003
11.192764516129035 40135
9.555064809384158 42009
10.386964516129032 45009
10.640876539589437 45023
9.1672064516129 48269
10.22268225806452 54001
10.549146082949308 54059
11.636106451612902 12059
11.893359838709687 13115
6.038943548387098 27155
12.355211884550094 28075
11.395628494623654 28085
10.598195564516127 30093
6.115270967741935 35021
5.531170967741934 38003
6.287287903225807 38079
11.412175000000001 40005
10.54527661290323 42093
5.741254516129032 53041
5.837221658986175 8089
11.114622580645168 13019
12.47967419354838 13023
11.614320833333307 17183
8.647025806451614 20007
8.482054032258063 20029
8.608229462365596 26073
7.684426881720431 27101
7.9159247311827965 31107
9.250873886328723 36009
8.96364193548387 37043
11.977571612903212 39031
10.637880645161296 40081
7.783148387096774 41037
9.650357526881722 45033
8.804688172043011 48305
12.794236559139785 48343
9.037704838709674 48501
10.084329032258063 51017
14.310292380763919 1073
10.063378801843314 17007
12.701721543778817 18091
11.019822043010754 29105
8.101934310850444 37013
6.485085842293912 38035
12.414476209677428 48409
13.808309677419356 48467
13.108056451612901 48473
11.309667741935488 5023
11.455985483870968 5131
13.047784114424816 13215
11.662975409836077 17119
9.199754032258065 19175
10.795233333333334 21011
13.023876497695854 21185
6.525074193548386 26039
6.948184408602149 27127
11.297602822580648 28113
10.12642096774194 29075
8.933982258064518 30027
9.643261290322581 31043
5.978105529953914 32001
8.77099419354838 36037
10.318848387096772 41069
10.23018487903227 45031
12.597968466096138 47149
6.849875806451614 55078
7.566397680318947 6083
7.800960931899638 9007
9.098389516129034 19161
10.475917741935485 21165
5.1864462365591395 26095
7.3285838709677416 27055
11.128255555555558 29101
9.463245161290324 29103
12.21546036866359 39019
11.091515483870964 40063
5.774635483870967 41057
12.678537903225811 48241
7.246900169779286 50023
12.60196048387097 5091
8.765893548387098 53023
7.934636559139789 56003
12.127956989247318 1019
12.033425806451612 13125
9.434067741935475 13291
12.16881075268817 18099
13.450203225806455 18123
9.063488479262675 19011
12.177322983870967 20121
6.989732258064515 20193
11.84114516129032 22049
11.131920678246491 26025
10.461160483870962 40083
10.35163870967742 47137
13.00232580645162 48159
11.624952688172048 48259
11.098352122241085 51680
6.329441935483873 8009
10.39548967741936 17017
10.984795601173019 22095
10.63156797235023 26045
11.41560591397849 28029
11.690961751152056 28059
9.69222419354839 29111
9.221482258064514 30073
7.411403456221192 36033
9.821983870967744 38007
8.177824193548387 48483
8.906654193548393 19127
11.775607258064518 21087
12.075807142857146 22005
8.24395748847926 23001
11.636115506508226 26077
10.957421505376344 29059
10.788189032258055 29213
9.296918548387099 31185
8.676270967741942 37113
11.143443778801842 37197
11.306144802867388 40115
7.283372358175743 41047
10.681333102918584 42021
6.758251612903227 46015
6.722332258064514 46017
6.30734193548387 46045
11.460610080645152 48143
12.815865241195631 48453
8.143238585607943 49005
8.144795014662757 49045
10.916320967741934 5083
11.91786182795699 5123
11.311599999999997 5149
5.920470967741935 55129
8.153401075268814 12029
12.263684813017353 13135
11.327134274193545 20099
6.373248028673836 26007
6.437770967741937 27069
11.636113709677424 29186
9.240683870967743 29197
8.818898924731181 31121
9.88571096774194 37011
10.935706682027647 37151
5.911382258064515 38077
12.30765806451613 40013
11.104705972101113 45063
9.129953225806451 48081
5.4744967741935495 8065
5.701881854838712 8107
12.042592165898615 1045
12.78688709677419 13035
8.295762672811067 16083
9.122937096774196 19051
7.422568817204305 19089
10.293924884792627 21025
10.882621901528012 21151
10.274493548387094 21189
13.024278225806452 21225
10.866859564891213 22103
6.59393684210527 27019
10.735829953917046 29113
10.837989677419351 29221
6.944529032258064 31015
8.591023607038121 36015
10.365760215053765 37123
10.412092825361523 42029
7.557192082111441 44001
8.392774193548387 48191
8.617648387096773 48461
8.991659905660367 49035
7.411889516129032 56015
9.02617580645161 13049
10.84071935483871 13173
13.07156021505377 21039
10.776867741935485 21053
10.849392473118277 21173
11.15033494623656 22083
10.945513196480952 29029
8.396401612903228 31093
8.290950322580645 35041
11.395788709677436 40027
13.20733619464188 42125
8.60496059907834 45043
12.317643010752686 5103
10.422007526881718 51610
5.666769452837888 6081
10.024783870967742 17009
8.149526344086016 19109
9.788951612903231 20073
5.676359765395892 4027
12.004594428152487 48493
7.206696774193551 50009
11.7035125 5001
12.32143778801844 5059
10.364646451612902 51147
10.09246217008797 51185
6.51798193548387 26079
11.512198233486966 29099
9.649376907322086 34015
6.036279435483868 35017
8.327458817204304 38061
10.067631182795697 48059
9.098040322580646 48415
12.075044758064514 5069
8.396352785923758 55015
7.733517204301074 55023
7.966013709677421 12007
6.1818701612903375 12111
11.16312419354838 21017
6.898824516129034 27039
6.90899761570827 27053
9.444256989247313 29045
9.45794838709677 31037
9.427451612903225 38087
11.592881885856087 39129
4.312139516129031 4023
10.719325310173682 47163
8.202479354838703 48389
8.66811085043988 49003
12.127047580645169 1027
8.222187065637106 12086
12.67037677419355 17181
9.765443369175616 17195
9.081754838709685 19087
11.397781105990779 22047
11.298872043010753 28007
11.311106682027654 29043
10.278514538530429 36061
11.383321290322584 39021
10.708583971774196 40031
13.374795698924736 48073
9.436229032258062 48197
11.58961225806452 5041
9.931011708482671 51179
12.697510138248846 1133
12.899064516129032 13079
8.794250000000003 16021
11.695686738351254 18033
11.938513978494619 18137
9.019487741935484 19031
11.402192473118282 22021
9.815549999999996 30091
9.270353763440859 30099
11.57680685483871 48013
10.127374193548386 48023
13.131842293906818 48223
10.690668548387098 48503
6.028372043010754 53039
6.240013763440859 6033
11.532112096774188 13163
12.07136247877759 13223
11.671277419354837 18031
12.058789032258057 18071
8.004345161290326 19037
7.948749115504686 23011
5.673655913978496 38021
4.8927330645161256 4001
11.111916733870963 40125
6.819171267816952 41039
11.742190322580644 45065
10.25356301075269 45073
10.34928258064516 47105
11.50392609192122 48215
10.073265806451616 51075
10.099696277915626 51191
8.907264362519218 9001
12.1247464516129 1035
9.312270161290323 12123
10.881860675883251 17037
10.910112303075786 20177
11.89098870967742 22023
7.051462282878411 23029
10.796147741935485 29161
11.094694354838706 30083
9.601258064516125 30105
9.706544239631333 31067
7.919040860215055 37187
10.809320967741936 48247
7.533291397849465 49013
11.959559677419355 5077
9.100892165898612 53007
7.433152903225806 55103
9.76160892463315 2282
7.455258300550758 12097
13.674386510263924 18173
11.70415 21171
8.685067741935486 31027
7.231774193548387 31105
8.121908064516136 36017
11.082787096774199 39163
9.913566666666664 47143
8.330073387096776 48117
8.80075806451613 48169
10.06883807509255 48479
10.089383780099938 51041
10.769346236559137 51750
10.23299072580646 54047
8.783568817204307 6031
9.76160892463315 2198
12.877799895941708 1015
12.34426693548387 1131
11.813553598014886 13057
11.571014838709676 13105
11.82023870967742 18149
11.396841935483875 22053
9.64543392857142 26145
10.169616129032256 30103
6.579951612903227 31031
10.527098132427847 37195
9.059835125448021 42103
7.451484946236557 46079
11.263969354838718 47031
12.016729032258059 47047
9.017698387096774 51115
11.346197419354839 51690
12.689535483870968 13171
7.919106451612902 20083
8.511351612903225 27133
8.370419504876217 36093
11.017449677419345 40111
7.4752975 41005
7.57450215053763 41063
6.703008064516129 46053
6.745551612903228 46085
11.255501612903226 54087
12.82342379739672 1097
10.645970860215034 19155
11.469510967741938 21167
12.781593548387091 21183
9.692387096774192 24029
13.600086290322587 29133
8.48166782360145 36027
11.48789212625736 37067
11.063362365591399 41031
6.439235483870968 46047
7.7236758064516104 46101
12.228374193548394 48007
9.431762007168462 51171
11.759642183622821 5145
6.96256449462366 53061
7.837792258064519 56029
10.115758064516129 20019
11.311149820788533 22009
7.869619354838709 31083
7.700904946236555 36039
11.883728225806452 47111
9.837001612903226 48267
11.835374193548393 5067
12.378872811059914 5111
6.4579 56031
7.067683064516129 56039
11.000480645161291 13069
10.042998387096777 13101
12.958574193548383 13237
12.017508159392783 17115
11.977355645161289 17139
9.92664451612903 17187
10.277170674486804 21095
11.119154838709678 22025
12.046490967741931 28071
9.606845698924719 34013
10.052702688172038 37009
5.6411483870967745 38081
11.227253935483855 39007
8.758495028462983 45019
6.970574193548389 46119
11.458350806451618 17135
11.081140552995384 18075
8.51207634408602 20157
11.816635777126102 21073
10.381530645161286 21193
6.930322222222221 26069
11.069171326164875 28109
8.0241257277734 35013
11.385434677419381 37097
10.06341736242885 42095
10.647439247311823 45011
7.374174193548386 46061
14.29268780754508 48339
10.485169354838714 51580
7.106324129032264 9015
12.987972759856625 1043
13.721106586021493 1117
9.437170322580645 24041
10.982156100981754 26091
11.571113918561595 26163
7.489609677419353 31041
8.143927419354839 31181
9.507648387096772 38023
11.507040322580636 39149
9.956203225806455 48417
13.112467990074437 1113
10.51489032258065 18015
8.122904838709676 20089
7.467090967741941 20175
6.914330107526884 31013
7.009164516129031 31115
8.733971277419352 34029
10.670889826302737 37037
9.029531451612906 37087
8.060830645161289 40045
11.490265591397854 40049
4.885072424557752 4017
10.06108940528974 42091
10.937493127629713 45091
12.477660752688168 48015
9.360784946236564 51057
12.254055161290319 5139
7.912532258064521 6039
8.195376246334304 6103
6.582132844574778 6109
9.251713978494625 19053
11.383978064516137 21161
5.872930107526882 26153
12.215569032258065 28117
5.872953456221199 35047
5.1753070271717485 4019
10.504154182613451 51013
10.174277419354839 51720
7.472191762672806 12069
10.87092419354839 20005
10.970129032258061 21135
11.144193548387097 22123
9.458939468690698 24037
10.548697741935491 24510
7.658765161290323 26011
6.028072177419349 26047
6.568295161290325 27023
6.933832427843796 27037
9.420890322580643 31023
6.382773835125449 35061
8.02176351501669 36075
11.394422580645163 40029
11.40394838709677 40101
4.9287564516129025 49025
11.901234516129048 5051
9.345121428571426 54003
9.543368328445744 55127
12.495658064516142 1059
9.698321935483877 13111
11.856587344913144 13175
12.221822580645162 22081
7.015583894513773 27123
11.340138464679454 29183
8.799284550084899 36079
12.211546002805054 39081
12.123853782991208 39155
12.36530737327188 48035
9.017032959326757 48141
8.780532258064518 48153
8.526200000000003 48437
10.166863049853365 51195
11.350955913978495 54053
10.139245161290315 54077
6.1444458525345675 55109
8.416991244239625 6115
9.76160892463315 46102
13.40880334528077 1103
9.807962903225809 12037
9.314780000000003 19047
10.907274588545082 26147
7.059293548387089 27045
9.1742 30041
10.359508387096774 31177
8.630570967741932 36121
11.560204147465445 40131
7.8444161290322585 41021
10.19481836228288 51015
7.369953067360042 53033
12.338324193548392 54029
12.599030186590772 13121
10.49447634408602 16017
7.484185483870968 20067
10.479605376344091 21159
11.757302150537635 21169
7.601669239631335 25001
9.455642679900741 26117
10.21299354838709 29163
10.238554838709677 30109
8.322216129032258 31137
7.17004129032258 50001
10.294546774193543 5087
11.999589516129028 5133
9.889768621700888 51730
5.991467096774194 55005
6.01967540322581 55041
13.078400806451613 1007
11.746166129032261 17005
7.666303225806453 20081
12.45845348047538 21047
13.54296072931276 21059
6.040196415770613 27009
12.090251075268815 28115
5.577008602150538 32033
11.391084331797243 39069
6.452396334310847 41019
12.463890783410122 42073
8.816058870967742 48115
14.155356272401432 48257
12.653081935483874 48395
10.03800322580645 51137
10.116271935483864 53075
11.345565483870967 54079
6.737804838709676 8125
7.867056367825726 12105
10.853573835125454 18107
8.916510483870967 19141
8.460883870967743 20053
7.529413316790727 25003
11.105216211745232 45007
13.505648387096773 48379
9.76160892463315 2195
8.870526881720433 19021
7.960198709677421 19067
12.535106451612902 21213
5.677125806451612 27001
11.313447004608301 37145
11.693199288798612 39095
8.30461161290322 40153
7.988411182795694 41059
6.913795202646812 44003
10.204800050012478 51059
10.665162903225797 51155
9.921951397849467 51177
11.695083870967737 54073
12.148639247311827 28107
10.713236559139776 29015
7.364712903225803 32013
8.468503225806451 38065
8.62879569892473 40043
11.10452150537634 40127
10.870767741935497 42041
10.303965260545915 42123
11.976810752688165 47103
11.507781290322574 47159
11.581194009216595 5003
10.91318346774194 51019
10.266004838709675 51021
6.313237903225803 8081
10.832736559139796 13031
12.322106612903221 13097
10.693719758064502 18181
8.911781935483873 19079
5.490112903225808 26013
5.732032258064518 27029
10.75804516129032 29179
6.937848387096773 31029
9.863754838709681 51047
9.21160752688172 53003
11.204099865591402 54061
5.830346709677418 55125
6.25938211143696 8101
8.702287634408618 12023
11.658753248523412 12033
11.80889462365591 13131
9.93995290322581 13311
8.852138064516122 19105
13.387742114695346 21029
6.039283410138248 26043
7.679111935483868 33019
9.779448387096778 37021
11.2738703386427 40109
9.76160892463315 2261
10.713363440860217 13109
12.721224372759858 21035
11.329858064516133 22091
8.817681451612902 26151
6.973819758064511 26165
11.486277419354842 28111
10.939819354838713 29149
10.030208387096772 31155
8.678235980148877 36003
8.306781075268814 36051
7.279560384833046 41051
10.046778494623657 48505
10.87478588709677 54005
8.248729881154505 55071
12.12956064516129 13205
8.013725513196478 19033
12.410695483870969 21221
8.831673684210516 26111
5.983883870967743 27113
11.287360611205429 30029
8.267331505376335 36101
9.307435698924735 37107
11.300798745519705 39043
11.614851612903214 39083
11.663137634408601 39097
13.1481435483871 47095
9.45422580645161 48155
12.064133117171064 6059
11.169914516129033 13083
8.083137903225808 19081
8.638096774193551 19091
9.064050179211463 19099
9.932969478908195 20015
7.388964516129032 20063
7.631879569892471 20147
7.7700648293141334 25013
5.631320161290324 27071
10.722580645161292 29065
6.662612903225806 31171
10.218796774193548 38033
12.743945597210098 47187
10.4682853046595 51117
4.807087096774195 8109
9.76160892463315 2016
12.888668817204298 1009
10.568776344086022 13305
12.282490725806431 17049
11.162034243176171 17117
11.278487096774192 21201
5.817854166666666 26103
12.067476612903233 28141
10.907616935483869 29093
9.768684331797248 30049
8.557853079178884 31019
7.768558064516127 31073
5.000312903225808 32021
5.367090322580646 35033
12.799866804201073 39151
11.418644444444443 40097
14.306864714918213 48439
10.382057258064515 51029
10.737621505376346 51063
9.116656774193547 19007
9.59357759856631 24009
10.716547580645159 29049
11.492124349635771 29077
7.081354946236557 38009
11.375534155597721 39141
6.557643951612901 41065
10.807927598566312 45087
10.795165591397854 48009
12.075957419354832 48123
12.88394059139784 5093
9.76160892463315 2164
8.49213259369753 12031
8.927403225806453 16015
10.448891397849465 19071
8.759257258064517 19075
9.035969354838711 19117
10.277118548387099 21147
12.495880645161282 21211
11.091641935483871 22035
8.852097755960749 24001
11.034844802867386 28001
8.072625806451612 30095
5.314066129032258 32017
5.77836129032258 38071
11.525259999999996 40123
7.193170967741934 41055
10.4670229390681 42047
12.231266666666668 42059
11.822596236559143 47071
12.590764516129042 48037
14.099887721123844 48139
10.062522580645165 51109
9.76160892463315 2290
12.532551612903218 13293
12.751945519713262 17165
11.213983064516132 18169
12.080364193548387 21009
11.219696324081035 22055
9.369696774193548 26057
9.397151612903222 30035
8.067721953405004 33013
7.43180046082949 36049
11.217790000000013 42011
7.274044623655911 46011
7.0806182795698955 46023
7.495687741935484 46093
11.690132795698927 5029
11.632011827956989 5105
9.403886290322585 51187
12.745008602150529 1095
6.628248387096774 31103
11.319216881720424 37063
5.519835483870968 38091
6.425685842293908 41003
8.890932258064518 48125
8.41939677419355 48301
5.8273032258064505 49055
11.280303225806444 5033
4.897688709677422 8003
5.0460376344086 8071
9.169791244239633 12121
12.746286827956997 17055
10.685881505376344 18035
12.862427956989242 21083
8.273883516129052 25023
9.165159677419355 31051
8.568413104838712 35005
6.058280000000003 41009
12.273467096774194 47043
11.983199999999998 47169
8.69837870967742 48227
10.080159727822599 51087
11.852704838709677 5147
10.40236532258065 51540
6.353231935483874 6009
7.942073118279573 6043
10.43958225806451 16009
12.49464967741935 18143
11.613794354838708 21239
7.527003605313096 23009
10.793802971137515 26075
11.992882795698929 28119
7.133461290322579 31123
10.673663096774174 37101
8.503283333333332 37117
11.734305069124428 39055
6.71947741935484 46107
9.790563225806455 47139
11.540006854838712 5063
9.246060410557194 51700
11.331148387096775 12133
12.723968817204298 13319
13.233669556451614 18127
7.78298333333333 27091
6.152664516129033 27149
9.285974193548384 29199
5.439539784946237 38073
11.487229528535979 39033
9.50848870967742 40053
11.59058813895782 42043
5.9753432027649795 44009
8.8567 48105
8.058891935483874 48129
11.991054301075264 48337
13.904049881982685 48423
10.520338709677421 51071
11.873266666666664 5109
9.865506451612905 51113
10.67201633064516 51121
9.248202150537633 54023
6.730088606726149 6099
12.976651008064499 1083
10.208762903225805 13065
12.262479569892475 17079
11.057583246618115 18105
9.083959139784946 19039
11.960256129032262 22013
11.155230875576043 29109
10.223711662531016 37105
11.29230248138959 39123
9.435883870967741 40011
12.876788888888896 5055
12.762044354838705 17087
10.65366059285093 18095
9.904569677419358 19085
10.293756451612905 21153
12.696689964157713 21177
10.874466935483872 29215
6.823409516129038 41035
10.890386451612901 48171
8.390327586206904 48381
11.01053145161291 51141
5.0184629552549405 6053
6.822629032258063 8121
9.76160892463315 2090
6.159019032258063 12061
10.951840645161294 13027
12.093519354838708 13243
12.62687768817205 13255
8.10526129032258 16063
9.49172177419354 19133
7.095183870967742 20129
10.95884017595308 26015
6.683138064516128 27049
6.0123580645161265 27051
9.521285483870965 31173
5.914412903225807 46051
8.843975000000002 48003
13.079334535104357 48039
5.766628279569896 55051
6.324996129032258 56001
6.986404838709678 8075
11.700243988269794 13157
11.473716774193552 17053
9.684181720430107 17071
9.807831043150383 17201
9.293768311195436 20155
8.014808177044275 25027
10.162990322580645 30079
7.761895925297122 36019
9.958780358119201 36029
8.615714516129033 37015
10.974475806451606 40051
10.286047741935485 42067
7.679084946236561 48043
5.202933870967743 49037
10.163674193548385 51051
6.077265042791301 53067
8.962925806451612 12067
12.00911935483871 13321
8.634986021505373 20151
12.998231085043987 21015
9.19524203629033 24043
12.070874573055029 26149
11.27433462365591 26159
10.869125806451615 29057
11.285269892473119 39051
11.36446612903226 39175
10.548568328445743 40113
11.886016129032258 47135
12.671345698924727 48145
8.739906451612903 48317
10.328225806451615 51111
6.540929462365589 53057
10.723520430107525 54007
10.133767296996675 16027
9.141794623655908 19185
10.2960664516129 21071
8.285420967741938 36105
8.634865949820787 37099
8.34938 37139
7.114058064516127 46075
12.477655376344078 47075
7.214909677419353 48243
9.871013440860214 48253
10.757345430107529 54019
7.447144168734492 55111
7.598838656795352 8035
7.728828424497416 12095
12.044482922201134 13045
10.305834050179206 13299
12.882042396313373 18027
13.348415591397847 18061
8.821868817204301 20159
11.145968760611222 22097
7.499078225806449 26085
6.149190909090912 27141
11.930531105990774 28067
9.372520485965639 34021
10.390491081593938 40119
10.326890860215048 47185
11.157620645161293 48019
12.410293002481371 48027
9.75904967741936 48465
5.365525806451614 49031
10.812167741935482 5047
9.631838064516122 51139
5.008472657450074 53009
4.847251612903227 8105
9.280301675743601 8123
10.19252419354839 13187
7.544353225806454 16041
11.401870967741939 20059
8.210612903225805 20097
11.779780645161289 21155
10.339158064516127 29089
8.418508602150538 30057
8.042954838709678 31077
10.018693817204303 42061
11.168700645161291 45081
12.682594086021503 48071
8.490137096774196 48369
8.804482697947195 51810
8.38369032258065 6021
8.151610570994558 12011
6.891757526881721 12049
7.588026369092267 12117
9.655262388469456 19163
11.667738709677417 21023
11.616455698924742 28047
11.837232258064516 28161
8.641697849462362 30001
7.046286021505379 31033
8.891909286412515 33015
8.676159778225822 34009
6.931933986175116 35043
5.911651612903227 38047
12.44625483870969 39169
9.856040953716686 42001
8.495987914584283 45051
11.956883870967742 47023
12.366127692578889 48029
8.754663726912625 6073
5.063809677419355 8091
5.42599193548387 8097
9.76160892463315 15007
11.908485483870964 13181
9.317553225806451 16035
10.324373387096768 21121
12.24916497695853 22085
11.966567338709684 26021
5.493013978494623 26131
6.480595608239417 27003
7.007048387096771 27083
10.883993548387098 29185
12.853953826691964 42007
5.641073387096773 46109
11.997431182795701 48239
9.978305942275036 51165
6.408148973607038 55017
8.270491451612912 55039
8.981670430107526 56033
12.215539426523303 1013
11.260721243115675 12091
12.511159173387126 18097
10.32979161290323 21119
6.805051612903224 31057
8.598843401759531 46083
12.650267741935492 47079
9.886613364055298 51053
6.226429032258064 55033
8.156801935483873 55065
12.964362580645155 18083
12.890552688172045 21157
7.209332258064515 25007
7.580532885304661 25015
12.486081231671552 26027
11.205757603686635 28045
7.93412657450077 36021
12.883406011730218 42019
12.419854639585825 48355
12.457679032258065 13231
11.205608387096772 20001
10.68935548387097 29073
7.647090322580647 31183
10.294926441036493 36063
7.524209677419356 37095
10.6217182382134 37191
12.355471437870582 39035
6.781375268817198 41015
9.253502764976961 42127
10.927939175627234 42133
6.656303225806452 46005
12.55658924731181 47189
6.9822741935483865 48205
7.5913217741935455 48341
12.836038709677426 48497
9.24723325062035 53021
7.852075079063897 9005
8.47130709677419 19023
9.17594516129032 19167
11.754934838709671 28013
11.929453763440861 28129
11.24578279569892 28163
10.906768279569897 29209
8.499783870967743 31011
11.257039068100362 37169
11.91141421041534 39113
12.82094982078853 48147
10.320373387096776 48507
11.525739314516118 51590
10.47005483870968 51678
6.8402512544802905 53077
5.937224731182794 8049
9.76160892463315 2180
12.590922580645165 1021
12.273425806451607 1037
12.051797580645164 13317
11.492779723502293 18001
13.242978341013837 18051
11.097024317617876 21019
6.459637634408604 27073
7.950941935483872 31061
8.80122688172043 37073
9.713423387096768 42083
7.33378064516129 46137
12.444120774193559 48209
11.760883870967747 48297
13.421286175115208 48459
10.942393548387093 5049
5.13824596774194 53027
7.4360980645161305 55077
8.636975806451616 16005
11.627948465774978 17113
8.61315272952854 19061
12.164948387096782 21003
12.624780645161287 21223
8.251564516129033 30059
10.06435925047438 37051
11.814565591397852 39121
7.380315591397851 41001
9.471155612903233 45035
12.168875000000002 47055
9.345579225806455 48451
9.949702664796629 51085
5.983537557603693 55085
6.991065594789824 6067
6.041312903225811 12093
9.442499569892467 13127
11.746916129032254 18109
11.231798617511522 18133
11.016224667931684 18177
8.341093548387096 23013
10.665371189701098 24033
7.974588709677419 27063
11.27932661290322 29223
11.814213978494625 40069
6.098281451612908 41027
9.979166073414905 42081
13.52937917888563 48001
10.167693548387096 5101
10.784399078341018 51035
6.526778341013835 53029
8.336757521857097 55025
4.817956258064517 56007
4.902970967741936 8033
9.960608387096775 12079
10.932327419354836 13107
9.115062096774194 16051
10.118052016129026 17095
9.232145161290322 19027
8.235880645161291 20165
13.247262903225815 29201
5.042875268817204 35007
8.559996129032257 38013
7.490532258064518 38037
11.6089929032258 39139
10.45826301843316 45077
11.17153548387097 48131
13.136967281105989 48225
9.466431182795699 54071
9.550630107526878 54093
7.866819354838714 12053
6.6228354838709675 31017
9.953645190221335 36119
8.948553917050685 54057
6.852740310977026 6077
12.784669354838707 1033
8.153531182795696 12125
13.262730278592382 13021
11.792315668202765 18183
12.047763870967742 21099
4.920458525345626 26033
6.123998924731183 27011
5.073135483870968 35003
5.546135483870968 38045
9.126733870967742 40055
7.859011210249382 44007
12.040101419354835 5045
6.615778225806453 53037
5.912417096774189 55095
13.209932803970219 1101
7.435049471179267 12103
11.777518279569891 21229
11.885570161290325 22127
5.749006451612901 27065
9.273229032258067 30007
4.9212133640553 32510
7.727888709677418 38055
8.739750537634409 40151
10.067288940092167 45069
7.9586258064516135 48011
7.64179193548387 48195
5.21458064516129 49017
7.161852534562214 50015
10.447808064516122 51163
10.648996774193543 55059
7.4296741935483865 16007
8.928699999999997 16061
12.365997067448673 17081
8.217435483870972 20167
12.503937096774191 21077
10.662913927291335 22051
11.33035483870968 28041
7.807829032258064 30009
9.213785483870963 31167
8.677827419354847 35015
5.331326008064516 4007
9.494650439882701 47145
8.52556129032258 48017
9.854309677419357 48271
9.09845546305931 51740
6.918060584677421 6095
13.124209677419351 17003
11.372736559139785 18151
9.02838467741936 19101
10.967130645161284 20205
11.368577777777777 21113
11.062482258064518 21181
11.77246048387097 28031
7.713264314516124 33005
8.334561290322583 40129
8.676506451612903 48345
9.257769032258064 48353
11.248040927419337 51143
7.702356374808 56021
6.689328673835125 12027
11.002506451612906 17083
10.86081075268817 17129
11.347667943548394 17143
11.382790322580634 20045
12.344510394265233 21179
11.005966041055713 24027
6.116403870967743 27025
6.10424638487207 27145
12.041064919354831 28105
11.814808602150537 29017
11.013575806451609 29119
6.002651612903226 35023
8.516211612903223 37173
6.195304838709676 38069
11.208092668621699 39091
7.067337096774192 46065
12.00275645161291 47039
8.975783870967742 48101
7.883115668202758 48233
12.309916129032256 48287
12.817711674347164 48361
7.411406182795694 50003
6.9707011290322525 50021
10.915749462365593 12013
12.537725134408603 21227
5.953633870967743 26141
11.698859677419353 28011
10.80234301075269 29039
8.897750230414754 31079
9.14765806451613 40057
11.60248483870968 42031
10.73908064516129 42053
8.785890322580647 48033
9.786125806451615 48207
10.546473387096778 5089
11.660288709677419 5121
7.305458064516131 55137
6.977620967741934 56017
4.744779838709677 8007
9.76160892463315 2170
12.535997849462369 17065
12.041965517241378 17091
10.722676881720432 17125
8.067951612903222 19063
7.45349715370019 23017
10.190450594227512 24015
6.865125806451613 46111
7.063158064516126 49007
8.791744838709667 51001
5.842985483870968 56009
8.4684545262097 12057
12.020300903225811 16055
7.703163440860216 16087
9.778984677419357 19137
9.120701612903224 19139
9.289765898617514 20113
10.631023387096768 21205
9.355706093189967 24019
10.67304560622916 29019
10.300980645161285 29147
10.610075268817207 31025
5.582141935483869 38063
11.82988516129033 39059
9.815206451612905 40071
13.022480645161293 48289
10.370098709677421 51077
9.467858064516133 51157
11.350898387096777 54105
7.748614516129032 55061
7.110288709677414 55097
10.578653349875944 6107
12.691139806451634 13063
8.998947311827958 19077
10.635528083491463 22087
7.055492165898614 26129
6.03967516129032 27005
11.532335483870977 28073
11.23971483870968 29021
12.693616589861744 47053
7.598607419354845 50011
10.637459274193548 51023
11.520726392961887 12063
11.050881935483876 13119
12.374263225806452 13297
11.285680645161287 18121
8.864323655913976 19171
7.51988064516129 20093
11.108530645161286 22041
5.794413709677416 26031
9.508845161290322 31039
6.971758064516131 31049
7.135142741935487 31089
11.462032718894013 39137
12.411141290322583 48051
14.017165152801379 48157
7.063519354838709 49009
10.396099078341011 5009
10.333345161290321 51045
9.76160892463315 2158
12.0709 13061
11.173232258064516 18119
9.073243778801848 19015
7.663254838709678 20195
10.709830645161288 20207
7.467729569892464 25011
9.458238709677419 29001
8.35251612903226 31129
11.300719354838705 47027
9.061807526881719 48165
13.494799354838708 48499
9.267221505376348 51830
8.737768788142969 53005
4.682777419354838 8079
12.902056989247315 1079
12.769334946236558 1087
11.559176451612895 13071
11.972570161290326 17147
9.141447311827958 19135
10.34168517169614 20173
9.814259677419345 24017
6.167134838709677 26119
8.76346451612903 31035
8.408080903225787 36001
7.215251169178735 4013
8.814190645161288 42117
8.821785297344729 8005
11.746616129032262 18005
11.98189435483871 21081
6.429881231671552 26041
10.644972611077295 26139
10.101395391705084 47009
12.594516487455202 47097
10.542265591397845 51169
11.831679493087563 1039
7.000721612903229 12035
11.053214516129035 13011
9.382079354838714 16069
11.257619354838708 18161
8.55645080645161 19041
12.08718563049854 40019
5.7087172043010765 4011
11.824351152073728 47109
14.577768739388762 48085
12.858146774193553 48185
10.372099999999996 48319
8.629862365591396 48495
5.0870766129032265 8051
4.984633064516129 8113
12.141351209677419 1109
12.036274014336914 13013
8.330111290322582 16047
12.345827956989243 18101
11.885208709677418 22061
5.256162903225805 26083
6.823027174975558 27109
10.113415053763443 29033
9.677494354838712 29079
10.882176129032258 29131
6.73665806451613 31069
9.531461059907835 47035
10.255225741935485 49057
9.824776774193548 53051
10.417651075268822 54109
9.58764623655914 12047
12.340922102747923 13095
12.411441935483875 13235
10.726232903225803 13251
8.63449677419355 16067
9.147979784946243 19049
8.147658064516131 20033
12.492436217008791 22019
7.090121774193554 27147
5.4928197132616505 4009
10.487485483870966 42119
13.022009336806285 47037
12.228198759305219 47167
9.963762054329374 48441
10.552314611005686 54081
4.821909677419354 8023
12.300296774193539 17033
6.688024999999998 27173
11.625390322580644 29013
9.866760138248848 37065
10.419394982078853 37085
10.272657142857144 37149
5.43736129032258 46091
12.484295161290325 5081
11.188054838709677 5135
11.272718064516127 13017
10.26686387096774 13123
12.730207096774196 17193
8.080321198156682 20057
9.489796774193545 20127
8.714945564516126 23023
7.17124193548387 27081
7.589939898132423 36113
7.828223041474656 37049
6.535770430107525 41053
11.343552688172048 45001
6.975796774193548 46031
10.59865564516129 47173
13.342994838709682 48373
10.070880645161292 54101
5.908097849462366 6027
9.76160892463315 2068
8.99258629032258 19107
7.757433333333331 19189
10.34430927419355 21235
6.483509677419352 26135
5.593438064516132 27021
9.711420430107525 29081
10.398204480286747 37127
5.691548387096775 46037
12.777435887096782 47045
10.73396209677419 47063
13.484045852534564 48291
10.343389516129028 51065
6.576176832844568 6041
4.939993548387098 8027
6.858606451612902 8115
9.76160892463315 2130
12.018053763440863 22069
7.849132661290324 26105
12.087436021505379 28145
10.756870967741937 29067
9.496717084826754 42055
10.388601612903228 54097
5.3171987779156344 6087
11.633731612903226 17021
10.010876539589443 17141
11.885717573924708 18003
11.354277419354835 22037
10.802105529953915 29107
8.797137419354838 36073
6.185595161290324 38103
10.186297580645167 42025
9.276383870967742 45067
11.73062655086849 54107
6.897497817555263 12099
9.749450000000003 13191
11.354877419354834 20011
12.846270967741933 21139
5.712212304147462 26053
11.057825806451614 28055
9.468120903225802 30053
6.409335483870969 46033
7.062517741935483 46041
6.885748387096772 46095
12.558711981566818 48067
10.967704838709677 48093
13.484589354838702 48349
11.231655831265499 13295
10.78581612903226 18171
5.918559677419354 27125
5.725751612903225 35059
10.08277677419355 40141
7.663714516129033 46009
6.147861290322579 46025
7.9338516129032275 48211
11.928618817204304 5075
7.346280645161291 8103
9.76160892463315 2150
12.609547096774193 13145
11.387732718893998 18179
8.619248387096773 19143
9.587509677419355 19173
10.628692473118281 20031
11.08010967741935 21079
6.214570645161292 27119
9.64387612903226 29121
11.575306336405522 39173
9.838116715542508 42089
10.9912087183958 45045
10.470814695340508 47025
11.278737788018436 51089
9.622888387096774 51099
10.370693548387093 54089
5.907832258064517 6091
11.004580645161287 13209
7.477819354838708 16025
10.831914516129034 17155
8.544237096774198 20009
9.748401612903228 20191
13.275377419354838 21163
10.272175382003406 21195
11.28756478494624 28149
11.086788709677416 29083
10.418572580645163 29195
11.083109181141428 37077
11.32705268817204 39001
12.64221 48221
13.103458467741934 48293
7.547517419354845 50007
10.702467741935493 53025
12.848598924731187 1001
11.833044700460828 13233
12.327593548387096 13307
10.49730741935484 17011
14.037292693686226 18089
13.137038248847928 18129
10.76672177419355 30087
9.740645280764635 37089
6.9072250733137865 37129
5.942351612903225 38043
12.201016743471584 39157
10.239904077060928 42045
14.360505571847504 48397
11.372658612294583 54039
8.255960010240667 9009
7.056281558664012 12127
12.747395161290324 17151
11.560031612903227 18165
7.185446774193549 20179
11.152228387096764 22105
10.733132648162048 24031
8.085812903225808 31163
9.202811827956992 40003
7.457318709677419 46081
8.844137096774196 48075
12.412958843159053 48187
13.432098511166258 48401
6.812498387096777 49023
6.78001741935484 55053
6.463306451612905 6057
8.360207258064516 12003
12.70048967741935 17101
12.959770967741932 17153
9.762526881720435 20079
11.40606989247312 22059
6.272104838709672 26137
8.213610000000003 36099
8.286656621919427 36103
11.16278856304987 37045
11.689609677419345 40089
11.271949193548382 41013
12.654276129032256 47033
9.875407373271889 47123
11.703953225806451 48031
13.485573548387098 48183
11.944185483870964 5025
10.643063261648761 51161
8.296787096774196 53013
9.15561236559139 53065
10.245966319105026 55079
8.593018486352344 55117
6.239959677419352 6045
10.645484246061505 12005
9.012873945409435 17177
9.19815304659499 24011
12.341013978494628 40085
11.385020967741925 42121
8.36933074003795 48375
10.317001026392962 51003
10.994415591397848 51031
4.386709677419355 6003
12.011822811059911 1049
12.277294838709684 1123
7.268354838709676 16037
11.805123118279562 17133
8.961477419354841 19157
7.19607741935484 20203
11.372608064516132 22067
5.733253032258067 26071
7.512487096774195 31065
7.890485253456223 36025
11.578765437788016 39109
6.452669849462359 4021
7.131930841856807 41029
12.556619419354853 42129
9.320690322580647 48433
7.550933870967742 56035
9.76160892463315 2122
11.299732616487438 13139
12.063519354838705 17189
11.412770000000004 18059
12.013760215053772 18079
13.601952492668616 21101
12.993210056925996 21145
10.0287745967742 29127
10.71675483870968 29151
11.107943010752685 40041
10.72497741935484 13085
11.3535814516129 18013
11.764527096774192 18093
9.021671774193548 20169
12.446571612903218 21031
7.2713370967742135 27137
6.652909677419355 31165
7.120743424317621 36031
7.718886738351251 37055
10.762909047993697 37179
10.014693548387097 48447
6.4664793548387065 49039
12.394500921658981 5125
