8.092693213333332 17039
8.677812900000001 18135
9.080483300000001 20013
7.9264861749999955 26023
6.48707219090909 26035
7.7903805941176385 26155
7.717639014814814 31001
5.048913133333334 32029
7.90991678055556 37001
8.93733502333333 39159
5.219138900000001 46063
9.471925443859648 47011
8.978706753846154 47073
7.476476955555556 51009
9.558286912121215 13047
11.144877816666666 13249
7.822248155555553 17157
9.054460923809525 22093
8.593811400000009 28133
6.8179447333333325 31063
6.611793955555554 38057
8.614100459259259 39161
9.014204133333333 40033
8.134983049999997 47049
7.822938980341405 2275
5.461464822222222 16045
8.220274538888892 17001
8.29392447368421 18085
7.9635639952380926 21133
7.674394025000001 21219
7.924449741666665 29207
7.015421357575755 36117
7.728526683333336 37121
8.342404533333333 48173
7.766091527777778 55135
4.923004406666668 16039
8.3944409 17175
7.390788952631581 24045
8.25147517777778 28091
7.7408909999999995 29227
6.440697 31135
7.99702889444444 34033
7.7253117608695785 34041
5.994725998039215 36077
6.797814820289867 36109
5.046569372549015 41071
9.921971122093014 48061
9.105187946666668 48265
8.518827116666666 48399
10.459512477777777 12065
7.95098984035088 12119
10.778002753846156 13217
7.971254513333335 21207
9.284368547619042 22011
8.390722936111105 22113
7.948235749999998 28015
5.343713499999999 30055
6.384103854761904 36089
7.02921893333333 37103
8.432919327777778 39127
7.108252903703708 42035
7.057775754910688 9003
7.4793778375 10001
10.12153679333334 13015
10.618493620277805 13067
8.59559967142857 13179
8.255706448837206 17019
8.254779837499994 17107
8.3282561125 18023
7.917638872222225 21137
7.887389388888888 21187
8.943892875 29167
6.4934079 31071
6.8690715111111125 31145
5.928199299999999 38025
5.927275833333332 46117
8.015966256862747 47019
9.730652366666664 48255
8.396307033333335 48383
8.701596508333333 5017
6.177610372727276 6069
7.822938980341405 2070
9.404943088888889 13279
8.699694622222225 13281
7.94326661666667 21115
8.806167712500004 22039
8.20768932 28101
8.181453161111111 37115
6.941114800000002 46035
6.0152689000000015 46123
4.958380920000002 8067
6.9820022874999985 27035
6.480581379166664 27115
8.525186314316219 31055
8.555380646666666 45055
7.062124800000004 54075
7.822938980341405 2110
10.826757916666667 13197
8.339123166666665 18045
9.807074058333333 20117
7.791587966666671 21175
7.349573120512818 26157
7.531216526666659 27047
7.86632901111111 28097
4.893696553333336 30081
5.439049476666669 32023
8.397819864444427 37159
8.453633782222227 39009
7.804431150980394 42013
7.7411204333333306 46127
7.728539288888888 47113
8.123543971428573 48219
7.649125466666666 51685
3.8616461555555546 8019
10.241241526190489 13285
8.174807948484851 22117
6.961142600000003 27167
5.160549499999998 30025
7.948476994830626 37183
9.471638266666671 40099
5.720236600000002 46055
9.90292043076923 48347
9.558435548484836 5115
7.769727558333336 54065
3.882968466666667 8047
8.454601553333335 17045
7.854228399999998 21045
6.562224152380954 26009
7.650394766666666 29129
8.459886999999998 48083
8.313441458333337 51520
4.755480599382706 53035
4.739533639215675 8013
4.204032766666666 16071
7.604689333333332 21105
9.814614266666668 29011
4.866105666666666 30107
9.328859466666668 39029
10.747772183333332 40091
7.9821442222222245 42057
8.496895111111112 47007
7.314914133333334 48045
5.944926296666668 50017
5.142690299999999 56027
6.503062347789102 6075
10.612810086666654 13113
9.688637916666663 13165
10.27261621666667 13259
8.329214281481478 18055
6.528376694166659 23031
8.174860666666666 29181
8.16211937777778 29205
8.105017176923079 36087
8.24273362857143 37059
9.664541050000004 45037
6.601071266666667 46003
10.149100397685189 48245
8.507481499999997 54035
4.2144105777777785 56041
12.156785305555548 13169
7.7223268499999955 19055
5.763063045833332 23027
8.240482479166655 24003
8.530542383333335 28125
8.178730255555559 29137
4.783974766666669 30067
5.757661020833333 36095
7.599456594444449 37033
8.622273888172035 37035
8.814388291324208 39093
9.965268504761907 48249
7.218554404761908 51149
7.435159633333333 51640
4.632081190476192 8043
10.484815483333337 13141
9.785951799999994 13221
13.158515300000014 13275
8.11015488888889 17047
10.480603125000004 20115
7.751987275 21069
6.510890214814819 26101
7.128227829166669 27097
7.796534766666669 28003
8.893215555555557 29085
4.896082353333332 30003
8.566088889922469 31153
7.4632587515151565 37061
9.390272913333332 40023
6.549351700000001 46069
4.873036816666669 49047
6.109355203333332 50019
5.376667976388893 6089
10.991226622222225 13263
6.106191893333332 26097
8.163024650505061 28033
8.456201660000001 29053
8.137717460000001 29117
6.667157022222222 37143
8.033990799074079 42051
9.348693050000001 47107
8.150958280158735 47165
9.040228638095247 48135
7.663274814285712 51069
7.8816937333333295 1075
11.612871483333334 13287
5.362096445833337 23021
6.670067737499997 31111
9.109440211111114 39037
9.441075500150143 39061
8.659968970370363 47029
8.914801477777779 48429
7.211313839215687 51061
5.380123181481482 56025
8.656387533186123 6065
7.660730648148152 12075
9.680974253333332 13143
9.054013946666664 21037
7.881576324999998 21061
7.765018422222221 21141
8.189789409523806 22109
9.483083153098839 29189
7.027630240000005 37131
8.796123508333334 39111
9.322522916666664 40073
8.708121916666665 48127
9.653472450000002 5073
4.6451251733333345 53001
7.633961927777782 55049
9.797535049999993 13195
9.760623616666663 13227
5.0513263111111115 16079
7.865574583333332 17059
7.120934699999997 19121
7.906726055555554 21129
8.151688014285709 21199
7.001708359259259 27041
7.965112416666668 31059
5.534595415151521 31157
9.342298975 35035
7.135461883333332 38099
6.738098633333334 48421
7.471385833333332 51005
9.65178878333334 5113
8.022495214880959 12001
9.112806093333335 13001
8.4803572640523 17097
8.227150591666668 17185
7.253074750000004 19181
7.159998195238093 24039
8.066418061274526 25025
7.57197927222222 27157
9.479057914285713 29009
9.697128212264163 29510
9.372251005714277 39099
5.304994291304346 46103
8.274992866666665 48137
9.517491273333333 5027
4.106014202777775 53015
7.136025194444445 55075
8.544205039999992 18011
9.161725107407419 39107
10.234145053333334 48021
7.520730666666667 48087
8.289760849019602 5031
10.067822256372544 12073
8.22247492666667 17149
8.698085222222224 18057
8.641966381481485 21013
8.947184814634145 21117
8.30860914927537 22057
4.932644099999999 30069
6.131114733333334 31113
6.3090038333333345 35019
6.288711248717951 38101
8.434233314814815 45029
9.427003433333335 47057
7.948249953703707 55089
4.916300871428573 6063
5.199487046410274 8041
9.737799466666663 13099
8.384057841666667 17027
7.51691143333333 19065
7.487252233333335 19147
7.858373633333334 20141
7.314924262025311 36071
9.532037411009167 36085
6.319473466666667 38029
8.91018611494252 39085
9.589624599999999 40087
10.43586329333333 40117
8.289823095833329 42097
6.098758698148143 50027
9.5325826 13213
8.305459408333336 18159
10.709889283333336 20003
8.39843518626546 26099
4.881257766666666 30097
8.51907020952381 39047
6.948214573333331 40139
6.8719446619047595 42015
8.641104151111113 47059
7.429400605555555 47069
7.523873633333334 55093
7.822938980341405 15005
9.05754047777778 1011
10.111324227777772 13059
8.596312519999996 17093
5.739255688235294 23025
5.2717079742424175 30013
9.256782333333339 40047
8.906265066666661 45049
10.377688926785726 47093
9.576255326666667 48057
7.85223077025642 51107
8.069561555555554 54085
7.911403008333334 1023
7.81932493333333 24035
6.591364527777775 26133
7.375600583333332 54055
10.067057500000006 13129
7.959355696296297 17103
8.179134306666661 17159
8.826662501587307 18063
7.607761157017553 19013
7.342343833333332 19093
6.935154811764714 27111
8.329792727450979 37027
5.927864266666669 38085
8.70032436666667 39135
10.082161239999998 48089
9.501003488888887 48193
7.822938980341405 2220
8.443152500000002 17023
7.697513083333336 19149
7.4224616722222185 27043
7.359377938095241 27085
8.700611733333334 31095
8.143086248148148 39071
8.249184081666675 39145
6.265412466666667 42023
7.336584746666665 46135
9.839601446666665 48321
6.994696733333334 51007
5.922727163782052 53011
8.15251878410853 55133
4.619345133333334 6051
5.080613006397305 6097
5.683931433333336 8061
8.374814367592592 18039
8.321032571666663 18067
7.557674306666666 19059
7.150307916666668 20065
7.6224138166666675 20119
8.489135625700955 24005
6.951703623809528 27017
7.707389361904757 27103
4.746772350000004 32019
5.746838066666668 38001
8.843967359595961 39003
8.640532290476187 39053
10.15572788333333 40107
6.628222833333335 46073
4.5968397333333355 49041
4.497800686979177 49049
7.0359259333333295 51036
7.980879816666668 54017
8.124803548245616 55105
8.820078351598164 1089
11.265877024999996 13273
8.251129046666671 17061
12.08931285 20197
8.614671213333338 37071
6.84197173333333 46029
8.353244233333335 47127
10.293886256349204 48041
9.924502972222216 48285
8.617044888888888 48307
9.589450266666676 5019
4.028880104761903 53031
7.452390295238096 54067
8.43824051377778 18141
7.786365647619045 21085
8.033009266666665 21215
7.753732844444441 27105
8.318772140000002 29219
5.121548088888889 30089
5.690137796491223 33009
6.737753366666665 37137
6.657171433333333 38095
8.819498475000001 39089
8.16037954561403 42005
7.854152621428579 47147
10.647595306060612 48217
10.742844259550553 48491
8.832667222222218 5129
8.940380313333332 5141
10.469417483333329 13037
5.757040177777777 30085
6.148331033333335 31009
7.376147649999997 31139
6.631408340000001 36123
8.242703970028012 37081
5.921577562500001 38089
10.596218275000005 40061
4.828508637500003 41061
7.796748233333323 42037
5.871866300000002 46121
7.399798033333331 46125
7.517503437037041 47021
8.066200591666663 47087
9.89895440833333 48097
10.374782312280713 48231
8.218169300000001 48431
8.742208558620685 54011
8.336727426666668 54103
7.822938980341405 2185
7.84629868 12041
8.269403979078007 12115
7.213097855555556 19009
6.5690628 20153
6.807482133333334 31175
6.816393426315787 36011
7.889134364285712 37193
5.884325619047619 38105
8.008784671212124 54033
5.442505551851852 6005
9.354424805128206 1115
7.687199333333336 17085
12.995512220833326 20111
7.76925245 21197
7.603487633333334 27033
6.33166771212121 27061
7.766379293333339 27117
7.414450727777776 27129
8.015251011111108 28019
7.9142554466666635 28039
8.009027166666666 28103
8.485134711111122 37109
7.882633055913981 37155
8.665707024242426 39005
8.886871961363637 39023
9.672273022222223 48237
10.31449045964912 48367
3.9252245410256412 49043
7.056568955555556 54031
5.688325685714289 56005
8.123245443939387 1077
8.141753469900506 12101
8.938637925821583 13051
8.75262543 18029
8.442991373333335 18153
6.341224100000001 20199
7.230834577083331 24047
8.035347074074076 28095
8.587393054320989 28121
10.176215061445802 34017
7.372389105555556 37069
6.4827591684210475 38015
9.750168833333337 40095
8.078728200000002 47015
8.292033144444439 47141
7.350652322222221 51083
9.023769844444445 5117
5.096207089542475 6007
10.675782693333337 13053
7.487904266666671 19017
13.253212566666663 20049
9.37765220666667 22027
9.219969933333335 22125
7.554082249999997 27015
6.939926900000001 27159
7.682168515686283 27171
8.251466566666663 28077
8.142527257142858 28099
8.22553503333333 29041
5.3749617416666675 30005
7.699450175925932 37125
8.609637410526316 39119
8.349450916666664 45027
10.272131111111102 48477
8.432882896212135 55101
7.232780761290329 6025
8.160825549999995 1041
8.376113248888892 1047
7.823850382222211 17199
8.886741467676764 22079
8.16588671228071 28081
8.11064202222222 29125
7.158589387679691 32003
6.999423937777778 37141
7.9512944027777746 42087
8.899509045225708 42101
7.2770990111111145 48357
6.987564608333333 51135
6.781883399999996 55031
9.231752528888883 1051
7.984890219753085 12017
7.728147233333331 17069
7.590388000000001 20163
9.462082483333338 31097
6.148846218181814 35045
8.451563500000002 40149
10.204105027272734 48481
7.822938980341405 2100
9.562566453333327 1055
10.201118310370394 13117
10.64713863333333 13155
8.101395449999998 18111
7.4337966694444475 19187
7.0088230599999966 27135
5.881592666666667 30019
6.6416918333333355 37029
7.493634712820514 37189
6.8199121 38027
9.249348074074074 47155
8.255714965007531 47157
8.309705816666666 48151
7.32964127142857 48179
8.407095766666666 48235
9.09085836666667 48333
9.489065500000002 48405
6.838500370833335 51093
7.40086207777778 51197
4.876258716666665 8055
9.94952472222222 13271
8.356255738888887 17173
8.60595768666666 17179
8.168221650000001 18113
8.239047088034198 26115
7.341481108333331 37079
7.312157169999995 37181
8.504890337037038 39027
8.638541488888885 40093
6.145683849999999 46129
10.264105266666668 48229
5.957539916470592 6061
8.389280565735573 11001
7.369224305882352 12107
8.859856948333348 17161
8.575961183333328 18145
8.791201384180809 22071
8.037927818253982 26121
7.387348433333335 35011
10.09790313518519 35025
8.42471607777778 46115
7.534766829629631 55073
7.822938980341405 2230
8.917774283333333 20201
8.756697390909096 22099
5.969741644444447 27075
7.023345066666665 27107
8.36763297777778 28005
5.9316862 31091
7.487109355477864 34025
7.614973380000001 35027
7.864216459090909 37171
10.146130480555552 40079
7.941125258333336 47171
10.199534036458337 5143
8.714789879487173 18019
7.3161212 20101
9.921086920000004 22121
7.529048869696963 27099
4.906947833333333 30037
5.8878212333333355 31005
8.096588883333332 31169
5.160505337797625 32031
7.980539187878794 45089
8.433239566666668 48413
9.736196099999999 5127
4.549224455620156 53053
6.18635764639868 6019
4.714946078571429 6093
11.949334839130435 13153
8.19603700833334 18087
8.031924433333332 19129
8.454177714814813 21089
7.088058850000001 51049
4.871543849999998 8073
11.0049414857143 20161
7.686110533333332 21007
7.839056316666666 21123
8.175217447619048 28087
7.885437875980393 34035
5.31024644166667 35028
7.072370399999999 51125
7.055207916666666 51595
8.793076403703704 54069
7.774939133333335 12113
10.987590349999996 13315
7.915872273333331 21005
8.21536228888889 21041
7.549320249999999 28009
7.484456561764717 34011
5.203714977777773 35055
8.414157951282055 39063
5.742116766666666 46007
9.261369433333332 48311
9.174345293333333 5011
6.9018558595238 51199
6.036214061904763 55003
8.661657422222222 13183
10.784295637777776 13247
8.384499573333336 17041
8.298155274999996 17057
6.558964703703702 26051
8.475390196296297 31053
5.608872348484846 33003
5.151146416666664 36041
8.356852609523813 37003
9.23133118583331 39017
7.23370402 47161
10.55692443194443 48091
4.081887908333332 49051
8.471631900000002 51105
7.656635499999993 55063
7.5221242761904685 55123
5.349262333333333 56045
5.0062553124999996 16011
7.893482570370361 17075
12.011065466666668 20125
7.005552472727277 26107
7.407479383333333 31099
6.2875461682539635 36083
8.28372835641025 39077
8.115896529629632 39171
9.154467960606064 40137
7.204754288888892 47083
11.721900079458017 48113
9.75367573333333 48261
8.965790691666665 5065
8.690040055555551 5095
7.0114253999999985 51091
4.496542220000001 6011
6.123452616666668 8095
8.098366155555555 18025
10.723720787878795 20035
7.66184651666667 21107
7.991555044444442 29055
5.944666266666671 33001
9.108841951515153 39011
11.837271706666643 40143
7.3247032833333305 48065
7.728286085185186 48189
6.889934566666666 51175
8.066449219999997 1107
7.3639949333333385 12043
11.279339962962958 13009
8.48778888617889 17089
7.332491058333336 19025
8.254418205555556 21051
5.317123244444446 30021
4.757546666666666 30077
8.671048973333335 31131
7.255414733333332 38067
4.72450035 41023
10.074634175000002 48315
8.47588083333333 5107
6.745490883333333 51159
6.25215095 55037
5.1886228685185225 8014
9.49070302222222 13161
11.594355966666672 13193
7.1806185733333345 19029
7.81367306111111 21027
7.435323208333338 27143
8.71862775263158 28151
8.124320566666665 29005
6.99698131111111 31003
7.143344193495935 34037
8.20216575352112 42049
9.018963844444439 45005
7.6304777466666645 47131
7.444701299598389 51153
7.921108200000002 54013
8.995939424285085 6037
5.770225444654082 6079
11.106556808333334 13075
11.675036799999999 13289
8.300130799999998 17063
6.611592466666666 20187
7.656641222222228 27139
7.210546241666665 27151
8.003863783333333 28023
7.808280854166669 29031
8.038403355555557 29211
5.350719666666666 30051
4.994539969047617 32007
7.299409715384621 42065
6.4299491712121215 44005
8.259995999999997 47175
7.639761158024702 12055
9.143452377777779 13005
11.631617426666663 13207
11.496868833333329 13261
8.310046050000002 17013
7.445797427777776 19083
8.825440126666665 22043
5.750040807407408 23007
6.995625104166665 27153
8.207555820000001 28051
7.779935316666666 29171
8.773673291666666 29225
6.633834233333332 31087
7.793066529629633 37093
8.090833800000004 37167
6.234947139999998 42105
10.139995385714288 48161
7.109411640000001 51145
6.850014616666667 51620
4.320629633333334 8057
4.834212205555556 16031
8.101532426282047 17111
8.788053024999998 17131
8.823770637061427 17197
8.35053770990991 18157
8.586319144444445 22107
7.439999278787872 26123
7.73036909583333 27013
6.893261016666666 27087
8.270866541666663 28083
8.609227066666666 37075
7.314431469696974 38017
5.970854933333332 4012
3.8195980500000006 49029
9.035165483333335 54009
5.757655133333334 8063
8.622960076666665 18043
8.848867711111112 19115
6.857913749999999 20039
7.975483345454549 21093
8.538144504444443 22045
5.978720379999999 25019
8.308449138095238 29007
8.821138916666666 31127
9.752779266666668 31133
7.92440816333333 34027
6.266445983333335 35057
6.7563253250000015 38005
6.923977633333334 38039
7.306841819999998 47085
10.197637316666668 48313
6.795182233333334 50013
6.909811477777781 55119
4.889620557142857 8029
8.280138522222222 1065
8.968860463636368 1069
6.940723293333323 12085
10.529714693333336 13303
4.925325066666667 16033
4.65847131111111 16085
8.206507673333336 17123
7.8156257916666645 21065
8.225942405555557 29175
8.740344538095236 37039
8.80586276666667 39167
8.113901178333345 42107
6.651424566666665 46089
8.358304391666667 47061
7.486077881818179 47183
9.149417577777777 48163
5.0398208250000005 49021
4.007701233333333 49033
9.820353057192978 5119
3.716134000000001 53069
5.996079860000004 55007
7.822938980341405 2020
8.14369252777778 18117
8.348171740277765 19103
7.74912411666667 20069
10.018886913333299 20091
8.819445163492064 28089
8.488220480180182 37025
7.044143451612899 37133
5.813697701587296 41043
6.827031016666667 42113
9.481651588888887 5099
6.2078591555555525 55099
7.5601185166666625 55121
5.203754623255818 6017
4.384994633333331 6105
7.822938980341405 2060
8.883699947619046 13029
8.303267138095238 18041
6.596727766666665 20075
7.848245333333336 28155
5.507669966666666 33007
6.378466893333333 38059
5.263151891666668 41045
9.89760730392156 48005
8.418978799999998 48095
6.386960783333334 48111
8.109096399999999 48263
9.59088053333333 5097
6.013512004444453 53063
10.490519643333334 13077
8.288190053333333 17137
8.27889482083333 18073
7.818181516666667 19095
7.675364483333334 21063
4.890909166666666 32009
6.861863590000006 36107
6.670936277777775 37041
8.801147544444454 39101
6.2706645666666665 46021
7.713784481818181 47099
7.887918964885488 26049
7.821879740000001 28043
5.578182266666667 31161
4.700070166666667 32015
7.1239358314285735 36013
8.632423826190465 39045
8.963856369523809 39133
7.518223633333332 46077
8.031253113333333 51600
8.186889133333333 55055
5.153893344444444 56043
4.729175233333332 16023
7.572367722222222 21143
8.672460593333332 29141
9.510815261666659 29165
4.831615066666668 30043
8.057309388888886 37007
7.884513746428569 37135
7.7779937317460295 37157
8.265387742857142 39073
7.238033933333332 46049
10.78938996666667 48471
9.71196477333334 5057
7.033180199999998 51081
6.894680446666665 51183
6.3836121020833385 6013
4.957072014285715 6015
5.044769853333328 6055
9.035882138888889 1067
8.014432674999998 1119
7.4331849000000005 19159
7.822188026666668 21217
9.104884594444446 22115
8.77494512166667 45075
11.170532050121672 48121
9.495445416666662 48351
8.80560254666667 48463
9.362883006666669 5015
4.769887233333332 8111
8.517552944444445 1127
7.842825920000002 1129
7.967661135964911 12015
9.909753016666668 13283
4.885169046666665 16049
5.379501060000003 16053
8.053946644444443 18007
8.276140533333338 19045
7.696133466666668 21075
5.984823040740741 23015
8.272121892156866 29071
5.932943821333329 35049
8.791511098333343 39013
8.755333431250001 39087
11.566139583333346 40105
3.8312666444444443 41007
7.724853809803924 47119
3.565561616666665 53045
5.980043157843137 53073
7.310797420000005 54027
5.183091133333332 56011
4.078124813333333 8117
10.206814508333329 13073
10.632501447619047 13087
11.924416844444444 13225
8.60877594444444 20043
7.907432046666672 21097
9.277816905882354 22063
6.140334666666666 26003
8.46848193333333 28021
9.966863152777783 29145
5.065860566666668 30031
10.869752340000007 40035
8.438554933333341 47179
10.259772429166661 48055
10.052815788888891 48063
10.176375878787878 48199
7.9118569333333335 51167
8.333130244444439 54095
7.659051100000005 55043
5.222194574603177 6101
7.7855677222222255 12019
10.205525322222222 13219
8.13253707777778 17169
9.84966971111111 20131
7.981928016666668 21057
8.478439166666666 28053
9.892586194444446 29217
9.600199633333343 47089
10.14766252857143 48331
10.165077116666664 48449
8.615493544444442 5137
7.783184852173917 51770
8.334897718717947 10003
7.54757128333333 19043
7.983909577777781 21149
8.672694260000004 22065
7.3248161285714275 26109
6.323802811111111 31101
8.374720230824357 36059
7.431857177777778 37005
7.794016799999998 37199
7.536299207526883 42027
6.766170912121219 42115
8.892003725490204 45059
8.36613 48435
4.767248400000001 49001
8.929200162962964 5005
9.412874270833338 5085
7.648186802150527 1003
7.243545663126847 12009
10.468637461702146 13245
8.451413993333333 18047
10.161750933333343 20087
6.702554366666667 20109
10.270155173913064 22033
7.512080896296298 22075
8.23876391052633 24013
8.282796314754098 24021
7.228028369444447 26063
8.082372522222224 28131
8.871458390909098 29159
4.737748100000001 30023
4.8238029000000004 30045
5.349190149999999 31045
6.325480475225225 36065
8.032649104761903 37175
6.3266145 38083
8.040570025 40009
4.593350400000001 41049
7.888784766666666 48443
8.906758126666665 5043
7.530665290476195 51683
7.7734133000000005 54015
5.099533765555556 6023
9.323493639393947 1121
8.267395822222218 17203
7.270175583333333 19165
4.642813629411764 32005
7.7170400333333395 35009
6.2712710666666664 38075
8.457621633333332 40039
5.711156213492061 4025
5.481156658333333 41033
8.87341062222222 45017
9.97552542962964 47001
7.806184346666666 48279
7.76662423333333 12089
10.776589190666671 13151
6.2977717 20023
8.049465322404373 26093
8.18924545833333 29139
6.02848566315789 36043
8.805411420000013 39025
8.559074913333331 45039
6.846169366666669 46039
9.580502419999997 48281
6.774349166666668 51103
7.814252633333335 54021
7.930904377777786 54045
7.657881809523816 55001
4.301696542857145 8037
8.807900304964548 1125
8.644109808333335 12129
10.294655877777776 13167
12.045818020000002 13177
10.291400920000005 13185
9.805106416666668 13309
4.60406405 16029
7.342772453401354 19153
8.238842183333334 20145
8.226020055555551 21091
8.608805266666662 22001
6.473597054954962 37031
5.402057666666665 38011
7.561602355555557 46027
8.475583777777775 47153
10.081672723076915 48181
6.718008600000001 51119
7.083157643137256 51650
4.358015013333332 53047
3.8115230466666676 53059
4.72321085 16003
5.12953108888889 16073
7.741377707142861 17077
7.591559644444443 29123
9.745575808333333 40103
7.864435021739128 42063
7.087612955555555 46067
8.75644915 47067
10.025690780952377 48025
7.156485433333334 48393
10.367191859999997 48455
3.717357961904763 53049
7.322695514285714 54025
8.088288233333339 26037
8.339761519428004 26125
5.7245442083333336 38053
9.296789440375603 39049
8.832113679999999 39067
9.860127153401352 42071
10.152948031313127 45003
6.756860566666664 46043
4.584487033333333 53019
7.251343883333333 55019
9.46171376666667 1029
8.272239988888892 1105
7.880801341025651 19193
7.098777766666668 20137
7.959679755555556 21109
8.29752130000001 21125
7.916736939999999 21127
7.3804381076923145 26017
4.837784366666668 32027
6.876556588652491 36111
7.521956533333325 37017
8.74078233333333 39105
7.061824371428569 42131
8.222977609090913 45041
8.5073322 48385
6.996720965853667 51550
8.213924026666671 54043
8.321256143162381 12081
8.267882639238097 34023
5.854119926666667 36035
6.344664870588241 36115
7.301166658333332 38097
8.17696215555556 39131
9.747024533333331 40133
8.459245324999992 42109
7.1872178 46097
8.988783602469141 48329
6.854426159259262 55029
4.659499041666663 56023
4.862285533333333 6049
4.439855952380955 8039
6.539791170769219 9011
7.822938980341405 2013
9.474632172222224 1111
7.655144715151517 12131
10.441186050000004 20021
8.2211292 20047
8.207725819444452 26005
8.207816544444446 28065
9.629762076666669 29037
9.986183150083763 29095
8.68709312564103 45021
7.357263604166666 47017
10.765211323737354 48167
8.316250072222221 5037
6.8804935500000015 51133
10.091755311111108 1081
7.588283600000001 12045
10.15642657777778 13201
7.624368833333331 20135
7.586001638888889 28093
8.887975944444449 31147
9.093535945833333 39075
8.227283451851854 47177
9.743585399999999 48325
5.663645975462965 8031
5.959571519999998 8099
8.352629505555559 1061
6.950282552380959 27095
8.265549700000001 29025
7.570695206666669 29157
6.160523299999999 31149
6.405275849999998 38049
5.035303966666667 41025
7.257936233333335 46087
9.226368433333333 48077
10.403068817647066 48213
9.412268458333333 5053
6.566141505555555 55067
8.056360333333338 1057
7.360424170833336 12109
6.370401614689268 16001
8.419700661111115 17029
7.4337165466666635 19191
9.088785955555556 20095
6.411471925000001 26113
8.48405590980392 28035
8.018497300000002 29063
4.9633492666666665 30075
8.423362950000005 31151
6.728854865116291 33011
9.258934080246926 34039
6.8832706773809695 36067
7.465875218518517 51173
5.390180382926823 6113
5.489765903780077 8001
4.920988213333334 8085
7.822938980341405 15001
8.581859466666666 18115
6.988569366666666 20189
10.002612249999999 20209
7.58073885607971 25017
7.275469828205125 27027
8.549944000000002 28063
9.49866546136364 29047
9.03041218333333 40015
4.410910219607848 41041
8.181590181481484 47003
9.014620216666668 5079
7.916684766666669 55045
6.658576546666663 55107
11.613776238888894 13081
8.199261065476197 17099
7.518459766666668 19035
7.918850657142853 21001
9.668950075757577 22119
8.783774383333334 28157
8.156149341666667 29003
4.7184978 30039
8.924508066666666 48283
6.874337033333335 48377
6.712826316666666 51097
6.886097416666669 51101
6.86626148888889 51131
6.7382820666666685 51181
6.970896464247321 6085
8.068767167269066 12071
11.04938310505749 13089
9.248987290000002 13103
10.585307366666674 13199
5.672042025000004 16075
8.013821266666667 19177
9.127176461111112 22077
6.434434680000001 26001
7.862419265333334 27163
7.4871945888888884 27165
8.490356658333337 29135
5.341123611111112 30101
6.876709375000001 51193
7.865699766666661 1093
5.282527657142856 16057
7.839449288888887 17015
8.200728433333333 18069
7.252122883333332 19003
7.695215955555557 19119
8.477417133333331 19183
10.297533933333334 20107
8.212495322222221 21131
6.6116327125000005 26055
5.061294322222226 30017
9.653523400000003 5071
5.029564031400971 8059
7.635452721004567 12021
11.495263725925934 13277
8.439059706666672 18147
9.108007166666672 20143
7.411092866666666 20183
7.931495416666665 28017
8.185785955555552 28123
8.365767074999997 48487
7.375197846666664 51570
4.7273345363636405 8045
9.656405288888886 13033
11.610591299999998 13093
8.034765093333336 17191
8.504356675757569 19057
7.494071908333336 19125
7.184352123809527 26127
8.760849521354194 28049
8.26319018888889 28143
10.095325321212114 29097
7.901025966666665 31143
7.352856166666669 47101
7.290862433333336 51011
7.1836482111111115 51037
7.386078714285718 51670
7.813298658333332 54091
7.251339033333337 19073
7.054879583333333 27089
8.329400433333332 31159
9.659006912007948 36081
8.332711571428563 39147
9.065771288888886 40067
8.141021406666665 45025
9.003963721212118 47013
7.460922844444443 48069
4.644708966666667 53043
8.090190624999998 17121
11.826878159999993 20139
10.771333892187533 22017
7.4154732705761335 25009
7.697317808333332 28139
8.483882231758534 34007
7.24475127627118 42069
9.309861011111112 47121
9.31965932666667 48427
9.794593711111107 5061
4.963470991666666 53055
4.669626591666665 16013
8.523975305128205 17073
7.9926839066666675 21231
7.880626453333329 28057
4.668061 32011
9.117128349999993 35029
8.320797893333335 39125
7.719313813095244 55131
7.844523451851856 1053
8.763205766666669 13229
4.816204255555556 16059
7.494094255555557 19069
7.904310469444442 26059
5.140709366666667 31007
11.023805070370376 40021
7.551824816666665 40059
7.332876379999999 47005
9.841472933333334 48175
10.229836311904762 48203
11.103035061904768 48251
4.8419684666666685 56019
7.822938980341405 15003
8.204114283333334 17171
8.436638504761907 18037
12.523911366666669 20017
9.227945444444444 20077
7.845510333333329 21021
8.03990616666667 29061
6.6185113 31085
6.156128699999998 36057
10.871977013333337 40001
6.529163533333333 48359
9.392453044444439 48403
6.760357470833333 51073
7.221617273333333 51820
6.520478671964675 6029
9.613417968292683 6071
8.228668609999993 18103
8.47070512721089 18163
11.203796193333332 20133
7.981915260000002 21103
7.927696944444448 21191
7.9926647333333305 21203
7.929197606666665 28137
7.91093928888889 29155
8.296589333333337 29173
5.484882096296298 35039
9.0394253891892 39103
5.114687061538466 41011
8.084090357142856 47133
9.717410616666667 48047
8.208485033333336 48371
9.726389499999998 48457
7.050531011111112 51079
6.966785111111114 51127
9.965776140740754 1017
11.038159644444445 13159
8.065646255555562 18175
7.899109822222218 20051
7.177421933333333 20171
8.332685432510303 26065
6.245211299999998 26143
5.137608137499997 30047
7.599066396296303 31119
7.1922665888888915 34001
8.342962257142858 45061
8.296024566666668 48335
8.651187999999998 48475
7.787967025185193 19113
6.75146658095238 27057
8.255944355555556 28147
7.961070845454545 29187
6.402340650666662 36045
6.478691603333346 36091
8.282267085294114 37057
7.110342611111111 37083
5.895194500000002 38041
8.438839048684212 42077
9.13573429047619 45047
8.174925816666669 47041
9.826461849999994 48119
10.008992188888888 48365
9.682607433333338 48387
5.104532183333336 49019
7.652069922222225 51043
8.046975787037024 54049
7.130727763333333 55083
5.771560766666666 8017
7.907342046666666 17105
7.8323525142857156 19123
7.426756277777779 19195
10.263288616666669 20041
8.565650916666666 39117
8.257346193333328 39143
7.566062361904755 42111
8.322861404761905 45057
8.647293917391297 45085
7.443314370833343 46013
9.164667537037037 1005
9.471589899999998 13003
9.762086366666663 13239
7.316226329999998 19169
8.553735880000005 22003
7.303887891666665 27067
6.368103783333335 27077
8.182175275 28061
7.902943799999998 37165
4.587270777777778 49027
7.711972426666668 51775
7.822938980341405 2188
7.822938980341405 15009
7.800000741666667 17127
7.595356933333334 19019
7.751366571428569 21043
9.837763923809527 22031
6.065691633333334 31117
7.851833680116958 34005
10.088890531071767 36005
11.39158285757576 40145
12.373609094871801 40147
5.881954160465115 4015
5.859224340277779 41017
7.5389200000000045 55011
6.585032383333337 55013
5.6714494 8011
7.134395266666664 19001
6.541763066666666 20071
9.137720094444443 22111
7.957959206666669 28159
7.057554516666663 37185
7.294362088888889 40007
7.332080399999997 48295
9.834230933333334 48391
8.958944800000001 48411
4.306955366666667 8119
6.472555980459775 9013
7.822938980341405 2050
8.0986353 12077
9.778021411111112 13043
7.458327122222219 19131
7.74715505 19145
9.48387893958334 20103
6.4447862166666665 20181
8.198748586666671 28127
8.278447529166664 29091
8.639985033333337 39115
9.465366933707893 45079
9.330441227777774 48299
7.380501566666667 51530
7.503160860606059 51660
11.240911416666668 13007
7.645190366666669 13039
9.749495077777778 13055
11.28916386666666 13269
4.55680955 16077
8.287334596969695 19111
8.320616378048765 21067
8.795052920418827 21111
5.4550714 30071
7.673146542424237 37163
7.081802649999998 46057
10.100775248148155 48363
5.855201763333332 50005
7.080864147619049 51033
6.906524452777779 6001
5.116627676190478 8083
7.46999242704402 10005
8.325086226190477 1031
8.12046521111111 1091
10.175911246181078 17031
7.477423546666663 19197
7.975060422222228 29143
6.979647961904758 31047
7.76868981666667 35051
6.924152019999992 36007
7.107468311666665 42033
5.569702433333333 46105
7.940517172222225 47117
8.704048788888889 48323
8.093847833333339 13025
10.32134048095238 13133
9.428953493333333 13147
8.152905 20123
7.324036895238094 24023
8.125716566666664 26067
6.654315543333338 27007
7.585788879999998 27161
7.737601033159707 36055
7.472738536363637 55115
7.534113138095235 12051
7.374160706666668 19005
7.738029799999998 20025
10.428414215151507 20037
5.8331317 27031
8.832524138738737 31109
6.981452055999992 36069
6.636292666666669 36097
6.575545800000001 37177
8.136965759259253 39015
8.287659920833336 40065
10.31852265897436 40121
9.378149534408603 42075
9.41318045555555 5039
7.706575933838384 51760
8.101053717777773 54037
8.563721968333336 55087
5.23921617471264 8077
6.382729389999999 12087
9.091622795679024 17043
8.35698377333334 18139
7.8685281388888875 19097
7.775884350000002 21233
5.668912273611108 23003
6.635683744444439 26089
6.998921900000001 27121
8.513394941666661 29229
7.901189222222222 31021
6.535132833333334 38051
6.7203582 38093
9.980859257142859 48149
10.177002005442167 5007
7.482929186666668 51067
7.206017676190473 54083
8.520785431707326 55139
4.076835026666664 8093
7.822938980341405 2240
8.608484640000002 13241
8.732423072619047 18167
8.122027523809523 21209
8.109174780000005 29115
6.000242372549017 35031
6.545139741666671 36023
7.350177048717943 37047
7.51438914 47091
7.236199155144033 51710
6.965899900000001 51735
7.3490332888888865 54063
10.61572188666666 13211
5.335514976190468 16019
8.822858427272726 18081
8.839622179999987 22073
8.244017729824572 24025
8.243496483333333 29203
8.918316246666677 34031
8.699529571428569 39065
7.091617422222223 51630
7.564126066666666 55081
5.082655136666668 56013
9.204490533333333 13267
8.254635690476185 17051
7.596821538461539 27131
8.437975400000001 28037
5.0589818 30011
4.9706077 30033
5.22576508 30063
7.521010666666657 34019
5.561298666666667 35006
7.159223596875001 37147
6.844322766666665 46059
8.957969869444437 48049
10.02759257246377 48469
8.51498469444445 18021
8.641987166666667 20185
5.677319825362321 23019
8.562689482333365 26161
7.910809033333334 28069
8.022683666666662 28153
5.482245195833333 30111
6.195566450000004 40025
5.524919696428563 4005
5.656708183333333 46071
7.996280177777776 48107
8.176970366666668 48275
4.8022546 49015
8.11661365701754 51510
4.156731224999999 53017
5.226807300000001 53071
7.735145347619052 55057
4.995498258333331 8087
10.083020585185182 12039
11.214988616666664 20149
8.565392483333337 22007
7.244873300000003 27059
8.400777806666655 45015
9.899928055555552 48177
10.07309036666667 48425
9.43036815 5013
8.192361744444442 1063
8.230333366666665 17109
8.347287108333335 18125
9.299372 20027
7.529927455555555 21033
8.016719959999996 21049
10.657058218181826 22015
8.649967305128204 22089
7.512404230256403 25021
7.3630742916666625 26087
8.446184751851858 29169
8.413067951851847 37023
7.567662638461555 47125
5.963201420370375 50025
7.752866073333333 51840
7.945670072486773 12083
8.40448015833333 18009
8.110957288888889 18049
8.259614112499996 18053
7.9839004575757535 19179
8.274653899999999 29087
7.4475929 31125
6.808301733333332 38031
8.911872660000002 47129
8.497880840000002 47151
7.613343658823532 55141
6.516144297278911 6047
5.030298544444445 16043
8.245573804761904 17067
7.550412883333336 20055
5.079357733333333 30015
6.322873000000001 36053
8.821185293276104 37119
7.4284341227564274 42079
7.286099155555555 47081
8.512123066666666 48327
9.969064079999992 48489
7.9186958 55047
6.69123615 55069
6.197429183333332 55113
7.91541195925926 1025
9.924754766666668 13301
9.752414516666665 13313
8.233371172727276 18017
7.691044426666669 27169
8.114544983333333 28135
4.93923175 30065
7.700026655555558 31081
6.476099583333331 35053
8.581911405128194 37161
7.872265521739127 42039
8.792145226666666 42085
9.672170745833332 48053
9.695684427777781 48419
4.687528466666666 8053
5.376081161111115 16065
4.806452633333333 16081
8.395807977777777 17035
8.430879611949678 17167
10.427837399999994 20085
8.595046366666667 20105
7.869491400000001 21237
8.651669017708333 26081
7.358417033333335 27093
8.048100306666669 28025
9.887538133333331 40077
8.692259300000002 48103
9.398934155855866 48485
5.737084173015871 49053
8.093968377777788 55009
8.253153183333337 29027
5.8241423999999995 31075
6.965568202020204 37019
7.894043842657323 42017
7.822938980341405 2105
8.270010383333334 1085
8.261984782051284 18065
8.653947486666668 22029
8.58461136190476 28027
7.944571720000005 29023
9.396658682867775 34003
8.32022876583333 45013
8.435674125925932 47051
8.356355910000001 5035
6.841140801190476 51800
8.187610227777771 55021
7.500170466666666 55091
10.74473227500001 20061
8.091072053333342 28079
8.722242650000005 29177
7.8091766499999995 31179
7.413714783006561 35001
8.218321456666672 37111
8.647054436666668 42099
8.924864449999994 45053
5.2644755000000005 46019
7.4054247833333315 47077
8.757733955555556 47115
7.7844342083333355 55035
7.328376090366078 6111
9.174935783333336 13137
9.89460048888889 13149
8.099253083333332 17025
7.806331972222218 17145
6.47982442666667 26019
8.087772050000002 29035
8.119479695238097 31141
8.981850249523799 39057
6.130128392628215 41067
10.153965893333329 48273
9.63501773333333 48277
8.001540138888888 5021
7.293555150000002 51790
4.924060633333334 8021
5.115889184474885 8069
8.24556411481481 39039
8.446388509523805 39079
9.39386510493828 39153
8.54863002222222 40075
8.078557066666669 48079
8.838163799999998 48109
10.821217883333327 48407
8.68734817407408 54051
7.923429338333338 55027
10.715922811111112 13091
9.097141819444436 17163
8.43916081111111 18155
7.415885455555554 19151
8.394215255555553 29051
9.146523637562177 42003
8.853799441666666 45071
8.345876155555553 48445
7.884044714285718 51027
7.719996226666664 54041
4.405276466666667 8015
7.96195041904762 1099
9.8400054 13265
6.386686733333334 26061
8.013449280000001 29069
8.826687716666667 29153
4.921911116666667 30061
6.355516499999998 35037
6.630668985714285 37053
6.963635383333334 38019
8.966943019047621 39041
9.141217792929295 39165
11.004516966666666 40037
9.134963843478248 45083
7.773620169047623 46099
7.441578300000002 47181
9.93978636842105 48099
9.126263640000001 48133
12.849670048642976 48201
4.212731622222223 49011
6.9662621799999975 51025
5.148916827777777 56037
4.964586355555553 6035
5.258550866666666 8025
9.705039577777779 13253
8.251744485714285 18077
7.609573333333338 21055
8.149193231250008 22101
9.819402745977012 40017
9.33892367520326 47065
8.537765505392144 48303
10.736657765359478 48309
6.753157824242428 51095
8.463630533333333 54099
8.862450169696977 1071
9.877630013333338 13189
9.228223013333325 13257
8.141920341666665 18131
6.737993542929292 23005
6.60735053599999 25005
6.507554287179489 26029
7.490817544444442 27079
6.68116144266667 33017
9.879811292631603 36047
6.880289340000003 37091
7.943902221212121 37153
6.4727223385416615 4003
10.753527474074076 40135
7.761974418181812 42009
8.762889574999997 45009
8.350790203030304 45023
7.947764166666668 48269
7.518794166666666 54001
7.903209966666667 54059
8.33072145 12059
10.13056525166665 13115
6.921701016666668 27155
8.15591255614035 28075
8.309827611111114 28085
4.826043120833332 30093
5.8188430333333345 35021
6.862228825 38003
6.537870016666668 38079
9.39970970833334 40005
8.202810191666668 42093
3.79842331 53041
5.316022685714286 8089
10.35264240555556 13019
11.077345000000001 13023
8.32530326388889 17183
8.475187916666663 20007
8.39081735 20029
7.200791475555548 26073
7.960173533333334 27101
7.0606461 31107
6.521137533333328 36009
8.663499633333332 37043
8.685261600000004 39031
9.534592623809528 40081
4.914952650000001 41037
7.9035014499999985 45033
8.042703744444442 48305
10.006759622222225 48343
8.906808283333332 48501
7.175567433333332 51017
9.639912345194263 1073
7.867242619047622 17007
8.634174041666668 18091
8.530934705555552 29105
6.877048824242433 37013
7.324756255555548 38035
10.319436810416665 48409
10.370014086666671 48467
10.974149627777777 48473
8.954274104761907 5023
10.4889740525641 5131
10.982447135220125 13215
9.30757027103827 17119
7.178419375000002 19175
7.7831943777777814 21011
8.366918480952377 21185
6.4279454399999985 26039
7.540602888888893 27127
8.310545925000001 28113
7.906802283333333 29075
4.917833833333333 30027
7.952082166666669 31043
4.844540404761902 32001
7.189307731111116 36037
4.526844033333333 41069
8.27542066458334 45031
8.14993189659865 47149
6.934277866666667 55078
6.12090636779028 6083
6.933024545370363 9007
7.339655100000002 19161
7.75260195 21165
5.920144488888887 26095
7.486833813333334 27055
9.104695274074075 29101
7.935582916666666 29103
9.184975090476188 39019
10.14496826 40063
3.914568241666667 41057
9.665542570833328 48241
5.981558419298244 50023
10.134607966666668 5091
4.990598666666668 53023
4.957122988888891 56003
9.706312977777772 1019
10.004254600000001 13125
8.806632872222222 13291
8.243153375000004 18099
8.423619806666665 18123
7.545192928571424 19011
9.981025762500003 20121
6.774646949999997 20193
8.921479760000002 22049
8.0960365931624 26025
9.771603554166672 40083
8.011885999999999 47137
9.950418288888887 48159
9.779009505555548 48259
7.5909744473684135 51680
5.930358983333333 8009
8.217221193333334 17017
8.834207581818172 22095
8.215953419047622 26045
8.258316116666666 28029
7.942400100000002 28059
8.037205241666667 29111
5.1617173 30073
5.729016623809517 36033
5.5202885 38007
7.532576533333332 48483
7.344171789999997 19127
7.883992491666664 21087
9.746389649999998 22005
6.394579733333339 23001
8.129004267251464 26077
8.676928044444443 29059
9.33751989 29213
7.928011283333335 31185
8.484259285185185 37113
8.055485066666668 37197
10.492342462962963 40115
6.055516951724143 41047
7.732252545238078 42021
6.2969940000000015 46015
6.357676166666668 46017
6.953725066666667 46045
9.549241254166674 48143
10.964844968807322 48453
4.20143297948718 49005
3.846402651515151 49045
9.882280344444446 5083
8.410360661111111 5123
9.68260562777778 5149
6.393998566666665 55129
7.527994555555552 12029
10.680894032743343 13135
11.116183975 20099
6.493013574074077 26007
7.261234299999999 27069
7.847171649999998 29186
7.7032560833333354 29197
7.573875477777778 31121
7.5272339133333315 37011
8.022769016666667 37151
6.915067922222224 38077
9.680792184848482 40013
9.316181527927949 45063
8.83650765 48081
4.222491016666667 8065
4.594935575000004 8107
8.628683416666657 1045
11.100699988888888 13035
5.232114445238098 16083
7.751993949999999 19051
7.425758433333332 19089
8.03803844761905 21025
7.936388540350879 21151
8.01666946666667 21189
7.877639808333333 21225
8.135804445736435 22103
7.578369692982453 27019
8.406923114285716 29113
8.125310653333335 29221
6.310305466666668 31015
6.7853057863636455 36015
7.889527438888891 37123
8.552810513505749 42029
6.755353027272721 44001
7.424875633333334 48191
8.554836066666667 48461
4.624831890251582 49035
5.264575566666669 56015
7.822391349999999 13049
9.602907116666662 13173
7.608041311111109 21039
7.983226922222224 21053
7.840057261111109 21173
8.608535894444442 22083
8.604976266666668 29029
7.220522300000001 31093
7.9270226666666685 35041
9.944218975806473 40027
8.586192005084746 42125
7.64656077857143 45043
9.467222766666668 5103
8.310088688888888 51610
6.230136218776371 6081
8.079189000000001 17009
7.459630588888887 19109
13.42684663333333 20073
6.690824789090913 4027
10.084944748484855 48493
5.724189211111109 50009
8.86665705833334 5001
9.615226604761908 5059
7.109425179999997 51147
7.522816748484851 51185
6.42820978666667 26079
8.565312002380963 29099
8.215803379894187 34015
6.8252084625 35017
5.9316040333333335 38061
8.61683711111111 48059
8.149337416666668 48415
9.310502861111107 5069
8.390110496969703 55015
7.4455672388888905 55023
7.697530016666663 12007
7.087379740151508 12111
8.030481066666663 21017
7.670314826666664 27039
8.38853871694535 27053
8.004961911111112 29045
8.280116866666672 31037
5.3857509666666665 38087
8.59237932820513 39129
6.318015050000003 4023
8.816869933333331 47163
8.593322386666667 48389
4.13115120909091 49003
9.14644094166667 1027
8.19723710727159 12086
7.610642480000001 17181
8.13458001666667 17195
8.399087639999998 19087
9.109737119047619 22047
7.961434183333337 28007
9.142197490476194 29043
10.355476350115739 36061
8.79267465999999 39021
9.052704835416657 40031
9.934237144444435 48073
7.917316433333331 48197
8.75349508666667 5041
7.098725720987651 51179
8.152251495238096 1133
11.822920688888894 13079
5.213235999999999 16021
8.134899651851851 18033
8.35413698333333 18137
8.504851806666665 19031
8.408158066666667 22021
5.929231949999999 30091
5.064159133333335 30099
9.863276829166663 48013
8.390175166666667 48023
10.024573951851853 48223
9.756225908333333 48503
3.899124422222223 53039
4.300265295555553 6033
9.94174580833333 13163
10.02183146140351 13223
8.435725005555557 18031
8.366105486666672 18071
7.454124633333333 19037
6.143107424731183 23011
6.78391086666667 38021
5.5183998291666665 4001
9.658762379166662 40125
5.898460734108541 41039
9.248030533333337 45065
9.091206128888887 45073
10.04167020000001 47105
10.199400673451349 48215
7.1545875599999995 51075
7.8987824974358976 51191
8.11966483587302 9001
7.945529626666667 1035
8.151997175 12123
8.099421698412698 17037
11.35927954263566 20177
8.630754933333332 22023
5.448396189743591 23029
8.14934807333334 29161
5.669570083333336 30083
5.6896178 30105
9.13210345238095 31067
6.7115862888888875 37187
9.198759166666667 48247
4.577435433333334 49013
8.47560685833333 5077
3.9845966166666678 53007
7.6068124666666685 55103
7.822938980341405 2282
7.876790228455286 12097
8.476570727272726 18173
8.00729668333333 21171
7.419717266666667 31027
5.082942733333335 31105
6.327984630555559 36017
8.445118455555559 39163
8.91642504444444 47143
7.101536141666668 48117
7.858948933333334 48169
8.926284714207641 48479
7.4561116239436735 51041
7.555408888888888 51750
7.671453791666662 54047
6.4254390728395006 6031
7.822938980341405 2198
9.689445113978495 1015
8.069898474999999 1131
10.285421723076926 13057
9.30426646 13105
8.278317890476194 18149
8.51606127142857 22053
7.5971645267857095 26145
5.001538966666668 30103
5.8311997 31031
7.478038214035087 37195
6.732581659259257 42103
7.406666611111111 46079
8.34381205555556 47031
7.527096690909093 47047
6.793193900000003 51115
7.6472092400000005 51690
11.169334777777781 13171
7.891956666666668 20083
7.716619188888891 27133
6.5561349914728675 36093
10.602799866666668 40111
6.590733224583345 41005
4.749265333333333 41063
6.093156033333335 46053
6.060266150000002 46085
8.083090991666664 54087
8.130061645614038 1097
8.124881946666665 19155
7.847788253333333 21167
7.908818757142862 21183
7.87761569333334 24029
7.837454441666665 29133
7.214518521097056 36027
8.212447387096757 37067
4.7928896000000005 41031
5.202875800000001 46047
7.536650333333333 46101
9.812113460000004 48007
7.199795088888889 51171
9.151512089743589 5145
5.985424662666674 53061
4.7820698733333336 56029
12.849463333333334 20019
8.862514262962964 22009
7.248913566666667 31083
6.155518355555553 36039
7.966258366666667 47111
8.639951533333335 48267
8.713429499999995 5067
8.239555728571423 5111
4.802029616666668 56031
4.669979000000001 56039
9.696028618518511 13069
8.852084633333334 13101
10.993954793333328 13237
8.48419398627451 17115
8.380664833333338 17139
8.566055320000002 17187
8.308678366666665 21095
8.616140699999999 22025
7.685445800000004 28071
9.54079297587301 34013
7.386105711111114 37009
6.582488866666664 38081
8.385842850666666 39007
8.015975911764714 45019
6.614111966666668 46119
8.429617724999998 17135
8.726953080952379 18075
8.184686166666667 20157
8.000780242424252 21073
8.228596154166665 21193
6.530026814814817 26069
8.086664433333329 28109
13.230300414634163 35013
8.45910910454547 37097
8.266450135784297 42095
9.05141359444444 45011
7.083757733333331 46061
11.877999434463284 48339
7.528769883333333 51580
6.2728455440000035 9015
8.801010761111106 1043
9.281880009027766 1117
7.580328650000001 24041
8.083555211594208 26091
8.859536187595692 26163
6.624667966666666 31041
7.461657233333332 31181
6.064153166666666 38023
8.984802893333335 39149
8.400166400000002 48417
10.595426494871793 1113
8.361206066666666 18015
7.746791333333334 20089
7.287184533333334 20175
5.546802822222221 31013
6.283424366666667 31115
6.949384549866674 34029
7.734941117948721 37037
8.195320595833335 37087
7.633410516666666 40045
9.361005948148156 40049
5.6475238225806415 4017
8.374833640758274 42091
8.581873727536236 45091
10.50576152222222 48015
6.757857344444444 51057
9.485265683333342 5139
5.849877814492748 6039
5.085067148484848 6103
5.171439775757578 6109
7.3831975 19053
7.871643473333332 21161
6.160064533333336 26153
7.8390082866666715 28117
5.69150584285714 35047
7.016673631950229 4019
8.298069003389834 51013
7.980598499999999 51720
7.743276479166654 12069
9.186741216666663 20005
7.745723675 21135
8.651782600000002 22123
7.047319225490192 24037
8.691646782666686 24510
6.75351092666666 26011
6.377339933333327 26047
7.235567650000002 27023
7.992049837543862 27037
8.227274333333334 31023
7.011033577777779 35061
6.675617020689665 36075
9.731666383333334 40029
10.984146420833346 40101
5.2070680666666656 49025
9.623963433333332 5051
8.248783850000004 54003
8.264251034848485 55127
7.77315075185185 1059
8.897451373333332 13111
10.741236425641025 13175
9.606704083333335 22081
8.383899169586378 27123
8.990551035443033 29183
7.4207289157894785 36079
9.121765317391306 39081
8.940416169090904 39155
10.106319247619052 48035
16.724595405590026 48141
7.592408933333336 48153
7.459655100000002 48437
7.961771266666669 51195
8.704580722222222 54053
7.5319565166666695 54077
7.542857897619042 55109
5.228623899999999 6115
7.822938980341405 46102
8.642331029629636 1103
7.5471899166666665 12037
7.227919126666666 19047
7.760266655102053 26147
7.508222211111113 27045
5.497880572222221 30041
8.091630906666662 31177
6.807006869696973 36121
11.467673560714282 40131
4.392188266666667 41021
7.223157730769226 51015
5.9823849943744545 53033
9.221014841666662 54029
10.954752241176505 13121
5.422412937037037 16017
7.068921549999999 20067
8.007103333333335 21159
7.983715155555557 21169
6.108825488690488 25001
7.606671969230767 26117
8.2745334 29163
5.292765366666666 30109
7.2859681999999975 31137
6.089909163333332 50001
9.648108733333334 5087
9.752420891666665 5133
7.2876115272727295 51730
7.074596526666669 55005
6.170044958333333 55041
8.624509033333334 1007
8.394547283333333 17005
7.549663199999999 20081
7.601733619298254 21047
8.227346449275359 21059
7.673884837037035 27009
7.935103627777777 28115
4.669962288888889 32033
8.241001690476194 39069
5.243585130303024 41019
9.31192127380953 42073
8.338305041666665 48115
10.885449646296305 48257
10.036604780000003 48395
7.077662473333338 51137
5.197325563333334 53075
8.612701886666667 54079
5.964706933333332 8125
8.32030920779218 12105
8.440769188888893 18107
7.597420325 19141
8.747453983333333 20053
5.854422130769241 25003
9.210075536752147 45007
10.292830399999998 48379
7.822938980341405 2195
7.4841991777777785 19021
7.460510780000001 19067
7.952364508333331 21213
6.2908323666666695 27001
7.503842161904763 37145
8.545772421784784 39095
7.850900973333331 40153
5.0329552044444466 41059
6.570477189743592 44003
8.00535964534885 51059
7.450538973333338 51155
7.061437252222222 51177
8.399382999999998 54073
7.960871249999996 28107
8.989217055555558 29015
4.990459016666665 32013
6.427560766666665 38065
8.143591466666663 40043
9.353734599999997 40127
9.104366347619036 42041
6.784006105128204 42123
8.309138403703706 47103
8.028148326666669 47159
9.098743376190477 5003
7.544578366666667 51019
7.318103050000002 51021
4.849321149999999 8081
9.604772099999998 13031
10.266789989999994 13097
8.262411841666667 18181
7.427798033333331 19079
6.238983616666668 26013
7.004496300000001 27029
8.121170799999998 29179
6.4556746333333335 31029
7.100785141666672 51047
5.224608822222222 53003
7.965896515277783 54061
6.241334146666669 55125
5.357002507878779 8101
8.100419663888893 12023
7.774227908450717 12033
11.749719233333336 13131
9.120196853333331 13311
7.880522366666664 19105
8.307247474074071 21029
6.604269266666669 26043
6.107355370000002 33019
8.371975320238091 37021
10.17616315491012 40109
7.822938980341405 2261
9.467526177777776 13109
7.412103244444439 21035
8.403383166666666 22091
7.2463565305555475 26151
6.342492075000001 26165
8.071208299999999 28111
8.193282666666665 29149
8.585081040000007 31155
6.4287247974358985 36003
6.819671568888891 36051
7.021950394152056 41051
8.855957377777777 48505
7.992141820833336 54005
7.885944457894738 55071
12.181508553333336 13205
7.515310403030297 19033
7.3668282666666665 21221
7.188791333333329 26111
6.979256793333333 27113
5.590791028070175 30029
6.540817212222225 36101
7.283007517777773 37107
8.385989416666666 39043
8.518039058333335 39083
8.768744002777781 39097
7.777731016666664 47095
7.941060833333333 48155
8.523163064547491 6059
8.981498075 13083
7.4651835 19081
7.437855008333332 19091
7.473033781481479 19099
11.248506107692307 20015
7.032912499999998 20063
7.240404099999998 20147
7.043111100970874 25013
6.337791316666665 27071
7.942129266666672 29065
6.027893066666667 31171
5.377403033333333 38033
7.802932534234242 47187
7.140320029629631 51117
4.6305397500000005 8109
7.822938980341405 2016
8.925896640740739 1009
8.496500733333338 13305
8.382996045833336 17049
8.512664802564105 17117
7.804603266666667 21201
6.399316418055554 26103
7.6843249416666675 28141
7.911059358333332 29093
4.922283461904765 30049
7.400879133333334 31019
7.0485337333333336 31073
4.791432849999998 32021
5.342622933333333 35033
9.714242210465093 39151
11.043159988888888 40097
11.440963053127902 48439
7.111031633333329 51029
7.3058931888888905 51063
7.635656446666664 19007
7.2601866370370445 24009
8.319125583333328 29049
9.187372996236569 29077
6.424037888888889 38009
8.33408757254902 39141
4.292471087500002 41065
8.538218011111114 45087
9.279513755555557 48009
9.849811513333332 48123
7.967174897222222 5093
7.822938980341405 2164
8.394637164354537 12031
4.450179833333333 16015
8.00621697777778 19071
7.440326108333337 19075
7.352484874999998 19117
8.24156380833333 21147
8.069563840740738 21211
8.603153288888889 22035
7.534937098550725 24001
8.644614466666672 28001
4.8871713777777765 30095
4.9858435000000005 32017
6.865655244444446 38071
9.637504146666672 40123
4.269995966666667 41055
6.631186559259257 42047
8.116316525925924 42059
7.525117205555558 47071
10.097677727777773 48037
11.284260968817195 48139
7.081951955555554 51109
7.822938980341405 2290
11.142377247619047 13293
7.817875092592594 17165
8.210820074999992 18169
7.988697356666674 21009
9.000136681395341 22055
7.568336080000007 26057
5.262602666666669 30035
6.380014198148159 33013
5.736269195238096 36049
9.04213363407408 42011
7.577956522222223 46011
6.6223345888888865 46023
5.2523191600000025 46093
9.47394061111111 5029
9.420012577777774 5105
7.222937191666671 51187
9.057081231481492 1095
6.0186093000000005 31103
8.052247336666653 37063
7.0208898 38091
5.254153538888886 41003
7.7371984 48125
8.767485899999999 48301
4.8013012333333345 49055
10.439968054545451 5033
4.967998283333334 8003
5.123822166666667 8071
8.351374542857142 12121
7.920301869444448 17055
8.342452693333334 18035
7.515277437037044 21083
6.786303437333337 25023
7.77159175 31051
9.137032666666654 35005
4.2760837600000015 41009
7.281240673333329 47043
8.011592533333332 47169
8.38440745666666 48227
7.593769234895853 51087
8.732030133333332 5147
7.28685323333333 51540
5.245001543333334 6009
5.033544288888887 6043
5.060948666666667 16009
8.16817406 18143
8.126088854166662 21239
5.548199586274509 23009
8.079429064035084 26075
8.30670048888889 28119
5.616233633333332 31123
7.619687864000006 37101
6.955041405555557 37117
8.472168063492065 39055
6.756473400000001 46107
8.917982786666668 47139
8.900473899999996 5063
6.9662373409091 51700
8.428215190476196 12133
11.369430522222226 13319
9.02093596979167 18127
7.539494250000004 27091
7.1522996888888875 27149
7.8073182333333335 29199
6.742272677777778 38073
8.545704748717954 39033
9.165591049999998 40053
9.324296633333336 42043
6.266143529761908 44009
8.4546685 48105
7.330066250000001 48129
9.395744955555553 48337
10.238686882113818 48423
7.391319383333333 51071
9.62676566666667 5109
6.970489933333331 51113
7.557791162500001 51121
7.045585511111109 54023
6.632195030141856 6099
8.585710474999994 1083
8.476456449999999 13065
8.33552671111111 17079
8.313091256989244 18105
7.229774111111112 19039
9.372681999999989 22013
9.350911733333332 29109
7.708038058974357 37105
8.2397691 39123
8.683911893333335 40011
8.069884929629632 5055
7.692692258333335 17087
8.378010281981988 18095
7.5659737200000015 19085
7.945844949999998 21153
7.749037222222223 21177
8.260360283333332 29215
5.423117191666666 41035
9.176953173333334 48171
7.582374802298854 48381
7.442162225000004 51141
5.900636685304659 6053
5.265547866666666 8121
7.822938980341405 2090
6.98804296555555 12061
11.547789420000003 13027
10.212427716666665 13243
10.811330488888887 13255
4.847236233333334 16063
7.482604408333333 19133
6.546544366666667 20129
8.16529841212121 26015
7.578454733333339 27049
6.87022015 27051
7.938865566666665 31173
6.714219249999999 46051
9.053914241666666 48003
10.995946129411772 48039
6.166480488888889 55051
4.6214577833333355 56001
5.55653611111111 8075
10.072419309090906 13157
7.825674219999999 17053
8.543272744444446 17071
7.900481461471869 17201
9.120120031372547 20155
6.6077994965116265 25027
5.144684600000001 30079
6.261853147368423 36019
8.287428804661042 36029
6.840833891666668 37015
9.522318499999992 40051
8.259727760000004 42067
7.1171803 48043
5.3218704 49037
7.884275066666671 51051
4.197969272108838 53067
8.001779749999999 12067
12.396483346666663 13321
8.659648655555554 20151
8.698611934848495 21015
8.439407585416667 24043
7.971039729411761 26149
7.829724902222225 26159
9.243394649999997 29057
8.278728459259256 39051
8.582491494444447 39175
11.773880739393949 40113
7.276425600000001 47135
10.274465483333337 48145
8.58611076666667 48317
7.054351655555557 51111
5.15572315555556 53057
7.612543199999999 54007
6.923651781609189 16027
7.479504311111112 19185
8.069969773333334 21071
6.4097663263888975 36105
8.379335144444447 37099
6.666275830000004 37139
5.818548199999999 46075
7.512121094444444 47075
8.101504066666665 48243
8.56086231111112 48253
7.679079491666663 54019
8.105982987179475 55111
4.849740907103828 8035
8.365771746215797 12095
9.947487062745108 13045
8.677089662962965 13299
8.501128580952388 18027
8.118551688888887 18061
8.779717333333334 20159
8.861224205263149 22097
6.741796758333335 26085
7.725625327272728 27141
8.445855154761901 28067
7.70201677792206 34021
9.786104009803926 40119
8.325451605555557 47185
9.35390714 48019
10.352960599487188 48027
8.535660763333333 48465
4.664731000000001 49031
10.035614466666669 5047
7.031589980000001 51139
4.010404307936506 53009
4.791226844444443 8105
5.354468559307358 8123
9.335284624999996 13187
4.300696416666666 16041
10.599126706666667 20059
8.196775066666667 20097
7.76190747222222 21155
8.301569311111107 29089
4.791086022222221 30057
6.954109466666666 31077
7.8000532055555585 42061
9.042889473333332 45081
10.757909283333335 48071
7.382585450000001 48369
7.068159505723922 51810
4.896047283333334 6021
8.00661985974147 12011
7.9288169055555535 12049
8.151417029457354 12117
8.851792272340441 19163
7.885045666666664 21023
8.09422068074075 28047
7.722024033333334 28161
4.85598541111111 30001
5.572752533333335 31033
6.967549581313136 33015
7.2019201583333325 34009
6.776494616666663 35043
6.5172864 38047
9.326511926041672 39169
8.680339081159415 42001
7.579383937558696 45051
7.50240703333333 47023
10.826636308287817 48029
8.994798219457794 6073
4.758016900000001 8091
4.4182517500000005 8097
7.822938980341405 15007
9.34169218333333 13181
5.138904950000001 16035
8.480950083333328 21121
9.373319780952382 22085
8.16291598819443 26021
6.198809511111109 26131
7.935850475100392 27003
7.698292423809521 27083
9.441267966666668 29185
9.44840717973857 42007
6.639658891666662 46109
9.794408144444445 48239
7.3082520070175425 51165
7.462305393939395 55017
8.053756929999999 55039
5.02284472777778 56033
8.072840933333337 1013
7.5630185983739935 12091
9.16024640357142 18097
8.149049873333333 21119
6.332309633333336 31057
7.715548287878792 46083
7.340496662962958 47079
7.073787561904764 51053
7.6142717250000045 55033
7.725727880000004 55065
8.371885939999991 18083
7.63349805 21157
6.087784949999999 25007
6.726297431481481 25015
8.075826566666663 26027
7.863854442857141 28045
6.34958305873016 36021
8.711999568939392 42019
10.41044139423868 48355
10.843085216666667 13231
11.030350766666672 20001
7.924706893333328 29073
6.715120399999999 31183
8.544293243169408 36063
6.480403366666667 37095
7.642134873076925 37191
9.724571755979047 39035
4.854047105555554 41015
6.6784216904761955 42127
9.208658665555562 42133
7.1713201 46005
8.21625878095238 47189
6.3751007 48205
7.07731895 48341
10.127575842424246 48497
5.034203320512816 53021
6.617137646405224 9005
7.485438493333333 19023
7.685849499999999 19167
7.82061302666667 28013
8.299438044444441 28129
8.410910633333328 28163
9.277991038888892 29209
7.234253783333335 31011
7.809553177777776 37169
9.187417956862769 39113
9.961177788888882 48147
8.767812800000003 48507
7.62722149791667 51590
7.4321862 51678
4.2695475540740695 53077
4.074098722222222 8049
7.822938980341405 2180
8.817520700000005 1021
8.975619677777779 1037
9.504118491666667 13317
8.684651914285707 18001
8.331820276190477 18051
8.663791848717942 21019
7.108854933333335 27073
7.296639566666668 31061
6.7684495222222205 37073
6.437346166666671 42083
5.7715886 46137
10.486211353333331 48209
9.848506016666667 48297
10.037821290476188 48459
8.604384333333336 5049
3.7342707958333317 53027
7.867552053333334 55077
4.883743284848485 16005
8.127219160975606 17113
7.920305964102567 19061
7.937526055555556 21003
8.132210633333337 21223
4.777550199999999 30059
7.88739011813725 37051
8.850712022222224 39121
4.842559083333333 41001
8.417665595999997 45035
8.016783012499998 47055
8.800705442666663 48451
7.42836934637681 51085
6.379690078571429 55085
6.580469935015759 6067
7.2196119111111114 12093
7.58352474444444 13127
8.611602830769227 18109
8.453300409523807 18133
8.485260480392158 18177
5.904559563333332 23013
8.142777687003063 24033
7.571180383333338 27063
7.751885516666665 29223
9.619227933333336 40069
4.0190952750000015 41027
7.463618297701156 42081
9.949515172727265 48001
9.077799883333334 5101
7.46395885714286 51035
4.974207482539679 53029
8.367363537694708 55025
4.928809993333335 56007
5.000037300000001 8033
9.179468680000003 12079
9.93360642777778 13107
5.335191391666666 16051
8.580462681249998 17095
7.262369405555555 19027
8.079651016666668 20165
7.930959189999994 29201
5.260547811111111 35007
6.092518833333331 38013
5.965046766666668 38037
8.536993082222216 39139
8.928771583333342 45077
9.37757687777778 48131
10.09563003809524 48225
6.974938400000001 54071
7.191369377777778 54093
7.868614173484857 12053
6.025443866666667 31017
8.967818378475354 36119
7.396587942857143 54057
6.412468097601907 6077
8.097269828571433 1033
7.777374955555556 12125
12.578980553787874 13021
8.281169152380949 18183
7.888574573333335 21099
6.138437716666666 26033
6.988520200000003 27011
5.853776499999999 35003
6.663002950000001 38045
8.071827533333332 40055
6.853395489598118 44007
9.544490099999996 5045
3.7653282375000003 53037
7.106459040000002 55095
9.181005423589736 1101
8.378864495491792 12103
7.766107011111112 21229
8.767480083333332 22127
6.670249333333333 27065
4.850906466666668 30007
4.752412702380956 32510
6.291583416666667 38055
8.388552711111116 40151
8.004079061904763 45069
7.2630241 48011
7.217837033333334 48195
4.923846566666666 49017
5.923173804761907 50015
7.3633569333333355 51163
8.539354909523817 55059
4.365384283333332 16007
5.071423988888891 16061
7.981618384848488 17081
8.287542466666668 20167
8.235607933333334 21077
8.786708538095226 22051
7.884384866666668 28041
4.862815919999997 30009
7.858223749999999 31167
9.430781144444447 35015
5.965282589583333 4007
9.584937557575751 47145
7.779259699999999 48017
8.372590699999998 48271
7.116304115053765 51740
5.51987310208334 6095
7.699061724999998 17003
8.009842759259252 18151
8.162788066666664 19101
12.102260125000004 20205
8.090178748148142 21113
7.836133216666666 21181
8.321234816666669 28031
6.1135997687499986 33005
7.805951333333332 40129
7.5561039 48345
8.400482826666664 48353
7.47451168541667 51143
4.912959493650793 56021
7.98462947777778 12027
8.494437288888891 17083
8.270796566666666 17129
8.648910363194444 17143
10.333004583333324 20045
7.874143366666668 21179
8.350359092727263 24027
7.188955216666668 27025
7.645262271264355 27145
7.974600250000004 28105
7.572980111111118 29017
10.059509708333337 29119
7.028112566666666 35023
8.644285546666667 37173
6.529308149999999 38069
8.761494018181814 39091
6.197741125000002 46065
7.323801616666668 47039
7.586538466666667 48101
7.334248761904766 48233
10.026523549999997 48287
9.964043449206352 48361
5.707679669444449 50003
6.092090429999998 50021
8.320133977777775 12013
8.108195063888875 21227
6.362884577777776 26141
8.72843555 28011
9.486950133333334 29039
7.639119871428569 31079
7.825395133333332 40057
7.47371501333333 42031
6.826065599999998 42053
7.9101687333333315 48033
8.291886533333336 48207
9.071302833333332 5089
8.117250950000003 5121
7.737071328571427 55137
4.693903883333334 56017
4.919772216666668 8007
7.822938980341405 2170
7.922585933333333 17065
8.137716773563222 17091
8.246251844444446 17125
7.5042474 19063
5.799598103921572 23017
8.23986899824561 24015
6.924313800000001 46111
4.591603319999998 49007
6.9666200799999976 51001
5.264804966666666 56009
8.95088304593751 12057
5.7348159026666625 16055
4.853923644444445 16087
7.4931300833333365 19137
9.219294036666668 19139
9.320198576190478 20113
7.6838249666666645 21205
7.419402003703704 24019
8.440060758620694 29019
7.897287573333338 29147
8.484070272222223 31025
6.9469231 38063
8.68917929333334 39059
10.051762981818186 40071
9.968634088888889 48289
7.347495346666668 51077
6.9612844 51157
8.188387566666668 54105
7.314221741666667 55061
7.683771947619042 55097
6.61268016196581 6107
10.80891642999999 13063
7.156455066666664 19077
8.386256843137254 22087
6.490446757142857 26129
7.077184640000002 27005
8.319404975 28073
8.49533301333333 29021
7.574019423809525 47053
6.504820173333333 50011
7.610706487500002 51023
8.830687830303031 12063
9.573539086666667 13119
10.50974738666667 13297
8.424699166666665 18121
7.391610883333338 19171
7.066117466666667 20093
8.56943397777778 22041
6.299248200000002 26031
8.166807555555554 31039
5.951326566666667 31049
6.4637769416666675 31089
8.387046942857143 39137
10.066370093333337 48051
11.921821850877171 48157
4.499635733333333 49009
9.27120978095238 5009
7.294583666666665 51045
7.822938980341405 2158
9.7018683 13061
8.307309240000002 18119
7.305920809523805 19015
7.2510875666666665 20195
12.30850435 20207
6.376051757407413 25011
7.963976757142861 29001
7.748560433333333 31129
8.054317250000002 47027
9.112789022222225 48165
10.045772106666664 48499
6.756825322222222 51830
4.88852823333333 53005
4.681893400000001 8079
8.269343066666668 1079
9.447509133333332 1087
12.237263136666659 13071
8.22638493333333 17147
7.667500911111113 19135
10.513378420430088 20173
7.194270160000011 24017
6.350211760000001 26119
7.6994935 31035
6.471838463555545 36001
7.489529867831129 4013
6.542686676666668 42117
5.469224675963731 8005
8.55683479111112 18005
7.949683191666669 21081
6.767090827272731 26041
8.55482153207546 26139
9.580051040476203 47009
7.6220723444444465 47097
8.637254927777775 51169
7.838670852380954 1039
7.061768163333334 12035
9.723336758333337 13011
5.351721476666671 16069
8.426516100000002 18161
7.5310006166666685 19041
9.609532196969688 40019
6.12019848888889 4011
7.648861390476193 47109
11.197683475877174 48085
10.451180088888886 48185
8.809666016666666 48319
8.810999655555559 48495
4.606947933333333 8051
4.826155183333333 8113
8.513834716666665 1109
10.248781401851845 13013
5.106978883333334 16047
8.293043511111112 18101
9.275014859999995 22061
5.951628216666665 26083
8.06965025555556 27109
8.38645138888889 29033
7.942265024999999 29079
8.446820226666667 29131
5.627604466666666 31069
8.41814638095238 47035
4.340172913999991 49057
5.233030526666666 53051
7.7255716055555546 54109
8.604061044444444 12047
12.464015818518513 13095
11.089716677777776 13235
9.362450886666664 13251
5.018182920000002 16067
7.181378575555565 19049
7.949358133333332 20033
9.63518293106061 22019
7.658171666666669 27147
6.501270281481479 4009
8.258626523333332 42119
8.135747784679092 47037
7.670663605128203 47167
8.784495460526308 48441
7.585793694117647 54081
4.9877843 8023
8.437452200000005 17033
7.359731224999999 27173
9.695330799999999 29013
7.288245235714287 37065
7.694961037037034 37085
8.505485571428569 37149
6.4970908666666665 46091
10.037820574999994 5081
8.479345283333336 5135
10.50170540666667 13017
9.337381593333333 13123
8.003678539999997 17193
8.083568071428568 20057
11.917365600000004 20127
6.300358112499998 23023
7.397804499999998 27081
6.0748213929824635 36113
6.8752882714285715 37049
5.341368583333333 41053
8.957370177777785 45001
5.805719616666665 46031
9.539879558333334 47173
10.311214293333338 48373
7.2570822444444465 54101
5.168176316666668 6027
7.822938980341405 2068
7.991628583333328 19107
7.413511288888892 19189
8.468015050000002 21235
6.444247826666663 26135
6.504030370000001 27021
7.76544581111111 29081
7.372934503703702 37127
6.638543122222222 46037
7.661459645833334 47045
9.487580536111109 47063
11.058018930952377 48291
7.146294833333331 51065
5.4563306757575765 6041
4.565447700000001 8027
6.033043600000001 8115
7.822938980341405 2130
9.249439362962963 22069
6.93125128333333 26105
7.8313988444444425 28145
8.774120766666671 29067
8.593838267901246 42055
7.513370227777782 54097
6.004000733974364 6087
8.349170723333334 17021
7.8219949212121165 17141
8.436456830555548 18003
9.234012526666664 22037
8.997355976190475 29107
7.35895141333333 36073
6.643246283333335 38103
7.599565083333325 42025
7.796252229166664 45067
8.811121946153841 54107
7.19503916241343 12099
7.79892425833333 13191
10.211980086666678 20011
7.730676716666666 21139
6.353927480952385 26053
8.5831278 28055
5.427181960000002 30053
5.114170649999999 46033
5.860334050000004 46041
5.761810033333334 46095
9.99876154285715 48067
9.136554275 48093
10.509692880000003 48349
9.347828284615384 13295
8.181477083333332 18171
6.920217283333334 27125
5.6810337 35059
8.533753826666672 40141
7.080332983333332 46009
7.191298633333334 46025
7.377582866666667 48211
8.318006455555555 5075
4.802181966666667 8103
7.822938980341405 2150
10.772033880000002 13145
8.426940547619045 18179
7.638416366666665 19143
7.4571658666666645 19173
12.334558755555554 20031
7.9149433333333326 21079
7.163147430000002 27119
8.146846133333334 29121
8.396374465476192 39173
7.313830259595956 42089
9.138300957957963 45045
8.931356740740743 47025
7.601389721428572 51089
6.973616006666666 51099
7.410409391666668 54089
4.7103365 6091
9.56900692222222 13209
4.600422533333332 16025
8.277755616666669 17155
8.413809529166665 20009
9.892522383333336 20191
7.956184275000003 21163
7.972630394736839 21195
8.66654011111111 28149
9.308294811111105 29083
8.533064683333334 29195
7.628653305128213 37077
8.008508094444439 39001
10.276056410000008 48221
10.164184512499986 48293
6.375556107619043 50007
4.444052758333333 53025
8.993234994444444 1001
9.752257823809524 13233
10.63737698333333 13307
8.228479556666672 17011
9.804304875213692 18089
8.171105514285715 18129
4.975002983333332 30087
8.296422581481483 37089
7.0368677780302935 37129
6.4322207333333346 38043
9.019940446031763 39157
8.837252725925897 42045
11.044550303030299 48397
8.52847327987421 54039
7.837857941446207 9009
7.2580840123893715 12127
7.7475357833333325 17151
8.52193454 18165
6.9386199666666695 20179
8.474538118333328 22105
8.35484970449615 24031
6.966096500000001 31163
8.813534355555554 40003
5.1882068933333345 46081
7.599814066666669 48075
10.636533805747133 48187
10.077027674358964 48401
4.2093089 49023
7.3165193799999955 55053
4.867846973333332 6057
7.676865708333333 12003
8.28931265333333 17101
7.657874600000001 17153
9.764705527777782 20079
8.437722333333332 22059
6.327287805555554 26137
6.930612116666663 36099
7.3753908902691405 36103
8.613549913636362 37045
9.617614304166665 40089
4.989713308333332 41013
7.587004486666665 47033
9.271627976190482 47123
9.674868083333335 48031
10.292686229333338 48183
9.235017333333335 5025
7.705942518518522 51161
4.982908766666666 53013
4.943825849999998 53065
8.579749988215482 55079
7.822340287179494 55117
4.5819006966666675 6045
7.949619879069782 12005
7.826126348717954 17177
7.60290441111111 24011
9.632706922222223 40085
7.616622654166667 42121
7.600048077450967 48375
7.222029287878793 51003
7.446080833333339 51031
4.373589533333333 6003
9.357942602380948 1049
9.167800403333336 1123
4.664471266666666 16037
8.422215116666667 17133
7.568714026666672 19157
6.8535955333333325 20203
8.845949683333329 22067
6.402231280000004 26071
7.058919066666669 31065
5.986508440476195 36025
9.038098428571427 39109
6.867423635999994 4021
5.966229878048783 41029
8.499425521666689 42129
8.205617966666667 48433
4.90291125 56035
7.822938980341405 2122
9.96512673425926 13139
8.05692123333333 17189
8.668860350000006 18059
8.34725928333334 18079
8.250152393939395 21101
7.749200425490198 21145
8.362683429166669 29127
8.063209641666669 29151
10.689529685185189 40041
9.758110666666669 13085
8.390601533333331 18013
8.26353667666667 18093
9.712740344444445 20169
7.774720566666669 21031
6.551678480303032 27137
5.226579399999999 31165
5.414870966666662 36031
6.5992522703703695 37055
8.533449417073175 37179
8.401453733333335 48447
4.380072400000003 49039
9.72589931746032 5125
