9.758770967741937 17039
11.931891129032248 18135
8.498615053763437 20013
9.6260123655914 26023
7.957080645161292 26035
9.481925996204934 26155
7.944826881720429 31001
6.583051612903226 32029
8.257675806451621 37001
12.582830322580637 39159
5.403135483870967 46063
11.167640747028855 47011
11.099525310173698 47073
8.390701075268817 51009
11.334600879765402 13047
10.37002580645161 13249
10.483943010752682 17157
12.317872811059903 22093
11.67735852534562 28133
6.852532258064516 31063
6.253088172043009 38057
11.312622580645167 39161
8.649851612903229 40033
10.084863709677414 47049
8.8295133111554 2275
6.8508129032258065 16045
9.40845304659498 17001
10.175657724957555 18085
10.194459447004608 21133
11.049394354838709 21219
10.695716129032261 29207
9.637465835777128 36117
8.779237096774194 37121
7.893067741935484 48173
7.617690860215056 55135
6.353487741935482 16039
9.514717741935486 17175
6.985692020373518 24045
11.938006451612905 28091
8.041296774193547 29227
6.663490322580646 31135
8.114444623655915 34033
8.871490462833096 34041
7.365880455407976 36077
8.68317685834503 36109
6.752845920303604 41071
9.024176594148527 48061
8.161111612903225 48265
7.946229032258064 48399
8.918820430107528 12065
7.743193039049233 12119
10.953791315136481 13217
10.833659999999998 21207
10.949824423963125 22011
10.001369623655906 22113
11.000708064516129 28015
5.418603548387097 30055
7.503440322580644 36089
6.596544086021504 37103
12.543802688172043 39127
8.966231899641574 42035
7.019809331797231 9003
7.227602217741938 10001
11.025612903225815 13015
11.239712688172075 13067
8.219346082949308 13179
10.014617404351089 17019
9.842734677419358 17107
11.561118548387105 18023
11.023721505376347 21137
11.653520430107529 21187
9.450121774193546 29167
6.667745161290322 31071
6.929054838709675 31145
5.630083870967742 38025
5.813335483870968 46117
9.568353510436427 47019
8.481004032258063 48255
7.763335483870968 48383
11.96012741935484 5017
8.098906451612908 6069
8.8295133111554 2070
8.990840322580645 13279
8.916539784946238 13281
10.999669892473118 21115
11.355277822580655 22039
11.569083225806448 28101
9.075125268817203 37115
7.0645629032258075 46035
6.08952258064516 46123
5.539962903225806 8067
6.841830645161285 27035
6.395095161290321 27115
8.5816105872622 31055
8.570440645161293 45055
8.733590322580643 54075
8.8295133111554 2110
10.293799999999997 13197
10.81779161290323 18045
8.08191290322581 20117
10.732980000000001 21175
9.135030272952857 26157
7.776909354838708 27047
10.831665591397847 28097
5.677483870967742 30081
6.857116129032263 32023
9.531061935483866 37159
12.386947956989248 39009
9.940127419354829 42013
7.600586021505378 46127
10.819019713261653 47113
7.8341331797235005 48219
8.26048064516129 51685
5.668009677419354 8019
10.739265437788012 13285
11.840083284457478 22117
7.163653225806451 27167
5.437496774193549 30025
8.434608280144898 37183
9.443180645161291 40099
5.658990322580648 46055
10.474650620347388 48347
9.729233137829919 5115
9.430343548387096 54065
5.875096774193548 8047
10.767876774193548 17045
10.920148387096773 21045
7.924784331797234 26009
7.963490322580647 29129
8.012163440860213 48083
10.17115080645161 51520
6.640619534050171 53035
7.160292362428841 8013
5.916648387096775 16071
10.278296774193548 21105
9.39452150537634 29011
5.228835483870968 30107
13.296100268817224 39029
10.018074193548385 40091
9.736367741935483 42057
10.328399999999998 47007
7.3148064516129025 48045
6.730491612903227 50017
5.604429032258063 56027
8.457136487820943 6075
10.961253709677418 13113
9.12134677419355 13165
10.366190322580644 13259
11.400859139784943 18055
7.421508306451619 23031
9.974778225806455 29181
8.882259139784948 29205
8.856449528535986 36087
9.396894930875572 37059
9.63151182795699 45037
6.740538709677421 46003
9.900083557347672 48245
12.058148387096779 54035
6.095113978494627 56041
11.254482795698928 13169
8.42412258064516 19055
6.384420967741931 23027
8.607573232009917 24003
11.91925 28125
8.9843129032258 29137
5.174820967741938 30067
7.196098790322583 36095
8.205613978494622 37033
9.776799479708645 37035
11.776393504197966 39093
8.713498617511522 48249
7.4296999999999995 51149
8.704841935483872 51640
6.080836175115211 8043
9.872579032258063 13141
9.813730645161293 13221
10.116567155425226 13275
11.022250537634408 17047
8.616528225806453 20115
11.308516935483873 21069
7.478701792114698 26101
6.8976911290322525 27097
10.518529032258057 28003
9.139672043010753 29085
5.460467032258067 30003
8.59362903225806 31153
7.146952785923754 37061
10.112191612903223 40023
6.0780064516129055 46069
6.114839784946234 49047
6.4152477419354845 50019
6.316906451612895 6089
10.435448387096773 13263
8.171496774193546 26097
11.393428445747816 28033
8.935968387096777 29053
8.371643225806451 29117
6.324318279569892 37143
11.613723476702502 42051
11.161882580645155 47107
11.670153456221186 47165
8.368934331797238 48135
9.05972857142857 51069
10.95847741935484 1075
9.658117741935481 13287
5.683945161290322 23021
6.742395161290323 31111
12.479259677419343 39037
13.442551758209849 39061
9.924731541218637 47029
8.298508602150541 48429
8.020102656546495 51061
6.164221326164874 56025
12.452307534002722 6065
7.926825806451612 12075
10.847463225806447 13143
13.02351458064517 21037
11.040776612903228 21061
11.33220698924731 21141
9.833823195084488 22109
11.38312841627491 29189
7.069944516129031 37131
12.240037096774197 39111
9.372774999999999 40073
7.764829032258064 48127
11.44721612903226 5073
6.180931612903224 53001
7.895486559139784 55049
9.95207365591398 13195
9.821639247311836 13227
6.236904301075267 16079
10.701335483870967 17059
7.581070967741935 19121
10.566198924731182 21129
11.097346543778814 21199
6.954630824372758 27041
7.887932258064516 31059
6.19156598240469 31157
7.341057056451604 35035
6.426742473118277 38099
7.157664516129033 48421
8.978444623655912 51005
10.295219892473117 5113
8.417839400921677 12001
8.737636774193547 13001
9.419334239932533 17097
11.456924999999993 17185
7.736056182795693 19181
6.85547188940092 24039
8.982107827324471 25025
7.607456451612906 27157
9.626522119815668 29009
11.515620724284862 29510
12.840118986175126 39099
5.749018934081342 46103
7.369338709677419 48137
11.646069677419353 5027
5.904604973118285 53015
7.722452419354843 55075
12.192534193548392 18011
11.841367741935487 39107
9.002749677419352 48021
7.6914483870967745 48087
10.78929563567362 5031
9.43670355787476 12073
9.575690322580646 17149
12.542039205955332 18057
10.312041935483874 21013
12.96755381589301 21117
10.395672791023843 22057
5.421092580645162 30069
6.229464516129033 31113
6.675996774193548 35019
6.066114392059554 38101
7.841070609319 45029
11.161404516129029 47057
8.859693369175638 55089
5.835379723502307 6063
6.948095210918123 8041
10.03031419354839 13099
10.44705564516129 17027
8.050484792626728 19065
7.462119354838713 19147
7.637996774193549 20141
7.897989955083702 36071
9.475795235276683 36085
5.905770967741938 38029
11.349750278086779 39085
9.728821505376343 40087
9.506880000000002 40117
9.869338978494625 42097
6.988848745519709 50027
10.216826612903233 13213
11.69714274193549 18159
9.280382258064519 20003
9.895987051971323 26099
5.227961290322581 30097
12.786872350230416 39047
7.242567096774193 40139
8.499471889400919 42015
10.40676150537634 47059
10.385198924731185 47069
7.710583467741936 55093
8.8295133111554 15005
10.959360215053765 1011
10.191653010752704 13059
10.020362580645159 17093
6.262005502846301 23025
5.910237976539591 30013
9.320846505376345 40047
8.19624903225807 45049
11.912469758064569 47093
8.167256774193552 48057
8.97199369727046 51107
11.433725806451617 54085
11.436 1023
7.876764809384168 24035
7.715702688172044 26133
9.287903225806442 54055
10.947362365591403 13129
9.072743010752685 17103
10.808674838709672 17159
12.484009062980034 18063
8.311935568760612 19013
7.6389827956989285 19093
7.013409677419353 27111
9.23856299810247 37027
5.7396048387096785 38085
12.940396774193545 39135
8.651690322580647 48089
8.646358064516129 48193
8.8295133111554 2220
10.878887096774195 17023
7.7187978494623675 19149
7.642556989247309 27043
7.207856221198156 27085
7.971507526881725 31095
12.345138709677427 39071
12.259872419354839 39145
8.704885483870969 42023
7.297281290322583 46135
8.668483870967737 48321
7.420209677419358 51007
7.249304435483844 53011
8.86388919729934 55133
6.2281408602150545 6051
6.757596611274047 6097
6.452854838709677 8061
9.679438978494625 18039
11.388718870967729 18067
7.541750967741938 19059
7.268246774193549 20065
7.540158064516128 20119
9.432276545070843 24005
6.8378170506912435 27017
7.558251152073726 27103
6.363241290322578 32019
5.5304032258064515 38001
11.532817888563061 39003
12.512721658986171 39053
9.61449919354839 40107
6.568732258064516 46073
6.431712258064517 49041
7.772137726814509 49049
7.270972043010754 51036
11.23227096774194 54017
8.72418234295416 55105
12.371499072028255 1089
10.222846774193549 13273
9.856102580645162 17061
8.469893548387098 20197
10.031169081885876 37071
7.039769124423961 46029
10.84063064516129 47127
9.348921505376333 48041
8.4667876344086 48285
7.876068817204301 48307
11.413252258064515 5019
5.85761723502304 53031
9.87320967741936 54067
9.49630808602151 18141
10.97112119815669 21085
11.508852419354843 21215
7.596059139784939 27105
10.099985161290327 29219
6.100239784946238 30089
6.685631409168081 33009
6.286861290322582 37137
5.918974193548389 38095
12.907997177419377 39089
11.894894057724972 42005
11.52481313364055 47147
9.470192961876831 48217
9.634658137006172 48491
9.249568817204302 5129
9.84728516129032 5141
9.967045161290324 13037
5.678430645161289 30085
6.212403225806452 31009
7.3978258064516105 31139
8.838970322580648 36123
8.75203141772838 37081
5.581776733870966 38089
10.037402419354843 40061
5.92889838709677 41061
9.141239139784949 42037
5.8028016129032265 46121
7.3744903225806455 46125
10.80945985663082 47021
10.77418306451613 47087
9.709348790322576 48097
10.246576061120553 48231
7.820667741935484 48431
12.456105561735257 54011
11.739598709677416 54103
8.8295133111554 2185
8.115286451612901 12041
7.021880233356239 12115
7.645550537634407 19009
6.7952129032258055 20153
6.993651612903228 31175
9.079955517826827 36011
9.000941013824884 37193
5.966061290322584 38105
11.099714369501465 54033
7.50541003584229 6005
13.010129280397017 1115
8.516487634408602 17085
8.73852983870968 20111
10.848653225806451 21197
7.512541129032258 27033
6.491530205278592 27061
7.627818064516126 27117
7.275040860215056 27129
11.21093978494624 28019
11.841287096774195 28039
11.233159139784943 28103
9.92659623655915 37109
7.884767637877206 37155
12.261595894428151 39005
12.835846407624631 39023
8.634113978494625 48237
9.536340916808147 48367
6.2827377171215915 49043
8.705630107526884 54031
6.748082488479266 56005
11.248318181818178 1077
7.664129080404406 12101
8.257767242162645 13051
12.980859354838708 18029
11.354811612903223 18153
6.771283870967742 20199
6.526046572580639 24047
11.074822939068099 28095
12.152392592592582 28121
10.398228410415857 34017
7.7967244623655905 37069
6.228394906621394 38015
9.762029838709678 40095
10.54363440860215 47015
10.6678288172043 47141
7.951792831541223 51083
11.184920430107528 5117
6.319812207463629 6007
10.91906 13053
8.118969354838713 19017
8.952183870967744 20049
11.95308967741935 22027
11.61136344086022 22125
7.424914919354842 27015
6.896545161290322 27159
7.429584060721064 27171
11.868682795698927 28077
11.345003225806442 28099
8.60714946236559 29041
5.819883064516133 30005
8.166980465949823 37125
12.73457283531409 39119
7.919183870967732 45027
8.946658602150535 48477
9.242723973607053 55101
9.493177211238288 6025
10.655098924731185 1041
11.50131010752689 1047
10.535279139784949 17199
11.891430791788851 22079
11.020016977928691 28081
9.140938709677421 29125
8.592590455057278 32003
6.639566021505379 37141
9.63730752688172 42087
9.206478167002693 42101
7.382539784946237 48357
7.383653225806453 51135
6.879860483870961 55031
12.05228881720429 1051
7.887525567502986 12017
10.350074193548387 17069
7.413796774193549 20163
8.039372580645157 31097
6.997554213098733 35045
8.446150806451612 40149
9.009510557184756 48481
8.8295133111554 2100
12.498730537634412 1055
10.223962078853049 13117
9.481583870967741 13155
10.399924999999994 18111
7.867134946236559 19187
6.621725161290323 27135
5.782870322580646 30019
6.213961290322583 37029
8.721812903225805 37189
6.058667741935483 38027
10.398273118279565 47155
11.353375463436006 47157
8.045719354838708 48151
7.420442857142852 48179
7.746706451612903 48235
8.41400322580645 48333
10.254712903225808 48405
6.835602016129036 51093
8.928743548387104 51197
5.756022580645158 8055
9.197192473118278 13271
10.266410215053764 17173
9.85308849462366 17179
10.154241612903226 18113
10.456703970223332 26115
7.3822540322580625 37079
7.669803870967735 37181
12.731226523297485 39027
8.671317204301074 40093
5.9277758064516135 46129
6.791890322580645 48229
7.28562523719166 6061
8.670996089385484 11001
7.628226185958253 12107
9.586874193548395 17161
12.664813225806451 18145
12.078103061782427 22071
8.653309139784934 26121
7.0032612903225795 35011
8.456576702508961 35025
6.582747311827956 46115
7.442584229390687 55073
8.8295133111554 2230
8.048103225806452 20201
11.1197862170088 22099
6.371476344086021 27075
6.944537634408603 27107
11.327939784946237 28005
5.946383870967742 31091
7.438927611098576 34025
6.706198709677419 35027
8.848531231671554 37171
10.203103494623646 40079
9.290715322580645 47171
10.078885383064522 5143
12.542786848635224 18019
7.304551612903226 20101
12.526714193548383 22121
7.707743695014664 27099
5.314232258064517 30037
6.006593548387096 31005
7.9394290322580625 31169
6.597652188940108 32031
7.567679765395891 45089
7.585677419354839 48413
9.932061290322578 5127
6.675766956114018 53053
8.971548614037932 6019
5.916059216589861 6093
10.72159551192147 13153
9.895505645161286 18087
8.196145806451613 19129
12.485735483870965 21089
7.5074129032258075 51049
6.2267193548387105 8073
8.34222511520737 20161
10.416692473118276 21007
11.087562096774194 21123
11.47819447004608 28087
8.804131024667939 34035
6.597871774193547 35028
7.945577419354841 51125
7.274079032258062 51595
12.70005448028672 54069
10.600570967741925 12113
9.558777419354842 13315
11.49569225806451 21005
12.116256989247315 21041
10.411356451612901 28009
7.139008444022776 34011
5.9592333333333345 35055
11.261520843672454 39063
5.669801612903223 46007
8.16946129032258 48311
12.057801935483866 5011
6.925464516129038 51199
6.488339631336406 55003
8.3346064516129 13183
11.069843655913985 13247
10.275729677419358 17041
9.535402419354838 17057
8.259954838709676 26051
8.144622580645171 31053
6.713984164222874 33003
6.614142741935482 36041
9.439645622119812 37003
13.53597971774194 39017
10.026765161290326 47161
9.599834005376337 48091
6.715654032258064 49051
10.179441935483867 51105
7.597834451612898 55063
7.60467557603686 55123
5.8997290322580636 56045
6.5177608870967765 16011
9.966338709677414 17075
9.832717369727046 20125
8.041174780058645 26107
7.751590322580646 31099
7.8292473886328695 36083
11.469266004962776 39077
10.511287455197136 39171
8.954036070381237 40137
9.994734408602154 47083
10.672571925117419 48113
8.351290322580645 48261
9.574150000000001 5065
11.138008602150538 5095
8.372016129032257 51091
5.994385161290318 6011
6.34599193548387 8095
11.4329688172043 18025
9.033772140762458 20035
10.75102661290323 21107
9.238945698924732 29055
7.236838494623654 33001
11.909395601173019 39011
10.74127861751151 40143
7.478333870967742 48065
7.682817562724011 48189
6.795139354838712 51175
11.267094193548393 1107
6.041423387096777 12043
10.592735125448034 13009
9.88826711250982 17089
7.689556451612903 19025
10.41937419354839 21051
5.488261182795701 30021
5.458816129032256 30077
8.146510967741936 31131
6.352228387096777 38067
5.504125806451612 41023
11.022340322580648 48315
11.305859139784948 5107
7.057758064516129 51159
7.009554838709677 55037
7.87111738351254 8014
9.04656236559139 13161
10.468111290322586 13193
7.6923548387096705 19029
11.11801505376344 21027
7.286151612903226 27143
11.89991748726655 28151
8.225296774193545 29005
7.2113784946236565 31003
8.04118874901652 34037
10.43266828714221 42049
8.51082580645161 45005
10.339323870967743 47131
8.003449553050908 51153
11.12058387096774 54013
12.637694517643558 6037
8.239086062081562 6079
9.676620161290318 13075
10.561811290322579 13289
9.839097419354841 17063
7.087299999999999 20187
7.995736405529948 27139
7.236316935483873 27151
11.422583064516134 28023
10.745643145161289 29031
8.136039784946238 29211
6.131096774193548 30051
6.433626036866362 32007
10.203855583126556 42065
6.249090762463345 44005
10.070633870967741 47175
6.421358064516123 12055
8.773987096774194 13005
11.189194193548385 13207
10.39341532258065 13261
10.203856451612904 17013
8.066952688172044 19083
11.797970322580648 22043
6.150802508960571 23007
6.880737096774194 27153
11.372119999999997 28051
8.036291935483872 29171
9.405752016129034 29225
6.786964516129034 31087
8.142009677419358 37093
8.892983622828778 37167
8.333886451612903 42105
9.715543317972346 48161
7.583647096774197 51145
6.657487096774193 51620
5.423012903225807 8057
6.419252688172043 16031
9.27717779156328 17111
9.626622580645165 17131
10.360766850594219 17197
11.101119616390614 18157
11.676952688172047 22107
8.168219061583578 26123
7.668646572580639 27013
6.818930645161289 27087
11.379783467741936 28083
9.047541935483876 37075
7.417239784946228 38017
7.7556032258064524 4012
5.962830645161291 49029
13.167935483870966 54009
6.418826881720429 8063
12.442223064516126 18043
9.629408602150537 19115
6.9379725806451615 20039
11.383887829912021 21093
10.470867526881728 22045
5.888902580645162 25019
9.227476036866364 29007
8.162825806451615 31127
8.076383870967742 31133
8.849992032258076 34027
7.110243548387098 35057
5.990337096774195 38005
6.3589032258064515 38039
9.999170322580644 47085
9.722483870967737 48313
7.5341080645161265 50013
6.993661290322584 55119
6.032929493087563 8029
11.251601075268816 1065
10.700040029325526 1069
5.952562672811055 12085
9.853602580645155 13303
5.463770967741935 16033
5.546526881720433 16085
9.535350967741941 17123
10.762293548387095 21065
8.8568440860215 29175
9.089730875576032 37039
12.605574596774204 39167
9.686432741935475 42107
6.057506451612903 46089
10.129714516129033 47061
10.277049266862171 47183
8.053143010752695 48163
6.218608467741934 49021
5.730103225806453 49033
11.707812122241092 5119
5.475109677419356 53069
6.450552903225805 55007
8.8295133111554 2020
11.466136559139777 18117
9.148081720430103 19103
7.668841935483872 20069
9.67541672456577 20091
12.310908141321038 28089
9.687180296425469 37025
6.5119334027055205 37133
7.228132718894012 41043
8.338925806451615 42113
11.329254838709677 5099
6.636870967741937 55099
7.472147177419354 55121
6.924197524381103 6017
5.720173548387095 6105
8.8295133111554 2060
8.277905069124424 13029
12.495885714285713 18041
7.017558064516129 20075
10.906961290322585 28155
5.902667741935486 33007
6.059627741935485 38059
6.514152016129031 41045
10.24347950664137 48005
7.691522580645162 48095
6.847993548387096 48111
7.902296774193549 48263
10.215116129032259 5097
7.491164454685118 53063
10.850025483870967 13077
9.725742258064521 17137
10.558470161290332 18073
8.697438709677419 19095
11.042496774193548 21063
6.342790322580646 32009
8.499461935483872 36107
6.403817204301074 37041
12.068249103942643 39101
5.937319354838711 46021
10.304414076246337 47099
9.557742723467115 26049
10.89513032258064 28043
5.596848387096775 31161
6.039254838709677 32015
9.608289769585252 36013
12.917373502304146 39045
12.508464792626734 39133
7.103474193548387 46077
8.563895483870967 51600
8.448178387096766 55055
5.683763440860214 56043
5.536135483870967 16023
10.307348387096772 21143
9.022785806451619 29141
9.662283548387098 29165
5.394612903225806 30043
8.519775806451618 37007
8.293617165898612 37135
8.61846743471582 37157
12.387337327188943 39073
6.118109677419354 46049
10.299581612903234 48471
11.216214193548389 5057
7.254535483870972 51081
6.962110322580643 51183
8.601256234491329 6013
6.606632718894005 6015
7.1128591935483865 6055
10.30323978494623 1067
11.431062903225813 1119
7.803429032258067 19159
10.900189032258067 21217
10.923832258064511 22115
8.461790967741933 45075
10.493175912408752 48121
10.264810483870972 48351
7.837640645161292 48463
9.440774838709675 5015
5.199070967741936 8111
12.014169175627247 1127
11.504220645161288 1129
6.649803480475382 12015
9.166606451612903 13283
6.066332903225805 16049
6.97010193548387 16053
10.548537634408605 18007
9.225388709677418 19045
10.346190322580645 21075
6.698109677419356 23015
10.014091840607204 29071
7.152134709677404 35049
12.633879838709682 39013
12.686246572580648 39087
10.000091935483864 40105
5.424963978494625 41007
10.380555597722958 47119
5.302580483870972 53045
7.744553795066416 53073
9.070159999999996 54027
5.692053225806452 56011
5.3913148387096745 8117
10.112026612903238 13073
10.028816129032249 13087
10.818582258064517 13225
8.81750322580645 20043
11.52912580645161 21097
12.410109108159391 22063
7.504504301075268 26003
11.298031182795702 28021
9.799538172043022 29145
5.580516275659822 30031
9.967070967741934 40035
10.244869004207578 47179
9.095265322580637 48055
10.698169892473121 48063
10.118085337243409 48199
9.81023594470046 51167
11.663759139784952 54095
8.14330940860215 55043
6.481610445468509 6101
8.181446129032265 12019
10.237352688172036 13219
9.405465591397848 17169
8.31009784946236 20131
10.684800000000001 21057
11.684559139784941 28053
9.306236559139785 29217
11.169680286738348 47089
9.012684792626729 48331
10.702189516129028 48449
9.68441935483871 5137
9.168676437587656 51770
8.666136352357329 10003
8.022158064516129 19043
11.345003225806456 21149
12.212012903225808 22065
7.879371428571427 26109
6.518272043010753 31101
7.912618036767264 36059
8.63157634408602 37005
8.758074193548385 37199
9.444040894901132 42027
8.00359941348974 42115
9.463518026565465 45059
7.506587096774194 48435
6.147990322580645 49001
9.376688888888882 5005
11.503358669354835 5085
11.158120915712784 1003
6.538121467313731 12009
10.345262800274519 13245
12.703873548387092 18047
9.089212096774192 20087
6.993809677419354 20109
12.885605539971968 22033
9.447518279569893 22075
9.789349490662147 24013
9.878499841353777 24021
8.831845430107533 26063
12.012847311827956 28131
8.844563929618772 29159
5.314226881720432 30023
5.225429032258062 30045
5.624454838709679 31045
8.11379607672189 36065
8.651947004608296 37175
5.882796774193547 38083
8.15086209677419 40009
5.873945161290323 41049
7.951712903225808 48443
11.85047161290323 5043
8.198159907834102 51683
10.589055913978495 54015
6.32598935483871 6023
12.462150146627565 1121
9.598430107526882 17203
7.7341185483870944 19165
6.312693738140415 32005
7.741400268817208 35009
6.0921806451612905 38075
8.511825161290327 40039
7.057380030721964 4025
6.588937096774199 41033
8.566338709677419 45017
11.653422580645154 47001
7.636825161290323 48279
8.078639247311829 12089
11.163827354838705 13151
6.675574193548386 20023
9.677076520359607 26093
9.48046129032258 29139
7.670077589134126 36043
12.786797903225814 39025
8.840256129032253 45039
7.224401612903227 46039
8.736428387096772 48281
6.955117204301078 51103
10.937588709677419 54021
10.592795340501791 54045
7.554683870967743 55001
5.5050046082949295 8037
12.36959265614276 1125
8.521999193548385 12129
9.525472043010755 13167
10.063045806451619 13177
9.409473290322584 13185
9.12250806451613 13309
5.95845 16029
7.827177386438452 19153
7.792437096774194 20145
11.641305376344084 21091
10.715231720430097 22001
6.192689450741064 37031
5.422045161290322 38011
7.420290322580642 46027
10.250112903225805 47153
10.109282133995041 48181
6.9367572580645165 51119
6.938244686907027 51650
5.352482258064515 53047
5.387950322580648 53059
5.742395161290323 16003
6.567806451612904 16073
10.541806451612905 17077
9.944282795698923 29123
9.473748387096773 40103
11.103828471248242 42063
7.1505043010752685 46067
10.55903225806452 47067
8.677077880184333 48025
7.363551612903227 48393
10.115225161290322 48455
5.086430875576037 53049
9.189425806451611 54025
9.373733577712624 26037
9.872390408474926 26125
5.664245161290323 38053
13.320758802816911 39049
12.665336774193548 39067
11.230256978275163 42071
9.93965483870966 45003
6.914083870967742 46043
5.573333333333335 53019
7.178858064516131 55019
11.23367580645161 1029
11.131884946236562 1105
7.830532506203469 19193
7.206412903225806 20137
10.665243010752688 21109
10.928465508684862 21125
11.284604516129036 21127
9.18508660049627 26017
5.979641935483872 32027
7.37344735758408 36111
7.2964354838709635 37017
12.506559139784947 39105
8.363094009216592 42131
8.266679276637346 45041
7.488877419354838 48385
6.703358772619984 51550
11.426699354838707 54043
7.378399090157145 12081
8.733724829493104 34023
7.4414565591397865 36035
7.498854269449716 36115
6.874478225806454 38097
12.15967150537634 39131
9.545046236559138 40133
10.042553629032259 42109
7.132254838709676 46097
8.414236200716847 48329
7.967402150537632 55029
5.910476612903226 56023
5.893588709677418 6049
6.37463410138249 8039
6.217888486352349 9011
8.8295133111554 2013
10.76178064516129 1111
9.704247507331381 12131
9.830236559139788 20021
7.799906451612903 20047
8.809951478494618 26005
11.87454731182796 28065
9.397935967741931 29037
9.671913438158551 29095
9.765183870967732 45021
10.301766935483872 47017
9.465653567937437 48167
10.941920967741941 5037
7.023709677419353 51133
11.586701194743135 1081
8.208725806451614 12045
9.960893548387098 13201
7.3737 20135
10.614790860215054 28093
8.324532258064517 31147
12.972889516129033 39075
10.296710035842297 47177
8.80096532258065 48325
8.067881810035859 8031
6.570767741935483 8099
10.417088172043014 1061
6.720829032258064 27095
8.609848387096777 29025
10.478150967741934 29157
6.284699999999999 31149
5.9369903225806455 38049
5.619682258064516 41025
7.287709677419356 46087
8.540461290322577 48077
10.114951992409871 48213
11.771400000000005 5053
7.1959612903225825 55067
11.22469419354839 1057
7.375400241935488 12109
7.7172338983050865 16001
10.48809059139785 17029
7.717114193548385 19191
8.678855913978493 20095
7.545063709677418 26113
12.153618975332062 28035
8.588350000000002 29063
5.633296774193549 30075
7.905078225806451 31151
7.893068732183047 33011
9.648142532855442 34039
8.898467880184329 36067
9.032000358422941 51173
7.286227930763171 6113
8.155158563352177 8001
5.8101516129032245 8085
8.8295133111554 15001
12.659419354838711 18115
7.348083870967742 20189
9.808892811059918 20209
8.677098752282383 25017
7.451259057071953 27027
11.23796935483871 28063
9.610951979472143 29047
8.891993548387095 40015
5.7120404174573 41041
10.842131899641583 47003
11.895178225806449 5079
8.388639516129025 55045
6.804713548387096 55107
9.870282795698921 13081
9.508627419354829 17099
7.582595161290323 19035
10.860886175115205 21001
12.085191202346047 22119
11.301083870967739 28157
8.629475 29003
5.408206451612903 30039
7.901961290322582 48283
6.4320290322580655 48377
7.093948387096774 51097
7.283616935483871 51101
6.4370956989247325 51131
6.842098387096774 51181
8.50649160596598 6085
6.722778468713558 12071
11.273588142380436 13089
8.546726451612896 13103
10.557119354838715 13199
6.969525000000002 16075
8.758211290322581 19177
11.672279569892474 22077
8.21869419354839 26001
8.15202380645161 27163
7.560098924731183 27165
9.074837903225804 29135
6.15840322580645 30101
7.148322580645162 51193
10.715931048387109 1093
6.6519382488479355 16057
8.734086021505377 17015
10.757202508960582 18069
7.814008064516131 19003
7.662469892473119 19119
9.152034193548388 19183
9.346804838709676 20107
10.135509677419355 21131
7.589028830645163 26055
5.555767204301075 30017
9.59916935483871 5071
7.382291117344549 8059
6.070978745028733 12021
9.673777060931899 13277
12.072763225806453 18147
8.265759677419354 20143
7.524862903225805 20183
10.931978225806454 28017
11.583957526881724 28123
8.147962903225807 48487
7.669794838709682 51570
5.819961876832847 8045
9.387909677419357 13033
10.139077419354841 13093
10.674738064516129 17191
9.546076832844573 19057
7.973094758064512 19125
7.887838248847924 26127
12.249509022177405 28049
11.285013978494623 28143
9.801944868035198 29097
7.6672661290322575 31143
9.74824193548387 47101
7.973733333333335 51011
7.676239784946237 51037
7.615207834101383 51670
10.67560241935484 54091
7.682620967741938 19073
6.972756451612901 27089
7.875212903225805 31159
9.275135406721683 36081
11.35231105990783 39147
8.76311182795699 40067
8.473338064516136 45025
10.783721700879765 47013
7.564592473118283 48069
6.301759677419353 53043
10.453451075268811 17121
8.928221935483869 20139
12.286565776209658 22017
8.488739705296673 25009
10.487634677419354 28139
8.363748488696988 34007
8.23076019682887 42069
11.355331182795698 47121
8.473797419354844 48427
10.934840860215054 5061
7.405510483870969 53055
5.550008064516129 16013
9.459293300248138 17073
10.557649677419361 21231
10.598126451612906 28057
5.979964516129034 32011
7.751479569892476 35029
10.940929032258065 39125
8.531498387096772 55131
10.965395340501795 1053
8.417924193548387 13229
5.319894623655911 16059
8.000354838709677 19069
9.863565860215052 26059
5.903490322580646 31007
10.022659856630828 40021
7.736954838709676 40059
10.082772903225806 47005
8.418232258064515 48175
11.183856221198162 48203
9.982037903225805 48251
5.38493064516129 56019
8.8295133111554 15003
9.63695 17171
11.920091244239643 18037
8.522238709677419 20017
8.866803225806446 20077
11.118468663594465 21021
8.428925806451613 29061
6.690051612903225 31085
7.718894556451617 36057
9.942505161290326 40001
7.209254838709678 48359
10.322924731182795 48403
6.911033467741935 51073
8.355487096774196 51820
9.742819974364437 6029
12.744194877174559 6071
10.897809677419362 18103
12.104712771560235 18163
9.55973806451613 20133
11.779499354838707 21103
11.631132258064515 21191
10.890857258064518 21203
11.122634838709683 28137
10.552594086021506 29155
9.368679569892475 29173
6.569360215053764 35039
12.51355902353967 39103
6.243406947890818 41011
10.373396774193548 47133
8.421393548387096 48047
7.328943548387096 48371
9.832973548387097 48457
7.9293376344086 51079
7.278963440860213 51127
11.012283512544808 1017
10.834526881720432 13159
11.780505376344086 18175
7.529904838709676 20051
7.32373870967742 20171
9.457281879729202 26065
7.632974838709673 26143
6.033664516129035 30047
7.524830824372756 31119
6.455942823749418 34001
8.361437327188938 45061
7.994904838709676 48335
7.779749462365589 48475
8.921477491039429 19113
6.79262396313364 27057
11.76767096774193 28147
10.047917008797654 29187
8.057199096774198 36045
7.965211290322591 36091
9.130962049335865 37057
7.240800806451608 37083
5.503945161290323 38041
10.4324644312394 42077
9.233005990783411 45047
10.59933629032258 47041
10.226309677419353 48119
10.8679688172043 48365
10.296499193548389 48387
6.120933870967741 49019
8.914939784946236 51043
11.366248387096777 54049
7.6468019354838725 55083
6.438129032258065 8017
9.485495806451622 17105
8.323004147465438 19123
7.77028602150538 19195
8.444115591397853 20041
11.995196236559131 39117
11.167085591397846 39143
10.112544546851 42111
8.815681336405529 45057
8.375871669004209 45085
6.540977822580646 46013
10.694279211469535 1005
9.078823655913979 13003
10.52150322580645 13239
7.942492096774188 19169
11.101525806451608 22003
7.26553225806452 27067
6.829979032258064 27077
11.674809677419354 28061
8.32592304147465 37165
6.420795698924728 49027
9.114165161290323 51775
8.8295133111554 2188
8.8295133111554 15009
10.419871774193538 17127
8.358867204301076 19019
11.44516866359447 21043
11.459227649769584 22031
6.1120322580645166 31117
7.891191709111505 34005
10.113353858597362 36005
10.61577492668622 40145
9.958242431761791 40147
7.464333683420851 4015
6.428524731182795 41017
7.485309677419356 55011
6.6167193548387075 55013
6.27426129032258 8011
7.605822580645162 19001
6.970383870967742 20071
12.334587096774188 22111
11.116921290322582 28159
7.374697311827949 37185
7.4271623655914 40007
7.553103225806449 48295
8.275104838709678 48391
8.273666129032259 48411
6.075329032258064 8119
6.790181201334815 9013
8.8295133111554 2050
8.66516129032258 12077
9.041522580645163 13043
7.724492473118279 19131
8.087474193548383 19145
9.41055141129032 20103
6.713553225806451 20181
11.80057354838709 28127
9.279012096774196 29091
12.55185483870968 39115
9.2806951069228 45079
8.542688172043011 48299
8.444651612903224 51530
8.78100410557185 51660
9.807624193548385 13007
7.841050645161294 13039
11.143165591397844 13055
10.507737634408606 13269
6.158446774193548 16077
9.373312316715538 19111
11.843503973249389 21067
12.367138321229508 21111
5.692251612903226 30071
7.590582111436952 37163
7.103495161290324 46057
8.88494838709678 48363
6.336395483870965 50005
7.3815193548387175 51033
8.970484014336886 6001
5.5647239631336385 8083
6.761205477784542 10005
10.699923963133642 1031
11.488486021505377 1091
10.73662406627843 17031
7.905126451612907 19197
10.63539731182796 29143
7.1174285714285705 31047
7.512059677419353 35051
8.263172316715526 36007
9.631663709677412 42033
5.607435483870968 46105
10.665073118279572 47117
7.881713978494619 48323
7.9856559139784915 13025
10.000171428571427 13133
9.791046451612909 13147
8.011704838709676 20123
9.697282488479265 24023
9.03202679900744 26067
6.989142903225808 27007
7.698218064516129 27161
10.440779939516121 36055
7.635827272727272 55115
6.263788940092169 12051
7.68400516129032 19005
7.633506451612902 20025
9.675087390029331 20037
6.218793548387096 27031
8.109805361813429 31109
9.49925496774193 36069
8.614494193548392 36097
5.996870967741934 37177
12.11657992831541 39015
8.193168548387092 40065
9.798785607940445 40121
11.251170343392301 42075
11.920179569892474 5039
7.956732600195487 51760
9.594832258064512 54037
7.981796290322599 55087
6.491467519466068 8077
5.107403225806449 12087
10.396775283751486 17043
12.416808387096774 18139
8.862461827956988 19097
10.835886290322579 21233
5.480066935483869 23003
7.81221559139785 26089
7.025727419354842 27121
9.139570967741939 29229
7.935488172043015 31021
5.945509677419356 38051
6.3743768817204325 38093
8.49135852534562 48149
10.083365635286377 5007
8.776198709677416 51067
9.187621658986178 54083
8.183224232887493 55139
5.479664516129032 8093
8.8295133111554 2240
8.851974838709676 13241
11.257648156682013 18167
11.803071658986177 21209
8.378664516129033 29115
6.268345730550283 35031
8.292291935483876 36023
7.173158808933001 37047
8.998945161290317 47091
6.901531620868175 51710
6.874779569892472 51735
9.038765591397846 54063
10.468519999999998 13211
6.760565745007678 16019
12.794371114369493 18081
12.647740967741933 22073
9.14985998868138 24025
9.127725806451613 29203
9.701681451612899 34031
11.552338709677429 39065
7.452079032258066 51630
7.490875985663076 55081
5.813691612903224 56013
8.752287096774195 13267
10.286523963133641 17051
7.753270967741937 27131
11.36673870967742 28037
5.471432258064517 30011
5.423153870967743 30033
6.033064032258061 30063
8.796506079404477 34019
6.3639225806451645 35006
7.162572580645154 37147
6.270953225806453 46059
8.368067741935484 48049
8.676059186535781 48469
11.243832795698928 18021
8.086329032258066 20185
6.022928611500703 23019
10.158226516129016 26161
11.114119354838706 28069
11.361760483870967 28153
5.957632459677446 30111
6.615467741935484 40025
6.153811866359447 4005
5.668548387096772 46071
7.919421505376344 48107
8.074540322580646 48275
6.386489247311828 49015
8.351238370118852 51510
5.448311693548385 53017
6.362848387096773 53071
7.587496313364057 55057
6.454355241935481 8087
9.65030035842294 12039
8.390550000000003 20149
10.949802150537632 22007
7.031077016129031 27059
7.9274484587813605 45015
8.607155913978495 48177
9.06677580645161 48425
12.136667741935483 5013
11.344517204301075 1063
9.375481612903233 17109
11.906299193548389 18125
8.182898387096774 20027
10.36345698924731 21033
11.473056774193537 21049
12.471694428152494 22015
11.800938957816387 22089
8.249786277915616 25021
9.29695053763441 26087
9.113363799283153 29169
9.335704301075275 37023
10.717294954507846 47125
6.985813978494619 50025
9.181744516129031 51840
8.118105837173585 12083
11.25326612903226 18009
10.257698387096779 18049
11.153758266129037 18053
8.476503225806447 19179
8.49896774193548 29087
7.4893838709677425 31125
6.192774193548387 38031
10.565201935483865 47129
10.302723870967741 47151
7.483883681214416 55141
8.354393877551026 6047
5.8470548387096795 16043
9.34255069124424 17067
7.717676612903232 20055
5.927957580645159 30015
8.220681854838709 36053
10.082395362037936 37119
8.496948542183626 42079
9.86920591397849 47081
7.536938709677419 48327
8.893294838709675 48489
7.774531182795698 55047
7.012910322580644 55069
6.521309139784947 55113
11.527485663082436 1025
9.660908064516128 13301
10.951823476702497 13313
10.885781818181822 18017
7.635076129032255 27169
11.193610483870973 28135
5.459437096774192 30065
7.788782795698922 31081
7.242938172043011 35053
9.447786600496276 37161
10.645646143057508 42039
12.178657204301066 42085
8.814359274193551 48053
10.578255376344082 48419
5.265987096774193 8053
6.521913978494625 16065
5.760016129032259 16081
10.602417204301075 17035
10.131169689592216 17167
8.623467741935485 20085
8.041909677419355 20105
10.58933064516129 21237
9.0883262096774 26081
7.180254838709679 27093
11.412209677419364 28025
9.833472043010753 40077
7.888554838709676 48103
8.635418047079337 48485
6.8145949308755815 49053
7.782928673835111 55009
9.254911290322582 29027
5.880432258064517 31075
6.633883968719456 37019
8.773131220392502 42017
8.8295133111554 2105
11.31354435483871 1085
12.005065260545905 18065
11.647067741935487 22029
11.519428571428568 28027
10.397461290322587 29023
9.987881221841818 34003
7.582418790322572 45013
10.615251612903227 47051
11.53383677419355 5035
6.75645587557603 51800
7.956565322580654 55021
7.475846774193548 55091
8.362854435483873 20061
11.281107741935486 28079
8.922308870967743 29177
7.492085483870964 31179
8.458343432426753 35001
8.970521290322582 37111
10.413507741935486 42099
8.077356451612903 45053
5.618585483870967 46019
10.288715053763443 47077
10.65223440860215 47115
7.364956935483869 55035
10.661797986201725 6111
9.330750403225805 13137
10.657033333333334 13149
10.519521774193555 17025
10.484952150537637 17145
7.508292903225805 26019
9.5258564516129 29035
7.738073732718888 31141
12.935286543778808 39057
7.685914919354852 41067
8.740701290322576 48273
10.258253494623654 48277
10.50971236559139 5021
8.512584408602152 51790
5.61198870967742 8021
6.963717896597445 8069
10.901870250896051 39039
12.297100921658986 39079
12.799980740740752 39153
8.39132688172043 40075
7.524425806451613 48079
6.444890322580645 48109
10.42501935483871 48407
12.407110752688167 54051
8.141745161290336 55027
9.542390860215049 13091
11.152735752688177 17163
12.473837634408602 18155
7.5629752688172 19151
9.346222795698925 29051
13.59298514684649 42003
9.254100806451614 45071
8.041418279569887 48445
10.141416589861754 51027
10.546261290322583 54041
5.424798709677418 8015
11.149706451612904 1099
9.631329032258066 13265
6.756135483870977 26061
10.659719032258065 29069
9.248285483870966 29153
5.973111290322581 30061
6.988466666666666 35037
6.084817050691246 37053
6.110914516129032 38019
12.801014101382476 39041
13.278673900293244 39165
10.048524731182791 40037
10.013560261804583 45083
7.660070506912446 46099
9.995860483870969 47181
9.030425806451618 48099
8.398981290322583 48133
11.853203496675718 48201
6.417593309438465 49011
7.3180838709677385 51025
6.661368279569888 56037
5.7611743010752665 6035
6.206509677419354 8025
10.032426881720431 13253
12.253251612903222 18077
10.329769354838707 21055
9.722566129032263 22101
9.939385094549483 40017
11.187194571203777 47065
8.298952324478183 48303
9.657018342820985 48309
6.931275953079176 51095
12.002209384164226 54099
11.278381524926688 1071
9.724042580645161 13189
9.512787741935487 13257
10.396025000000005 18131
7.651857575757561 23005
6.728773574193543 25005
8.104834491315149 26029
7.542737096774191 27079
7.68373058064517 33017
9.566975564516135 36047
6.726676774193545 37091
8.342284750733139 37153
6.343318850806457 4003
10.261820788530471 40135
9.665764809384155 42009
8.372182258064518 45009
9.052484457478013 45023
7.925103225806451 48269
9.94757338709677 54001
10.642751612903227 54059
10.05840322580645 12059
11.35817129032259 13115
6.987938709677418 27155
11.65857181663837 28075
11.6336940860215 28085
5.3649814516129 30093
6.340377419354837 35021
6.725023387096772 38003
5.93945564516129 38079
9.665215322580647 40005
9.684843548387095 42093
5.571951177419361 53041
6.18622211981567 8089
9.494380645161293 13019
9.9173064516129 13023
10.38864368279571 17183
8.280637096774194 20007
8.084388709677416 20029
8.62424989247312 26073
7.535516129032261 27101
7.172752688172039 31107
8.924744546850995 36009
8.92357419354839 37043
12.803760322580642 39031
9.579473271889398 40081
5.728359677419352 41037
8.07967741935484 45033
8.010364516129034 48305
10.743648387096774 48343
8.069782258064517 48501
8.549199999999999 51017
13.802933207995284 1073
8.962810138248843 17007
9.526455645161281 18091
9.268034946236561 29105
6.601641642228744 37013
6.855037813620073 38035
8.732479233870968 48409
10.28680548387096 48467
9.928446236559138 48473
10.315906451612904 5023
10.386606947890817 5131
11.285230432136313 13215
11.032870597567438 17119
7.664958064516125 19175
11.110284946236561 21011
12.117258525345635 21185
7.66554903225807 26039
7.353236021505379 27127
11.668891532258067 28113
8.29112741935484 29075
5.45041112903226 30027
7.815795967741936 31043
6.311767741935483 32001
10.168492688172048 36037
5.398077419354839 41069
8.532036290322582 45031
11.170377024358128 47149
7.506029032258063 55078
8.688442624139203 6083
6.652567921146956 9007
7.698159677419353 19161
10.774330645161285 21165
9.049570967741937 26095
7.539983225806457 27055
8.936810394265237 29101
8.639354838709679 29103
12.981908755760376 39019
9.616382580645164 40063
5.4595600806451605 41057
10.156187096774184 48241
6.697468930390493 50023
11.224895967741933 5091
6.158845161290324 53023
5.561650537634412 56003
11.60129838709678 1019
9.70847419354839 13125
9.082503763440865 13291
9.879396505376338 18099
11.71322322580645 18123
8.581430414746544 19011
9.396994758064515 20121
6.983893548387098 20193
12.150659999999998 22049
9.236696277915621 26025
9.794783870967741 40083
10.219651612903228 47137
10.470333333333336 48159
8.995562365591399 48259
8.646247368421053 51680
6.490835483870966 8009
9.61861612903226 17017
12.18619149560118 22095
9.280642281106 26045
11.61713494623656 28029
11.5058116359447 28059
9.130531451612903 29111
5.918325806451614 30073
6.795581336405528 36033
5.35719064516129 38007
7.690053225806454 48483
8.036118064516131 19127
10.901966129032255 21087
12.759416129032264 22005
7.239632603686634 23001
9.12507340124505 26077
9.34713870967742 29059
9.647826129032255 29213
7.7956774193548375 31185
8.750720071684592 37113
9.171926728110595 37197
9.892530824372763 40115
7.574780367074519 41047
10.45841267281106 42021
6.400417741935485 46015
6.285735483870968 46017
6.131622580645162 46045
8.703499596774193 48143
9.796449866824526 48453
6.135640570719607 49005
6.409598533724338 49045
9.79621129032258 5083
11.105078494623651 5123
9.750641935483873 5149
6.645542580645164 55129
7.722074193548384 12029
10.760467199543282 13135
9.738006048387097 20099
8.215616487455192 26007
6.556793548387096 27069
10.408775 29186
8.326898387096772 29197
7.633955913978492 31121
8.699612258064509 37011
8.5272331797235 37151
7.001334946236556 38077
9.884400293255137 40013
9.345760680034866 45063
7.9413048387096765 48081
5.3574032258064515 8065
5.567782258064516 8107
10.644411290322571 1045
11.085096774193548 13035
6.775219585253462 16083
8.389675806451612 19051
7.672702150537638 19089
10.505739631336402 21025
11.203505093378617 21151
10.485979032258061 21189
10.900820161290325 21225
11.434796024006003 22103
7.747144821731758 27019
10.319010138248847 29113
9.611673548387094 29221
6.577564516129031 31015
8.655994428152507 36015
8.372983333333343 37123
9.573076585094537 42029
6.696935190615836 44001
7.514645161290323 48191
7.820203225806453 48461
7.129948874010967 49035
6.114742741935484 56015
8.150606451612902 13049
9.184735483870968 13173
10.306066666666664 21039
10.489321505376346 21053
11.174382795698925 21173
12.502800537634407 22083
9.236875073313772 29029
7.457338709677421 31093
7.584052258064518 35041
10.102164047866806 40027
13.15461733187536 42125
7.075282718894012 45043
11.851154301075272 5103
8.700606451612904 51610
8.03302092690895 6081
9.381246774193546 17009
7.590600000000004 19109
8.762482795698926 20073
8.373948093841628 4027
9.073380058651031 48493
6.071925806451613 50009
11.403723790322571 5001
11.41096267281106 5059
7.564900000000005 51147
9.3819357771261 51185
7.636385806451613 26079
10.779619508448533 29099
8.18196958525345 34015
7.802254032258067 35017
5.952403225806451 38061
8.169763440860219 48059
8.01460483870968 48415
11.935662903225804 5069
8.0414431085044 55015
7.798224731182801 55023
8.031220161290321 12007
6.062433357771259 12111
11.544837634408603 21017
7.724546451612903 27039
8.566110065810754 27053
9.039749462365593 29045
7.790449462365593 31037
5.3443261290322575 38087
13.00211414392059 39129
6.451173870967743 4023
10.772567411083529 47163
6.9012025806451645 48389
6.291536656891492 49003
11.267841935483876 1027
7.4541098829244135 12086
10.467367096774186 17181
9.108377419354834 17195
9.315980000000003 19087
11.796738709677424 22047
11.100083333333332 28007
9.84087304147465 29043
10.350519959677394 36061
12.587965806451605 39021
8.848439213709666 40031
10.13762204301075 48073
7.970406451612906 48197
11.740913548387097 5041
7.509886260453999 51179
11.208920737327183 1133
10.917846236559138 13079
5.855461290322582 16021
10.425465949820781 18033
12.559471505376347 18137
9.338559354838704 19031
11.963859139784951 22021
5.865377419354837 30091
5.7357010752688184 30099
8.843038306451616 48013
8.155135483870968 48023
10.357614695340505 48223
8.37660806451613 48503
5.26054623655914 53039
5.856330322580645 6033
9.574291129032257 13163
11.067988624787773 13223
12.61064032258065 18031
12.297148064516126 18071
7.878070967741932 19037
6.738764412070753 23011
6.370899999999999 38021
5.654577076612901 4001
9.617110080645162 40125
7.119716804201063 41039
9.22675053763441 45065
9.530445376344089 45073
12.04956451612902 47105
9.237133485583787 48215
7.640320645161292 51075
9.597459305210917 51191
7.816577465437818 9001
10.787720645161292 1035
8.169213709677418 12123
9.321679569892474 17037
9.074152213053265 20177
8.849648387096774 22023
6.356304466501232 23029
9.148654838709673 29161
5.6190655645161325 30083
5.597242580645162 30105
7.9791069124423935 31067
6.363382795698924 37187
8.165719354838709 48247
6.318001075268818 49013
11.170162096774186 5077
5.223537649769586 53007
7.692801935483874 55103
8.8295133111554 2282
7.307086073957515 12097
12.166090029325506 18173
10.906938709677418 21171
7.352359677419354 31027
6.048183870967741 31105
7.746643010752696 36017
12.267725806451615 39163
10.889422043010752 47143
7.477335483870972 48117
7.927187096774194 48169
8.012857429931247 48479
7.78671172194458 51041
9.07091182795699 51750
9.691352822580646 54047
9.189591995221038 6031
8.8295133111554 2198
12.5904380853278 1015
11.161554838709678 1131
10.640358933002481 13057
9.514202580645163 13105
10.050443317972352 18149
10.348823963133635 22053
9.398508006912435 26145
5.581799999999999 30103
5.741024193548385 31031
7.740765195246182 37195
7.53757670250896 42103
7.317847311827957 46079
10.647527688172046 47031
10.599304398826979 47047
6.864598387096775 51115
8.763370967741933 51690
10.937851612903225 13171
7.525267741935486 20083
7.671698924731183 27133
8.06771050262565 36093
9.951479677419352 40111
7.959654879032253 41005
5.847559139784946 41063
6.337693548387099 46053
6.064648387096776 46085
11.279187903225807 54087
12.472475495189569 1097
8.302115483870972 19155
11.296820645161292 21167
11.193507834101373 21183
8.09680258064516 24029
10.541600000000004 29133
7.557064271131062 36027
9.130529517863348 37067
5.810415591397851 41031
5.470535483870968 46047
7.515566129032258 46101
8.12461870967742 48007
8.546091397849453 51171
11.028773200992562 5145
7.557377455913989 53061
5.470814193548387 56029
9.151732258064515 20019
11.59513154121864 22009
7.405361290322579 31083
7.189218494623656 36039
10.988025806451605 47111
7.510853225806451 48267
10.546945806451609 5067
10.848421658986167 5111
5.9045999999999985 56031
5.5828258064516145 56039
9.229622939068095 13069
8.797608064516128 13101
10.492280645161296 13237
10.179209297912728 17115
10.241164516129036 17139
9.479505161290321 17187
10.018957184750734 21095
11.77107956989247 22025
10.702740645161288 28071
10.066588571428545 34013
8.668152688172045 37009
6.5524758064516115 38081
10.800288387096776 39007
7.54363597722961 45019
6.031219354838709 46119
10.093269758064524 17135
11.54290276497696 18075
7.99563440860215 20157
11.68264780058651 21073
10.321484274193553 21193
8.312519713261649 26069
11.863866666666668 28109
9.183091424075537 35013
9.80668856304984 37097
9.945801138519936 42095
8.746993010752686 45011
7.172261290322581 46061
11.407942318206675 48339
9.091948387096773 51580
6.540978580645162 9015
12.130374551971316 1043
13.062806922042995 1117
7.535249354838708 24041
10.266929733520337 26091
10.22110031729247 26163
6.76650967741935 31041
7.654099999999997 31181
6.070774193548386 38023
12.328834516129032 39149
8.136390322580645 48417
11.529594540942925 1113
11.13784377880184 18015
7.851869354838708 20089
7.457255483870968 20175
5.969087096774195 31013
6.433496774193548 31115
6.671241935483882 34029
8.245359305210915 37037
8.856998185483873 37087
7.844208064516129 40045
9.443407526881721 40049
5.973148178980225 4017
9.464386959180535 42091
9.80542461430575 45091
9.108897311827956 48015
7.111950537634409 51057
12.157340000000007 5139
8.283968863955126 6039
6.132969794721407 6103
7.243034604105568 6109
7.770050537634411 19053
11.613974193548383 21161
8.11063225806452 26153
10.549530322580642 28117
6.2617350230414734 35047
7.1679307053941805 4019
8.626063805358115 51013
10.017674193548388 51720
7.61031918202764 12069
8.957241129032255 20005
11.452191935483876 21135
12.40102580645161 22123
7.232163946869074 24037
9.500321193548391 24510
8.568096129032252 26011
8.123874596774192 26047
7.381905645161292 27023
8.370460169779268 27037
7.768692473118276 31023
7.579531899641571 35061
8.812382091212461 36075
9.588367741935485 40029
10.384591129032266 40101
6.08705322580645 49025
10.843630967741952 5051
9.848696082949312 54003
8.899430205278584 55127
10.603587096774195 1059
9.336551612903229 13111
9.745471712158814 13175
11.842209677419351 22081
8.619275747586535 27123
11.010323519803995 29183
7.710547538200336 36079
13.132731136044876 39081
12.31782211143695 39155
9.073513824884786 48035
9.268812642756961 48141
7.630454838709676 48153
7.422615053763439 48437
10.040362463343104 51195
12.484092473118281 54053
10.179766935483876 54077
7.715727419354835 55109
6.533076728110603 6115
8.8295133111554 46102
12.582552688172044 1103
7.92444677419355 12037
7.720567096774191 19047
10.017389137590508 26147
7.601891935483876 27045
6.159267741935488 30041
8.228686451612901 31177
9.279558064516127 36121
10.572813709677412 40131
5.732877419354839 41021
8.411773449131527 51015
7.754896712440077 53033
13.384249999999996 54029
11.290028289057558 13121
6.494819354838709 16017
7.5510919354838695 20067
11.000995698924733 21159
10.895692473118274 21169
6.384738882488475 25001
8.721090570719602 26117
9.723656129032264 29163
5.446775161290323 30109
7.488890322580647 31137
6.92907 50001
9.331585483870969 5087
10.740707258064516 5133
7.566682111436952 51730
6.993539677419354 55005
6.898895645161291 55041
11.697950806451615 1007
10.265861290322576 17005
7.6789096774193535 20081
10.74690747028863 21047
11.78783183730714 21059
7.188587455197136 27009
10.800088172043013 28115
5.9918731182795675 32033
11.002584792626724 39069
6.516651906158359 41019
12.87327661290322 42073
8.171472580645162 48115
10.341938351254486 48257
9.219030322580654 48395
7.675767096774192 51137
6.579753870967742 53075
12.156212258064526 54079
6.4060225806451605 8125
7.764406179304566 12105
11.349050896057342 18107
7.627754838709676 19141
8.062477419354842 20053
7.020318279569896 25003
9.862076344086022 45007
10.329929032258065 48379
8.8295133111554 2195
7.573246774193548 19021
7.824194193548388 19067
11.551048387096778 21213
6.401963440860218 27001
8.01241428571429 37145
10.91247632715263 39095
8.115554838709677 40153
6.300601935483866 41059
6.545926964433413 44003
8.496469954988735 51059
9.008212903225811 51155
7.4415380645161235 51177
11.893079032258063 54073
11.076620430107532 28107
8.880662903225808 29015
6.087692741935485 32013
6.108816129032258 38065
8.26920322580645 40043
9.91008924731183 40127
11.058119157340363 42041
9.427755086848634 42123
11.025964874551972 47103
10.843954193548385 47159
12.219921198156674 5003
8.846198991935498 51019
9.086833870967741 51021
5.869758064516127 8081
8.872191129032261 13031
11.05007225806452 13097
10.825725403225805 18181
7.985283225806452 19079
6.8675596774193535 26013
6.941946236559141 27029
9.330061290322577 29179
6.70027741935484 31029
7.820717741935485 51047
6.565730645161293 53003
11.248417204301088 54061
6.719672258064517 55125
6.669619765395883 8101
8.330786021505364 12023
10.912067014993179 12033
10.071777956989248 13131
9.232092903225809 13311
8.869283870967738 19105
11.759860215053775 21029
7.291090322580645 26043
7.074119354838707 33019
9.100488709677425 37021
10.280813385089012 40109
8.8295133111554 2261
8.732769892473122 13109
10.176625448028677 21035
11.570714516129037 22091
9.350280645161286 26151
7.404708467741936 26165
11.733453763440858 28111
9.391923655913981 29149
8.121355483870966 31155
8.529606203473945 36003
9.308486021505376 36051
8.139449424636885 41051
8.06697741935484 48505
10.789996774193547 54005
7.962506791171483 55071
9.858922580645164 13205
7.882083284457479 19033
10.190825161290322 21221
8.939433106960955 26111
7.018216774193546 27113
6.218247877758916 30029
8.467490322580648 36101
7.1462479569892485 37107
11.201382258064513 39043
12.431451612903235 39083
12.934128494623664 39097
10.414151612903224 47095
7.949132258064515 48155
12.169280517680894 6059
10.951659677419354 13083
7.765706451612899 19081
7.7322685483870925 19091
7.954087096774189 19099
8.85884019851117 20015
7.161674193548386 20063
7.368258064516128 20147
7.4739535546508 25013
6.152960483870968 27071
9.04325806451613 29065
6.046496774193548 31171
5.418926129032257 38033
10.8712785527463 47187
7.482083512544798 51117
5.337290322580644 8109
8.8295133111554 2016
12.213750179211463 1009
8.274650000000003 13305
10.494375403225813 17049
10.102130769230767 17117
11.382267741935484 21201
7.316043145161297 26103
10.337343548387095 28141
9.567724999999998 29093
5.550644147465437 30049
7.690432844574785 31019
7.136622580645161 31073
6.272538709677418 32021
5.7683354838709695 35033
13.23332610652663 39151
10.298510394265225 40097
10.366075133279146 48439
7.67119919354838 51029
8.590252688172043 51063
8.041825806451616 19007
7.427336200716839 24009
8.908062096774195 29049
9.922396253902178 29077
6.03818387096774 38009
12.536336812144228 39141
5.620040322580647 41065
9.363209677419361 45087
8.424746236559141 48009
8.51728193548387 48123
10.737875806451612 5093
8.8295133111554 2164
8.643058698489664 12031
5.602432258064515 16015
8.14645376344086 19071
8.138645161290322 19075
7.790744354838711 19117
10.5682814516129 21147
11.675417921146952 21211
12.260668817204303 22035
9.509643758765788 24001
11.496052688172044 28001
5.316408602150539 30095
6.129404838709678 32017
6.10364301075269 38071
9.524520322580647 40123
5.702641935483871 41055
9.330101075268825 42047
12.093240501792113 42059
10.151626344086024 47071
11.027682258064502 48037
10.133424557752353 48139
7.552911290322579 51109
8.8295133111554 2290
10.649834562211984 13293
10.47979283154122 17165
10.69751733870968 18169
11.099656129032256 21009
11.33913600900226 22055
9.03710838709677 26057
5.73844516129032 30035
7.554288888888884 33013
7.259857142857148 36049
10.6251635483871 42011
7.436638709677417 46011
6.789572043010752 46023
5.601865806451613 46093
10.17398387096774 5029
10.23089784946237 5105
8.376205241935477 51187
12.15945967741936 1095
6.129183870967741 31103
8.36913091397851 37063
6.53748064516129 38091
6.674424731182799 41003
7.84421935483871 48125
7.279890322580643 48301
6.110938709677418 49055
10.172046334310856 5033
5.6589677419354825 8003
5.83090483870968 8071
8.480973271889395 12121
10.60184112903226 17055
11.579244838709672 18035
10.23614946236559 21083
7.273991322580632 25023
7.477685483870967 31051
7.679273387096781 35005
6.140630645161289 41009
10.212954838709678 47043
11.052149999999994 47169
8.078786451612912 48227
7.907090221774189 51087
10.93885322580645 5147
8.018904569892472 51540
7.376509354838714 6009
7.460048387096776 6043
6.501901612903224 16009
12.182465161290315 18143
11.746735887096769 21239
6.496612713472485 23009
9.579215619694395 26075
11.349332258064514 28119
6.103051612903226 31123
8.046043612903222 37101
6.867834408602151 37117
11.550615360983102 39055
5.9889548387096765 46107
9.842653548387098 47139
10.212503225806449 5063
6.965548973607042 51700
9.820577419354835 12133
10.551200000000001 13319
10.254466733870956 18127
7.6366510752688175 27091
7.141132258064516 27149
8.610837096774194 29199
6.684912903225806 38073
11.647192307692313 39033
9.099812903225809 40053
11.295176625310159 42043
5.975100691244245 44009
7.872906451612901 48105
7.36590806451613 48129
8.971451612903227 48337
10.564559008654584 48423
9.07490080645161 51071
10.891060215053766 5109
7.815361290322583 51113
9.017800806451604 51121
8.919178494623658 54023
8.42332738503775 6099
12.279550604838722 1083
8.556491935483873 13065
10.695048387096776 17079
11.572967013527569 18105
7.6448849462365605 19039
12.09431096774194 22013
9.633935483870967 29109
8.18081885856079 37105
10.87703796526054 39123
8.730074838709678 40011
10.671841935483872 5055
10.326354032258067 17087
11.867714908456849 18095
7.974238709677417 19085
10.671559677419356 21153
10.993136559139787 21177
9.059861290322578 29215
6.170443548387097 41035
8.300115483870966 48171
7.754301334816466 48381
8.546995967741937 51141
7.702495629552556 6053
6.285935483870966 8121
8.8295133111554 2090
5.993183763440853 12061
9.586447741935487 13027
10.09055322580645 13243
10.953809139784944 13255
6.261361290322579 16063
7.814864516129032 19133
7.038603225806453 20129
8.945578005865094 26015
7.76051838709678 27049
7.013695161290321 27051
7.756385483870966 31173
6.988711290322579 46051
8.201776612903224 48003
10.049475711574939 48039
6.664734408602152 55051
6.006430322580649 56001
6.1345161290322565 8075
10.201159530791791 13157
9.667667096774196 17053
9.525044086021504 17071
8.883633221617087 17201
8.752061859582541 20155
7.5348523818454805 25027
5.4197570967741955 30079
7.218356366723256 36019
10.825382189721116 36029
6.7054798387096755 37015
9.504627096774193 40051
9.881838709677416 42067
6.728859139784946 48043
5.7519725806451625 49037
10.154239516129033 51051
6.0494628703094175 53067
8.202735483870967 12067
9.755671612903225 13321
8.22351612903226 20151
12.726288856304969 21015
10.202821068548397 24043
9.462544022770404 26149
8.828389462365593 26159
9.33941935483871 29057
10.83279247311828 39051
11.580829032258068 39175
9.861024926686211 40113
9.724535483870966 47135
9.254199999999996 48145
8.232848387096773 48317
7.4118967741935515 51111
6.809343021505382 53057
10.368347311827955 54007
8.032336040044504 16027
7.831581720430106 19185
10.81002548387098 21071
7.184463978494617 36105
8.705197491039426 37099
6.249058064516128 37139
5.797790322580646 46075
10.601865053763444 47075
6.346229032258063 48243
8.216808602150541 48253
10.32876021505376 54019
7.795080148883381 55111
7.0032816499206625 8035
7.8396581112669255 12095
10.83778178368122 13045
8.439651612903223 13299
11.852064516129031 18027
11.764094623655916 18061
8.346936559139786 20159
11.305295246179966 22097
7.465997580645159 26085
7.390482697947218 27141
11.95003894009217 28067
8.131434520318386 34021
9.563771537001896 40119
10.374165053763445 47185
8.518507741935483 48019
9.314334491315135 48027
8.032616774193546 48465
6.18095806451613 49031
9.740423655913984 5047
8.154081935483864 51139
5.4315492933947755 53009
5.594370967741935 8105
7.535481524926692 8123
9.33815887096774 13187
5.920625806451613 16041
9.310341935483876 20059
7.817306451612903 20097
10.985635483870967 21155
8.861006451612903 29089
5.145275268817204 30057
7.132503225806452 31077
9.691193279569882 42061
9.153072903225802 45081
9.518454838709676 48071
7.616016129032259 48369
6.493562756598228 51810
6.104476344086022 6021
7.416736037887613 12011
6.924051075268815 12049
7.653970667666919 12117
9.555820658888132 19163
11.64164838709677 21023
11.605996630824379 28047
10.823707526881718 28161
5.232074193548387 30001
6.110302150537635 31033
8.045787096774188 33015
6.3486108870967675 34009
8.013158064516126 35043
5.902267741935484 38047
13.076970161290319 39169
10.540828611500695 42001
7.180464925034077 45051
10.418508602150542 47023
9.885458910629332 48029
12.13547062818337 6073
5.409587096774193 8091
5.526037903225807 8097
8.8295133111554 15007
9.314117741935483 13181
6.401175806451612 16035
10.559491935483871 21121
10.932030414746544 22085
9.037470430107518 26021
6.6050741935483845 26131
8.058985114652138 27003
7.502627649769584 27083
8.995180645161291 29185
13.458063820366842 42007
6.862166129032258 46109
8.515183870967743 48239
8.578801358234289 51165
7.179440175953081 55017
8.060239677419359 55039
5.674287096774195 56033
10.76344695340502 1013
9.912079858379238 12091
12.981217597926262 18097
10.488633548387094 21119
6.606709677419356 31057
7.635109970674481 46083
10.201894265232974 47079
7.426130875576038 51053
7.388520967741944 55033
8.279400645161285 55065
11.648494193548384 18083
10.354044086021506 21157
6.065340322580647 25007
7.452213709677415 25015
9.232011436950135 26027
11.441521198156677 28045
7.2845443932411715 36021
12.62017148093841 42019
8.732422142572668 48355
10.718692741935488 13231
9.437631612903226 20001
9.358103870967739 29073
6.895783870967741 31183
11.567227604442085 36063
6.023648387096774 37095
7.739345533498756 37191
12.54801095761605 39035
6.299854838709676 41015
7.5895055299539145 42127
11.078774516129052 42133
6.809763440860216 46005
11.490536866359445 47189
6.963051612903227 48205
7.316248387096776 48341
9.540232258064515 48497
6.375766997518602 53021
6.845517014547744 9005
8.054987096774198 19023
7.684018894009219 19167
10.836096774193546 28013
11.896993548387094 28129
11.76886129032258 28163
9.80811129032258 29209
7.325438709677422 31011
8.807528315412183 37169
13.145324288425053 39113
10.004667383512544 48147
7.7742532258064525 48507
8.415133064516132 51590
8.506670967741934 51678
5.520155448028667 53077
5.465431182795697 8049
8.8295133111554 2180
11.622913620071685 1021
11.332488172043018 1037
9.464594354838708 13317
11.308405069124422 18001
11.89373824884792 18051
12.570270719602972 21019
7.258169892473116 27073
7.550690322580645 31061
6.523592473118279 37073
8.932233333333334 42083
5.671612903225808 46137
9.429624903225816 48209
8.636066129032256 48297
10.721562672811064 48459
9.516091935483871 5049
4.9841082661290335 53027
7.7246748387096815 55077
6.485047653958946 16005
9.565094728560192 17113
8.613033374689833 19061
11.158833870967744 21003
12.066104838709679 21223
5.134535483870967 30059
8.05459625237192 37051
12.537031182795701 39121
5.902711827956991 41001
7.9836392258064555 45035
10.782281048387093 47055
7.977210451612907 48451
7.765883450210378 51085
6.779066428571431 55085
8.04490984023608 6067
6.004002150537635 12093
7.649408817204297 13127
12.177159305210916 18109
11.474526267281119 18133
12.481894497153709 18177
6.886918709677421 23013
8.4249577685706 24033
7.569841935483873 27063
9.906226612903218 29223
9.574000000000003 40069
5.442930645161291 41027
9.146994771968862 42081
9.908178299120232 48001
9.110898387096775 5101
8.679129032258064 51035
6.992970967741934 53029
8.128409858305684 55025
5.657885161290322 56007
5.501648387096774 8033
8.665131612903227 12079
9.148640860215055 13107
6.58715806451613 16051
9.466792943548398 17095
7.701732795698925 19027
7.593270967741937 20165
10.73237225806451 29201
5.789513978494625 35007
6.192735483870965 38013
5.5822903225806435 38037
11.801940645161281 39139
9.620268778801847 45077
8.204993548387096 48131
9.92292857142857 48225
8.543694623655915 54071
9.334809677419358 54093
7.5191881964809335 12053
6.129248387096773 31017
9.23471796615072 36119
9.405668663594462 54057
8.426374031097712 6077
11.256851843317978 1033
8.061741935483868 12125
11.424356524926676 13021
10.449023963133637 18183
11.002858709677415 21099
8.319739631336406 26033
7.077297849462366 27011
6.996245161290323 35003
6.4193870967741935 38045
8.074648387096778 40055
6.944264927934108 44007
10.80445225806452 5045
5.123262137096778 53037
7.127403870967747 55095
12.670621191067008 1101
7.891099576943421 12103
11.133391397849461 21229
11.912774193548385 22127
6.4984282258064505 27065
5.394437096774194 30007
6.45023548387097 32510
6.05808064516129 38055
8.33886559139785 40151
8.410501843317974 45069
7.275090322580645 48011
7.2864419354838725 48195
6.06270806451613 49017
6.551929953917049 50015
8.48530403225806 51163
9.281928294930864 55059
5.77993064516129 16007
6.356477419354835 16061
10.56669736070381 17081
7.652106451612898 20167
12.114682258064516 21077
12.001682360471085 22051
11.451024193548385 28041
5.3069148387096785 30009
7.56892741935484 31167
7.612708602150535 35015
6.878794153225804 4007
11.539495307917884 47145
7.557406451612904 48017
7.560729032258064 48271
6.906870239334021 51740
7.765839482526862 6095
10.513117741935485 17003
10.014160215053765 18151
8.84816774193548 19101
9.525751612903228 20205
11.597800716845871 21113
11.323254838709675 21181
11.960936290322582 28031
7.063984637096773 33005
7.9798967741935485 40129
7.602164516129031 48345
8.016124516129032 48353
8.456977217741931 51143
6.597146236559136 56021
6.608320071684592 12027
10.401722043010752 17083
9.905151612903223 17129
9.875694220430093 17143
9.385696334310847 20045
11.279096774193542 21179
9.335789090909108 24027
7.135191612903223 27025
7.256093214682977 27145
11.402266532258064 28105
10.352543010752688 29017
9.853705645161293 29119
6.726893548387096 35023
9.012855483870966 37173
5.895088709677422 38069
11.955056598240471 39091
5.9985750000000015 46065
9.94269032258064 47039
7.821348387096775 48101
7.4165557603686665 48233
8.720930645161292 48287
10.144194930875567 48361
7.047479301075269 50003
7.053160322580645 50021
9.222138709677418 12013
11.54690430107528 21227
7.929606451612904 26141
11.691762903225804 28011
9.16041397849462 29039
7.843976497695853 31079
7.894616129032259 40057
10.654545483870969 42031
9.760286021505378 42053
7.989664516129033 48033
8.098391935483868 48207
9.304958064516125 5089
10.078832258064512 5121
7.587991244239633 55137
5.315550000000002 56017
6.0239532258064505 8007
8.8295133111554 2170
10.623138709677416 17065
10.11217208008898 17091
9.706889784946236 17125
7.507351612903225 19063
6.500103415559775 23017
8.758708658743634 24015
6.935387096774194 46111
6.52110129032258 49007
6.473454516129026 51001
6.195151612903229 56009
8.346926582661274 12057
7.236325677419349 16055
6.100193548387099 16087
7.903283064516133 19137
9.92483225806451 19139
8.74380875576036 20113
10.999582258064514 21205
7.2380648745519665 24019
9.231649499443824 29019
8.255870322580648 29147
8.344564516129036 31025
6.172693548387095 38063
12.568182580645152 39059
9.40162082111437 40071
9.60969139784946 48289
8.690874838709679 51077
7.918793548387099 51157
11.614780645161286 54105
7.7978096774193535 55061
7.582406221198161 55097
9.69300885028949 6107
11.258316129032272 13063
7.555554838709678 19077
11.638990702087282 22087
8.074109677419356 26129
7.050253870967745 27005
12.071286693548386 28073
8.947945548387096 29021
10.50826958525346 47053
7.097102903225807 50011
9.051184274193542 51023
9.958930498533734 12063
9.873035483870966 13119
10.57409311827958 13297
11.051311290322582 18121
8.21002956989247 19171
7.461512903225807 20093
12.147575806451608 22041
7.989868548387099 26031
7.7497462365591385 31039
6.34407741935484 31049
6.677157258064511 31089
11.180129032258067 39137
8.900076774193549 48051
10.897443590831914 48157
5.735064516129032 49009
9.340309677419354 5009
8.889570967741935 51045
8.8295133111554 2158
10.082270967741936 13061
11.375494838709676 18119
7.881741013824887 19015
7.322435483870966 20195
9.268567741935485 20207
7.260750358422944 25011
8.409628110599078 29001
7.857751612903227 31129
10.788164516129035 47027
8.377666666666661 48165
10.425911935483873 48499
6.929963440860213 51830
6.275213949433309 53005
5.524361290322581 8079
11.5993964157706 1079
11.530553225806448 1087
9.810128387096778 13071
9.956313709677424 17147
8.142163440860218 19135
9.356848335067609 20173
7.5224790322580635 24017
7.902737419354841 26119
7.876319354838712 31035
7.969455784946221 36001
9.08925416607978 4013
8.38408806451613 42117
7.760396993636188 8005
12.613825376344078 18005
11.680795967741936 21081
8.075032258064523 26041
8.919167559342682 26139
11.090516244239632 47009
10.500311469534045 47097
10.596180645161288 51169
10.460742626728115 1039
6.897002258064511 12035
9.83724193548387 13011
6.698251290322583 16069
12.764959677419357 18161
7.522218548387097 19041
9.437353958944277 40019
6.963663440860215 4011
10.410130875576035 47109
10.624760335314086 48085
9.677556989247314 48185
7.918048387096776 48319
7.89377419354839 48495
5.451014516129032 8051
5.378945161290323 8113
10.855228225806458 1109
10.369015949820792 13013
6.52785806451613 16047
11.611955913978486 18101
12.370221935483865 22061
6.414032258064516 26083
7.828490909090909 27109
8.599587096774195 29033
8.212379032258065 29079
9.208252258064515 29131
5.975732258064516 31069
10.425546543778808 47035
6.517231870967739 49057
6.268448387096776 53051
9.93100268817204 54109
8.646550537634411 12047
9.925463679808844 13095
9.822576344086022 13235
8.775794193548382 13251
6.615605806451613 16067
7.711885591397856 19049
7.794145161290324 20033
10.932359384164211 22019
7.794641129032259 27147
6.866818279569897 4009
9.882494838709679 42119
11.560197635744338 47037
10.744626302729532 47167
8.318491850594217 48441
10.01145521821632 54081
5.63046129032258 8023
11.105833333333331 17033
7.391312096774195 27173
9.120254838709675 29013
7.387350921658981 37065
8.13130310633214 37085
9.260679262672811 37149
6.665487096774193 46091
10.984451612903232 5081
9.723734677419355 5135
9.42169870967742 13017
9.54012838709677 13123
10.978672903225808 17193
7.674794470046087 20057
8.361990322580645 20127
7.105823790322581 23023
7.484072580645164 27081
7.384988455008491 36113
6.4436568356374835 37049
6.759128494623652 41053
9.260965053763442 45001
5.733556451612902 46031
11.161402419354843 47173
10.124395483870972 48373
9.397445161290321 54101
6.617297849462366 6027
8.8295133111554 2068
8.60162258064516 19107
7.7217387096774175 19189
10.794185887096775 21235
7.808295483870966 26135
6.549065806451615 27021
8.091274193548387 29081
7.642119713261654 37127
6.798552688172045 46037
10.396321774193549 47045
11.300519354838718 47063
10.384451382488466 48291
7.700154032258065 51065
7.536196422287383 6041
5.59251935483871 8027
6.3258483870967765 8115
8.8295133111554 2130
11.680572759856632 22069
7.674937096774191 26105
10.694606451612904 28145
9.172308602150537 29067
10.428833333333335 42055
9.939667741935484 54097
7.878624069478908 6087
10.12740161290322 17021
8.914961583577707 17141
10.758002116935497 18003
11.775851612903221 22037
8.948623963133638 29107
10.624777741935475 36073
5.991485483870969 38103
9.00791102150538 42025
7.710289919354833 45067
12.477061166253105 54107
6.331793644108373 12099
7.7129564516129046 13191
9.449446451612896 20011
10.393024193548388 21139
6.786172811059907 26053
11.998687096774193 28055
5.87118129032258 30053
5.399690322580645 46033
5.709382258064517 46041
5.772361290322582 46095
10.923982949308762 48067
8.521144354838714 48093
9.65989096774194 48349
11.149794540942928 13295
10.608533870967744 18171
6.801675806451615 27125
6.201864516129032 35059
8.325592903225802 40141
7.115151612903224 46009
6.84733870967742 46025
7.597670967741937 48211
10.26216451612903 5075
5.8375306451612925 8103
8.8295133111554 2150
10.777957419354834 13145
11.092463594470043 18179
7.6065096774193535 19143
7.919011827956988 19173
9.064422580645157 20031
11.13806532258065 21079
6.9007225806451675 27119
8.65146451612903 29121
11.072478225806444 39173
8.2287852394917 42089
9.985022987503651 45045
10.61271290322581 47025
8.725622119815663 51089
7.212563225806448 51099
9.420537903225807 54089
5.758422580645165 6091
9.041666666666666 13209
5.569564516129032 16025
9.510675806451614 17155
7.956554032258067 20009
9.214983870967739 20191
11.3913495967742 21163
10.650095585738537 21195
11.888789516129027 28149
8.924115053763439 29083
8.752915725806453 29195
7.952827047146406 37077
11.825112365591393 39001
9.289238064516129 48221
9.348642741935477 48293
7.29614193548388 50007
5.913901814516133 53025
12.161189516129031 1001
11.054031336405526 13233
10.276720967741934 13307
9.41634129032258 17011
10.644789247311849 18089
11.54867834101383 18129
5.686145967741933 30087
9.025471445639184 37089
6.654395307917892 37129
5.97891935483871 38043
12.909030107526887 39157
9.360094198028671 42045
10.509750439882701 48397
11.70809233110163 54039
7.132329407748777 9009
6.993211247502151 12127
10.287101612903225 17151
10.93485548387097 18165
7.039872580645162 20179
11.753012580645155 22105
9.193812318079514 24031
7.234080645161289 31163
8.6666752688172 40003
5.58580193548387 46081
7.792379032258064 48075
9.625187652947728 48187
10.635650868486357 48401
6.569696774193548 49023
7.343398709677419 55053
6.355744354838713 6057
8.312805645161289 12003
11.284818709677417 17101
10.425295161290322 17153
9.062334408602144 20079
11.837140860215055 22059
7.888776344086019 26137
9.273575483870964 36099
6.743410819475058 36103
9.770291202346034 37045
10.455983870967744 40089
5.757026612903231 41013
10.585801290322577 47033
10.738126267281102 47123
8.796987096774192 48031
10.938823225806454 48183
11.959372580645157 5025
9.088052688172048 51161
6.018861290322581 53013
6.058729838709677 53065
9.199004681220833 55079
8.22272593052111 55117
5.947237096774195 6045
9.046666016504133 12005
8.585229528535981 17177
7.426104301075267 24011
9.445864516129035 40085
10.620255040322581 42121
7.787472675521824 48375
7.99101920821114 51003
8.534932795698937 51031
6.01801935483871 6003
11.655029723502304 1049
11.069351290322585 1123
5.345796774193551 16037
10.916471505376345 17133
8.228070322580647 19157
7.160893548387096 20203
12.492566129032264 22067
6.953029677419357 26071
7.154332258064517 31065
7.085049769585253 36025
12.752181413210453 39109
8.436019612903209 4021
6.810241306058216 41029
12.498959419354843 42129
7.981909677419356 48433
5.587259677419356 56035
8.8295133111554 2122
10.005191397849464 13139
10.437127419354834 17189
12.551081935483872 18059
12.362345161290326 18079
11.733073313782977 21101
10.442103795066416 21145
9.416639919354848 29127
9.191494354838708 29151
9.955345519713262 40041
9.665952688172046 13085
12.055745161290318 18013
11.59070774193549 18093
8.517058602150543 20169
11.118356774193549 21031
6.829926930596289 27137
5.572964516129033 31165
6.636385856079406 36031
6.070072759856626 37055
9.375899449252534 37179
8.127432258064514 48447
6.551965806451611 49039
11.54756559139786 5125
