10.548411999999995 17039
9.331949583333335 18135
7.295161111111114 20013
10.247546944444444 26023
7.729263636363642 26035
9.36850431372549 26155
7.180048518518513 31001
8.354743333333332 32029
10.68808453703704 37001
10.042823999999996 39159
4.623270000000001 46063
11.218381754385968 47011
10.05829615384615 47073
9.106111851851853 51009
11.33978515151515 13047
12.129915000000002 13249
9.51058296296296 17157
9.024806190476193 22093
9.545174761904763 28133
6.485996666666666 31063
4.676594555555556 38057
10.318598148148148 39161
5.6290016666666665 40033
8.768333333333329 47049
8.303156292538729 2275
9.863497777777777 16045
8.991697222222212 17001
10.579141403508748 18085
8.83801761904762 21133
8.997280833333338 21219
9.950734166666662 29207
6.099094848484852 36117
8.373325833333334 37121
6.436859999999999 48173
8.657621666666664 55135
6.9477406666666655 16039
10.150321666666665 17175
9.315253859649124 24045
8.602596666666663 28091
7.249233333333334 29227
6.3534466666666685 31135
10.863149027777778 34033
8.789219855072464 34041
6.633503333333333 36077
6.519817101449274 36109
11.120963333333316 41071
7.793073139534881 48061
6.7845958333333325 48265
6.30238166666667 48399
10.496970000000001 12065
8.09777561403508 12119
12.211477179487177 13217
9.13547 21207
7.70560761904762 22011
8.84536805555555 22113
8.903803333333334 28015
5.368806666666666 30055
6.326488928571434 36089
9.730778888888889 37103
9.730021111111112 39127
8.737948518518518 42035
8.298175446428582 9003
9.146746458333318 10001
11.095335999999984 13015
11.881169749999978 13067
9.96757547619047 13179
10.91041720930232 17019
10.424082916666663 17107
10.237872083333327 18023
9.404374444444441 21137
9.54048666666667 21187
7.007509166666668 29167
5.7290133333333335 31071
6.556562222222225 31145
4.012313 38025
4.377093333333334 46117
8.892418627450983 47019
7.976999999999996 48255
6.437236666666667 48383
8.824074166666664 5017
5.278741575757579 6069
8.303156292538729 2070
10.938576666666666 13279
9.345194444444441 13281
8.824950000000001 21115
8.314375416666664 22039
9.415634 28101
8.706254444444445 37115
6.018320000000001 46035
4.607693333333333 46123
4.566554666666669 8067
8.053157083333339 27035
7.052692916666667 27115
7.716528290598288 31055
10.142987555555562 45055
7.281374166666666 54075
8.303156292538729 2110
11.73663 13197
10.390210666666666 18045
6.836165833333333 20117
8.475589333333337 21175
9.03097999999999 26157
8.013765000000003 27047
8.756531111111112 28097
9.101159666666666 30081
5.165020333333338 32023
11.734380333333338 37159
9.418937555555551 39009
10.357553431372551 42013
8.024573333333333 46127
8.524367160493826 47113
6.72606428571429 48219
8.871328333333333 51685
3.403265555555557 8019
11.53896738095238 13285
8.005394242424249 22117
6.664795000000001 27167
4.919813333333333 30025
11.529709483065938 37183
5.821325555555559 40099
3.958956666666667 46055
7.917722051282055 48347
8.145957272727275 5115
9.184213333333329 54065
3.7217433333333334 8047
10.527388666666663 17045
9.234791999999999 21045
6.771137619047624 26009
7.211715000000001 29129
6.092053333333332 48083
9.39116916666667 51520
8.307888333333329 53035
6.3780069117647145 8013
5.375820000000001 16071
9.753683333333335 21105
6.608422222222224 29011
4.39257 30107
9.929327361111113 39029
6.659360555555553 40091
9.87553888888889 42057
9.831881111111109 47007
6.189043333333334 48045
6.751565666666665 50017
2.5058876666666663 56027
10.679511088435365 6075
11.798098833333338 13113
10.315131666666666 13165
12.12754333333333 13259
10.395448888888888 18055
7.287621416666684 23031
8.583053333333332 29181
7.892278888888887 29205
8.357506923076912 36087
11.309699047619045 37059
10.37222055555556 45037
5.513513333333334 46003
8.534398148148155 48245
9.197634444444441 54035
4.334288888888891 56041
11.392712777777781 13169
9.026847499999999 19055
7.653633750000001 23027
10.30995733974357 24003
9.106780000000002 28125
7.96072222222222 29137
5.269905555555555 30067
6.657176666666662 36095
10.346953333333332 37033
11.07033397849462 37035
9.693983972602735 39093
8.019479523809522 48249
9.012699523809525 51149
8.686121666666669 51640
4.106766904761907 8043
10.815676666666665 13141
11.07635499999999 13221
11.796921515151512 13275
10.758468888888892 17047
6.70127666666666 20115
8.881368333333333 21069
7.081526296296297 26101
7.467431666666664 27097
8.62056190476191 28003
6.908976666666669 29085
5.288342000000004 30003
7.583013720930229 31153
11.000812121212121 37061
6.669329333333335 40023
4.958713333333335 46069
5.07711111111111 49047
5.7718310000000015 50019
9.093125416666652 6089
11.32987888888889 13263
6.330987333333334 26097
8.947509191919176 28033
7.631992666666665 29053
7.212717333333332 29117
8.271357777777784 37143
10.069867870370379 42051
11.097136333333331 47107
9.934436031746047 47165
6.821356547619044 48135
8.812117619047617 51069
9.250774444444444 1075
12.320579999999998 13287
7.598720000000004 23021
6.016664166666667 31111
9.914353333333327 39037
10.497029024024018 39061
9.344617777777776 47029
5.7781 48429
8.345518627450977 51061
2.454612962962963 56025
7.852952141280328 6065
8.328993333333335 12075
10.692453999999998 13143
10.30267479999999 21037
9.725861666666663 21061
9.362521666666668 21141
8.505037460317459 22109
9.837722177554443 29189
9.502896 37131
9.761245833333332 39111
6.357858333333337 40073
7.468881666666666 48127
7.576646666666666 5073
12.670262 53001
9.063375555555556 55049
11.491721111111113 13195
10.552197777777781 13227
14.944216666666671 16079
10.270923333333334 17059
7.11268 19121
8.707378888888886 21129
9.306935000000001 21199
6.683847407407407 27041
7.339894999999999 31059
4.284607666666669 31157
5.693731249999999 35035
7.047851111111113 38099
6.34614 48421
8.14951777777777 51005
6.735413888888887 5113
8.726210059523828 12001
11.053743999999995 13001
11.278673071895415 17097
10.941073333333332 17185
7.242937500000003 19181
8.643448571428571 24039
8.032595212418277 25025
8.660980555555554 27157
7.257306190476188 29009
10.017925125786169 29510
10.386955619047633 39099
4.964694768115943 46103
6.296228 48137
7.607412000000003 5027
8.65396472222222 53015
7.550923333333329 55075
10.186935666666667 18011
10.229224444444446 39107
8.491958333333333 48021
6.430789999999999 48087
9.354747843137254 5031
11.21050499999999 12073
9.094848666666671 17149
9.646952136752137 18057
9.383057777777779 21013
10.264587073170725 21117
8.589059855072465 22057
4.9708466666666675 30069
5.420820000000002 31113
5.373453333333333 35019
6.15813384615385 38101
9.724232592592594 45029
10.429110666666668 47057
10.69925314814814 55089
8.098983809523808 6063
5.104286205128208 8041
12.061322000000002 13099
10.261612499999993 17027
8.916938571428572 19065
7.656523333333332 19147
6.915376666666666 20141
7.9693170042194135 36071
8.24360348623854 36085
5.161243333333333 38029
9.781439195402289 39085
6.485256111111108 40087
6.2078346666666695 40117
9.831341527777772 42097
8.1839737037037 50027
10.602336250000002 13213
9.882680833333334 18159
6.459388333333334 20003
10.20455280864196 26099
5.129736666666668 30097
9.685860952380951 39047
6.673192666666664 40139
7.745557619047615 42015
9.539140888888886 47059
8.079860555555552 47069
8.364801666666668 55093
8.303156292538729 15005
12.53151666666667 1011
11.69222988888889 13059
10.81188866666667 17093
7.951373529411756 23025
5.742582272727272 30013
6.593626666666671 40047
9.877041333333333 45049
11.074499196428595 47093
7.996529333333336 48057
9.129805384615368 51107
9.100127777777777 54085
9.191916666666666 1023
9.23152484848485 24035
7.661464444444442 26133
8.235577916666667 54055
11.091140370370375 13129
10.352481481481485 17103
10.834026000000009 17159
10.31139349206351 18063
8.699365000000002 19013
7.6538122222222205 19093
6.991931764705881 27111
9.776745098039212 37027
4.7208283333333325 38085
9.744622777777776 39135
8.222208000000002 48089
6.413177777777778 48193
8.303156292538729 2220
10.668100833333334 17023
8.115780555555554 19149
7.675729999999997 27043
6.925328095238099 27085
7.153203333333334 31095
9.573529629629633 39071
9.083480666666672 39145
8.20845833333333 42023
7.241293333333333 46135
8.31167333333332 48321
8.463431666666668 51007
10.694668461538459 53011
11.47769182170544 55133
5.5138433333333365 6051
9.223817239057253 6097
5.862793333333333 8061
11.270017407407394 18039
10.219954666666672 18067
7.4115226666666665 19059
6.5983933333333304 20065
6.783645000000001 20119
10.614287352024908 24005
6.8763042857142915 27017
7.797340000000004 27103
7.831726333333331 32019
4.574269999999999 38001
10.34821464646464 39003
9.3615219047619 39053
6.1307225 40107
5.365573333333333 46073
4.342811999999999 49041
6.7495529947916655 49049
8.636436666666667 51036
9.006213333333333 54017
10.59249885964911 55105
10.866994246575334 1089
12.449405833333337 13273
9.520785333333333 17061
6.521586666666669 20197
11.235139230769253 37071
4.301088761904762 46029
9.964208333333334 47127
8.289700000000009 48041
8.205535555555556 48285
6.175395555555556 48307
7.752088666666666 5019
6.927171428571429 53031
7.7702590476190485 54067
10.941050088888888 18141
9.939923333333333 21085
10.45298 21215
7.190073888888887 27105
8.462398666666667 29219
13.031208888888884 30089
7.104072807017542 33009
8.018120833333334 37137
6.719443333333333 38095
10.050438124999998 39089
11.207855087719297 42005
9.52311952380952 47147
7.783875151515146 48217
8.428467453183499 48491
7.398327777777779 5129
7.850180666666667 5141
12.071975000000005 13037
5.5268277777777755 30085
5.172836666666666 31009
7.165623333333332 31139
5.9813893333333334 36123
11.275470112044857 37081
4.463387500000001 38089
7.015016666666666 40061
6.354108958333336 41061
9.365640666666659 42037
4.047656666666667 46121
7.180283333333331 46125
8.951165925925926 47021
8.94537 47087
6.024786250000001 48097
7.127000350877194 48231
6.22581 48431
9.39604827586207 54011
9.355044666666666 54103
8.303156292538729 2185
8.746143999999997 12041
7.744604751773059 12115
7.33093888888889 19009
6.429143333333334 20153
6.223695 31175
6.13116877192982 36011
9.51439833333333 37193
5.615351904761907 38105
8.84393196969696 54033
8.836410370370373 6005
11.313370000000004 1115
9.554554999999999 17085
6.374334583333335 20111
8.80259 21197
6.647989166666666 27033
7.088044848484851 27061
6.692060666666667 27117
6.358708333333332 27129
8.91854333333333 28019
9.101722666666669 28039
9.338241111111106 28103
11.234118148148145 37109
10.958413118279575 37155
9.662786666666667 39005
9.921404166666656 39023
5.648550000000001 48237
6.586457017543862 48367
5.17386153846154 49043
8.081542222222222 54031
4.316091571428571 56005
9.39517318181819 1077
8.12578465174129 12101
10.012777183098581 13051
9.878507666666668 18029
10.78882933333334 18153
6.693160000000001 20199
8.644151041666674 24047
9.444562222222222 28095
9.70370604938272 28121
8.739513112449787 34017
10.746249444444436 37069
5.740950000000002 38015
6.061178333333331 40095
9.324938888888887 47015
9.043929111111114 47141
9.898194444444442 51083
8.215878888888888 5117
11.144308823529409 6007
12.229490666666667 13053
8.75174875 19017
5.907610000000001 20049
7.495139333333335 22027
8.256843333333334 22125
7.0670787499999985 27015
7.237863333333333 27159
7.39601274509804 27171
8.826905555555555 28077
9.509689523809522 28099
7.431935555555553 29041
5.532084999999997 30005
10.25038962962962 37125
9.918615263157902 39119
10.298815555555557 45027
8.395328888888889 48477
11.09355196969698 55101
7.840585698924738 6025
11.482808333333338 1041
10.723933333333337 1047
10.460893999999993 17199
8.11219717171717 22079
9.349835438596495 28081
7.822595555555555 29125
9.252596783025322 32003
9.467632888888891 37141
9.806123888888887 42087
11.85102864583336 42101
6.793905555555554 48357
8.581334166666663 51135
6.993326666666669 55031
12.300367111111099 1051
8.293613086419747 12017
9.792416666666666 17069
6.780595 20163
7.14968 31097
6.956704242424237 35045
5.807120833333333 40149
8.542312424242423 48481
8.303156292538729 2100
11.569341444444442 1055
11.434416444444455 13117
11.916670000000002 13155
10.087724166666668 18111
7.951034444444441 19187
6.729868666666667 27135
6.143016666666667 30019
7.992514999999997 37029
8.272357692307699 37189
6.113480000000001 38027
9.982121481481485 47155
8.797893876319762 47157
6.387986666666668 48151
6.462111428571427 48179
6.4019233333333325 48235
6.259659999999998 48333
7.667843333333335 48405
8.758962499999997 51093
8.364451666666671 51197
3.980966666666666 8055
11.57879888888889 13271
10.49197 17173
10.897626111111123 17179
10.742230333333334 18113
9.827274529914543 26115
11.238755833333334 37079
10.168632666666667 37181
9.855302962962952 39027
5.81011 40093
4.851876666666666 46129
5.38136 48229
10.52078301960785 6061
9.7406331471136 11001
8.18503843137255 12107
9.387459916666671 17161
9.753408666666665 18145
7.411156045197737 22071
8.591597301587292 26121
5.4591166666666675 35011
6.309923703703707 35025
5.220347222222224 46115
8.086929506172847 55073
8.303156292538729 2230
6.848283333333333 20201
9.139266969696967 22099
6.480511111111111 27075
7.0868344444444435 27107
7.7776188888888855 28005
4.718509999999999 31091
7.6438368997669075 34025
4.630642000000003 35027
9.68002863636365 37171
7.21382888888889 40079
8.661634166666664 47171
7.668923437500001 5143
11.45449435897436 18019
7.114300000000001 20101
9.419051333333336 22121
8.27421090909091 27099
4.492706666666666 30037
4.820786666666666 31005
7.117285 31169
8.015266369047636 32031
9.833978181818184 45089
6.32453 48413
7.052123333333333 5127
10.663392248061985 53053
27.16759405360136 6019
7.218634761904759 6093
11.908617391304356 13153
10.874207083333339 18087
7.286108 19129
9.051534444444444 21089
8.436503333333334 51049
5.030375000000001 8073
6.845336190476188 20161
10.023474444444444 21007
10.028514166666668 21123
9.553700952380954 28087
8.633839999999996 34035
5.1232058333333335 35028
8.13681 51125
9.297496666666666 51595
9.803918518518515 54069
9.356428266666668 12113
11.988450833333337 13315
9.899513999999996 21005
9.740168888888892 21041
8.314468333333332 28009
9.821028627450982 34011
4.5890238888888915 35055
9.953484615384605 39063
3.564186 46007
7.591363333333332 48311
7.680847999999997 5011
8.617259761904762 51199
6.5861395238095275 55003
10.175974444444448 13183
12.41295222222222 13247
10.759147999999994 17041
9.994230833333333 17057
7.907783333333335 26051
7.729704444444441 31053
7.041523939393941 33003
6.081153333333334 36041
10.510374761904762 37003
10.383264000000034 39017
8.34657 47161
8.500673750000002 48091
5.174615833333333 49051
9.402138333333339 51105
8.983549733333335 55063
8.864464285714286 55123
3.341667000000001 56045
7.3101733333333305 16011
10.19599444444444 17075
6.713282051282051 20125
8.20932878787879 26107
7.065323333333333 31099
8.478800317460328 36083
9.674245897435892 39077
10.285756296296288 39171
5.671004242424241 40137
8.148260000000006 47083
7.383458487712662 48113
7.53254 48261
7.815319166666671 5065
8.257616666666669 5095
7.255396666666667 51091
9.508543333333337 6011
5.925911666666667 8095
10.754298888888886 18025
6.353616666666669 20035
9.688730833333338 21107
7.913640555555557 29055
7.497708888888887 33001
10.279146666666675 39011
6.929391047619057 40143
6.611151666666665 48065
7.022201111111115 48189
8.985474666666672 51175
9.300328000000006 1107
6.617585 12043
11.184428518518514 13009
11.260342845528449 17089
7.867780833333334 19025
9.016489444444446 21051
4.913223333333334 30021
7.603638333333333 30077
7.285999999999999 31131
7.097774666666666 38067
5.475859999999999 41023
7.61363 48315
8.727908333333335 5107
8.128598333333334 51159
6.887136666666666 55037
7.962069259259257 8014
11.384505555555554 13161
12.165863333333329 13193
7.070085333333333 19029
10.424503888888886 21027
7.265935000000002 27143
9.10647736842106 28151
7.384068333333334 29005
6.563401111111109 31003
7.626948211382125 34037
10.142972300469474 42049
10.046970000000004 45005
9.465947333333332 47131
8.698326064257031 51153
8.74307 54013
9.015872270593334 6037
7.335492955974834 6079
11.987361666666667 13075
11.335754999999995 13289
10.309314999999993 17063
6.643579999999999 20187
7.906873492063486 27139
5.786103333333332 27151
9.011673333333338 28023
10.01296416666667 29031
7.449577777777774 29211
6.770573333333334 30051
4.914145238095237 32007
9.964276923076927 42065
5.805264696969697 44005
9.192010000000002 47175
7.076053086419743 12055
11.172373333333331 13005
11.638774000000007 13207
12.628161666666664 13261
9.327691666666668 17013
8.230145000000006 19083
7.892542666666668 22043
7.37261037037037 23007
7.117472083333335 27153
9.036123333333334 28051
7.380293333333335 29171
7.407817500000002 29225
6.430899999999999 31087
10.624722222222221 37093
10.971648205128204 37167
7.304262666666667 42105
7.5366009523809465 48161
8.541689999999997 51145
8.933148333333339 51620
2.80039 8057
6.166002777777775 16031
11.363854807692329 17111
9.42555166666666 17131
10.83845331140353 17197
10.11816846846847 18157
8.100972222222223 22107
8.515401818181823 26123
7.910236458333334 27013
6.884138333333334 27087
9.520524166666663 28083
9.114335555555554 37075
7.478524242424239 38017
3.6289817777777764 4012
6.020491666666666 49029
10.103511666666666 54009
5.688842222222221 8063
11.873020999999989 18043
9.013434444444448 19115
6.408956666666667 20039
10.582933333333324 21093
9.26990333333334 22045
5.822182666666667 25019
8.051634761904758 29007
7.314081666666666 31127
7.041796666666667 31133
8.012305066666661 34027
5.880780833333336 35057
6.2042925000000055 38005
6.264739999999999 38039
8.191360666666665 47085
7.548589166666667 48313
5.57736 50013
7.490121111111112 55119
4.600451428571429 8029
9.647993333333334 1065
12.39900242424243 1069
6.245025333333333 12085
10.742218666666671 13303
7.429716666666667 16033
6.742055555555555 16085
10.500179999999997 17123
8.893482500000003 21065
7.677342222222221 29175
9.324306666666672 37039
9.758727291666657 39167
9.546465166666659 42107
5.172903333333332 46089
9.341623333333336 47061
9.08283454545455 47183
7.570652222222221 48163
4.225856666666669 49021
4.318373333333333 49033
8.539752350877214 5119
8.24249 53069
6.507911333333329 55007
8.303156292538729 2020
10.57021444444445 18117
8.77135805555556 19103
7.208826666666665 20069
7.405998461538467 20091
9.795470476190468 28089
11.63044621621621 37025
9.38458956989249 37133
10.936570476190473 41043
8.392736666666666 42113
7.676139999999998 5099
6.9001444444444475 55099
8.569029166666665 55121
7.695628139534887 6017
6.819195333333337 6105
8.303156292538729 2060
9.97944000000001 13029
9.249141904761904 18041
7.165329999999999 20075
8.856045555555552 28155
6.266861818181818 33007
5.1697755333333335 38059
8.825556666666664 41045
7.82073823529412 48005
6.160176666666667 48095
5.643914999999998 48111
6.002963333333335 48263
7.224521111111112 5097
14.026527809523813 53063
11.42015216666667 13077
9.631936999999999 17137
10.138587500000007 18073
8.373991666666667 19095
8.395573333333331 21063
5.064713333333333 32009
7.302966333333332 36107
8.417095555555555 37041
10.048328703703692 39101
4.996346666666668 46021
8.7881609090909 47099
9.441094580152702 26049
8.943102666666666 28043
3.478151666666667 31161
4.141976666666667 32015
8.502313809523802 36013
10.032434404761908 39045
10.500973809523813 39133
5.3805638333333325 46077
9.243058 51600
10.73300016666667 55055
3.5863633333333333 56043
6.2625199999999985 16023
9.211866666666669 21143
7.406984666666665 29141
7.439929833333331 29165
7.251814444444446 30043
10.377693888888892 37007
10.719544047619046 37135
10.461572539682528 37157
9.493076190476192 39073
5.120090000000001 46049
7.803427333333333 48471
7.68783933333333 5057
9.205927777777783 51081
8.807151333333332 51183
13.303401955128221 6013
8.45058857142857 6015
11.375424583333347 6055
12.368151666666666 1067
9.176634999999996 1119
7.119096666666668 19159
9.555444666666668 21217
7.75365138888889 22115
10.285650166666658 45075
7.100542579075442 48121
7.816600833333328 48351
7.069258066666668 48463
7.1814266666666695 5015
3.565816666666666 8111
10.040253703703694 1127
9.410765999999999 1129
7.38992552631578 12015
10.914119999999999 13283
8.223133333333333 16049
8.174812000000001 16053
10.002866666666668 18007
9.414882500000001 19045
9.764173333333334 21075
7.278225555555554 23015
8.28400098039216 29071
6.626799399999999 35049
9.884298333333327 39013
9.331972708333337 39087
6.766344999999998 40105
7.900033055555557 41007
9.014040392156856 47119
7.648222619047609 53045
9.449207745098038 53073
8.548460000000002 54027
4.6019483333333335 56011
3.0298939999999988 8117
10.935495500000004 13073
11.946938571428571 13087
11.959318333333336 13225
7.525692222222223 20043
9.3772 21097
8.340372156862745 22063
6.299867777777779 26003
8.12967888888889 28021
7.410852222222226 29145
6.841800454545461 30031
6.8459259999999995 40035
9.452816086956528 47179
8.618572916666666 48055
7.550184444444445 48063
7.926406363636366 48199
8.823853809523806 51167
9.42174333333333 54095
9.097621944444445 55043
12.811130793650788 6101
9.201196222222217 12019
11.682513888888892 13219
9.403694444444445 17169
7.1001511111111135 20131
8.975795000000003 21057
9.484431111111114 28053
6.560716111111108 29217
10.665764444444443 47089
8.222332380952382 48331
7.5226558333333315 48449
7.759715555555559 5137
9.008671014492757 51770
10.754061743589748 10003
9.00670722222222 19043
10.47848444444445 21149
8.551972666666664 22065
7.396852380952384 26109
5.808311111111111 31101
7.907873823178012 36059
8.525281111111108 37005
8.338564666666667 37199
9.426447526881725 42027
7.956358181818182 42115
10.185078431372542 45059
6.321246666666665 48435
4.1241900000000005 49001
7.612438518518517 5005
8.444727916666661 5085
9.486108494623656 1003
6.809078230088487 12009
11.283317943262402 13245
9.507155999999995 18047
7.245528333333332 20087
6.8283000000000005 20109
9.3226277536232 22033
7.047021851851849 22075
9.952707894736829 24013
9.693498524590161 24021
8.276170833333332 26063
8.750856666666671 28131
7.306589696969693 29159
8.940818888888886 30023
3.9975266666666665 30045
2.980596833333334 31045
6.603414009009014 36065
8.930104285714282 37175
5.256126666666666 38083
5.980246666666665 40009
9.460867499999999 41049
6.360413333333333 48443
8.00104333333333 5043
8.79851476190476 51683
8.307298888888889 54015
8.735995777777768 6023
11.464069090909083 1121
10.779769999999996 17203
7.252224999999998 19165
7.11011294117647 32005
6.5407136111111175 35009
6.888256666666665 38075
5.810935333333335 40039
4.006162817460318 4025
9.548576666666678 41033
10.332527777777775 45017
10.563617777777784 47001
6.968315333333335 48279
9.0764863888889 12089
12.297837733333346 13151
6.314449999999999 20023
9.586276612021855 26093
8.105984166666667 29139
6.709197017543857 36043
10.121158250000004 39025
9.736321333333334 45039
4.771191 46039
6.868559333333331 48281
8.06043666666667 51103
8.623631666666663 54021
8.658089629629623 54045
8.742945238095237 55001
3.1363364285714255 8037
10.285497517730503 1125
10.290482499999998 12129
10.812022222222222 13167
12.932885333333333 13177
11.40608533333332 13185
11.316833333333339 13309
4.961048333333332 16029
7.4146432993197156 19153
7.184643333333335 20145
10.98205888888889 21091
8.584199444444447 22001
7.807150990990997 37031
4.790144999999999 38011
7.7161577777777755 46027
9.81599222222222 47153
6.516467820512822 48181
8.06617666666667 51119
8.694530588235288 51650
7.802319333333331 53047
8.277729999999998 53059
6.99547 16003
7.922455555555555 16073
10.328555952380954 17077
8.590739999999998 29123
6.501425833333334 40103
10.818742608695647 42063
6.485726666666667 46067
9.773146666666667 47067
7.947041904761905 48025
6.290409999999999 48393
7.644272000000003 48455
7.674676666666667 53049
7.771306666666665 54025
9.546681818181822 26037
9.99991901380674 26125
4.2246625 38053
10.24116130281687 39049
10.043750666666664 39067
11.348829931972793 42071
10.670246767676765 45003
5.839673333333332 46043
7.771232222222222 53019
7.959792500000002 55019
11.00928166666667 1029
9.983913333333337 1105
8.13957089743589 19193
6.465840000000001 20137
9.001386666666662 21109
9.371310769230778 21125
8.708405333333332 21127
8.964249871794866 26017
5.539950000000001 32027
7.7110870921985954 36111
10.65594888888889 37017
9.465464444444448 39105
8.53378761904762 42131
10.762293131313127 45041
6.330528999999999 48385
8.75873414634146 51550
9.048011333333331 54043
7.936504615384611 12081
8.459121657142857 34023
7.407634000000007 36035
8.698452745098027 36115
7.025379166666671 38097
9.251983333333328 39131
6.1251837037037 40133
9.954025416666662 42109
5.959286666666666 46097
6.908139506172848 48329
7.579751851851852 55029
3.8564833333333324 56023
5.677316666666669 6049
4.906356190476193 8039
6.55546466666667 9011
8.303156292538729 2013
11.428812222222218 1111
9.820863333333332 12131
7.086231111111111 20021
6.964439999999999 20047
9.529199027777777 26005
9.013113333333333 28065
7.227814666666662 29037
7.325457286432134 29095
10.303238717948718 45021
8.479915000000004 47017
7.9996242929293 48167
8.607173888888887 5037
8.088227500000004 51133
12.5447062962963 1081
9.409297777777779 12045
11.98064888888889 13201
6.883393333333332 20135
8.36239388888889 28093
7.35731777777778 31147
9.914769583333337 39075
9.231297407407409 47177
7.9736270416666635 48325
7.989879398148142 8031
6.0516260000000015 8099
11.603784444444447 1061
7.362602380952382 27095
7.189643333333334 29025
9.33604066666666 29157
5.198946666666667 31149
5.938019999999999 38049
5.364175 41025
6.585635000000001 46087
5.59098666666667 48077
7.493804117647059 48213
7.814256666666666 5053
7.488970555555553 55067
9.412596 1057
8.556784833333325 12109
10.762383276836143 16001
10.757131944444446 17029
8.868439333333336 19191
6.637362222222221 20095
7.3272841666666695 26113
9.185034509803936 28035
7.469123333333333 29063
5.015256666666668 30075
7.325222500000006 31151
8.176674806201529 33011
8.471969259259243 34039
6.071616952380954 36067
8.195685555555553 51173
12.866728130081297 6113
8.56898436426116 8001
4.433046000000002 8085
8.303156292538729 15001
9.809771666666666 18115
7.02918 20189
7.454545285714299 20209
8.051810303983185 25017
7.612641025641025 27027
7.836711666666664 28063
7.286776439393944 29047
5.780211250000002 40015
9.683940392156865 41041
9.899821111111109 47003
8.082253333333334 5079
9.885684166666666 55045
7.255404000000001 55107
12.490750555555557 13081
10.401295476190475 17099
7.828092499999999 19035
9.278204285714288 21001
7.564086969696973 22119
7.858333333333333 28157
7.625437500000002 29003
8.272673333333335 30039
7.550243333333333 48283
5.144090666666667 48377
8.141036666666668 51097
8.258394999999997 51101
7.731635555555553 51131
8.52904 51181
8.731139318996416 6085
7.244570582329327 12071
12.66589744827589 13089
10.016667333333332 13103
11.304538333333332 13199
10.712426666666662 16075
8.020816666666668 19177
8.741812222222219 22077
7.133905333333334 26001
8.402333266666664 27163
7.177229999999999 27165
7.733480000000001 29135
7.016318888888889 30101
8.219239166666666 51193
9.170585833333329 1093
11.849272857142859 16057
9.774633888888884 17015
10.12765407407407 18069
7.031293333333334 19003
7.69828111111111 19119
8.657143999999997 19183
6.546266666666667 20107
8.817122222222217 21131
7.023461875000003 26055
5.363242777777777 30017
7.749962222222222 5071
6.59538152173914 8059
7.17432789954339 12021
12.263914074074084 13277
11.298416000000001 18147
6.957210000000001 20143
6.836516666666667 20183
9.198221666666667 28017
9.35069388888889 28123
5.835746666666666 48487
9.121843333333333 51570
3.501052818181819 8045
10.738900555555558 13033
12.37364333333333 13093
10.523564666666665 17191
9.156647272727271 19057
7.50738416666667 19125
7.939513333333337 26127
9.694835052083338 28049
8.830909999999998 28143
7.320635000000001 29097
7.3166199999999995 31143
8.120461666666666 47101
9.09561777777778 51011
9.212518888888887 51037
9.089964285714279 51670
8.634468333333334 54091
7.68146666666667 19073
6.868079166666669 27089
7.402358333333333 31159
8.319397917289482 36081
9.976793095238094 39147
5.464323333333332 40067
10.318321666666664 45025
9.44624 47013
7.169137777777777 48069
11.378649999999995 53043
10.419362500000002 17121
6.643773333333336 20139
8.096862864583343 22017
7.391531934156393 25009
8.517929999999998 28139
11.626418582677168 34007
8.941208079096052 42069
11.12388222222222 47121
7.765639777777778 48427
7.469838888888891 5061
8.471569166666663 53055
5.243735833333335 16013
9.820458461538461 17073
8.944293333333333 21231
8.992674666666671 28057
4.200216666666666 32011
7.042137222222221 35029
10.336300666666663 39125
10.74886869047619 55131
10.033827407407411 1053
10.747664999999996 13229
8.649673333333338 16059
8.248029999999998 19069
9.956920000000007 26059
4.360986666666667 31007
7.090152962962957 40021
6.440294999999997 40059
8.320858666666664 47005
8.010335000000001 48175
7.803716190476193 48203
7.423219166666671 48251
3.206211166666668 56019
8.303156292538729 15003
9.443511666666666 17171
11.109246190476194 18037
6.204963333333335 20017
6.548143333333332 20077
9.591144285714286 21021
7.351070000000002 29061
6.2234766666666665 31085
7.515040416666668 36057
7.168211333333338 40001
5.958623333333331 48359
7.612264444444442 48403
8.302526249999998 51073
8.378440666666666 51820
19.188529139072877 6029
8.4686818608853 6071
10.343492000000008 18103
11.47733095238096 18163
6.58966866666667 20133
9.914164666666663 21103
9.377553333333335 21191
9.236944166666666 21203
8.850023999999998 28137
9.754695 29155
8.455675555555555 29173
5.0772362962963 35039
10.114149369369366 39103
10.807610000000002 41011
8.794078571428566 47133
7.764324999999999 48047
5.718177500000002 48371
7.59416866666666 48457
8.112924444444447 51079
8.409065555555554 51127
11.988182592592592 1017
11.713417777777774 13159
10.619252777777776 18175
7.059808333333332 20051
7.310536666666666 20171
9.70309732510289 26065
7.259998333333335 26143
11.030794999999994 30047
7.39075111111111 31119
8.672850724637682 34001
10.48088285714285 45061
6.3955449999999985 48335
6.1565133333333355 48475
8.8287728148148 19113
7.277612857142857 27057
8.219738888888896 28147
8.472243939393943 29187
6.009754133333331 36045
8.726123533333324 36091
11.75168039215687 37057
9.757963611111117 37083
4.45329 38041
10.3494642982456 42077
10.296855952380945 45047
9.144279166666673 47041
7.055886666666666 48119
7.84519722222222 48365
7.168968333333334 48387
4.997443333333334 49019
8.715960000000003 51043
9.049066666666658 54049
8.141967666666664 55083
5.769833333333334 8017
10.26844066666667 17105
7.914763333333331 19123
8.080587777777778 19195
6.862147777777779 20041
9.848323888888897 39117
10.006817555555546 39143
9.983990952380951 42111
10.337083809523806 45057
10.581104782608694 45085
5.4383349999999995 46013
12.724451851851859 1005
11.391863333333335 13003
12.505793333333338 13239
7.8195399999999955 19169
7.616723999999996 22003
6.323181388888889 27067
6.460978333333332 27077
9.20742333333334 28061
10.620315714285718 37165
4.7370399999999995 49027
8.841343333333334 51775
8.303156292538729 2188
8.303156292538729 15009
9.940208333333333 17127
8.906144444444442 19019
8.477145238095241 21043
7.895746666666673 22031
5.076123333333333 31117
10.92972616959065 34005
8.828682379547695 36005
7.3008786363636275 40145
6.571565641025648 40147
3.798705069767438 4015
7.713201944444449 41017
8.521776666666673 55011
7.041102222222226 55013
5.171183333333334 8011
7.0499955555555545 19001
6.866913333333334 20071
7.820134444444443 22111
9.191686666666673 28159
9.651841666666668 37185
6.385093333333332 40007
6.117736666666667 48295
8.006826666666667 48391
6.223903333333333 48411
3.842221666666667 8119
7.647370000000001 9013
8.303156292538729 2050
10.091376666666669 12077
10.459372222222221 13043
8.378861111111114 19131
7.109205555555556 19145
7.387767083333331 20103
6.521965000000001 20181
9.200358000000003 28127
7.859388749999998 29091
9.694809999999999 39115
10.388946441947594 45079
6.677687777777776 48299
8.387863333333334 51530
8.689062424242428 51660
12.247668333333335 13007
9.263802666666674 13039
10.853236666666659 13055
11.695333333333336 13269
6.059691666666664 16077
8.886143636363636 19111
10.08544414634147 21067
11.524939930191948 21111
5.297490000000001 30071
11.397512121212126 37163
4.762861166666666 46057
6.0823481481481485 48363
5.891029999999996 50005
8.374211428571433 51033
11.591748212962987 6001
4.9532719047619045 8083
9.05750094339622 10005
11.853959285714293 1031
9.688629444444445 1091
11.330709114820426 17031
8.064854666666669 19197
10.07193777777778 29143
6.625720476190479 31047
5.052938333333335 35051
7.58664757575757 36007
9.514804999999997 42033
4.63864 46105
9.587060555555553 47117
7.402622074074067 48323
10.157255555555555 13025
11.11546142857143 13133
11.281840000000004 13147
6.940541666666665 20123
8.536456190476192 24023
9.572345897435891 26067
6.803546666666666 27007
7.927514000000004 27161
6.340082083333324 36055
8.413169999999996 55115
6.700595238095236 12051
8.978575333333334 19005
6.557856666666665 20025
6.752570000000002 20037
6.076419999999998 27031
7.5110483333333375 31109
6.120884133333326 36069
6.2086500000000004 36097
7.40741 37177
9.567732592592595 39015
6.0656025000000025 40065
6.1228561538461515 40121
10.832518817204292 42075
7.671532222222224 5039
8.914827727272726 51760
9.237012888888891 54037
9.702447333333328 55087
6.277597195402292 8077
6.9062551111111095 12087
11.399047361111096 17043
9.393175999999997 18139
9.238666666666669 19097
10.070235 21233
8.954624722222215 23003
6.705413333333335 26089
6.245400833333332 27121
7.588070833333336 29229
7.775046666666669 31021
5.254813333333333 38051
5.827167777777778 38093
8.168420476190475 48149
7.6455149659864015 5007
9.217748000000002 51067
7.469913333333331 54083
9.59311601626017 55139
3.1440500000000013 8093
8.303156292538729 2240
9.377180666666664 13241
10.492122738095247 18167
9.827076428571432 21209
7.332609333333335 29115
5.447145686274506 35031
6.336033611111109 36023
10.053709743589748 37047
8.269837333333328 47091
8.751286296296291 51710
8.555287777777778 51735
8.030373333333332 54063
11.644893333333332 13211
7.722623333333332 16019
10.066003787878794 18081
8.13308766666666 22073
9.875922807017549 24025
7.4565416666666655 29203
8.411466000000017 34031
10.01975047619048 39065
8.52649555555556 51630
8.682938888888884 55081
2.726287133333336 56013
10.620372666666663 13267
10.304891904761913 17051
8.101226923076922 27131
7.788526666666667 28037
4.946106666666666 30011
5.105429999999999 30033
10.38470716666667 30063
9.102156282051277 34019
4.7539519047619025 35006
10.310382187500007 37147
5.0388383333333335 46059
6.309048333333333 48049
8.493799275362326 48469
10.356042222222223 18021
6.866235 20185
8.133544202898548 23019
9.804561533333342 26161
9.110171666666668 28069
8.966340000000002 28153
6.5018111458333285 30111
5.2839149999999995 40025
4.016842857142856 4005
3.3639295 46071
6.775204444444445 48107
6.028956666666669 48275
4.647053333333334 49015
9.293582192982461 51510
10.13476666666667 53017
9.863132944444445 53071
8.764538095238091 55057
6.328727916666664 8087
11.346146666666673 12039
6.759634166666669 20149
9.512415000000003 22007
7.827554166666666 27059
9.778927777777769 45015
8.261499444444446 48177
6.6364149999999995 48425
7.700125000000002 5013
9.325097777777778 1063
9.548457 17109
11.226998333333334 18125
6.857921666666667 20027
9.23733222222222 21033
9.542898999999998 21049
8.018004848484848 22015
7.790008205128206 22089
8.23007097435898 25021
9.407951388888884 26087
7.634975925925927 29169
9.812381666666678 37023
8.710365726495734 47125
8.467783703703702 50025
8.947842666666663 51840
8.122273439153437 12083
9.508283333333338 18009
10.310294444444448 18049
9.718748750000005 18053
7.892709393939395 19179
7.518960000000001 29087
6.964883333333334 31125
6.019743333333334 38031
9.506026666666662 47129
8.959292666666661 47151
8.322499215686268 55141
20.981151428571412 6047
6.728653333333337 16043
9.11707761904762 17067
7.579613888888892 20055
5.70378 30015
6.1542556249999985 36053
11.621978912732475 37119
8.825736730769236 42079
8.174988888888885 47081
6.096886666666665 48327
7.890274666666663 48489
9.353353888888888 55047
7.320233666666672 55069
6.850517222222223 55113
9.676920740740748 1025
10.5937 13301
11.11940203703704 13313
10.450690909090909 18017
8.983368000000002 27169
9.265396666666662 28135
4.845241666666666 30065
7.259758888888888 31081
4.565257777777777 35053
9.774384102564103 37161
10.373332173913042 42039
10.660499555555553 42085
7.097976666666659 48053
7.8335849999999985 48419
3.2545566666666663 8053
7.948239444444448 16065
5.016686666666667 16081
10.852200000000003 17035
10.33443119496855 17167
6.999834444444446 20085
6.953806666666665 20105
8.599698333333329 21237
10.041204739583323 26081
6.6098122222222235 27093
9.509023333333335 28025
6.476142222222223 40077
6.407093333333333 48103
5.9180488288288196 48485
5.006066349206343 49053
9.51948956790122 55009
7.995295833333332 29027
4.404686666666667 31075
8.941573838383835 37019
10.633626410256433 42017
8.303156292538729 2105
11.052895833333338 1085
9.01329153846154 18065
8.052100666666666 22029
9.156282857142854 28027
9.368308000000003 29023
8.64576549348231 34003
9.504771583333335 45013
9.727078518518518 47051
8.759258166666665 5035
8.795187619047622 51800
9.60200611111112 55021
8.399291666666667 55091
6.790193333333332 20061
9.173612666666658 28079
7.016724166666665 29177
7.705956666666666 31179
7.581721372549021 35001
8.841368333333326 37111
10.255657666666663 42099
9.825083333333332 45053
4.855615 46019
8.289741111111116 47077
9.973177777777776 47115
8.32816533333333 55035
6.171396050096332 6111
10.196282499999999 13137
11.273072222222225 13149
10.6169375 17025
10.217457777777774 17145
6.911713333333335 26019
7.887654999999998 29035
7.588868571428571 31141
10.085011904761913 39057
11.756882243589727 41067
8.076451333333328 48273
6.998311388888893 48277
9.503869444444447 5021
8.244425 51790
4.098023333333334 8021
5.784257456621 8069
10.322816296296295 39039
9.435796190476188 39079
10.639212790123475 39153
5.653248888888888 40075
6.05667 48079
5.237363333333334 48109
7.9905050000000015 48407
9.60595 54051
10.198463666666662 55027
11.657878888888884 13091
9.99472700000001 17163
9.696391111111106 18155
7.801263333333333 19151
8.058620444444443 29051
10.758149311774485 42003
9.856581666666663 45071
6.548147777777779 48445
8.651092380952386 51027
8.375242666666667 54041
3.15979 8015
9.90925 1099
10.639266666666666 13265
6.085810666666671 26061
9.993612999999996 29069
7.5140216666666655 29153
11.565570000000001 30061
5.5850655555555555 35037
7.591318095238093 37053
6.654258333333334 38019
10.114810952380958 39041
10.390746868686879 39165
6.392866825396827 40037
10.395669661835765 45083
7.31418222222223 46099
8.27295666666667 47181
7.4292405263157875 48099
6.043485333333332 48133
9.787996259541982 48201
7.866367345679021 49011
9.052864666666666 51025
3.6105176944444457 56037
7.255778148148152 6035
5.300106666666667 8025
11.775677777777776 13253
9.929569523809523 18077
9.62438583333333 21055
8.724690416666668 22101
6.730545057471271 40017
11.199425609756108 47065
7.514551960784315 48303
8.45327444444444 48309
8.482430303030313 51095
9.190420606060604 54099
10.283659696969705 1071
10.68595733333333 13189
10.54929533333333 13257
10.184320833333334 18131
7.428842676767684 23005
7.298254506666645 25005
6.635091794871799 26029
7.867996111111115 27079
7.513274533333329 33017
8.322540048245598 36047
9.15632266666667 37091
10.28422030303031 37153
6.407936458333343 4003
7.553132592592597 40135
10.162063333333336 42009
10.074167500000005 45009
9.95377181818182 45023
5.8257433333333335 48269
8.097545833333331 54001
8.765559047619046 54059
11.112423333333341 12059
10.989664166666666 13115
5.7469100000000015 27155
9.42740526315789 28075
8.461888333333333 28085
8.787960833333337 30093
4.772083333333334 35021
6.260609999999999 38003
6.703680833333331 38079
6.097145833333334 40005
9.862194999999998 42093
8.573915999999997 53041
5.2648047619047595 8089
11.800199444444441 13019
11.621614444444445 13023
10.750179861111114 17183
6.15042333333333 20007
6.896985833333333 20029
8.608664444444448 26073
6.393021111111111 27101
6.66610333333333 31107
7.48821698412698 36009
9.257663333333335 37043
9.921127333333327 39031
6.456364761904763 40081
5.968478333333332 41037
10.869523333333337 45033
6.6416233333333325 48305
7.471513333333334 48343
6.339553333333333 48501
7.677483333333331 51017
11.645813190184061 1073
11.100024285714278 17007
10.381416666666672 18091
7.463031666666671 29105
8.908249999999997 37013
7.444461111111111 38035
7.958296666666672 48409
7.3685040000000015 48467
8.949023333333328 48473
8.11814142857143 5023
8.077267051282048 5131
12.469699685534586 13215
10.28315530054645 17119
7.073923333333332 19175
8.852193333333334 21011
10.602312380952375 21185
7.108957333333336 26039
6.135437777777779 27127
8.20763625 28113
7.411069999999997 29075
3.9474666666666667 30027
8.129350833333332 31043
7.014595714285708 32001
6.979364888888886 36037
5.867239999999998 41069
10.72648312500001 45031
10.194294013605436 47149
8.095393333333336 55078
6.63078142322098 6083
7.82151111111111 9007
7.8246975 19161
8.588091666666665 21165
6.237524444444446 26095
9.00541266666667 27055
7.101189999999998 29101
7.782255000000002 29103
10.101330952380946 39019
6.030898666666667 40063
7.895450833333334 41057
7.737684583333331 48241
5.837326315789472 50023
7.753959444444436 5091
9.0286 53023
5.127335555555554 56003
11.187908333333327 1019
10.580226666666668 13125
9.504346666666667 13291
10.655289722222221 18099
11.078171999999995 18123
8.521508571428573 19011
6.971642083333332 20121
6.643735 20193
7.684179333333333 22049
9.912793760683762 26025
6.679879166666668 40083
8.75722 47137
7.397312222222222 48159
7.50586277777778 48259
9.501638596491226 51680
5.278628333333332 8009
9.639565333333334 17017
8.13307727272727 22095
9.629499285714278 26045
8.690483333333338 28029
8.896043095238097 28059
8.434497499999999 29111
6.573121666666669 30073
5.714573333333337 36033
4.315846666666666 38007
6.1066633333333336 48483
8.05896366666667 19127
9.569132499999998 21087
9.198381666666663 22005
8.01517738095238 23001
10.182486023391828 26077
7.189656666666666 29059
7.488009333333332 29213
7.397369166666666 31185
9.220962592592583 37113
10.450551428571428 37197
7.125172222222217 40115
11.926275804597697 41047
10.874651111111103 42021
5.072965000000001 46015
5.0478000000000005 46017
5.172570000000001 46045
6.274202500000003 48143
8.78152683486238 48453
5.880436410256412 49005
5.596644242424245 49045
7.704217222222222 5083
8.545177777777774 5123
7.823307777777778 5149
6.905448000000002 55129
8.478565555555557 12029
12.119483067846586 13135
6.7910833333333365 20099
7.035901481481485 26007
6.968418333333333 27069
8.810720833333335 29186
7.542261666666666 29197
7.076030000000002 31121
8.200566 37011
11.230192619047624 37151
6.28645888888889 38077
6.357063333333337 40013
10.314417567567574 45063
6.276656666666666 48081
2.98747 8065
3.097997500000001 8107
12.304475476190472 1045
11.876865555555558 13035
7.425732380952384 16083
7.70004 19051
8.590423333333332 19089
8.698136666666668 21025
9.445720877192983 21151
8.796435 21189
10.311670000000001 21225
7.735047364341089 22103
7.627170175438598 27019
8.983116666666664 29113
8.002889333333341 29221
5.546126666666667 31015
6.77463636363636 36015
10.27665888888889 37123
11.05144281609193 42029
7.0925724242424195 44001
6.21514 48191
6.471595000000002 48461
7.675795110062882 49035
3.4744621666666675 56015
9.355501666666665 13049
11.194011666666665 13173
9.854582222222218 21039
8.868861111111105 21053
9.080160555555555 21173
8.301785 22083
7.415021818181818 29029
6.791665000000001 31093
6.014668 35041
6.939907956989248 40027
10.138284180790976 42125
9.220154523809528 45043
7.791335000000004 5103
9.484476666666668 51610
9.343763755274232 6081
9.164491666666665 17009
7.752731111111108 19109
5.95436888888889 20073
5.782004545454542 4027
8.523600000000004 48493
5.98539888888889 50009
8.107581666666663 5001
7.820167619047622 5059
8.672583333333332 51147
8.269825151515155 51185
6.9616586666666675 26079
8.739338174603175 29099
11.40906158730158 34015
5.352678333333332 35017
5.185435555555556 38061
6.093944444444441 48059
6.390280000000001 48415
8.117788888888882 5069
9.69983121212121 55015
8.880056111111108 55023
8.737055000000003 12007
6.388867424242425 12111
9.545937777777777 21017
8.178623999999997 27039
8.59677755852844 27053
8.361965555555555 29045
7.599273333333333 31037
4.748126666666667 38087
9.859606153846158 39129
7.718303666666669 4023
9.943807606837614 47163
5.6068766666666665 48389
6.303228787878791 49003
11.258695000000007 1027
6.650588005148033 12086
10.017308000000003 17181
10.001299444444449 17195
8.632295333333333 19087
9.357030952380953 22047
8.8026 28007
7.539259523809523 29043
8.77511437500002 36061
9.866278333333334 39021
5.50912760416666 40031
7.437755833333337 48073
6.151936666666668 48197
8.517680666666664 5041
8.49587172839505 51179
9.694033333333337 1133
11.754914444444447 13079
10.566321666666665 16021
10.58930518518518 18033
9.646887777777778 18137
8.991178666666668 19031
7.84525 22021
6.135391666666665 30091
5.952832222222224 30099
8.321447083333334 48013
5.831166666666666 48023
7.2242148148148155 48223
5.67080833333333 48503
9.127379444444447 53039
7.176612666666667 6033
10.647145833333333 13163
11.172232807017554 13223
9.67216055555556 18031
10.082578999999992 18071
8.682694999999999 19037
8.275158279569885 23011
5.606397777777778 38021
4.351845208333333 4001
6.424624375000003 40125
11.258963643410837 41039
10.212042222222223 45065
10.584162222222211 45073
11.62649766666667 47105
8.576074336283169 48215
8.456333333333337 51075
8.792012820512815 51191
8.47032468253968 9001
10.219974666666667 1035
9.325974999999998 12123
10.940635238095226 17037
7.143409457364342 20177
7.434870000000001 22023
6.455253333333337 23029
7.829882666666663 29161
4.798749999999997 30083
5.543130000000001 30105
7.237371904761901 31067
8.30881222222222 37187
7.422575 48247
5.048857777777779 49013
8.532763333333332 5077
8.907933333333336 53007
8.897538000000003 55103
8.303156292538729 2282
7.644957560975604 12097
11.428116363636363 18173
9.214055000000005 21171
7.4945200000000005 31027
4.794099999999999 31105
6.72502694444444 36017
9.470787777777772 39163
10.51209666666667 47143
6.725769166666666 48117
6.202943333333334 48169
7.89186005464482 48479
8.946193661971831 51041
8.731643333333334 51750
8.287699166666664 54047
28.558509012345656 6031
8.303156292538729 2198
11.589606881720444 1015
9.907185833333331 1131
11.341364743589754 13057
10.772781333333334 13105
10.412979523809524 18149
7.721730952380952 22053
9.215351607142864 26145
5.556180000000001 30103
3.947871666666667 31031
11.30678631578948 37195
7.349323703703704 42103
6.160577777777776 46079
9.606701388888897 47031
8.240992121212122 47047
8.028761666666666 51115
9.926148000000005 51690
11.609877777777777 13171
6.970339999999998 20083
7.2904944444444455 27133
8.395481860465116 36093
6.459487333333331 40111
10.685021066666666 41005
6.541451999999999 41063
5.065291666666667 46053
4.707043333333332 46085
8.866158333333335 54087
10.284856286549699 1097
7.50919988888888 19155
9.74422333333334 21167
10.128697142857146 21183
9.278568666666667 24029
10.294348333333328 29133
8.362758987341786 36027
10.791939354838705 37067
7.761229055555559 41031
2.6259481666666664 46047
6.372250000000002 46101
7.684359333333333 48007
8.278310370370374 51171
8.551512051282051 5145
10.414256311111167 53061
5.024724666666665 56029
5.9910533333333325 20019
8.282474444444443 22009
6.847356666666668 31083
7.308923777777775 36039
9.306827499999999 47111
6.139260000000001 48267
8.75690666666667 5067
9.018516190476191 5111
2.758808666666666 56031
3.988681666666666 56039
11.654060740740748 13069
10.239240000000004 13101
11.346118 13237
10.593200294117649 17115
10.593750000000004 17139
9.60164666666666 17187
9.065884545454546 21095
8.006953333333328 22025
8.606966666666665 28071
8.546249666666663 34013
8.184702222222224 37009
5.853448333333333 38081
9.753110666666661 39007
9.542207176470603 45019
4.7636633333333345 46119
10.12787958333333 17135
9.591599523809522 18075
6.946447777777777 20157
9.898729090909091 21073
8.826352500000002 21193
7.4361003703703705 26069
8.258109259259257 28109
7.564961951219523 35013
11.428437878787868 37097
9.844672254901946 42095
10.190281111111108 45011
6.297023333333333 46061
8.880133954802268 48339
8.228573333333332 51580
6.851883466666672 9015
10.707009629629633 1043
11.613698055555579 1117
9.127461333333336 24041
9.859709710144939 26091
10.139832398907052 26163
5.924144166666668 31041
6.843186666666668 31181
6.544926666666666 38023
10.143761999999994 39149
5.938093333333334 48417
12.764554871794893 1113
10.35503952380952 18015
6.866381666666668 20089
6.977141333333334 20175
3.815205555555556 31013
5.430750000000001 31115
7.868425573333327 34029
10.610002307692305 37037
8.895927916666658 37087
5.800716666666667 40045
5.981484444444444 40049
4.570647419354841 4017
11.032027361769366 42091
10.857369637681161 45091
8.628452222222219 48015
8.114665555555554 51057
7.827417333333335 5139
21.422587536231877 6039
9.875415454545463 6103
10.069360303030296 6109
7.152323333333333 19053
9.152885333333337 21161
6.428862222222224 26153
8.797067333333338 28117
4.99897857142857 35047
7.015997538035978 4019
9.547149265536731 51013
8.929699999999999 51720
7.5677363095238075 12069
7.330044166666666 20005
8.618094166666667 21135
8.565204444444449 22123
8.461256274509804 24037
10.922944750000024 24510
7.931655333333328 26011
6.544322916666667 26047
5.713537666666666 27023
8.37896343859651 27037
7.392720000000001 31023
6.308386111111112 35061
5.838225747126435 36075
5.944163333333335 40029
7.2547731250000105 40101
3.999526666666667 49025
7.753475500000002 5051
9.45189095238095 54003
10.98962257575757 55127
9.097479629629635 1059
9.713590000000003 13111
11.399912307692306 13175
7.852726666666668 22081
8.748867664233593 27123
9.547868481012673 29183
8.403287543859646 36079
10.30267115942029 39081
10.38996557575757 39155
7.163698095238094 48035
8.672588757763979 48141
6.501570000000002 48153
6.750043333333332 48437
8.903056666666672 51195
9.355269444444447 54053
8.437274583333341 54077
8.133381428571436 55109
11.76013571428571 6115
8.303156292538729 46102
11.017032839506175 1103
9.256363333333331 12037
7.50284933333333 19047
9.943063741496596 26147
8.678276111111108 27045
6.1911261111111076 30041
7.809274666666665 31177
6.763234545454543 36121
7.160018928571429 40131
8.84762 41021
8.168644102564103 51015
10.105859135180477 53033
9.832333333333331 54029
12.445786960784332 13121
13.947702962962957 16017
7.438553333333332 20067
9.00324111111111 21159
9.426008888888889 21169
6.232667380952376 25001
9.06224205128206 26117
8.703206666666661 29163
4.704103333333333 30109
7.220311111111111 31137
6.479486666666664 50001
7.120330833333335 5087
7.217736666666665 5133
9.082015757575762 51730
7.39722766666667 55005
7.036024166666668 55041
10.355472499999994 1007
10.192412499999998 17005
7.447253333333334 20081
8.88351929824562 21047
11.130417971014497 21059
7.456243333333329 27009
9.090992777777775 28115
3.834482222222221 32033
10.171467142857141 39069
10.613734848484846 41019
10.610791666666666 42073
6.376459999999997 48115
7.488154259259253 48257
7.971682666666669 48395
8.272695333333337 51137
11.591020999999998 53075
9.284863999999995 54079
5.6919150000000025 8125
8.007433138528139 12105
10.419922592592599 18107
7.808291666666668 19141
6.797121666666667 20053
7.613140000000008 25003
11.231251111111098 45007
7.246536666666668 48379
8.303156292538729 2195
7.86693777777778 19021
8.457799333333334 19067
9.721927499999998 21213
7.146818333333332 27001
10.187922380952388 37145
10.143834435695542 39095
5.785893333333332 40153
9.722225666666661 41059
6.711636923076923 44003
9.219091821705415 51059
8.622454 51155
8.412886222222232 51177
9.430853333333335 54073
8.990203333333335 28107
6.973909444444444 29015
5.979010833333334 32013
4.5198670000000005 38065
5.445045555555554 40043
6.335688888888887 40127
10.497125034013605 42041
8.992360769230775 42123
9.935464074074073 47103
9.191658000000002 47159
8.044185238095242 5003
9.247794374999994 51019
8.258428333333333 51021
3.345059166666667 8081
10.314781666666661 13031
11.493294500000001 13097
10.233508749999991 18181
8.040146666666669 19079
6.165293333333332 26013
6.48406 27029
7.619846666666664 29179
6.562256666666668 31029
8.148267499999996 51047
9.862468388888889 53003
8.923373611111105 54061
6.622980666666664 55125
5.48814733333334 8101
9.214260277777775 12023
9.359587887323958 12033
12.022006111111109 13131
9.90977866666667 13311
8.888552666666671 19105
11.049903703703697 21029
7.23096238095238 26043
8.364791333333331 33019
9.002597083333331 37021
7.037071438450893 40109
8.303156292538729 2261
10.491885555555553 13109
8.96398148148148 21035
7.67367 22091
9.00112166666667 26151
7.249525833333336 26165
8.892104444444445 28111
7.8426511111111115 29149
7.51660666666667 31155
6.736202564102567 36003
6.294803777777781 36051
11.320071013645224 41051
7.457947777777781 48505
8.609194166666661 54005
9.27787929824562 55071
12.516754666666667 13205
8.209766666666674 19033
8.758992 21221
8.767319649122806 26111
6.724193999999996 27113
11.424031929824556 30029
6.093675222222238 36101
11.007167111111103 37107
9.540273333333337 39043
9.753486388888884 39083
9.828138611111113 39097
9.552393333333333 47095
5.923733333333334 48155
9.529152497136318 6059
10.521091666666667 13083
7.957638333333336 19081
7.899574166666664 19091
7.75947407407407 19099
6.640098461538461 20015
6.890386666666665 20063
6.626634444444446 20147
8.163845857605176 25013
6.669275000000003 27071
7.582727500000002 29065
4.889713333333333 31171
4.59184 38033
9.64456621621622 47187
9.461156666666662 51117
3.4754100000000006 8109
8.303156292538729 2016
10.805265185185188 1009
10.390533333333336 13305
10.816594583333334 17049
9.97223538461538 17117
9.114983333333333 21201
6.458300416666672 26103
8.680562500000002 28141
8.071357499999998 29093
6.693536523809529 30049
7.214351818181817 31019
6.786466666666667 31073
5.525966666666666 32021
4.190876666666666 35033
10.5705858139535 39151
7.092248888888892 40097
7.146848235294151 48439
8.403470833333337 51029
8.548303333333333 51063
7.348930666666667 19007
8.711529814814819 24009
7.364240833333333 29049
7.525293010752688 29077
6.748173333333332 38009
9.59497333333334 39141
9.136528333333334 41065
9.765223703703704 45087
5.8360133333333355 48009
8.193944000000002 48123
9.228407222222225 5093
8.303156292538729 2164
9.495993448940286 12031
5.703506666666668 16015
7.260263333333335 19071
8.326472499999996 19075
7.178878333333333 19117
9.021209999999996 21147
10.277995925925929 21211
8.718348888888892 22035
9.156856231884056 24001
7.975895555555557 28001
5.206184444444443 30095
4.195896666666668 32017
6.4363311111111114 38071
5.9598726666666675 40123
9.041803333333332 41055
8.851017407407399 42047
9.409999259259262 42059
8.392858333333336 47071
7.666897777777775 48037
7.699576666666657 48139
8.28257611111111 51109
8.303156292538729 2290
11.422825714285706 13293
10.236419629629633 17165
10.264567916666671 18169
9.643491000000003 21009
9.352502790697672 22055
9.099750666666665 26057
6.926477500000001 30035
7.959623240740734 33013
5.866341904761904 36049
11.067846555555558 42011
5.821278277777779 46011
5.711655555555554 46023
4.987651333333332 46093
8.211224444444447 5029
7.886504444444447 5105
8.23551083333333 51187
11.229005555555567 1095
4.807043333333334 31103
11.072970388888896 37063
6.506706666666667 38091
11.833123518518502 41003
5.948473333333333 48125
5.687353333333333 48301
4.317406666666668 49055
7.8249718181818135 5033
4.478769999999998 8003
4.077863888888887 8071
9.754365238095238 12121
10.531986666666658 17055
9.099883666666656 18035
9.47370518518519 21083
7.492305666666661 25023
7.772191666666667 31051
6.780284791666663 35005
9.52475433333333 41009
8.457974333333333 47043
9.455915 47169
6.507396333333337 48227
8.82461656250001 51087
8.602179999999999 5147
8.419594722222225 51540
9.232137666666667 6009
10.562426666666669 6043
13.389698333333333 16009
10.36724733333333 18143
9.987741250000006 21239
6.521693666666663 23009
9.714431754385975 26075
9.289995555555555 28119
4.602659999999999 31123
11.478573066666684 37101
9.328223333333337 37117
10.278084603174598 39055
4.912746666666665 46107
10.001321999999998 47139
8.430676666666672 5063
8.769443636363649 51700
10.83208714285714 12133
11.188326666666663 13319
10.61080229166667 18127
7.503967222222221 27091
5.91522111111111 27149
7.857298333333334 29199
6.106332222222222 38073
9.83577794871795 39033
6.463058333333335 40053
10.534347128205152 42043
5.502695428571432 44009
6.50115 48105
6.227586666666668 48129
5.5697244444444465 48337
7.59555341463414 48423
8.3337925 51071
7.4007900000000015 5109
7.974488333333336 51113
8.655818125000003 51121
7.826601111111111 54023
20.436942978723312 6099
10.59598791666666 1083
10.281183333333333 13065
10.896487777777779 17079
9.903281935483854 18105
7.088791111111106 19039
7.599283333333334 22013
7.180376190476189 29109
10.568335897435892 37105
9.618372307692304 39123
5.80305 40011
9.426424814814812 5055
9.962379999999998 17087
9.108063693693685 18095
7.492312666666665 19085
8.700605833333334 21153
9.668733703703694 21177
7.558458333333335 29215
7.734188333333333 41035
6.666067466666669 48171
7.086646436781615 48381
9.131814999999998 51141
4.774962129032256 6053
5.620480000000001 8121
8.303156292538729 2090
6.5071457777777715 12061
11.502463333333326 13027
12.053975000000003 13243
11.777904444444445 13255
7.171566666666664 16063
7.638579999999997 19133
6.504060000000002 20129
9.874833636363643 26015
8.433019000000002 27049
6.281318333333332 27051
7.887408333333332 31173
4.641624666666664 46051
6.172121666666668 48003
8.898540196078432 48039
6.6651788888888905 55051
2.9760805 56001
5.511191666666666 8075
11.564533636363638 13157
10.345142000000001 17053
9.327402222222227 17071
10.89311666666668 17201
7.07753411764706 20155
7.505561337209262 25027
5.13992 30079
5.428497192982456 36019
8.220146228813546 36029
9.049265 37015
6.249420000000002 40051
9.931356666666662 42067
5.227870777777778 48043
4.760373333333329 49037
8.861325 51051
10.307273061224496 53067
9.389118333333334 12067
12.635239999999994 13321
6.5829055555555565 20151
10.06151409090909 21015
9.792873125000009 24043
10.662904705882351 26149
9.606782444444457 26159
6.633689999999999 29057
10.165202222222225 39051
10.012845555555554 39175
6.222715757575756 40113
8.063898333333336 47135
8.225172777777775 48145
6.511946666666665 48317
8.91925222222222 51111
8.391018555555556 53057
8.043435555555552 54007
12.248222528735624 16027
7.226198888888887 19185
9.088443333333338 21071
7.163282222222213 36105
9.108694074074073 37099
8.107069666666666 37139
4.158133333333333 46075
8.371954999999998 47075
4.9077666666666655 48243
6.4138127777777765 48253
8.36999277777778 54019
9.086194615384613 55111
5.818906994535512 8035
7.506879162640888 12095
11.020783333333332 13045
10.575973333333344 13299
11.265217619047618 18027
11.28997055555555 18061
6.8883800000000015 20159
8.706575964912277 22097
7.503297500000004 26085
7.732472121212125 27141
9.236835952380948 28067
9.525258874458869 34021
6.574811176470585 40119
9.093827222222226 47185
7.295892399999998 48019
8.142841846153834 48027
7.048680133333334 48465
3.913 49031
7.63164111111111 5047
8.044271333333336 51139
5.857744444444448 53009
3.8802555555555562 8105
8.077131601731597 8123
10.019052499999997 13187
4.8317316666666645 16041
6.836300666666669 20059
6.536183333333335 20097
9.731269444444436 21155
7.613845555555558 29089
6.533566666666667 30057
6.417436666666666 31077
9.983036388888888 42061
10.090848666666668 45081
7.895357777777779 48071
6.698099999999998 48369
8.436253164983171 51810
10.931853333333338 6021
6.400818134810689 12011
7.48784166666666 12049
7.261715271317831 12117
9.26260624113475 19163
9.313231111111113 21023
8.628282740740747 28047
8.831123333333336 28161
7.9286877777777764 30001
5.16680888888889 31033
7.749561010101018 33015
8.267821145833341 34009
7.026003571428573 35043
5.274196666666666 38047
10.15046437500001 39169
9.925083043478256 42001
9.615844225352117 45051
8.277444444444447 47023
8.92184336065573 48029
7.370812939393974 6073
3.733113333333334 8091
3.1326475000000014 8097
8.303156292538729 15007
10.218556666666666 13181
11.480821666666666 16035
9.381013333333332 21121
7.781321904761906 22085
9.86118236111112 26021
6.1144211111111115 26131
8.201791646586358 27003
5.446513857142857 27083
6.639783333333331 29185
9.995824575163395 42007
5.010406166666666 46109
8.213248888888888 48239
8.44407982456139 51165
7.9934236363636435 55017
9.827700999999998 55039
4.6724711111111095 56033
10.773074814814814 1013
9.263861626016276 12091
10.246565491071387 18097
8.965585999999998 21119
6.396683333333333 31057
7.503226666666674 46083
8.689624444444446 47079
8.836786666666667 51053
8.096734166666666 55033
9.398826000000001 55065
11.406350000000003 18083
9.491276666666664 21157
5.825281666666668 25007
8.09410731481481 25015
10.687353939393937 26027
8.123500952380954 28045
7.905366190476195 36021
10.92346674242425 42019
7.9796076131687235 48355
11.454551666666665 13231
6.492274666666665 20001
7.926732666666665 29073
6.069380000000001 31183
8.705061748633858 36063
7.2650433333333355 37095
11.956656282051293 37191
10.473139872944726 39035
8.740025555555555 41015
7.769622857142865 42127
10.374027740740745 42133
5.370940000000001 46005
9.99652222222221 47189
5.752013333333334 48205
6.574812499999998 48341
6.2147609090909075 48497
12.707515076923084 53021
7.980204183006532 9005
8.48959333333333 19023
8.042420476190483 19167
8.864499333333335 28013
9.381175555555558 28129
9.217937777777772 28163
7.485763333333334 29209
6.839831666666666 31011
9.927641851851847 37169
10.233763398692796 39113
6.675010740740741 48147
7.268107083333335 48507
10.452780416666656 51590
8.317873333333333 51678
11.754148740740748 53077
3.267499999999998 8049
8.303156292538729 2180
11.2993862962963 1021
11.475389999999997 1037
10.414974999999998 13317
10.151319523809521 18001
11.121794285714289 18051
9.211021794871801 21019
5.144830555555554 27073
6.777858333333333 31061
8.708411111111106 37073
8.00327777777778 42083
4.419086666666667 46137
8.50012546666667 48209
7.838384166666667 48297
7.541788095238099 48459
7.895806666666664 5049
7.389234374999997 53027
9.07774333333333 55077
6.543651666666662 16005
10.758844390243917 17113
9.406111666666662 19061
9.52709222222223 21003
9.956976666666668 21223
4.789783333333332 30059
10.977839019607858 37051
10.048084444444441 39121
6.71389722222222 41001
9.862269866666669 45035
9.495717083333336 47055
6.660126666666665 48451
8.62562608695652 51085
6.910116428571428 55085
14.13454497371188 6067
6.511313333333328 12093
9.464790000000002 13127
9.971993333333337 18109
10.191525714285708 18133
9.279626078431376 18177
6.931350000000001 23013
9.713033960244651 24033
7.157343333333332 27063
8.485701666666667 29223
5.8880711111111115 40069
8.601279083333331 41027
9.229130574712642 42081
7.385895757575758 48001
7.110075 5101
8.866732857142855 51035
9.340414126984134 53029
10.064150778816227 55025
2.2289603333333337 56007
4.382743333333333 8033
10.361636666666664 12079
10.533550555555554 13107
8.449091666666666 16051
9.905189791666668 17095
7.65078666666667 19027
7.097375 20165
10.226136666666674 29201
4.197724444444443 35007
7.036583333333332 38013
4.461333333333332 38037
9.702601666666677 39139
10.613548809523806 45077
7.528175555555557 48131
7.42259857142857 48225
7.401014444444444 54071
7.7069922222222225 54093
8.215961893939381 12053
4.867143333333334 31017
8.703009357249615 36119
8.727870476190484 54057
17.78128613908871 6077
9.47532761904761 1033
8.76427111111111 12125
11.58907409090909 13021
10.39594666666666 18183
9.748035333333329 21099
6.786896904761906 26033
5.235704999999999 27011
3.840663333333332 35003
5.696413333333333 38045
6.1623383333333335 40055
7.941257848699762 44007
8.606937866666671 5045
8.938065833333331 53037
7.585228000000002 55095
12.821859846153849 1101
7.99058340163935 12103
9.825290000000004 21229
7.7229825000000005 22127
7.333974999999996 27065
6.908660000000002 30007
7.056751666666663 32510
4.935093500000002 38055
5.857895555555557 40151
10.662469047619046 45069
6.4001 48011
6.813783333333336 48195
3.8427333333333333 49017
4.898799523809525 50015
8.235217499999997 51163
11.063719428571428 55059
4.121613333333334 16007
9.73402111111111 16061
10.52637515151516 17081
6.866273333333331 20167
9.643925000000001 21077
7.426327275132286 22051
8.907406666666668 28041
5.435073333333334 30009
7.59905 31167
6.265551111111112 35015
4.711336666666673 4007
10.823467575757576 47145
6.3663333333333325 48017
6.787620666666667 48271
8.85719569892473 51740
12.987829513888853 6095
10.160063333333333 17003
10.468353333333333 18151
8.180907499999996 19101
6.448304166666665 20205
9.886040000000001 21113
9.10353166666667 21181
9.303239166666673 28031
8.569059166666667 33005
5.773613333333333 40129
5.938736666666666 48345
6.314907999999999 48353
10.117983958333337 51143
4.1650993174603155 56021
7.218620740740737 12027
9.77962944444445 17083
10.154869999999997 17129
10.83342909722223 17143
7.271980000000007 20045
10.290240370370373 21179
10.79114715151515 24027
7.89585633333333 27025
7.208889540229884 27145
9.379209166666666 28105
9.07912555555556 29017
7.282829166666669 29119
5.874015 35023
9.198237333333337 37173
6.224048333333333 38069
9.960853333333331 39091
4.676034999999998 46065
8.219084166666669 47039
5.974026666666666 48101
6.701007619047621 48233
8.27684666666667 48287
8.379078730158735 48361
8.085814999999997 50003
8.48104333333333 50021
10.477808888888886 12013
9.855655972222216 21227
6.686820555555554 26141
9.22230083333333 28011
6.401327777777777 29039
7.169703809523806 31079
6.720266666666666 40057
10.438313000000003 42031
9.537438888888884 42053
6.196243333333333 48033
6.171556666666669 48207
7.413204166666661 5089
8.578818333333329 5121
8.856019523809522 55137
2.9678300000000006 56017
4.066579166666665 8007
8.303156292538729 2170
10.395221111111116 17065
10.457356091954013 17091
10.121030555555551 17125
7.47773833333333 19063
7.266308431372551 23017
9.524351578947366 24015
5.694096666666668 46111
5.040344666666667 49007
8.140683666666671 51001
2.3863769999999986 56009
8.550041875000005 12057
15.059230533333317 16055
7.995076666666669 16087
7.009677500000001 19137
9.130149333333335 19139
7.021313333333335 20113
8.51399916666667 21205
9.026054444444446 24019
7.999758850574711 29019
7.354594000000002 29147
7.375051111111111 31025
6.408363333333333 38063
10.033893333333335 39059
6.526374545454543 40071
7.444470000000001 48289
8.305838666666665 51077
7.819676666666665 51157
9.034863333333336 54105
8.691154166666665 55061
8.50070142857143 55097
25.84818935897439 6107
12.377944400000006 13063
7.323504444444448 19077
7.367688235294115 22087
7.548359047619049 26129
7.192441666666668 27005
8.947110416666666 28073
7.763957600000005 29021
8.768534523809523 47053
5.402309333333332 50011
8.774291666666667 51023
11.396636666666664 12063
11.275412666666663 13119
12.015365111111114 13297
10.374887500000003 18121
8.19022444444444 19171
7.600456666666667 20093
8.169344444444446 22041
6.633090000000001 26031
7.773782222222217 31039
5.514586666666668 31049
5.692722500000003 31089
10.18330190476191 39137
8.251861333333334 48051
9.889422456140364 48157
3.3293233333333325 49009
7.300774285714285 5009
8.14444 51045
8.303156292538729 2158
12.166423333333338 13061
9.987144 18119
7.749779047619048 19015
6.781323333333334 20195
6.2845949999999995 20207
8.215797222222228 25011
7.5427138095238115 29001
6.998043333333331 31129
8.993786666666665 47027
6.496503333333333 48165
7.332873333333335 48499
8.524197777777779 51830
12.264218891891897 53005
3.3070399999999998 8079
10.058565925925922 1079
12.415356111111116 1087
12.198403666666675 13071
10.727016666666668 17147
7.475048888888887 19135
7.395283682795705 20173
8.67120588888889 24017
7.007234666666668 26119
7.2318333333333324 31035
8.40651902222222 36001
9.791779112081501 4013
7.163862000000001 42117
7.364876099773238 8005
9.721391777777782 18005
9.490729166666664 21081
6.902540606060609 26041
9.251192012578617 26139
10.635797261904768 47009
8.681039999999998 47097
9.693240000000001 51169
10.85648571428571 1039
7.5997823333333345 12035
11.079495833333336 13011
10.29793233333334 16069
9.41251333333333 18161
7.635974166666668 19041
5.712871818181822 40019
5.088438888888888 4011
8.378350476190475 47109
7.293940394736846 48085
8.102090000000006 48185
6.201218333333338 48319
6.006478888888888 48495
3.338644999999999 8051
3.9643458333333337 8113
12.368120000000001 1109
11.775301666666662 13013
7.3668033333333325 16047
10.622426666666664 18101
7.72360366666666 22061
5.657518333333331 26083
8.632452525252528 27109
7.125547777777778 29033
7.259391666666665 29079
7.763421999999999 29131
4.570079999999999 31069
9.353061666666662 47035
7.853159133333324 49057
11.63235466666667 53051
8.299929444444443 54109
9.87247 12047
13.062361481481481 13095
11.851017777777777 13235
10.048617333333342 13251
7.205633333333333 16067
7.409813555555555 19049
6.14155 20033
7.828103030303023 22019
8.055476250000002 27147
5.301049259259259 4009
9.909472000000003 42119
10.045632070393356 47037
8.552337435897435 47167
6.439354385964917 48441
8.375137450980391 54081
3.988691666666666 8023
10.965464444444443 17033
5.3468868333333335 27173
6.74487333333333 29013
10.485809047619052 37065
11.027052716049377 37085
9.427564285714285 37149
5.218223333333332 46091
7.573905833333333 5081
8.105686666666667 5135
11.86622733333333 13017
10.153689333333338 13123
10.575021333333332 17193
7.1134761904761925 20057
6.435669999999999 20127
7.5362375 23023
5.601386333333335 27081
8.228791228070174 36113
8.868722380952388 37049
12.003198611111111 41053
10.345028333333335 45001
4.627346666666667 46031
10.156139166666666 47173
7.855437333333335 48373
7.3567166666666655 54101
5.415528888888889 6027
8.303156292538729 2068
8.1825575 19107
7.8508133333333365 19189
9.30366958333333 21235
7.211053333333336 26135
7.365766000000008 27021
7.267662222222225 29081
10.756151851851852 37127
4.8269145555555575 46037
8.97283083333333 47045
10.62141166666666 47063
7.983085952380944 48291
8.345905833333328 51065
10.776656060606069 6041
3.630993333333332 8027
5.6770000000000005 8115
8.303156292538729 2130
7.857975925925928 22069
7.547872083333332 26105
8.898142222222221 28145
7.52987888888889 29067
10.154022222222215 42055
7.986564444444448 54097
5.548942224358977 6087
10.288373333333332 17021
10.537514545454547 17141
10.589414861111123 18003
8.059396666666668 22037
7.089231428571427 29107
6.950054999999997 36073
5.708924999999999 38103
8.839784166666673 42025
10.359476666666668 45067
9.57528730769231 54107
6.150309416419372 12099
9.555093333333332 13191
6.498850666666667 20011
9.674350000000002 21139
6.556030000000001 26053
8.88602 28055
12.301707333333333 30053
3.194561666666667 46033
4.480016666666668 46041
3.970693333333334 46095
7.546890000000002 48067
6.2532541666666654 48093
7.6104756666666615 48349
11.001889230769228 13295
10.267093333333339 18171
6.738945 27125
4.428533333333333 35059
5.723425333333335 40141
6.558240000000001 46009
4.829203666666667 46025
5.9559 48211
8.785499999999992 5075
4.1091500000000005 8103
8.303156292538729 2150
11.681704 13145
10.055758095238096 18179
7.509286666666665 19143
7.091174444444447 19173
6.300028888888889 20031
9.557164166666665 21079
7.1904856666666666 27119
7.59539066666667 29121
10.020262500000007 39173
7.66274818181818 42089
10.821122432432443 45045
9.750824074074078 47025
9.770566904761907 51089
8.342742666666663 51099
8.128512500000003 54089
7.045139999999999 6091
11.065728888888891 13209
5.086256666666667 16025
10.492580000000004 17155
7.103304166666666 20009
6.731244999999999 20191
10.874053750000007 21163
8.968897543859642 21195
8.695317499999998 28149
6.87331888888889 29083
7.338785416666666 29195
10.519957435897432 37077
9.08570888888889 39001
6.72209933333333 48221
7.716712916666669 48293
5.2583267619047644 50007
12.466539791666666 53025
12.082501388888891 1001
10.725942380952377 13233
12.092348333333327 13307
10.285247666666667 17011
10.987030797720752 18089
10.923908571428576 18129
5.234260000000003 30087
9.132067037037029 37089
9.04788757575757 37129
5.36152 38043
10.068996349206353 39157
11.882626134259278 42045
7.385574848484848 48397
9.18973396226415 54039
8.441295537918869 9009
7.129341622418874 12127
9.714806666666668 17151
10.520455333333338 18165
6.705008333333331 20179
7.670536333333328 22105
10.028090480620156 24031
6.506096666666666 31163
6.228052222222222 40003
5.162742666666667 46081
6.371708333333332 48075
8.857124482758627 48187
7.725220512820513 48401
5.0297616666666665 49023
8.345145333333337 55053
7.2384740000000045 6057
8.9236325 12003
11.129603999999995 17101
10.054236666666666 17153
7.124891666666671 20079
7.800293333333334 22059
6.951955555555551 26137
6.218213999999997 36099
7.597668126293961 36103
10.552012424242431 37045
6.931511666666667 40089
7.104400000000004 41013
8.627676000000001 47033
10.626086190476187 47123
7.24347 48031
7.761798400000001 48183
7.721233333333335 5025
8.904821481481486 51161
8.453053999999998 53013
10.08232861111111 53065
11.435791380471398 55079
9.743544871794862 55117
8.999087833333327 6045
9.84386294573643 12005
10.1628741025641 17177
9.355894814814812 24011
5.583654444444445 40085
10.475657916666666 42121
7.093367745098039 48375
8.331216363636367 51003
9.610413055555558 51031
6.178966666666668 6003
11.068942619047615 1049
11.937773000000009 1123
5.482346666666667 16037
9.282784444444449 17133
8.035983333333336 19157
7.095723333333334 20203
8.268270416666667 22067
6.690745333333333 26071
6.6150133333333345 31065
6.646538571428569 36025
10.113177936507924 39109
9.004116933333327 4021
9.68868308943089 41029
11.04443686666667 42129
6.121366666666666 48433
3.2652153333333334 56035
8.303156292538729 2122
11.057710555555547 13139
10.144506666666667 17189
9.450106333333322 18059
9.904493333333333 18079
11.221084242424247 21101
9.922130980392158 21145
8.652072499999996 29127
7.903125000000001 29151
7.074740740740743 40041
10.497076666666667 13085
9.551358333333333 18013
10.209456333333343 18093
7.144897777777778 20169
9.691781333333331 21031
7.278005202020195 27137
2.8693853333333332 31165
5.80416307692308 36031
6.890478148148148 37055
11.152171056910571 37179
5.790260000000001 48447
4.613483999999999 49039
8.10054095238096 5125
