7.8441693333333316 17039
8.716942083333333 18135
6.576873333333333 20013
8.013998888888894 26023
5.8744912121212085 26035
6.672844509803921 26155
5.996025185185186 31001
4.1921333333333335 32029
7.4763739814814905 37001
8.612685666666668 39159
4.12431 46063
8.369689824561402 47011
8.049182051282047 47073
7.458445555555557 51009
8.536360909090911 13047
9.079740000000003 13249
8.000231111111107 17157
7.342581428571427 22093
7.821466666666666 28133
5.107690000000001 31063
5.444405555555557 38057
9.17064740740741 39161
6.754961666666667 40033
7.807809166666667 47049
6.824748994960651 2275
4.131233333333333 16045
7.81525685185185 17001
9.294952982456136 18085
7.772210476190475 21133
7.9521133333333305 21219
7.959319999999997 29207
5.953185151515156 36117
7.376748333333335 37121
6.013743333333334 48173
6.2880005555555565 55135
3.906058666666667 16039
7.457761666666669 17175
7.482231403508779 24045
6.854494444444446 28091
6.551473333333335 29227
4.85618 31135
7.234866527777769 34033
6.554942028985502 34041
5.279435882352938 36077
5.6610015942028955 36109
4.544276588235297 41071
8.802542286821708 48061
7.219642666666665 48265
6.413264166666666 48399
8.03302777777778 12065
6.457569122807013 12119
8.62371205128205 13217
7.8754513333333325 21207
7.5671738095238075 22011
6.927144166666673 22113
7.380811666666668 28015
4.0356499999999995 30055
5.405186547619044 36089
6.716802222222222 37103
8.123313333333336 39127
6.232235185185181 42035
5.583603645833338 9003
7.227744999999994 10001
8.691453555555558 13015
8.95676644444446 13067
7.023512857142857 13179
7.996494418604656 17019
7.834825833333337 17107
8.787906249999995 18023
7.950764444444443 21137
8.093721111111112 21187
7.500781666666667 29167
5.3200199999999995 31071
5.161511111111111 31145
4.718426666666668 38025
5.029113333333333 46117
7.543654509803928 47019
7.733154166666669 48255
6.094426666666667 48383
8.01178583333334 5017
6.16259545454545 6069
6.824748994960651 2070
7.584416111111109 13279
7.60574111111111 13281
8.306035555555551 21115
7.159398333333333 22039
7.583567333333334 28101
7.541716666666668 37115
6.219880833333335 46035
5.05468 46123
4.795398999999999 8067
6.089885833333335 27035
5.632351666666666 27115
7.217412008546995 31055
7.230995333333334 45055
7.068285833333334 54075
6.824748994960651 2110
8.940283333333335 13197
8.243337999999998 18045
6.331071666666669 20117
7.85154133333333 21175
6.237089230769223 26157
7.15540533333334 27047
7.362420000000001 28097
3.609244833333334 30081
4.271772999999995 32023
8.17113755555556 37159
8.149761555555559 39009
7.184098921568632 42013
7.072648888888889 46127
7.419589999999992 47113
5.896856190476187 48219
7.578033333333334 51685
4.282032222222222 8019
8.678936190476186 13285
6.420158484848488 22117
5.688058333333333 27167
4.060326666666667 30025
7.361271729055237 37183
7.594575555555555 40099
4.66801 46055
7.993373589743595 48347
8.526091515151519 5115
7.325331666666665 54065
4.454113333333334 8047
8.167400666666664 17045
7.881662666666668 21045
5.735584761904762 26009
6.721083333333334 29129
6.620658888888888 48083
7.690919166666664 51520
4.630287512345683 53035
5.9096852941176365 8013
3.8637766666666673 16071
7.883123333333333 21105
7.619244444444444 29011
3.550779999999999 30107
8.057729444444444 39029
7.588332777777778 40091
7.346868888888887 42057
8.010192222222223 47007
5.5560566666666675 48045
5.576702666666671 50017
4.083196666666667 56027
6.734092227891143 6075
8.566265166666673 13113
7.836305000000001 13165
8.995023333333332 13259
8.448804074074072 18055
6.2113056666666715 23031
8.158370833333333 29181
7.462186666666666 29205
6.417275538461545 36087
8.129508095238094 37059
8.03363777777778 45037
5.887553333333334 46003
7.649013842592608 48245
8.082637777777775 54035
3.904602222222222 56041
8.64655388888889 13169
7.261741666666669 19055
5.541692083333335 23027
7.797511923076904 24003
7.647636666666669 28125
7.47842777777778 29137
3.445422222222223 30067
5.31027208333333 36095
7.461656111111113 37033
8.198159139784945 37035
8.123755799086743 39093
8.098527142857138 48249
7.395812857142859 51149
7.286273333333333 51640
4.586044047619051 8043
7.825996666666668 13141
8.055824166666666 13221
9.630385454545452 13275
8.465479999999998 17047
6.301932499999999 20115
7.675908333333327 21069
5.626422222222222 26101
6.267432083333336 27097
7.378405238095241 28003
7.349563333333331 29085
3.865577333333333 30003
7.179015968992245 31153
6.669879090909093 37061
8.208144000000003 40023
5.705720000000001 46069
3.939767222222222 49047
5.67638566666667 50019
3.6683960416666688 6089
8.782832222222224 13263
5.371658000000003 26097
7.829730303030302 28033
7.523317333333331 29053
6.860551333333334 29117
6.481426666666665 37143
7.526671388888885 42051
8.260660666666663 47107
8.203329999999998 47165
6.164062619047623 48135
7.434233095238105 51069
7.814541111111109 1075
8.716925 13287
5.0229612500000025 23021
5.044532916666668 31111
9.082755277777778 39037
8.850249399399411 39061
7.684512222222227 47029
6.659174444444444 48429
7.27422666666667 51061
4.135264629629629 56025
9.072125268579834 6065
6.44108333333333 12075
8.349550000000004 13143
8.586163599999999 21037
8.10501 21061
8.106905555555556 21141
6.590632063492064 22109
8.819134623115627 29189
6.870494666666668 37131
8.079847500000001 39111
6.637837500000001 40073
7.237980000000002 48127
8.225143333333333 5073
3.9032613333333304 53001
7.310758333333336 55049
8.454590555555558 13195
8.227596666666663 13227
4.149765555555557 16079
8.173546666666665 17059
6.698004444444447 19121
7.781991111111107 21129
7.964144523809524 21199
6.059951851851853 27041
6.157973333333335 31059
4.60547606060606 31157
4.979166874999999 35035
5.028518333333333 38099
5.61375 48421
7.416784999999999 51005
8.469569444444446 5113
6.488868750000006 12001
7.442551999999999 13001
7.893552156862758 17097
8.616374166666665 17185
6.74054138888889 19181
7.336813333333331 24039
6.786188529411782 25025
7.1063416666666654 27157
7.763750952380951 29009
8.960684937106915 29510
7.953723857142863 39099
4.497517826086958 46103
6.6842999999999995 48137
8.083673333333333 5027
3.8552319861111117 53015
5.987859444444444 55075
8.574397999999999 18011
9.415494074074067 39107
7.989310999999998 48021
5.606593333333334 48087
8.183562941176472 5031
8.478330049019588 12073
7.836057333333332 17149
8.540560170940172 18057
7.939938518518521 21013
8.56713910569106 21117
6.735978550724638 22057
3.739869999999999 30069
4.7644866666666665 31113
4.639596666666666 35019
5.154635897435901 38101
6.660823703703703 45029
8.21915666666667 47057
7.0053746296296255 55089
3.644691047619049 6063
5.315449153846144 8041
8.875606666666664 13099
8.17121 17027
7.237599523809524 19065
7.148570833333333 19147
5.562636666666667 20141
5.963979029535866 36071
7.171430856269118 36085
5.213756666666667 38029
7.795665862068974 39085
7.252830555555554 40087
6.722306666666669 40117
6.805355416666666 42097
5.630387037037037 50027
8.165037500000006 13213
8.697005833333334 18159
6.905716666666664 20003
7.200318456790099 26099
3.5737233333333336 30097
8.370428571428569 39047
5.725511333333329 40139
5.7245552380952365 42015
7.864366000000002 47059
7.206985555555551 47069
6.785227083333331 55093
6.824748994960651 15005
8.51025 1011
8.51177022222223 13059
8.629004666666667 17093
5.444828627450982 23025
3.939915757575763 30013
6.649574444444445 40047
7.00480666666667 45049
8.514991398809526 47093
7.5133046666666665 48057
7.636137999999999 51107
7.987647777777781 54085
7.262420000000001 1023
7.5911309090909125 24035
5.87516722222222 26133
7.380274166666667 54055
8.60994222222221 13129
7.916531111111108 17103
8.437783333333334 17159
8.521472539682543 18063
7.307576754385967 19013
7.201029999999997 19093
5.841151176470585 27111
7.7325739215686236 37027
5.143071666666668 38085
8.683498611111117 39135
7.760282666666665 48089
7.269567777777776 48193
6.824748994960651 2220
8.301841666666665 17023
7.3456955555555545 19149
7.045317222222225 27043
6.999166190476194 27085
6.365787777777777 31095
8.23871740740741 39071
8.330790333333333 39145
5.9756983333333356 42023
6.502599333333336 46135
7.697514999999998 48321
7.145515000000002 51007
5.150506307692317 53011
7.283795155038755 55133
3.983638888888889 6051
4.553503468013477 6097
4.76272 8061
9.032151481481478 18039
8.949953333333337 18067
7.010846 19059
5.327025 20065
5.6416233333333325 20119
7.768076993769441 24005
5.8305061904761875 27017
7.17092619047619 27103
3.905289999999999 32019
4.723983333333333 38001
9.034371010100998 39003
8.557124761904765 39053
7.230169166666669 40107
6.016096666666667 46073
3.832506666666666 49041
4.463808098958319 49049
7.302145555555551 51036
7.814781666666666 54017
7.7102907894736825 55105
8.906955251141548 1089
9.340435000000008 13273
8.008868000000001 17061
6.307698333333331 20197
8.257528153846168 37071
6.033969523809524 46029
8.101606666666667 47127
8.402633095238098 48041
7.726138888888892 48285
6.755405555555557 48307
8.54682533333333 5019
3.8415366190476194 53031
7.560581428571429 54067
8.977053111111116 18141
8.193802380952382 21085
8.342060833333337 21215
7.088239444444442 27105
7.961740666666665 29219
3.883525555555556 30089
5.452697894736842 33009
6.882101666666668 37137
4.826906666666668 38095
8.288273020833337 39089
7.512566842105266 42005
8.122251190476193 47147
8.281117272727279 48217
8.163574232209736 48491
8.099039999999995 5129
8.217866 5141
9.06303666666667 13037
4.335177777777779 30085
4.781793333333335 31009
6.622431666666667 31139
5.658828666666665 36123
7.711092184873953 37081
4.815290416666666 38089
8.019697499999996 40061
3.5708996250000014 41061
6.4176371111111115 42037
4.510900000000001 46121
6.693061666666666 46125
7.852811851851849 47021
7.761445 47087
8.239462083333331 48097
8.633108421052624 48231
5.985956666666667 48431
8.657809770114937 54011
7.834895333333332 54103
6.824748994960651 2185
6.604410666666669 12041
6.157629042553196 12115
6.749537777777777 19009
5.009436666666667 20153
5.5285616666666675 31175
5.8525049122807005 36011
7.616643333333342 37193
4.668120000000003 38105
7.561941818181809 54033
4.721946296296296 6005
8.744474102564102 1115
7.564287222222216 17085
6.354398749999996 20111
7.627808333333336 21197
7.022984166666663 27033
5.388021818181818 27061
6.9461313333333345 27117
6.864614444444442 27129
7.527036666666668 28019
7.196492666666668 28039
7.50932333333333 28103
8.252910555555546 37109
7.086271827956999 37155
8.179009696969691 39005
8.498877196969707 39023
7.118591111111112 48237
8.132915438596497 48367
3.8464487179487152 49043
7.188423333333333 54031
4.862491904761905 56005
8.166648787878788 1077
6.640076940298508 12101
7.161599295774654 13051
8.584670999999995 18029
8.529515333333338 18153
5.022163333333333 20199
7.12147708333334 24047
7.64029296296296 28095
7.6137224691358 28121
7.36197502008031 34017
7.0376275000000055 37069
5.3827201754386005 38015
8.168261666666668 40095
7.870487777777774 47015
7.848962444444442 47141
7.369745925925929 51083
8.391312222222222 5117
3.9983764705882328 6007
9.176579333333336 13053
7.258556249999998 19017
6.337356666666667 20049
7.986557999999999 22027
7.077258888888892 22125
7.051106666666668 27015
6.05800222222222 27159
7.119018627450978 27171
6.900226666666669 28077
7.609166190476191 28099
7.168137777777777 29041
3.8853216666666675 30005
7.206017037037044 37125
8.136609298245611 39119
6.826779166666662 45027
8.121730000000001 48477
7.426692954545469 55101
6.7398608602150505 6025
8.078553333333334 1041
7.86399933333333 1047
8.057750222222227 17199
7.156263636363636 22079
7.695669999999998 28081
7.7944044444444485 29125
5.774935222450388 32003
6.322564888888885 37141
6.984224722222226 42087
7.608511970486096 42101
5.6071277777777775 48357
7.108367499999999 51135
5.579741944444444 55031
8.760671111111108 1051
6.623915802469142 12017
7.949785000000001 17069
5.496986666666669 20163
6.414921666666667 31097
5.98902646464647 35045
6.069818333333331 40149
7.909879090909094 48481
6.824748994960651 2100
8.80178666666667 1055
8.601417851851853 13117
8.223171666666664 13155
8.754529999999997 18111
7.272010277777784 19187
4.9474473333333355 27135
4.36094 30019
6.556133333333334 37029
7.0703779487179395 37189
4.885339999999999 38027
7.783489999999999 47155
7.880309773755648 47157
5.950313333333333 48151
5.665751428571432 48179
6.180166666666667 48235
7.059315000000001 48333
7.755977777777779 48405
6.865224999999998 51093
7.2342683333333335 51197
4.2325550000000005 8055
7.754508888888894 13271
7.912150555555556 17173
7.797569666666672 17179
8.968799333333333 18113
7.632485726495725 26115
6.726299166666668 37079
7.069553000000003 37181
8.374401481481483 39027
6.203828888888887 40093
5.356973333333333 46129
4.6839466666666665 48229
4.753504039215677 6061
7.993643985102393 11001
5.995738235294124 12107
7.610605583333343 17161
8.451885666666662 18145
6.668772975517882 22071
6.824811190476199 26121
4.667260000000001 35011
6.15596166666666 35025
7.301019999999998 46115
6.14270148148148 55073
6.824748994960651 2230
6.237719999999999 20201
7.2401384848484875 22099
4.758428888888889 27075
5.3854644444444455 27107
6.462655555555557 28005
4.382670000000002 31091
6.521251561771574 34025
4.494930000000002 35027
7.626127878787886 37171
8.392041388888886 40079
7.507227500000001 47171
8.196090937500001 5143
8.946392948717945 18019
5.520726666666666 20101
7.669123999999998 22121
7.1788681818181805 27099
3.6390166666666675 30037
4.350593333333333 31005
6.0918333333333345 31169
4.32823782738095 32031
6.504076666666669 45089
6.393986666666667 48413
8.509192222222223 5127
4.472658424418604 53053
7.136095209380242 6019
3.4836583333333313 6093
8.67261376811595 13153
8.811799166666672 18087
6.8318299999999965 19129
8.45916703703704 21089
7.147883333333334 51049
4.506858333333333 8073
6.352431666666663 20161
7.910128888888888 21007
8.16752083333333 21123
7.759475476190478 28087
6.649162107843136 34035
4.906399166666668 35028
7.255904444444445 51125
7.106818333333334 51595
7.85083055555556 54069
7.260353733333333 12113
8.2254975 13315
8.20742666666666 21005
8.291885555555552 21041
7.369555000000001 28009
6.973634215686273 34011
4.275548888888887 35055
8.536961794871791 39063
4.270711666666667 46007
7.654880000000001 48311
8.266264666666668 5011
6.9909069047619035 51199
5.124350952380954 55003
7.080845555555556 13183
8.640567111111112 13247
8.006389333333335 17041
7.636161388888887 17057
5.890834444444442 26051
6.889732592592596 31053
5.618549696969696 33003
4.782269166666667 36041
7.9976861904761956 37003
8.930695083333351 39017
7.445024000000002 47161
8.211628750000003 48091
3.9154825 49051
7.688807777777781 51105
6.88358213333333 55063
6.91156238095238 55123
4.2703000000000015 56045
4.297132083333334 16011
8.225947037037034 17075
7.103163333333328 20125
6.112363636363633 26107
5.789883333333333 31099
5.8242049999999965 36083
7.895603589743593 39077
8.40112333333333 39171
6.90579909090909 40137
7.33922333333333 47083
9.130935633270312 48113
8.10474 48261
8.256523333333332 5065
8.117984444444446 5095
7.033423333333334 51091
3.7435833333333335 6011
4.727603333333332 8095
8.530194444444447 18025
6.482250606060603 20035
8.102611944444448 21107
7.80831722222222 29055
5.851525111111112 33001
9.191261212121214 39011
7.520148495238104 40143
5.662938333333335 48065
5.900557407407406 48189
6.795575999999996 51175
7.943017333333331 1107
5.6680108333333346 12043
8.195149259259262 13009
8.550684552845512 17089
7.225206666666668 19025
7.813848888888886 21051
4.174640000000001 30021
3.542001666666666 30077
6.6235919999999995 31131
5.048064000000001 38067
3.3028433333333336 41023
8.557398333333332 48315
7.8945550000000075 5107
7.187978333333333 51159
5.194073333333333 55037
6.776866296296301 8014
7.729144444444447 13161
9.030211666666666 13193
6.577484000000002 19029
8.352266666666662 21027
7.069274166666664 27143
7.946231929824565 28151
6.546170666666667 29005
6.160646666666668 31003
6.035300243902432 34037
6.866964929577472 42049
7.240573333333337 45005
7.754359666666668 47131
7.503803172690753 51153
7.895644999999999 54013
10.07139951628966 6037
6.37142899371069 6079
8.402643333333332 13075
8.325255000000002 13289
8.181747666666677 17063
5.39175 20187
7.383143015873018 27139
6.2855766666666675 27151
7.247804999999999 28023
7.950217708333343 29031
7.056757777777776 29211
4.01886 30051
3.8298683333333337 32007
6.779543333333334 42065
5.612427575757573 44005
7.868548333333335 47175
5.774831111111111 12055
7.470545555555557 13005
8.766338000000001 13207
9.213411666666667 13261
8.064784999999999 17013
7.325143888888892 19083
7.155436 22043
5.360155185185186 23007
6.15308833333333 27153
7.4408993333333315 28051
6.915604999999999 29171
7.9017262499999985 29225
4.991200000000001 31087
7.199768518518515 37093
7.719377692307701 37167
5.683066666666666 42105
8.32162619047619 48161
7.262510666666664 51145
6.670634999999998 51620
3.795563333333334 8057
4.169881666666665 16031
7.82376403846154 17111
7.648505 17131
8.934093815789481 17197
8.702859459459473 18157
7.21264111111111 22107
6.443071515151517 26123
7.175995833333335 27013
5.231956666666666 27087
7.595657499999996 28083
7.481932222222224 37075
5.812251616161611 38017
5.028051111111112 4012
3.82288 49029
7.8235783333333355 54009
4.749174444444447 8063
8.989936666666663 18043
7.781802222222223 19115
5.170418333333332 20039
8.444511515151527 21093
7.018572444444435 22045
5.250853333333334 25019
7.5702247619047665 29007
6.517891666666668 31127
6.3541300000000005 31133
6.476663066666681 34027
5.254045000000001 35057
4.847684999999998 38005
4.99227 38039
7.249364666666664 47085
8.379142499999999 48313
5.860604999999999 50013
5.79673766666667 55119
4.04604095238095 8029
7.540376111111113 1065
8.726655000000008 1069
5.414294952380955 12085
7.868285333333332 13303
3.4809433333333333 16033
3.251804 16085
7.566537333333327 17123
7.731417500000003 21065
7.350767777777777 29175
7.585576666666664 37039
8.152796458333334 39167
6.744756666666678 42107
5.3654166666666665 46089
7.920552500000003 47061
7.602816060606057 47183
7.503396666666668 48163
3.9158649999999997 49021
3.719386666666667 49033
9.012543824561401 5119
3.510129333333333 53069
5.034997999999997 55007
6.824748994960651 2020
8.553247222222224 18117
7.54641166666667 19103
5.793568333333332 20069
7.568424871794857 20091
7.720822063492051 28089
8.196968558558558 37025
6.727575268817198 37133
4.918924285714286 41043
5.845181666666666 42113
8.282908888888889 5099
5.2921516666666655 55099
6.767217500000001 55121
4.339452790697679 6017
3.2463393333333346 6105
6.824748994960651 2060
7.1435690476190485 13029
8.236183809523814 18041
5.2899866666666675 20075
7.463543333333333 28155
5.160818181818183 33007
5.389316666666665 38059
3.7832166666666667 41045
7.671950000000002 48005
6.4903699999999995 48095
5.054008333333334 48111
5.590633333333333 48263
8.424373333333333 5097
4.758698095238087 53063
8.5614835 13077
7.894093666666665 17137
9.035468750000007 18073
7.447790000000002 19095
7.940411666666666 21063
4.0218333333333325 32009
5.666162666666664 36107
6.421011111111113 37041
8.502239629629619 39101
5.281060000000001 46021
7.738698787878787 47099
6.61165305343514 26049
7.485756000000003 28043
4.167493333333334 31161
3.5106033333333335 32015
6.289848761904768 36013
8.270267380952385 39045
7.988594666666676 39133
6.730045 46077
7.783189999999999 51600
7.437128333333343 55055
3.8923433333333333 56043
3.3925799999999997 16023
7.855616666666666 21143
7.556534666666661 29141
7.518803166666666 29165
3.6163599999999994 30043
7.306851666666671 37007
7.427221785714283 37135
7.594041111111108 37157
8.15555857142857 39073
6.343190000000001 46049
8.46773733333334 48471
8.464048666666663 5057
7.104347777777775 51081
7.009014666666667 51183
6.27922485576924 6013
4.1936847619047635 6015
4.643536749999996 6055
8.765825555555558 1067
7.356754999999998 1119
6.5446766666666685 19159
7.961144666666666 21217
7.3104325 22115
7.15567566666666 45075
9.012664598540159 48121
7.630006666666668 48351
7.212927999999999 48463
7.7885826666666675 5015
4.238506666666667 8111
8.334771111111111 1127
7.362312666666668 1129
6.014120438596486 12015
7.677763333333333 13283
3.5791835999999972 16049
4.562900666666666 16053
8.50164 18007
7.614569722222218 19045
7.843153333333335 21075
5.675422962962966 23015
7.9563072549019696 29071
5.490226133333334 35049
7.9458150000000005 39013
8.65607145833332 39087
7.204569166666665 40105
3.4413744444444427 41007
7.72254333333333 47119
3.338572952380952 53045
5.511303441176473 53073
7.179365333333333 54027
4.077451666666667 56011
3.9448753333333353 8117
8.255414000000002 13073
9.21942190476191 13087
8.886450000000007 13225
6.735374444444445 20043
7.996431333333336 21097
6.88631352941176 22063
5.187392222222223 26003
6.83153111111111 28021
7.903753055555559 29145
3.758596060606065 30031
7.5620273333333365 40035
7.842070434782618 47179
8.110975000000003 48055
8.522256666666667 48063
7.607633636363638 48199
7.425814761904758 51167
7.920026666666666 54095
7.379724722222229 55043
4.281193809523811 6101
6.280566000000006 12019
8.474951111111109 13219
7.677412222222223 17169
6.4682377777777775 20131
7.786581666666663 21057
7.645603333333332 28053
7.493033333333333 29217
8.17039666666667 47089
7.959815714285712 48331
8.540680416666667 48449
8.154116666666663 5137
7.526741884057971 51770
7.428565512820507 10003
7.266624444444444 19043
8.568768888888894 21149
7.611363999999997 22065
6.092321904761904 26109
4.774700000000001 31101
6.447196224611703 36059
7.246281111111111 37005
7.41793933333333 37199
6.66805311827957 42027
5.553347272727271 42115
7.784481176470588 45059
6.46076 48435
3.78708 49001
8.173692962962962 5005
8.815136458333333 5085
7.359045591397859 1003
5.623488938053111 12009
8.518277163120576 13245
8.380752666666663 18047
6.9422725000000005 20087
5.1878166666666665 20109
7.548307971014479 22033
6.267410000000001 22075
7.629475175438603 24013
7.695354808743185 24021
6.142798333333331 26063
7.077513333333333 28131
7.521847878787876 29159
3.513554444444445 30023
3.4974233333333333 30045
4.178423333333332 31045
5.694956891891877 36065
7.471511428571435 37175
4.948163333333333 38083
5.8067049999999965 40009
3.669741666666667 41049
6.3020999999999985 48443
8.14145933333333 5043
7.528660952380956 51683
7.846237777777778 54015
4.068698777777776 6023
8.453145151515152 1121
7.706561481481485 17203
6.681574166666666 19165
3.8636152941176474 32005
5.614175000000001 35009
4.996250000000001 38075
6.101244666666667 40039
4.5488722222222195 4025
4.319624583333332 41033
7.230822222222221 45017
8.589246111111114 47001
5.769402666666667 48279
6.322634166666671 12089
8.61294573333333 13151
4.875560000000001 20023
7.045731693989073 26093
7.660738333333338 29139
5.499257192982456 36043
8.491599583333338 39025
7.354272000000003 45039
6.180071666666666 46039
7.356883333333337 48281
7.078243333333334 51103
7.746170000000001 54021
8.181947407407414 54045
6.47247238095238 55001
3.908405952380952 8037
8.286630992907801 1125
7.597246666666664 12129
7.770876666666664 13167
9.550936666666669 13177
7.6293846666666685 13185
7.642013333333335 13309
3.9293066666666676 16029
6.930612312925166 19153
5.93136 20145
8.643156666666666 21091
7.185853888888887 22001
6.315327567567568 37031
4.291668333333333 38011
6.783552222222221 46027
8.024507777777778 47153
8.551174102564088 48181
7.0612974999999985 51119
7.02888529411765 51650
2.9272178 53047
3.3029415999999996 53059
3.3166606666666665 16003
3.7786777777777774 16073
7.936252380952382 17077
7.594280000000005 29123
6.692375 40103
7.364358695652168 42063
6.323708888888892 46067
7.845881666666668 47067
7.833233333333335 48025
5.56805 48393
7.8282086666666695 48455
3.3590231428571444 53049
7.448534285714287 54025
6.939523484848481 26037
7.207483875739632 26125
4.586575000000001 38053
8.658326666666671 39049
8.053671333333336 39067
8.058636258503416 42071
8.26711272727273 45003
6.005976666666665 46043
3.152126222222222 53019
6.1560804166666685 55019
8.175580833333335 1029
7.605582222222222 1105
7.287374743589744 19193
5.289846666666666 20137
7.962326666666668 21109
8.074711538461534 21125
8.338020000000002 21127
6.225073846153843 26017
3.538473333333333 32027
5.6053548226950385 36111
6.734954444444446 37017
8.294323333333335 39105
5.812442857142857 42131
6.971895858585853 45041
6.862893333333335 48385
6.824576585365861 51550
8.46308666666667 54043
6.36936371794871 12081
6.785308952380976 34023
5.587756444444443 36035
5.661092352941177 36115
5.537166666666668 38097
8.276525 39131
7.4112003703703655 40133
6.9640625 42109
6.475116666666667 46097
6.209158395061729 48329
5.923226296296294 55029
3.836946666666668 56023
3.4765883333333347 6049
5.0130561904761874 8039
5.503235435897439 9011
6.824748994960651 2013
8.214571666666673 1111
7.396854242424243 12131
7.799927222222223 20021
5.82648 20047
7.516330138888889 26005
7.141105555555555 28065
7.446800666666669 29037
7.721300335008397 29095
8.067601025641029 45021
7.3268104166666665 47017
8.065120303030305 48167
7.972852777777781 5037
7.15806666666667 51133
8.968612592592596 1081
7.05514222222222 12045
9.057455555555556 13201
5.581663333333335 20135
7.444212777777773 28093
6.535483333333332 31147
8.422659166666664 39075
7.886448518518524 47177
7.793228333333331 48325
7.14004863425925 8031
4.913909999999999 8099
8.226445555555564 1061
6.068467142857138 27095
6.854620000000001 29025
7.782871999999998 29157
5.073573333333332 31149
4.973355 38049
3.293298333333333 41025
6.571021666666666 46087
6.880546666666667 48077
8.423746274509806 48213
8.615792500000001 5053
5.733018888888887 55067
8.191522000000003 1057
5.889973166666671 12109
4.884731242937851 16001
8.08090638888889 17029
7.072558000000002 19191
6.35819222222222 20095
5.833591666666665 26113
7.572841568627455 28035
6.742861666666667 29063
3.9319333333333333 30075
6.340610000000004 31151
6.257611046511626 33011
7.072262469135804 34039
5.9198883333333185 36067
7.131005555555551 51173
4.671980813008132 6113
7.095994261168394 8001
4.085540666666665 8085
6.824748994960651 15001
8.400553333333333 18115
5.723851666666667 20189
7.704769047619044 20209
6.591298522012564 25017
5.801118974358974 27027
6.71225666666667 28063
7.552076893939389 29047
6.51704416666667 40015
3.683199999999999 41041
8.052093703703703 47003
8.392927499999997 5079
7.641937500000002 55045
5.7313833333333335 55107
8.769742222222218 13081
7.8375346428571415 17099
7.298159999999997 19035
7.891365714285713 21001
8.07771606060606 22119
6.768566666666666 28157
6.740649999999999 29003
3.46108 30039
7.503009999999999 48283
4.630988333333335 48377
7.158235000000001 51097
7.2787975000000005 51101
6.86087 51131
6.936463333333333 51181
6.555687275985666 6085
5.995784417670697 12071
8.834731011494219 13089
7.3099069999999955 13103
8.680522499999999 13199
4.176879166666667 16075
7.331210000000001 19177
7.281894444444447 22077
5.779646666666668 26001
6.964896066666659 27163
6.961241111111109 27165
7.659804166666665 29135
4.041668888888889 30101
7.274978333333329 51193
7.8072449999999955 1093
4.477596666666664 16057
7.625036111111111 17015
9.08242074074075 18069
6.567618333333334 19003
7.212920000000002 19119
7.735781999999996 19183
7.206578333333331 20107
7.690485555555552 21131
5.714511875 26055
4.030853333333336 30017
8.418736666666666 5071
6.352462391304361 8059
5.7976577625570735 12021
8.722454074074074 13277
8.940269999999998 18147
6.087044999999999 20143
5.509443333333333 20183
7.591335833333333 28017
7.590589444444444 28123
6.237823333333335 48487
7.520368666666665 51570
3.913805151515157 8045
7.892823333333333 13033
8.785940000000002 13093
8.296660000000003 17191
7.618217272727273 19057
6.909174166666671 19125
6.238468095238097 26127
7.610729375000006 28049
7.779905555555555 28143
7.8994563636363635 29097
6.354666666666668 31143
7.294836666666666 47101
7.293642222222224 51011
7.203231111111112 51037
7.545910952380951 51670
7.3465333333333325 54091
6.9910433333333355 19073
5.07888 27089
6.423506666666669 31159
6.982558769307422 36081
8.252511190476197 39147
7.003021111111111 40067
7.096011666666665 45025
8.243896060606057 47013
5.72343777777778 48069
3.7199183333333328 53043
8.01039777777777 17121
6.646503333333332 20139
8.867143072916672 22017
6.47068495884774 25009
7.405105000000002 28139
7.35171758530185 34007
5.907236440677965 42069
8.395673333333331 47121
8.31571511111111 48427
8.665575555555552 5061
4.933808333333335 53055
3.3571641666666667 16013
7.573105128205128 17073
7.7784179999999985 21231
7.526208 28057
3.527556666666667 32011
5.083815555555554 35029
8.820436666666664 39125
6.937645714285716 55131
7.399500000000003 1053
7.044049999999997 13229
3.4289333333333345 16059
7.387077777777779 19069
7.795455833333341 26059
4.382757333333332 31007
7.920123333333335 40021
5.711258333333333 40059
7.253775999999997 47005
7.740421666666666 48175
8.562362380952374 48203
8.581417619047615 48251
3.6807966666666654 56019
6.824748994960651 15003
7.888429999999996 17171
8.942208571428575 18037
6.14361 20017
6.462749999999999 20077
7.990619523809522 21021
6.764793333333333 29061
4.93991 31085
5.748763541666665 36057
8.043656666666662 40001
5.097299999999999 48359
7.644033333333333 48403
6.978669999999998 51073
7.478756666666664 51820
7.710720750551875 6029
9.489535121951215 6071
9.09033733333333 18103
9.048015578231299 18163
7.115491333333337 20133
8.317088666666665 21103
7.9502700000000015 21191
8.023954999999996 21203
7.567366000000001 28137
7.925111666666666 29155
7.64684 29173
4.822196222222219 35039
8.355762072072077 39103
4.512409230769229 41011
7.7287680952381015 47133
8.184913333333334 48047
5.4776425000000035 48371
7.408604000000002 48457
7.290686666666665 51079
7.302067777777776 51127
8.687552962962968 1017
8.546425555555556 13159
8.59734055555555 18175
5.732792222222222 20051
5.535033333333333 20171
7.124115884773658 26065
5.733133666666663 26143
3.89214125 30047
6.7125303703703665 31119
6.736350386473427 34001
7.087511904761904 45061
5.916505 48335
5.57387111111111 48475
7.299405407407418 19113
5.798745238095237 27057
6.579948888888891 28147
7.75757454545455 29187
5.5466462666666665 36045
5.996522399999995 36091
7.921129509803916 37057
6.935483055555556 37083
4.8357399999999995 38041
7.087122061403506 42077
7.742978333333331 45047
7.855025833333335 47041
8.40154 48119
8.285030555555558 48365
8.326706666666666 48387
3.913538333333334 49019
7.4156188888888925 51043
7.547710925925925 54049
5.978721333333332 55083
4.748236666666668 8017
7.860757333333339 17105
7.313358571428567 19123
7.193571111111111 19195
6.296522777777775 20041
8.22624555555556 39117
8.025543777777775 39143
7.3451200000000165 42111
7.440921428571426 45057
7.16367623188407 45085
6.13053375 46013
8.810783703703708 1005
7.587913333333335 13003
9.01484333333333 13239
7.101560666666674 19169
6.96258666666667 22003
6.636224722222219 27067
4.6032633333333335 27077
7.542900000000003 28061
7.270853333333331 37165
3.7715355555555554 49027
7.514881333333338 51775
6.824748994960651 2188
6.824748994960651 15009
7.9358600000000035 17127
7.2208027777777755 19019
7.925729999999996 21043
8.188398571428573 22031
4.547793333333333 31117
7.06593692982457 34005
7.100121573254646 36005
7.627030606060607 40145
7.0349797435897425 40147
4.680237829457368 4015
4.1215077777777775 41017
6.833000000000002 55011
5.690929999999999 55013
4.58779 8011
6.632422222222224 19001
5.175289999999999 20071
8.132467222222223 22111
7.4894419999999995 28159
6.939879999999999 37185
5.543473333333333 40007
5.610044999999999 48295
7.667063333333336 48391
7.063681666666667 48411
4.594589444444445 8119
5.476217241379309 9013
6.824748994960651 2050
7.578545000000001 12077
7.7894322222222225 13043
7.161751111111115 19131
6.583273333333329 19145
7.252982083333334 20103
5.052886666666668 20181
7.369550666666669 28127
8.241913333333338 29091
8.200425833333334 39115
7.672285880149796 45079
7.292045555555555 48299
7.415666666666667 51530
7.639039393939392 51660
9.324151666666667 13007
6.3082003333333345 13039
8.491169444444449 13055
8.917285555555555 13269
4.029915 16077
7.66844393939394 19111
8.349326219512216 21067
8.91945143106458 21111
3.92309 30071
6.904237575757576 37163
6.344868333333333 46057
7.340859259259258 48363
5.485007333333334 50005
7.345249523809525 51033
6.947596249999995 6001
4.7350733333333315 8083
7.2768862264151055 10005
8.378042619047623 1031
7.377776666666667 1091
9.692729243803758 17031
7.392862666666665 19197
8.000455000000004 29143
5.388180476190476 31047
4.458059166666668 35051
5.644351515151517 36007
6.624659499999999 42033
4.635489999999999 46105
7.913629444444444 47117
7.110115925925929 48323
6.612983333333332 13025
7.947895714285714 13133
8.381966666666667 13147
5.816456666666669 20123
7.2824285714285715 24023
7.027859999999994 26067
5.493058333333332 27007
7.120903999999993 27161
6.25185701388889 36055
6.1362566666666645 55115
5.826442857142857 12051
7.080234000000001 19005
5.667703333333333 20025
7.5886972727272735 20037
4.5000100000000005 27031
6.7039507657657555 31109
5.857194399999998 36069
5.605566000000001 36097
6.437656666666667 37177
8.14704481481481 39015
6.084109999999998 40065
7.700849743589746 40121
7.754888387096782 42075
8.434319999999998 5039
7.677205454545438 51760
7.601618222222221 54037
6.56899216666667 55087
4.284147126436784 8077
5.3436683333333335 12087
9.215009212962956 17043
8.271921333333337 18139
7.394963888888888 19097
8.246827500000002 21233
4.883346527777774 23003
5.606911666666666 26089
6.165105833333336 27121
7.9021175 29229
6.898161111111111 31021
5.12693 38051
5.089460000000002 38093
7.7271300000000025 48149
8.118166190476176 5007
7.392663666666672 51067
7.000850000000004 54083
6.756296585365859 55139
4.082984666666664 8093
6.824748994960651 2240
7.613310666666666 13241
8.400276071428575 18167
8.265336666666675 21209
7.021840666666662 29115
4.966646078431378 35031
5.59174722222223 36023
6.616023333333328 37047
7.125515333333337 47091
7.002294938271596 51710
6.971954444444445 51735
7.377488888888889 54063
8.383457333333329 13211
4.438503809523812 16019
8.547673181818176 18081
7.986095666666673 22073
7.48504578947368 24025
8.045795000000002 29203
6.807493733333336 34031
8.732644761904762 39065
7.314076111111111 51630
6.66168185185185 55081
3.9614433333333325 56013
7.501120000000002 13267
7.8629885714285725 17051
7.208021794871798 27131
6.538588333333333 28037
3.9427966666666667 30011
3.881706666666667 30033
3.932874500000001 30063
6.633145897435895 34019
4.652612380952381 35006
6.641769687499998 37147
6.13058 46059
6.900236111111115 48049
7.798090724637679 48469
8.310680555555551 18021
6.0778316666666665 20185
5.374369347826077 23019
7.502602666666665 26161
7.309214999999999 28069
7.2516333333333325 28153
4.281925520833336 30111
4.849681666666665 40025
4.226702738095238 4005
4.438759999999999 46071
5.795917777777779 48107
5.992328333333334 48275
3.9058877777777776 49015
7.828281842105266 51510
3.075302458333332 53017
4.258592500000002 53071
6.626450000000002 55057
4.961996666666669 8087
8.581488518518523 12039
6.406319999999999 20149
7.068257777777777 22007
6.31857583333333 27059
6.674301481481487 45015
7.982686111111112 48177
7.718014999999996 48425
8.335481666666665 5013
7.567132222222222 1063
7.575578333333333 17109
8.891925833333339 18125
6.186518333333334 20027
7.872608888888893 21033
7.989424333333331 21049
8.749895606060605 22015
6.779272820512817 22089
6.431824589743593 25021
6.408389722222223 26087
7.732138888888891 29169
7.889916851851851 37023
7.731431367521372 47125
5.498227037037038 50025
7.491324666666669 51840
6.446774814814824 12083
8.756314999999999 18009
9.084647222222213 18049
8.785307499999996 18053
7.266526363636363 19179
6.592183333333331 29087
6.249063333333335 31125
4.9247533333333315 38031
8.185086666666669 47129
7.976857999999999 47151
6.327602549019605 55141
6.197255442176871 6047
3.801206666666667 16043
7.654921904761909 17067
5.830110277777778 20055
3.8440766666666666 30015
5.626987916666666 36053
8.376846022889826 37119
6.074115128205129 42079
7.345109444444448 47081
6.549500000000001 48327
8.656733333333335 48489
6.660928333333333 55047
5.617468333333334 55069
5.355424999999999 55113
7.30379074074074 1025
7.808718333333333 13301
8.477090555555561 13313
9.137325757575747 18017
7.069611666666665 27169
7.641815833333334 28135
3.8368633333333326 30065
6.098786666666668 31081
4.49788777777778 35053
8.031382820512817 37161
6.988710000000002 42039
7.549903888888885 42085
7.48818291666667 48053
8.093019999999997 48419
4.126313333333333 8053
4.211634444444446 16065
3.752693333333334 16081
8.203460000000002 17035
8.013557610062898 17167
6.569897777777777 20085
5.860389999999999 20105
7.714251666666666 21237
7.374086354166679 26081
6.828249444444446 27093
7.647605333333336 28025
7.87380777777778 40077
5.86632 48103
6.8570134234234175 48485
4.317670793650796 49053
6.3322617901234555 55009
7.6469683333333345 29027
4.189546666666666 31075
6.341655757575752 37019
7.113318811188799 42017
6.824748994960651 2105
8.047667500000005 1085
8.202173589743591 18065
7.080806666666666 22029
7.9168328571428574 28027
8.128648666666665 29023
6.933002644320309 34003
6.5511250833333206 45013
8.03579074074074 47051
7.994793500000001 5035
6.751685476190469 51800
7.069157500000002 55021
6.772563333333332 55091
6.288176666666663 20061
7.537436666666669 28079
7.0498941666666655 29177
6.849831666666665 31179
6.572242113289761 35001
7.670255000000002 37111
7.343355000000004 42099
6.8954533333333305 45053
4.165071666666666 46019
7.171284444444447 47077
8.103090555555553 47115
6.507487166666665 55035
8.247914605009626 6111
8.150299999999998 13137
8.484227777777777 13149
8.18670666666667 17025
7.988137222222218 17145
5.578124666666665 26019
8.114794999999997 29035
6.6221147619047604 31141
8.565501904761902 39057
5.367492169871788 41067
8.113 48273
8.303438055555553 48277
8.125572222222225 5021
7.574589444444448 51790
3.9998166666666664 8021
5.4167951598173545 8069
8.601483703703703 39039
8.497029523809529 39079
8.349353679012328 39153
6.149416666666665 40075
5.530966666666666 48079
4.669030000000001 48109
7.9716516666666655 48407
7.83418296296296 54051
6.933233500000005 55027
7.992882222222224 13091
8.60855783333333 17163
8.32983222222222 18155
7.258112222222226 19151
7.761426222222221 29051
8.012601310116082 42003
7.571581250000003 45071
5.947361111111111 48445
7.610504285714291 51027
7.468629333333336 54041
3.965837333333333 8015
7.343660000000005 1099
7.701883333333333 13265
4.968425666666667 26061
8.030079333333333 29069
8.099975 29153
3.873098333333333 30061
4.771584444444445 35037
6.557725714285714 37053
4.824363333333334 38019
8.515801333333336 39041
8.812512323232328 39165
7.123219999999999 40037
8.282938647342982 45083
7.042782301587305 46099
7.329210833333332 47181
7.612931754385956 48099
6.860579333333335 48133
9.907228146734498 48201
4.236189814814816 49011
7.082884000000001 51025
4.260348333333334 56037
3.565574814814813 6035
4.534276666666667 8025
8.81164888888889 13253
8.514919999999996 18077
7.939880833333334 21055
6.559387708333332 22101
7.056126781609191 40017
8.423695650406511 47065
6.2988052450980385 48303
8.286810784313747 48309
7.007553030303028 51095
8.58524575757576 54099
8.292074848484846 1071
7.891016000000002 13189
8.285139999999998 13257
9.069065 18131
6.393626464646469 23005
5.824139066666656 25005
5.669704871794871 26029
7.123715000000001 27079
6.318344266666665 33017
7.241418552631524 36047
6.552790000000001 37091
7.323322121212117 37153
4.466547916666665 4003
8.280556296296297 40135
7.252715151515149 42009
7.097936666666666 45009
7.543556060606065 45023
5.629873333333335 48269
7.167749166666664 54001
8.268749047619043 54059
7.930071666666667 12059
8.629384333333329 13115
5.689668333333333 27155
7.426699473684207 28075
6.692408333333336 28085
3.6883400000000006 30093
4.507160000000001 35021
5.245520833333333 38003
4.826486666666667 38079
8.018035833333334 40005
6.667199166666669 42093
3.6465353500000024 53041
4.586224761904763 8089
8.001111666666665 13019
8.188483333333332 13023
8.152671388888885 17183
6.003921666666667 20007
5.960275833333332 20029
6.265346000000004 26073
6.987227777777781 27101
6.338253333333333 31107
5.8371860317460325 36009
7.548366666666664 37043
8.248240666666668 39031
7.052767142857144 40081
3.4129999999999994 41037
7.090104999999999 45033
5.925876666666666 48305
8.546333333333331 48343
5.8638533333333305 48501
7.325 51017
9.132552024539873 1073
7.8979185714285665 17007
8.847382142857134 18091
7.672585555555558 29105
6.577392424242421 37013
5.401788888888886 38035
8.142854583333337 48409
8.447022666666667 48467
8.992353333333332 48473
8.384869523809522 5023
8.61664974358975 5131
9.334052327044017 13215
8.444566939890732 17119
6.596202500000001 19175
7.656306666666665 21011
8.589331190476184 21185
5.829781333333335 26039
6.928535555555554 27127
6.544677916666662 28113
6.624695000000001 29075
3.69018 30027
7.229299166666665 31043
3.783791428571429 32001
6.160753555555554 36037
3.3080000000000003 41069
7.119839791666672 45031
8.096460204081641 47149
5.895655000000001 55078
6.691834756554309 6083
5.642859537037034 9007
7.281420833333332 19161
7.582131666666667 21165
5.11532777777778 26095
6.916447333333332 27055
7.367220370370372 29101
7.220960000000003 29103
8.14541904761905 39019
7.557896666666665 40063
3.3589337500000007 41057
7.563471249999994 48241
5.565468070175441 50023
8.546726666666663 5091
4.027619999999999 53023
3.873374444444446 56003
8.414265555555556 1019
7.848783333333332 13125
7.682258333333341 13291
9.122048888888896 18099
8.69929866666667 18123
7.284951428571426 19011
7.1973345833333315 20121
5.238405 20193
7.633222666666668 22049
7.553112649572662 26025
6.909052916666665 40083
7.766836666666666 47137
8.414628888888886 48159
7.78617722222222 48259
7.533560350877197 51680
4.752924999999999 8009
7.805289333333336 17017
6.952626363636367 22095
7.164711666666674 26045
6.926983333333334 28029
7.175068333333334 28059
7.584123333333339 29111
3.9010316666666665 30073
5.0285966666666635 36033
4.415703333333332 38007
5.641781666666668 48483
7.097778000000002 19127
7.992889166666666 21087
7.494543809523811 22005
6.154737857142864 23001
7.826089005847964 26077
7.5590255555555546 29059
7.884261999999999 29213
6.244759166666668 31185
7.424434074074081 37113
7.971617142857141 37197
7.8290962962963 40115
5.322463597701155 41047
7.306598968253964 42021
5.499608333333334 46015
5.574530000000001 46017
5.8528216666666655 46045
7.2556945833333355 48143
8.367060749235474 48453
4.049841025641027 49005
3.954146060606063 49045
8.530698888888885 5083
7.9840594444444495 5123
8.480342777777778 5149
5.556645333333337 55129
6.638212222222219 12029
8.745198967551623 13135
7.37714958333333 20099
5.735411851851849 26007
5.116890000000001 27069
7.837019999999998 29186
7.013540000000002 29197
6.149754444444445 31121
7.2248540000000006 37011
7.575123214285717 37151
5.6480044444444415 38077
8.306358484848483 40013
7.69997360360359 45063
6.159946666666667 48081
3.8515383333333326 8065
3.896423750000001 8107
8.601842380952377 1045
8.693814444444445 13035
4.363907619047623 16083
7.122316666666668 19051
7.063447777777777 19089
7.870461428571423 21025
7.98775315789474 21151
7.811926666666664 21189
8.253406666666667 21225
6.306689767441858 22103
7.292876140350877 27019
8.017181428571426 29113
7.798548666666664 29221
5.606726666666666 31015
5.671225 36015
7.410166666666668 37123
7.544340862068972 42029
5.82547121212121 44001
5.564993333333334 48191
5.991241666666666 48461
4.53830279874215 49035
4.457181499999999 56015
6.408716666666667 13049
7.366578333333332 13173
7.890872222222221 21039
7.772952222222224 21053
7.738811111111106 21173
7.8483255555555616 22083
7.550394848484847 29029
5.857246666666666 31093
5.375321333333331 35041
7.405726612903233 40027
7.706255536723179 42125
6.190968095238098 45043
8.289408888888891 5103
7.925171111111112 51610
6.502302679324878 6081
7.722021666666666 17009
7.2010877777777775 19109
6.24518777777778 20073
6.032674606060611 4027
7.994662424242418 48493
5.37450111111111 50009
8.134546666666669 5001
8.714061904761902 5059
7.150252000000002 51147
7.293109999999998 51185
5.774092666666667 26079
8.281012777777784 29099
7.275420317460337 34015
4.503716666666666 35017
5.009347777777776 38061
6.554106666666668 48059
5.792057499999998 48415
8.652546527777787 5069
6.629203333333337 55015
7.151646111111108 55023
6.276390000000003 12007
5.46015946969696 12111
8.053767777777779 21017
7.2296186666666635 27039
7.600002296544062 27053
7.484775555555554 29045
6.7005244444444445 31037
4.3023066666666665 38087
8.370760769230769 39129
4.578174333333333 4023
8.004418119658126 47163
5.058836 48389
4.0369836363636376 49003
8.017254999999997 1027
6.632258378378376 12086
7.8593499999999965 17181
7.746707222222218 17195
7.569842666666665 19087
7.418989523809521 22047
7.393658333333339 28007
7.887520714285717 29043
7.328841608796301 36061
8.516434000000004 39021
6.7651384375 40031
8.016694444444443 48073
5.908573333333333 48197
8.080076666666663 5041
7.34273333333334 51179
8.171933333333333 1133
8.881626666666667 13079
3.6808905000000007 16021
8.732173703703703 18033
8.447807777777772 18137
7.3972960000000025 19031
7.25657777777778 22021
4.54165 30091
3.8137788888888893 30099
7.918827500000002 48013
6.252883333333334 48023
8.488143333333337 48223
6.711078333333337 48503
3.138151999999999 53039
3.754328666666664 6033
7.8531858333333355 13163
8.71324350877194 13223
8.454630555555553 18031
8.580280999999998 18071
7.188655833333335 19037
5.828391505376344 23011
5.323493333333333 38021
4.253824791666663 4001
7.343761874999994 40125
5.03558294573644 41039
7.747196666666668 45065
8.237088666666663 45073
8.608785000000006 47105
9.103423451327432 48215
7.261111333333335 51075
7.393776923076925 51191
6.225459841269835 9001
7.375366666666664 1035
7.119731666666666 12123
8.23331571428572 17037
6.888040930232548 20177
6.8911316666666655 22023
5.1641233333333325 23029
7.925398666666662 29161
4.386304999999998 30083
4.111777777777778 30105
6.458867142857145 31067
6.428392222222223 37187
7.993865000000004 48247
3.921412222222222 49013
7.959977499999997 5077
2.8857790714285723 53007
7.016149999999995 55103
6.824748994960651 2282
6.212920569105695 12097
9.047144545454552 18173
7.905856666666667 21171
6.673823333333333 31027
4.399496666666666 31105
5.432209166666667 36017
8.399518888888892 39163
8.224680000000001 47143
5.566014166666665 48117
5.68389 48169
7.612032076502732 48479
7.533454647887332 51041
7.429032222222222 51750
7.576110416666664 54047
7.335895185185184 6031
6.824748994960651 2198
8.518105698924733 1015
7.257910833333335 1131
8.695126666666669 13057
7.931543999999999 13105
8.998176666666666 18149
6.97666761904762 22053
6.356633511904759 26145
3.992633333333333 30103
4.247596666666666 31031
6.878002280701759 37195
5.743017962962963 42103
6.751295555555556 46079
8.043838611111108 47031
7.3914706060606035 47047
6.981096666666667 51115
7.558285999999996 51690
8.71425 13171
5.66929 20083
7.083442222222223 27133
6.063551860465109 36093
7.299964 40111
5.6630561250000095 41005
3.411964444444444 41063
5.353000000000002 46053
5.229116666666666 46085
8.015595833333329 54087
8.000866491228058 1097
7.0464496666666605 19155
8.071344666666665 21167
8.404083809523806 21183
7.487967999999998 24029
7.938706666666667 29133
5.744608354430383 36027
7.916868064516125 37067
3.6766529999999995 41031
4.286293333333333 46047
6.895131666666667 46101
7.781185333333333 48007
7.401852592592596 51171
8.660820769230773 5145
5.54509209111112 53061
3.8969826666666654 56029
6.464516666666665 20019
7.0583451851851855 22009
5.440953333333334 31083
5.452263777777783 36039
7.8439375000000044 47111
6.686743333333335 48267
8.431357999999998 5067
8.03565047619048 5111
4.085933333333332 56031
3.666556666666667 56039
7.822272222222223 13069
6.878149999999999 13101
8.203365333333336 13237
7.953944411764706 17115
7.945359166666663 17139
7.691554000000003 17187
7.644869696969696 21095
7.10496888888889 22025
7.471683000000004 28071
7.117052603174594 34013
7.0342883333333335 37009
5.394873333333331 38081
7.103575599999991 39007
6.402185333333329 45019
5.684236666666665 46119
7.856324583333336 17135
8.998307142857142 18075
5.9259877777777765 20157
8.299558787878787 21073
7.880486250000004 21193
5.9140274074074055 26069
6.596814074074072 28109
5.833836504065043 35013
8.330183030303036 37097
6.925669068627443 42095
7.430871111111114 45011
6.329176666666667 46061
9.226033276836159 48339
7.453738333333334 51580
5.489210666666671 9015
8.804829629629626 1043
8.802636805555569 1117
7.572112666666668 24041
7.704607246376817 26091
7.50721011475411 26163
5.199709166666667 31041
5.644635 31181
4.781766666666668 38023
8.921340666666664 39149
6.394626666666667 48417
9.320027179487175 1113
9.100113333333333 18015
5.678956666666668 20089
5.758335999999996 20175
4.274647222222223 31013
5.018396666666667 31115
6.312617359999998 34029
7.32338487179487 37037
7.52492145833333 37087
5.7387 40045
7.249389259259261 40049
4.246647741935484 4017
7.409212085308096 42091
8.08134123188405 45091
8.254696111111105 48015
7.22181666666667 51057
8.200023 5139
6.264041014492749 6039
3.6770251515151524 6103
4.650578181818185 6109
6.562614444444445 19053
7.8486433333333325 21161
5.386516666666666 26153
7.485542666666666 28117
4.65047261904762 35047
5.171044177040087 4019
7.948712711864387 51013
7.678723333333333 51720
6.2712144642857135 12069
6.8445000000000045 20005
7.782881666666667 21135
7.994892222222225 22123
7.355937254901955 24037
7.881394066666678 24510
5.9452626666666655 26011
5.600623333333337 26047
6.4403658333333285 27023
7.442380491228066 27037
6.469677777777777 31023
5.527565740740744 35061
5.7622399999999905 36075
7.8836833333333365 40029
7.747297083333339 40101
3.9532116666666672 49025
8.69784066666667 5051
7.629834761904762 54003
7.580809696969698 55127
7.811722222222223 1059
7.689809333333331 13111
8.004670256410249 13175
7.91698 22081
7.403303114355245 27123
8.529252489451487 29183
5.887659473684211 36079
7.918154637681157 39081
7.730408242424241 39155
7.792231428571428 48035
5.892063084886133 48141
5.711775 48153
5.762599999999997 48437
7.650764848484841 51195
8.409830555555555 54053
7.260967500000005 54077
6.561203333333334 55109
4.310216666666668 6115
6.824748994960651 46102
9.06642617283951 1103
6.880719166666668 12037
6.990256666666666 19047
6.762239591836736 26147
7.084831666666667 27045
4.050541666666666 30041
6.940000666666664 31177
5.931562121212125 36121
7.532534285714292 40131
3.479709 41021
7.485938717948716 51015
5.467496715365249 53033
7.8871583333333355 54029
8.92147328431373 13121
4.027904074074074 16017
5.813168333333333 20067
8.461645555555554 21159
7.981338888888893 21169
5.502198333333325 25001
6.563881282051278 26117
7.748625999999999 29163
4.202796666666667 30109
5.644595555555553 31137
5.4259076666666655 50001
7.953566666666666 5087
8.670408333333334 5133
7.449019090909088 51730
5.94877133333333 55005
5.233784166666665 55041
8.072301666666668 1007
7.957096666666668 17005
5.951926666666665 20081
7.821662456140356 21047
8.80152608695653 21059
6.739535555555557 27009
7.580338888888888 28115
3.6320911111111114 32033
8.380858571428574 39069
4.509592121212123 41019
8.037235595238101 42073
5.935611666666666 48115
8.782964814814813 48257
8.181711999999994 48395
7.227548666666665 51137
4.381432333333331 53075
8.490585000000005 54079
4.728723333333334 8125
6.47023932900436 12105
8.339080740740743 18107
7.238240000000005 19141
5.935429999999999 20053
5.488733247863255 25003
8.27465641025641 45007
8.484033333333333 48379
6.824748994960651 2195
7.319575000000002 19021
7.2161393333333335 19067
8.16177833333333 21213
5.599615555555556 27001
7.337885714285709 37145
8.161697480314949 39095
5.9085399999999995 40153
4.081246444444445 41059
5.697115641025631 44003
7.765225116279075 51059
7.360906333333335 51155
7.252991444444438 51177
8.003705000000002 54073
7.563601666666668 28107
7.341851111111108 29015
3.5944591666666668 32013
5.364656666666666 38065
5.922972222222226 40043
8.010174444444443 40127
7.654980272108846 42041
6.205540769230768 42123
8.166809629629634 47103
7.7764679999999995 47159
8.20640857142857 5003
7.441281249999998 51019
7.265869999999998 51021
3.9574133333333323 8081
7.573469999999996 13031
8.725949333333329 13097
9.074454166666666 18181
7.31669 19079
4.874930000000001 26013
5.303732222222224 27029
7.946631666666665 29179
4.864823333333332 31029
7.211298333333332 51047
4.228338888888889 53003
7.488427361111109 54061
5.063205333333333 55125
5.175761696969704 8101
6.673298055555554 12023
7.35824323943662 12033
9.73784277777778 13131
8.020943999999998 13311
7.1884413333333335 19105
8.631465740740733 21029
5.452533809523809 26043
5.613065333333331 33019
7.639836845238091 37021
7.364060193637604 40109
6.824748994960651 2261
7.519275555555555 13109
7.633564074074076 21035
6.39983 22091
6.3012988888888914 26151
5.7068937500000025 26165
7.220521111111111 28111
8.208497777777778 29149
6.792203999999999 31155
5.579752051282046 36003
5.768819555555555 36051
5.831479592592588 41051
7.811118888888888 48505
8.093756666666668 54005
6.377291052631582 55071
9.650132666666673 13205
7.318332121212122 19033
7.615114000000002 21221
6.212829122807021 26111
5.066500000000002 27113
4.129844035087721 30029
5.558218222222216 36101
6.648930888888893 37107
7.772235925925926 39043
8.141312499999996 39083
8.51249444444445 39097
7.847758333333331 47095
5.861486666666667 48155
9.154464381443292 6059
8.267648333333334 13083
7.319024166666667 19081
7.325414166666661 19091
7.020705185185186 19099
6.529564358974357 20015
5.3422 20063
5.4056588888888895 20147
5.820174724919101 25013
4.841402499999999 27071
7.972632500000002 29065
4.562553333333333 31171
4.279226666666667 38033
7.998114054054057 47187
7.083792222222218 51117
3.9075199999999986 8109
6.824748994960651 2016
8.648107777777778 1009
6.960727222222227 13305
8.105246250000002 17049
7.924114102564102 17117
7.840273333333332 21201
5.095214444444442 26103
7.3843966666666585 28141
7.779241666666668 29093
3.666589523809521 30049
5.824286363636366 31019
5.351276666666666 31073
3.8213416666666666 32021
4.214843666666668 35033
8.438747403100786 39151
7.719152222222216 40097
8.913479187674996 48439
7.178051666666668 51029
7.285964444444442 51063
6.869726666666664 19007
7.459349259259255 24009
6.9688975000000015 29049
7.902986666666665 29077
4.900937777777776 38009
8.336523137254895 39141
3.3866590000000003 41065
7.715856296296299 45087
6.669940000000002 48009
7.8106240000000025 48123
7.921535555555558 5093
6.824748994960651 2164
6.4622767630057645 12031
3.2536866666666673 16015
6.658855555555557 19071
7.22713083333333 19075
6.641470833333337 19117
7.892855833333334 21147
8.36085 21211
7.836339999999995 22035
7.250992898550725 24001
6.955055185185183 28001
3.656796666666666 30095
3.7410849999999995 32017
4.849546666666669 38071
7.680747666666664 40123
3.4342853333333334 41055
6.2526744444444455 42047
7.551262962962965 42059
7.189929444444447 47071
8.57452962962962 48037
8.769669677419348 48139
7.197156666666668 51109
6.824748994960651 2290
8.75313714285714 13293
8.14746666666667 17165
9.123773333333338 18169
8.064903666666659 21009
7.4702333333333355 22055
6.524427666666668 26057
3.9494136666666666 30035
6.058248518518511 33013
5.138582380952381 36049
7.365797888888896 42011
6.910386111111115 46011
5.834243333333333 46023
4.332903999999998 46093
8.62421555555555 5029
8.580234444444446 5105
7.310504166666669 51187
8.755059999999997 1095
5.0297300000000025 31103
7.442269222222214 37063
5.203176666666667 38091
4.598720185185186 41003
5.572169999999998 48125
5.19904 48301
3.8043933333333326 49055
8.400062727272722 5033
4.015922500000001 8003
4.238084999999999 8071
6.936047619047618 12121
8.119704166666676 17055
8.380687777777778 18035
7.830308148148148 21083
5.953827899999991 25023
6.869396666666666 31051
5.6063154166666695 35005
4.047355466666666 41009
7.528527666666667 47043
7.859571666666666 47169
5.989941000000001 48227
7.589008489583324 51087
8.351063333333332 5147
7.422154166666665 51540
4.6659806666666706 6009
4.909299444444443 6043
4.428446666666667 16009
8.631268000000004 18143
8.32781125 21239
5.256948431372549 23009
7.364741140350876 26075
7.748498888888889 28119
4.474140333333334 31123
7.05626773333334 37101
6.422207777777783 37117
7.722482539682539 39055
5.84333 46107
7.766196000000006 47139
8.425353333333335 5063
7.016750984848477 51700
7.7876785714285734 12133
8.222384444444442 13319
9.116358125000005 18127
6.996349444444446 27091
6.046564444444446 27149
7.198926666666665 29199
5.40851111111111 38073
8.294490256410255 39033
6.454696666666668 40053
7.689643948717956 42043
5.444841190476189 44009
6.47066 48105
5.573826666666668 48129
7.4667738888888895 48337
8.364020081300817 48423
7.427921666666668 51071
8.551343333333332 5109
7.19947 51113
7.447891041666661 51121
7.114779999999997 54023
6.06959351063829 6099
8.914520416666663 1083
6.764129999999999 13065
8.334238888888892 17079
8.214112473118282 18105
6.587815555555556 19039
7.900191333333332 22013
7.731778571428568 29109
7.185609743589741 37105
7.797355384615386 39123
6.257943333333334 40011
8.162121851851857 5055
7.945438333333333 17087
8.353419999999987 18095
6.7744533333333345 19085
8.06454916666667 21153
8.182743703703705 21177
7.958888333333329 29215
3.877471500000001 41035
7.244794 48171
5.83419908045977 48381
7.397351666666668 51141
6.0555143010752746 6053
4.652531666666666 8121
6.824748994960651 2090
5.34771755555555 12061
8.338780666666672 13027
8.984418333333334 13243
8.616130555555554 13255
3.951586666666667 16063
6.9351425 19133
5.432199999999999 20129
7.395250909090911 26015
7.1507353333333326 27049
5.810911666666666 27051
7.001766666666666 31173
5.7632133333333355 46051
5.857301666666666 48003
8.462624379084975 48039
5.096657777777778 55051
4.2233306666666675 56001
4.617951111111112 8075
8.73338939393939 13157
7.943545333333335 17053
7.6218522222222225 17071
7.998724112554121 17201
6.4219366666666655 20155
5.943844748062011 25027
3.9429733333333337 30079
5.552905964912277 36019
6.7365756920904225 36029
6.418382500000001 37015
6.931595333333329 40051
7.105677333333333 42067
4.903842222222222 48043
4.147889166666665 49037
7.629392499999998 51051
4.030695170068027 53067
6.907728333333334 12067
9.434271333333335 13321
6.088944444444442 20151
8.466896818181825 21015
7.680303854166673 24043
8.360398823529412 26149
7.75368244444444 26159
7.509434999999999 29057
8.273123333333338 39051
8.58603388888889 39175
6.88130575757576 40113
7.074201666666666 47135
8.081227777777778 48145
6.029483333333332 48317
7.117774444444443 51111
4.865197988888887 53057
7.540868888888887 54007
4.918592298850577 16027
6.658830000000002 19185
8.199238333333335 21071
5.443114722222225 36105
7.449855555555554 37099
6.561730000000001 37139
4.864919999999999 46075
7.428365000000001 47075
4.543326666666666 48243
6.340702777777778 48253
7.818447222222223 54019
7.011340256410262 55111
5.902979016393444 8035
6.492628550724636 12095
8.470400980392164 13045
6.994514074074071 13299
8.86477142857143 18027
8.71341833333333 18061
6.160093333333334 20159
7.295293684210525 22097
5.836170833333332 26085
6.906106363636359 27141
7.662461904761903 28067
6.8198354112554105 34021
6.825261764705883 40119
7.848017777777779 47185
7.487857999999998 48019
7.8791814871795 48027
7.1052483333333365 48465
3.799606666666667 49031
8.385879999999998 5047
7.361628666666667 51139
3.3764922857142854 53009
3.9840433333333345 8105
6.21195922077923 8123
8.048574166666667 13187
3.918766666666667 16041
6.968664666666664 20059
5.781343333333335 20097
8.014352777777782 21155
7.38067 29089
3.4603355555555555 30057
5.769493333333331 31077
7.067280555555561 42061
7.615096 45081
7.814694444444446 48071
5.581401666666668 48369
6.796628316498311 51810
3.7762688888888905 6021
6.531558070175432 12011
5.955314444444444 12049
6.374787713178295 12117
7.551686170212764 19163
7.941306666666666 21023
7.026205185185181 28047
7.50809111111111 28161
3.5196 30001
4.57050888888889 31033
6.395308787878786 33015
6.869023854166672 34009
6.048089523809525 35043
5.040543333333334 38047
8.512574583333333 39169
7.67442768115941 42001
6.532859107981227 45051
7.191376666666664 47023
8.388607076502723 48029
8.992422716640109 6073
4.049483333333334 8091
3.820837500000002 8097
6.824748994960651 15007
7.709356666666667 13181
4.049241666666667 16035
8.024975833333334 21121
7.713489047619043 22085
8.26724895833333 26021
4.758625555555556 26131
7.055519196787135 27003
6.821261904761908 27083
7.259426666666669 29185
8.219751764705874 42007
5.551305000000003 46109
7.587697777777778 48239
7.51988508771929 51165
6.190229696969697 55017
6.740696166666672 55039
4.009567222222221 56033
7.729428888888889 1013
7.182137723577227 12091
8.6746048065476 18097
8.132718000000002 21119
4.793053333333335 31057
7.030047272727273 46083
7.482123703703702 47079
7.273846190476188 51053
6.412717083333331 55033
7.620291999999999 55065
8.770369666666664 18083
7.882352777777776 21157
5.474644166666667 25007
5.792387314814803 25015
8.53356969696969 26027
6.545038571428572 28045
5.559420000000004 36021
7.796466287878808 42019
8.224239423868312 48355
8.660642500000002 13231
6.976262 20001
7.735759333333334 29073
5.689256666666665 31183
6.900798360655752 36063
6.367776666666667 37095
6.898326923076929 37191
8.753872899850519 39035
4.1008844444444446 41015
5.61708476190476 42127
7.8421551481481515 42133
6.601205555555555 46005
8.15226873015873 47189
5.088156666666666 48205
5.645065833333333 48341
8.16337454545454 48497
4.2428587179487165 53021
5.463316535947707 9005
7.317853333333337 19023
7.32494 19167
7.535162666666668 28013
7.669669999999997 28129
7.548467222222218 28163
7.7965522222222265 29209
6.221841666666666 31011
7.686605555555552 37169
8.780022091503264 39113
8.44061111111111 48147
7.224466666666663 48507
7.548496041666666 51590
7.4142166666666665 51678
3.3949437703703707 53077
3.958638888888888 8049
6.824748994960651 2180
8.35531111111111 1021
8.182339999999996 1037
7.679735833333333 13317
9.301353333333328 18001
8.822523809523803 18051
8.581087435897432 21019
6.16389222222222 27073
5.524246666666668 31061
6.510537777777779 37073
5.908968333333332 42083
4.798219999999999 46137
8.147596266666675 48209
7.8740749999999995 48297
8.444063809523808 48459
8.294268333333333 5049
3.2436293750000003 53027
6.6542666666666666 55077
4.370567878787877 16005
7.879075934959339 17113
7.57384769230769 19061
7.995316666666661 21003
8.434733333333334 21223
3.4101666666666675 30059
7.168279607843133 37051
8.275377777777777 39121
3.478435555555556 41001
6.75797693333334 45035
8.095975416666665 47055
6.382751733333331 48451
7.51064420289856 51085
5.289808095238097 55085
5.367905920084126 6067
5.548266666666667 12093
6.396435111111115 13127
8.365291282051276 18109
8.21498476190476 18133
8.421231764705873 18177
5.536247666666665 23013
7.845511681957198 24033
7.001970000000001 27063
7.724184166666665 29223
7.956227777777776 40069
3.2793140833333325 41027
6.3109575862069 42081
8.116564848484847 48001
7.924693333333333 5101
7.296077619047621 51035
4.955856825396822 53029
7.573333831775695 55025
3.9347560000000015 56007
4.287369999999999 8033
7.403114000000003 12079
7.753739999999999 13107
4.226504166666668 16051
7.666502291666673 17095
7.0309149999999985 19027
5.816193333333333 20165
8.01251466666667 29201
4.208948888888888 35007
4.959556666666667 38013
5.132353333333333 38037
8.137479999999995 39139
8.218260476190478 45077
7.860168888888884 48131
7.961413333333335 48225
7.092761111111113 54071
7.045898888888889 54093
6.519825757575753 12053
4.800843333333332 31017
6.6452667264573755 36119
7.233260476190482 54057
5.873932206235013 6077
8.16984190476191 1033
6.39696111111111 12125
8.846492803030316 13021
9.192250952380958 18183
8.081854 21099
5.3279364285714275 26033
5.812293333333332 27011
4.1392500000000005 35003
5.194178333333334 38045
5.818789999999999 40055
5.879249763593375 44007
8.756865199999991 5045
2.877768749999997 53037
6.028708333333339 55095
9.031775230769215 1101
6.80181423497268 12103
8.03116 21229
7.297454166666662 22127
5.804442499999999 27065
3.5869000000000004 30007
4.019735000000004 32510
5.12039 38055
6.024206666666665 40151
7.190487142857148 45069
5.60346 48011
5.705041666666667 48195
3.8520750000000006 49017
5.566209523809526 50015
7.397680833333333 51163
7.530021809523808 55059
3.7744450000000014 16007
3.9198177777777805 16061
8.092998484848488 17081
5.772613333333335 20167
8.179393333333332 21077
6.7302029100529195 22051
7.1485416666666675 28041
3.6910779999999983 30009
6.823043333333332 31167
5.486059444444447 35015
4.63972166666667 4007
8.528267878787872 47145
5.506853333333333 48017
7.001030000000001 48271
6.93510215053764 51740
5.193310243055549 6095
7.908121666666665 17003
8.393946296296297 18151
7.427253333333329 19101
6.891879166666667 20205
8.219246666666663 21113
7.847189999999999 21181
7.535183333333334 28031
5.5708458333333315 33005
5.696353333333333 40129
5.5428033333333335 48345
6.098034666666668 48353
7.463637499999998 51143
4.767025873015874 56021
5.845379259259258 12027
8.154956666666664 17083
7.852967777777774 17129
7.719682430555555 17143
7.19546015151515 20045
8.235479259259263 21179
7.857111454545453 24027
6.232942333333335 27025
6.829423908045975 27145
7.577857500000002 28105
7.661331111111113 29017
7.893480833333333 29119
4.46097 35023
7.455879333333334 37173
4.851588333333331 38069
8.617229696969696 39091
5.328604166666665 46065
7.075286666666665 47039
5.625739999999998 48101
5.6416080952380945 48233
7.82494083333333 48287
7.720019206349211 48361
5.336896666666669 50003
5.495410999999993 50021
7.6545633333333365 12013
8.239016805555558 21227
5.5362438888888885 26141
7.9251724999999995 28011
7.406221111111108 29039
6.040352380952385 31079
5.7263366666666675 40057
6.934917666666661 42031
6.382241111111111 42053
5.7629866666666665 48033
6.122526666666667 48207
8.217740833333332 5089
8.20600083333333 5121
6.407951428571429 55137
3.632268333333333 56017
4.290493333333335 8007
6.824748994960651 2170
8.241512222222223 17065
8.55411022988506 17091
7.707281666666665 17125
7.009299166666665 19063
5.568790588235294 23017
7.416496140350879 24015
6.2980633333333325 46111
3.8976386666666643 49007
6.977288666666671 51001
4.144325833333333 56009
6.969560572916656 12057
4.714164533333332 16055
3.5211855555555576 16087
6.556795916666664 19137
7.844522666666668 19139
6.352976666666667 20113
7.619842500000003 21205
7.5217533333333355 24019
7.642330919540232 29019
6.580406666666667 29147
6.858324444444447 31025
4.869260000000001 38063
8.148201333333335 39059
6.658998484848478 40071
8.238558888888885 48289
7.174245999999998 51077
7.185890000000001 51157
7.940414999999999 54105
6.0774083333333335 55061
6.2916830952380955 55097
7.832140256410258 6107
8.705402999999997 13063
6.771081111111108 19077
6.417297843137262 22087
5.829849047619048 26129
5.713616 27005
7.315066666666668 28073
6.931206133333341 29021
7.5089 47053
5.838344333333337 50011
7.4745729166666655 51023
8.10210303030303 12063
8.56608 13119
8.637476444444443 13297
8.170536666666667 18121
7.16271777777778 19171
5.6097833333333345 20093
7.511210555555555 22041
5.579880833333333 26031
6.947091111111113 31039
4.655363333333333 31049
5.552291666666664 31089
8.722776190476184 39137
8.033315333333332 48051
9.46202622807018 48157
3.666550000000001 49009
8.000981428571428 5009
7.386939999999998 51045
6.824748994960651 2158
8.933796666666666 13061
8.210274000000005 18119
7.090415714285719 19015
5.478980000000001 20195
6.706309999999998 20207
5.689318703703707 25011
7.07044952380952 29001
5.810899999999999 31129
7.831891666666669 47027
6.008678888888892 48165
8.364002666666668 48499
6.99051222222222 51830
4.135208558558556 53005
4.067203333333334 8079
8.514472222222224 1079
8.710950833333333 1087
9.221175333333322 13071
7.941743333333334 17147
6.962375555555554 19135
6.951775564516141 20173
7.456976777777768 24017
5.618888666666666 26119
6.027468333333335 31035
5.935803955555554 36001
6.305805269286724 4013
5.671254999999999 42117
6.7451223809523855 8005
8.53178288888889 18005
8.03336916666667 21081
5.693573333333334 26041
7.357824402515727 26139
8.11092190476191 47009
7.6472337037037015 47097
7.904721111111114 51169
7.728621904761908 1039
5.7324424999999986 12035
8.588103333333333 13011
4.313398 16069
8.376843333333333 18161
7.1163675 19041
7.659413030303033 40019
4.417014444444445 4011
7.24347857142857 47109
9.088449890350885 48085
8.666052777777784 48185
6.901148333333333 48319
5.535221111111111 48495
3.8364158333333327 8051
4.163320833333333 8113
8.429152499999999 1109
8.717962962962956 13013
4.127171666666666 16047
8.713854444444447 18101
8.022541000000004 22061
4.652050000000001 26083
7.424149999999992 27109
6.974716666666667 29033
6.8275816666666636 29079
7.67183333333334 29131
4.276776666666668 31069
7.924449285714282 47035
4.291659600000006 49057
3.8024483333333334 53051
7.787992222222216 54109
6.883875555555556 12047
9.779576419753086 13095
8.278710000000004 13235
7.459465333333338 13251
4.3204393333333355 16067
6.873144888888886 19049
5.741060000000001 20033
7.793506818181792 22019
7.156256250000002 27147
4.719106666666666 4009
6.790301666666666 42119
8.298963623188419 47037
7.630957179487186 47167
6.52367692982456 48441
7.760047450980392 54081
3.8734566666666677 8023
8.50804722222222 17033
6.493792500000002 27173
7.279146666666664 29013
6.733382857142862 37065
7.171037654320984 37085
7.878285714285717 37149
5.4846699999999995 46091
8.635680833333332 5081
8.300036666666665 5135
8.079058666666661 13017
7.943977333333325 13123
8.390748666666665 17193
5.824032380952382 20057
6.181503333333333 20127
6.006909583333335 23023
6.670303333333334 27081
5.572342456140354 36113
6.84353111111111 37049
4.595192222222223 41053
7.747493333333334 45001
5.110764999999999 46031
8.295819166666663 47173
7.580047333333334 48373
7.23032111111111 54101
4.50435388888889 6027
6.824748994960651 2068
7.4884625 19107
7.221538888888888 19189
8.174494583333336 21235
5.7232293333333315 26135
5.716715 27021
6.6584955555555565 29081
6.913648333333337 37127
5.711847777777777 46037
7.695081250000005 47045
8.30003611111111 47063
7.952594761904766 48291
7.221025833333335 51065
5.520559515151515 6041
4.1261 8027
4.67704 8115
6.824748994960651 2130
7.568423703703704 22069
5.904642916666664 26105
7.526855555555557 28145
7.989888888888892 29067
7.643810493827159 42055
7.242176111111111 54097
6.1492549358974475 6087
7.853054000000002 17021
8.000389999999996 17141
9.098957604166664 18003
6.805813333333333 22037
7.221368095238096 29107
6.246891333333335 36073
4.895441666666667 38103
6.343695277777781 42025
6.825695000000001 45067
8.09209564102564 54107
5.65528551928785 12099
6.485095833333333 13191
7.348018666666672 20011
7.960288333333335 21139
5.033103809523808 26053
7.679546666666665 28055
3.788971400000001 30053
4.282561666666667 46033
5.047825000000001 46041
4.636049999999999 46095
8.461028095238099 48067
7.046904999999997 48093
8.44105700000001 48349
8.465234102564105 13295
8.288211666666667 18171
5.086521666666666 27125
4.453433333333333 35059
6.421370666666666 40141
6.235931666666667 46009
6.494326666666666 46025
5.601143333333332 48211
8.315347222222224 5075
3.81689 8103
6.824748994960651 2150
8.916305333333332 13145
9.15430714285714 18179
7.125648333333334 19143
6.557041111111109 19173
6.641311111111113 20031
8.03517416666667 21079
5.332722333333332 27119
7.267613333333331 29121
8.237210714285712 39173
6.2010872727272695 42089
8.279213123123135 45045
8.05067925925926 47025
7.520843095238096 51089
7.357513333333333 51099
7.491619166666666 54089
3.7702666666666667 6091
7.591867777777779 13209
3.2562866666666674 16025
7.624954999999998 17155
6.050027083333332 20009
6.636238333333332 20191
8.508001666666665 21163
8.081271403508774 21195
7.3543811111111115 28149
7.2994699999999995 29083
7.306090000000006 29195
7.230559230769229 37077
7.997093888888892 39001
7.876800000000009 48221
8.239637083333331 48293
5.616334095238105 50007
3.5045614583333324 53025
8.755456666666666 1001
8.427816666666665 13233
9.054811666666668 13307
7.665814 17011
9.59870504273507 18089
8.653829047619048 18129
4.033155000000002 30087
7.646276172839509 37089
6.259254015151508 37129
4.992373333333333 38043
8.27652571428571 39157
7.6445220138889205 42045
8.946056666666669 48397
8.37755880503145 54039
6.013128888888915 9009
5.928481917404132 12127
7.9311599999999975 17151
8.234391333333333 18165
5.325768333333332 20179
6.427839999999993 22105
7.948907054263543 24031
5.592326666666667 31163
6.245120000000001 40003
4.096065333333329 46081
5.643594999999999 48075
8.26918528735633 48187
8.203746666666673 48401
3.7967750000000007 49023
6.584506666666666 55053
3.994525999999998 6057
6.38515666666667 12003
8.640607333333332 17101
7.8754483333333365 17153
6.621325000000004 20079
7.0093377777777786 22059
5.7027722222222215 26137
5.835683666666662 36099
5.987009285714291 36103
8.14926772727273 37045
8.419313333333339 40089
3.760568333333332 41013
7.5185093333333315 47033
8.060441428571426 47123
7.599451666666668 48031
8.495028800000005 48183
8.417453333333336 5025
7.490210740740741 51161
4.037726666666668 53013
3.5620591666666668 53065
7.321955162738502 55079
6.631799743589747 55117
3.8702918333333347 6045
7.4202110852713234 12005
7.711099230769225 17177
7.506918148148145 24011
7.821670000000002 40085
6.930806250000004 42121
5.823070294117649 48375
7.38231878787879 51003
7.442798055555559 51031
3.63573 6003
8.523667380952379 1049
8.227663999999995 1123
3.2825866666666665 16037
8.376716111111108 17133
7.243436666666667 19157
5.371989999999999 20203
8.118857499999997 22067
5.063460666666668 26071
5.271053333333333 31065
5.1625083333333315 36025
8.844003492063493 39109
5.978882177777785 4021
4.516765772357722 41029
7.741255466666646 42129
5.7618399999999985 48433
3.65057 56035
6.824748994960651 2122
8.588796851851844 13139
8.099874166666668 17189
8.400702999999996 18059
8.579974444444446 18079
8.871342121212129 21101
7.953661764705887 21145
7.778460833333332 29127
7.736210833333334 29151
7.862914074074077 40041
8.26699333333333 13085
8.320700000000002 18013
8.422134333333334 18093
6.284626944444442 20169
8.203537999999998 21031
5.475542474747475 27137
4.127913333333334 31165
4.957117692307692 36031
6.3522203703703735 37055
7.875374390243899 37179
6.250389999999999 48447
3.8753106666666666 49039
8.860688571428586 5125
