17039 7.813347096774191
18135 7.8219266129032246
20013 7.1452645161290285
26023 7.212648655913976
26035 5.819967038123171
26155 6.431313510436432
31001 7.384984229390678
32029 5.768854838709678
37001 7.629072491039426
39159 8.275962258064517
46063 4.811580645161291
47011 8.56445280135824
47073 8.45367344913151
51009 6.796844121863802
13047 8.945036363636357
13249 9.070727419354839
17157 8.043620071684588
22093 9.772867281105995
28133 8.979689400921663
31063 6.133038709677421
38057 6.055948387096776
39161 8.244139784946235
40033 7.1952725806451605
47049 7.233101612903226
2275 7.218387489756015
16045 8.110131182795698
17001 7.368736917562732
18085 7.92403548387097
21133 7.265179723502303
21219 8.05863467741935
29207 8.573185887096772
36117 7.166129325513192
37121 6.845310483870968
48173 6.591809677419354
55135 6.547971236559141
16039 6.111360645161288
17175 7.519990322580645
24045 6.279453395585739
28091 8.632509677419353
29227 6.8657
31135 6.373883870967742
34033 7.5138629435483875
34041 7.527733941093973
36077 5.880963377609112
36109 7.069580364656378
41071 7.406399999999999
48061 6.992613878469608
48265 6.551736129032257
48399 6.488461290322578
12065 7.817836559139787
12119 6.253186926994899
13217 8.941515880893306
21207 7.588140000000002
22011 8.515516129032259
22113 9.07600913978494
28015 8.174519354838708
30055 4.9905709677419345
36089 6.564787788018435
37103 6.579436559139783
39127 7.982474193548382
42035 7.376010286738354
9003 6.523233280529933
10001 6.339434072580635
13015 8.827847096774187
13067 9.042856478494613
13179 7.471719124423969
17019 7.8253849212303015
17107 7.850370161290322
18023 7.602545564516131
21137 7.496712365591409
21187 7.180470967741937
29167 7.822746774193548
31071 6.035425806451614
31145 6.313287096774194
38025 5.4566870967741945
46117 5.245493548387096
47019 7.297300189753317
48255 7.305292741935485
48383 6.327396774193547
5017 8.98253306451613
6069 5.845101759530795
2070 7.218387489756015
13279 7.9667602150537675
13281 7.000627956989246
21115 7.303935215053766
22039 9.483102419354832
28101 8.98073612903226
37115 7.070758602150536
46035 6.7119991935483885
46123 5.460608064516128
8067 4.0141712903225795
27035 7.367700403225807
27115 6.744007258064517
31055 8.307052564102563
45055 8.068814408602146
54075 6.19265870967742
2110 7.218387489756015
13197 8.972137096774192
18045 7.515899354838711
20117 6.923368548387093
21175 6.97261135483871
26157 6.492048585607943
27047 7.852169354838707
28097 8.096878494623654
30081 8.488308967741926
32023 4.32701193548387
37159 8.681609354838713
39009 7.940578279569892
42013 7.859707267552191
46127 7.558091397849459
47113 7.72568673835125
48219 7.115575115207372
51685 7.416425806451612
8019 3.3354537634408596
13285 8.727608064516124
22117 8.310958357771257
27167 8.224937096774191
30025 5.015300000000002
37183 7.64497239951703
40099 7.877947311827961
46055 5.021987096774192
48347 8.806586352357323
5115 9.19047771260997
54065 7.393303548387097
8047 3.566164516129032
17045 7.722585806451609
21045 7.537764516129037
26009 5.313254193548392
29129 6.643991935483873
48083 6.426609677419353
51520 7.726469354838707
53035 7.699314097968955
8013 5.643150759013289
16071 5.551548387096775
21105 7.93547419354839
29011 7.963647311827958
30107 4.594612903225807
39029 8.034988037634408
40091 8.355393548387095
42057 7.788319247311825
47007 7.679107526881722
48045 6.0797225806451625
50017 5.929917741935484
56027 4.439906451612903
6075 6.049117429229783
13113 8.942678225806464
13165 8.524756451612907
13259 8.910388709677418
18055 7.800712544802862
23031 6.815202903225805
29181 7.915280645161292
29205 7.110829032258069
36087 7.127100000000013
37059 8.279575115207377
45037 8.57128978494624
46003 6.3935774193548385
48245 8.894429928315423
54035 7.465768817204304
56041 4.8587354838709675
13169 9.18430322580645
19055 7.21405322580645
23027 5.455663709677422
24003 7.48222330955334
28125 8.755346774193548
29137 7.209709677419355
30067 4.843411827956987
36095 5.8751879032258065
37033 7.264593172043012
37035 8.029991050988562
39093 7.3764915422006165
48249 7.226375576036866
51149 7.009426912442401
51640 6.897530967741933
8043 3.9826375576036863
13141 8.486951612903225
13221 8.421136290322583
13275 8.964364809384168
17047 7.952429032258068
20115 7.159936290322582
21069 7.262808870967743
26101 5.203568207885304
27097 7.684606854838718
28003 7.884732718894012
29085 7.525439784946236
30003 4.751823225806448
31153 8.24951267816953
37061 7.323444574780058
40023 8.517734838709679
46069 5.951254838709676
49047 4.446091935483872
50019 5.609176774193548
6089 5.3253951545698905
13263 8.952689247311826
26097 5.008682580645164
28033 8.811022873900283
29053 7.529207096774196
29117 6.952018064516126
37143 6.240839247311827
42051 7.510651639784956
47107 8.352678387096779
47165 8.230273963133632
48135 7.1468671658986205
51069 7.379804700460832
1075 8.611995698924732
13287 8.526259677419354
23021 4.7817008064516155
31111 6.2672572580645145
39037 8.20836021505377
39061 8.301028407439713
47029 7.447541577060934
48429 6.5614774193548415
51061 6.94045753320683
56025 4.402845806451617
6065 9.120921263262854
12075 6.509147670250899
13143 8.309043870967743
21037 7.956207612903226
21061 7.605299193548388
21141 8.09527956989247
22109 8.507710291858679
29189 8.394353914734987
37131 6.863759677419351
39111 7.701947338709675
40073 7.307411290322583
48127 6.000772580645162
5073 9.177785483870966
53001 7.500456129032258
55049 6.851303225806449
13195 8.66526559139785
13227 7.915483870967745
16079 6.914148387096773
17059 7.913787096774196
19121 6.91315268817204
21129 7.120873010752688
21199 7.644562672811057
27041 7.497459856630827
31059 7.277827419354839
31157 5.237131671554254
35035 5.914229435483868
38099 7.820931720430102
48421 6.232667741935484
51005 6.735887634408611
5113 8.835561290322584
12001 6.8309251152073704
13001 7.743096774193551
17097 7.7257177524773315
17185 8.020247580645162
19181 7.108079569892475
24039 5.969815023041475
25025 7.978252387729272
27157 7.835130107526878
29009 8.180319354838709
29510 8.49162559342667
39099 8.030309677419334
46103 4.677919354838712
48137 5.7231870967741925
5027 9.154296129032254
53015 6.252046102150545
55075 5.740149220430107
18011 7.661776129032254
39107 8.381412544802862
48021 8.162185161290312
48087 5.964051612903228
5031 8.69369032258064
12073 8.190004791271345
17149 7.401578709677422
18057 7.911713234077743
21013 7.525544731182797
21117 7.8927341463414695
22057 8.871775736325372
30069 4.629061290322579
31113 5.562567741935483
35019 5.022548387096772
38101 6.554257816377169
45029 7.60376917562724
47057 8.43252
55089 6.796806451612903
6063 4.776707695852536
8041 4.7986167990074415
13099 8.720633548387097
17027 8.10253225806451
19065 7.203779262672814
19147 7.6148185483871
20141 6.752541935483871
36071 6.61673597386689
36085 8.23390482391241
38029 6.070629032258065
39085 7.2023934927697475
40087 7.936856989247317
40117 7.626629677419352
42097 8.406963440860219
50027 6.1181017921146985
13213 8.149826612903222
18159 7.756449999999999
20003 7.504762903225806
26099 7.086983748506578
30097 4.824635483870968
39047 7.977294009216586
40139 6.311477419354839
42015 6.894858225806453
47059 7.942401290322583
47069 7.537172043010758
55093 7.946459677419353
15005 7.218387489756015
1011 9.109158064516132
13059 8.733620645161285
17093 7.988998064516127
23025 5.425578557874769
30013 5.6515419648093825
40047 7.404774193548383
45049 7.834759999999998
47093 8.88211690668202
48057 8.39939225806452
51107 7.793704218362284
54085 6.886982473118281
1023 8.953945967741937
24035 6.644779618768332
26133 5.731365053763443
54055 7.161935322580641
13129 8.847862724014343
17103 7.524862724014333
17159 7.947806451612899
18063 7.690641013824875
19013 7.6061632427843735
19093 7.603252688172044
27111 7.5466603415559765
37027 7.343711764705877
38085 5.4412016129032255
39135 8.13589327956989
48089 8.349849677419355
48193 7.068246236559137
2220 7.218387489756015
17023 7.779391129032257
19149 7.843190860215052
27043 7.854055913978491
27085 7.982858986175116
31095 7.139388172043012
39071 7.767319713261655
39145 7.744596451612902
42023 6.591773870967739
46135 7.066234838709675
48321 8.968120322580642
51007 6.59527870967742
53011 7.8345609181141125
55133 7.35821174043511
6051 3.7530763440860224
6097 4.758306940371457
8061 5.284016129032259
18039 7.828584767025103
18067 7.743630322580645
19059 7.670803225806453
20065 6.2259290322580645
20119 6.3737661290322585
24005 8.077843759421171
27017 6.695262672811064
27103 8.197237788018437
32019 5.032707741935485
38001 5.453054838709675
39003 8.216001955034217
39053 8.085862211981569
40107 7.907891129032258
46073 6.357512903225807
49041 4.073096774193547
49049 6.023335030241935
51036 6.807073763440862
54017 6.776591774193548
55105 7.387502207130729
1089 9.490294343791419
13273 8.965120967741935
17061 7.6841
20197 6.869122580645163
37071 8.568177866004973
46029 6.686975576036865
47127 7.922998387096775
48041 8.734256451612893
48285 8.009911827956987
48307 6.156319354838712
5019 9.133933548387096
53031 6.195233548387099
54067 6.781455760368667
18141 7.604126709677408
21085 7.557072811059908
21215 7.417869354838709
27105 7.645627419354839
29219 7.571008387096774
30089 5.71870752688172
33009 5.8357162988115405
37137 6.082158870967742
38095 6.680512903225806
39089 8.267136572580647
42005 8.265189303904933
47147 8.225067741935487
48217 8.345572434017605
48491 8.553894055817322
5129 8.158023655913981
5141 8.686757419354834
13037 8.747612903225805
30085 5.6457612903225805
31009 5.463232258064516
31139 7.139549999999999
36123 6.676352903225806
37081 7.990718731363523
38089 5.563929032258066
40061 8.737001612903226
41061 6.065161290322577
42037 7.662698709677413
46121 5.137656451612904
46125 7.10766612903226
47021 7.80423369175627
47087 7.432435483870966
48097 8.399824999999995
48231 8.927844991511032
48431 6.317693548387098
54011 8.005087463848716
54103 7.074881999999997
2185 7.218387489756015
12041 6.757159999999998
12115 5.723051029512704
19009 7.117554838709676
20153 6.050932258064515
31175 6.496266129032259
36011 7.325959083191858
37193 7.188526958525349
38105 6.075495852534565
54033 6.84567895894427
6005 5.872393548387097
1115 9.928741687344917
17085 7.014918279569889
20111 7.045583064516128
21197 7.1572161290322605
27033 7.572710483870967
27061 6.316683870967746
27117 7.384989677419351
27129 7.828644623655916
28019 8.415815053763438
28039 8.881807096774194
28103 8.552002150537632
37109 8.336554121863793
37155 7.604541727367326
39005 7.898195014662758
39023 8.164921334310854
48237 7.138258064516132
48367 8.14520645161291
49043 5.252119851116626
54031 6.713611505376344
56005 5.659703686635945
1077 8.691822580645157
12101 6.037330428502653
13051 7.640372285324857
18029 8.009802580645157
18153 7.8381961290322595
20199 5.811358064516128
24047 5.918825100806449
28095 8.62215842293907
28121 9.103130465949825
34017 8.823922969296586
37069 7.183650537634409
38015 6.2624904923599285
40095 8.26309435483871
47015 7.427731182795697
47141 7.457625161290328
51083 7.006700896057346
5117 9.529798924731184
6007 5.776590322580646
13053 9.207678709677419
19017 7.405674193548385
20049 7.016880645161291
22027 9.074436774193547
22125 9.029722580645162
27015 7.805518145161294
27159 7.353935483870967
27171 8.750795825426945
28077 8.651039784946235
28099 8.79529539170507
29041 7.151505376344088
30005 5.203226209677419
37125 7.310824551971322
39119 8.023625925297107
45027 7.780708064516131
48477 8.539916666666668
55101 7.179105425219946
6025 6.710441311134234
1041 9.153603225806453
1047 9.245861290322582
17199 8.130951397849472
22079 9.351715542521996
28081 8.541251103565376
29125 7.5218268817204335
32003 6.8687797443200544
37141 6.497241075268819
42087 8.168682526881716
42101 9.054182048051059
48357 6.163253763440859
51135 6.636938951612905
55031 6.3614129032258075
1051 9.52989698924732
12017 6.31627025089606
17069 7.771575806451611
20163 6.447112903225805
31097 7.088104838709677
35045 5.954151319648094
40149 6.512512096774195
48481 8.925437829912033
2100 7.218387489756015
1055 9.434919999999998
13117 8.474313261648756
13155 8.369370967741938
18111 7.773431451612903
19187 7.503073118279569
27135 6.2740335483870995
30019 5.610474193548386
37029 6.151691774193548
37189 6.689439205955334
38027 6.696812903225806
47155 7.729603405017916
47157 8.725880338636713
48151 6.47231129032258
48179 6.025820737327187
48235 6.18304193548387
48333 6.654351612903225
48405 8.295689247311827
51093 6.6608938306451595
51197 6.954477258064519
8055 3.749150000000001
13271 8.079089247311828
17173 7.934524731182792
17179 7.824903440860221
18113 7.859388064516128
26115 7.001424598842015
37079 7.369235483870965
37181 7.020359129032257
39027 7.93016308243728
40093 6.686359139784947
46129 5.652162903225808
48229 5.638651612903226
6061 6.892923036053137
11001 8.045841268697053
12107 6.191638519924094
17161 7.602516290322592
18145 7.9139932258064425
22071 8.544425296154538
26121 5.858515360983109
35011 5.403032258064516
35025 7.287218996415775
46115 6.3510623655914
55073 6.7364990442055
2230 7.218387489756015
20201 6.910201612903224
22099 10.269079765395901
27075 5.401473548387097
27107 7.835106451612906
28005 8.055117204301073
31091 5.1704354838709685
34025 6.663205887660726
35027 4.825773548387099
37171 7.242522463343116
40079 9.122445698924725
47171 7.1576516129032255
5143 8.64194919354839
18019 8.165204342431766
20101 6.408174193548385
22121 10.601394193548387
27099 7.642593841642234
30037 4.589358064516127
31005 5.375293548387097
31169 7.052990322580643
32031 5.741929809907832
45089 7.376711436950144
48413 5.918719354838709
5127 8.719613978494625
53053 7.677470483870966
6019 9.825278991732857
6093 4.7627753456221225
13153 9.294892426367454
18087 7.762313709677417
19129 7.752292258064521
21089 7.831299641577067
51049 6.47161387096774
8073 4.689191935483872
20161 6.966932949308751
21007 8.089362365591398
21123 7.5272782258064534
28087 8.767983640552984
34035 7.754007352941182
35028 4.776790322580646
51125 6.425032903225806
51595 6.934565967741937
54069 7.564666218637994
12113 8.44902464516129
13315 8.423587096774195
21005 7.311515483870964
21041 7.39741935483871
28009 7.868630645161288
34011 6.64002407020874
35055 4.236462903225806
39063 7.829662779156336
46007 5.067362903225805
48311 6.438674193548388
5011 9.130805806451612
51199 6.4764908755760375
55003 5.720486635944701
13183 7.482359139784947
13247 9.034326021505386
17041 7.899876774193548
17057 7.499109408602154
26051 6.057932903225805
31053 7.949661648745518
33003 5.9961909090909105
36041 5.505014516129033
37003 7.668935483870971
39017 8.549106733870948
47161 7.326299354838712
48091 8.26934838709677
49051 5.145904032258063
51105 7.649370322580645
55063 7.211100774193554
55123 7.05480322580645
56045 4.847500000000002
16011 6.237968145161291
17075 7.712234767025084
20125 7.781338461538462
26107 5.799992668621697
31099 7.024883870967741
36083 6.766003840245774
39077 7.470693821339955
39171 7.70327741935484
40137 7.414694428152487
47083 7.216551612903231
48113 9.511312201963547
48261 6.595967741935483
5065 7.900318548387101
5095 9.296072043010755
51091 6.18099870967742
6011 5.247564516129032
8095 5.871308064516129
18025 7.485793548387097
20035 7.251951026392966
21107 7.778539247311827
29055 7.338543010752693
33001 6.553987526881724
39011 8.364276246334308
40143 8.802321382488472
48065 6.206988709677421
48189 6.982232258064514
51175 6.740294129032255
1107 8.788055483870968
12043 5.072473387096774
13009 8.840087813620071
17089 8.068197718332037
19025 7.446084677419356
21051 7.220860161290325
30021 5.21670322580645
30077 5.913459677419356
31131 7.323435483870969
38067 7.559505161290327
41023 5.212579032258064
48315 9.125662096774198
5107 9.03993440860215
51159 6.114760161290325
55037 5.585808709677418
8014 6.541974910394266
13161 7.977037634408602
13193 9.125334677419355
19029 7.022212258064518
21027 7.571306451612902
27143 7.979709677419354
28151 9.052031748726654
29005 7.191188709677421
31003 6.82572258064516
34037 6.642928717545231
42049 6.716289995456618
45005 8.08932258064516
47131 7.910543870967746
51153 7.186555421686745
54013 6.850486129032258
6037 10.225147325595806
6079 5.944460073037125
13075 8.402655645161287
13289 9.025325806451614
17063 7.648598387096779
20187 6.098551612903226
27139 8.87023456221198
27151 7.582383064516132
28023 8.989724193548387
29031 8.460306048387107
29211 6.773100000000005
30051 5.906093548387098
32007 4.794491013824885
42065 7.4533421836228255
44005 5.470631231671553
47175 7.273579032258064
12055 5.259991099163674
13005 7.814169892473117
13207 9.184372258064514
13261 9.141632258064515
17013 7.701859677419354
19083 7.420346774193546
22043 9.073961290322579
23007 5.230404659498213
27153 7.489713709677424
28051 8.352811612903224
29171 6.760583870967741
29225 7.942307258064521
31087 6.123832258064513
37093 7.416563440860217
37167 8.290432506203473
42105 6.271441677419355
48161 8.545184331797236
51145 6.638286967741934
51620 6.671627741935479
8057 3.4659354838709686
16031 5.891334946236559
17111 7.91760285359802
17131 7.519333870967741
17197 8.068254584040734
18157 7.572421185701835
22107 8.253432258064517
26123 5.933641642228742
27013 8.21029314516128
27087 7.9712129032258074
28083 8.611625806451617
37075 6.845011827956988
38017 7.957238318670573
4012 5.026982795698925
49029 5.598725806451612
54009 7.7823997311827995
8063 5.327567741935482
18043 8.108218064516132
19115 7.418144086021505
20039 6.253241935483869
21093 7.651239882697947
22045 10.11255569892473
25019 4.809423870967741
29007 7.382158525345624
31127 7.100738709677418
31133 6.954074193548387
34027 7.313102064516155
35057 5.461699193548388
38005 6.664585483870969
38039 7.06772935483871
47085 7.167990967741932
48313 8.733255645161291
50013 6.854056451612904
55119 6.7176913978494595
8029 3.733399999999998
1065 8.790102150537637
1069 9.288329912023466
12085 4.812024239631339
13303 8.638083225806453
16033 5.5933290322580635
16085 6.331305913978498
17123 7.495506451612904
21065 7.1619451612903235
29175 7.214018817204303
37039 6.996398617511519
39167 7.753982641129028
42107 7.991735725806447
46089 6.099758064516128
47061 7.424102419354839
47183 7.706604985337243
48163 6.543775268817203
49021 4.108802016129032
49033 5.014212903225807
5119 10.33079945670628
53069 5.721461290322581
55007 5.66661548387097
2020 7.218387489756015
18117 7.499382795698921
19103 7.687286021505383
20069 6.610980645161289
20091 8.337150893300233
28089 9.161941167434716
37025 8.774333304272012
37133 6.3760047866805465
41043 7.813175222734253
42113 6.692962903225805
5099 9.074279569892472
55099 5.910273655913978
55121 7.38085080645161
6017 6.084175918979735
6105 3.9197798709677425
2060 7.218387489756015
13029 7.628478801843317
18041 7.731449308755753
20075 6.073890322580644
28155 8.252943010752686
33007 5.004552785923754
38059 6.022249677419353
41045 6.98534717741935
48005 8.640283681214424
48095 6.158883870967743
48111 5.728877419354839
48263 6.1932451612903225
5097 8.735846236559144
53063 7.965201198156667
13077 8.708369193548384
17137 7.603091290322576
18073 7.857947580645154
19095 7.548741935483871
21063 6.995601612903227
32009 3.780148387096774
36107 7.0802638709677455
37041 6.2486590322580655
39101 8.189956451612904
46021 5.876538709677421
47099 8.10502551319648
26049 6.599375363211025
28043 8.223599999999994
31161 5.12008064516129
32015 3.7719419354838704
36013 6.519541235023033
39045 8.19426278801843
39133 8.038649400921663
46077 6.574859677419355
51600 7.818823225806452
55055 7.310905322580648
56043 4.774700000000001
16023 5.073567741935483
21143 7.62848924731183
29141 7.586161935483868
29165 8.193541129032269
30043 5.790529032258068
37007 7.904518817204303
37135 7.60652016129032
37157 7.410897357910908
39073 8.011541935483871
46049 6.144070967741935
48471 8.908921290322585
5057 9.135470322580646
51081 6.898658279569889
51183 6.7540405806451655
6013 6.29274610732008
6015 5.125010599078341
6055 4.940553306451608
1067 9.009350537634413
1119 8.868420967741939
19159 6.769385483870968
21217 7.506593548387099
22115 8.34493440860216
45075 8.227141290322582
48121 9.296514504355999
48351 8.27415806451613
48463 6.316289032258064
5015 8.180119354838713
8111 3.356790322580646
1127 9.493998387096777
1129 8.937509032258065
12015 5.423917402376908
13283 8.234887096774195
16049 8.029167741935487
16053 7.018492903225805
18007 7.66608494623656
19045 7.369894892473118
21075 8.004577419354838
23015 5.768756630824373
29071 7.498201707779883
35049 5.727728064516131
39013 7.700956209677428
39087 8.118415322580637
40105 7.940165322580646
41007 5.346658870967739
47119 7.908398861480074
53045 6.163211013824888
53073 7.7612998007590095
54027 6.849039161290325
56011 4.681074193548388
8117 3.1122509677419377
13073 9.098528548387085
13087 8.868818894009216
13225 9.308913978494619
20043 7.360055913978496
21097 7.3101606451612895
22063 8.886577039848198
26003 5.048080645161291
28021 8.118946236559143
29145 8.354059139784944
30031 5.554116715542516
40035 8.139957419354841
47179 7.832227489481068
48055 8.094976209677416
48063 9.228572043010749
48199 8.691806744868043
51167 7.4156751152073666
54095 7.108013763440857
55043 6.965617204301069
6101 6.6406683563748095
12019 6.807954838709674
13219 8.675680107526889
17169 7.32321505376344
20131 6.9996279569892454
21057 7.391727419354842
28053 8.789146236559139
29217 7.793594086021508
47089 8.402760931899639
48331 8.006583870967745
48449 9.240679435483878
5137 8.101786021505376
51770 7.395170995792428
10003 7.901697275434242
19043 7.069764516129035
21149 7.92140752688172
22065 8.647066451612902
26109 5.649832764976957
31101 6.1725462365591435
36059 6.876887085212184
37005 6.731174193548386
37199 6.8659058064516145
42027 7.768424297606662
42115 6.536754545454549
45059 8.617545351043658
48435 5.776032258064515
49001 3.9580903225806447
5005 7.915292831541227
5085 9.886729233870954
1003 8.646276795005205
12009 5.0992077847559205
13245 9.466588400823614
18047 7.862929032258065
20087 7.5561895161290344
20109 6.129254838709677
22033 10.115940497896222
22075 7.434968100358424
24013 8.336901612903228
24021 8.389323003701753
26063 6.297774731182796
28131 8.70831935483871
29159 7.599222287390028
30023 6.404906344086023
30045 4.437976129032258
31045 4.848435483870968
36065 7.035837837837843
37175 6.986836866359442
38083 6.4581451612903225
40009 6.190381451612904
41049 6.950459677419355
48443 6.2666548387096785
5043 8.992395483870968
51683 7.335073732718895
54015 7.024403010752683
6023 4.947999118279577
1121 9.491734164222878
17203 7.618359856630834
19165 7.36697741935484
32005 4.64803187855788
35009 6.657948387096777
38075 6.406751612903228
40039 6.583575483870968
4025 4.764674039938556
41033 5.667619153225805
45017 8.269558064516133
47001 8.61745448028673
48279 6.95483548387097
12089 6.428294892473118
13151 9.106563741935483
20023 5.8130741935483865
26093 6.581717852987832
29139 7.344981451612902
36043 6.6085512733446485
39025 7.918915887096785
45039 8.140710322580642
46039 6.910412903225803
48281 7.146186451612904
51103 5.9934355913978505
54021 6.7127195161290345
54045 7.363322903225811
55001 6.816569585253455
8037 3.2923709677419386
1125 9.755328483184627
12129 7.478470161290318
13167 8.4924
13177 8.977987741935486
13185 7.920134064516126
13309 8.08275
16029 5.1618483870967715
19153 7.351251777485193
20145 6.606801612903224
21091 7.79011612903226
22001 9.35360376344086
37031 5.732400174367913
38011 5.316037096774193
46027 7.273898924731183
47153 7.649701075268817
48181 8.707167617865997
51119 6.126373709677417
51650 6.569896214421241
53047 5.071690354838706
53059 5.903414838709683
16003 7.161843548387098
16073 6.44648817204301
17077 8.189588940092156
29123 7.589019354838708
40103 7.586309677419353
42063 7.851392328190737
46067 6.873534408602149
47067 7.982106451612904
48025 7.567795391705073
48393 5.888870967741935
48455 8.745267741935482
53049 5.227005069124423
54025 6.744595990783414
26037 6.593508651026398
26125 6.958008057835479
38053 5.742784677419352
39049 8.63975382326214
39067 7.904792451612897
42071 9.804821066491131
45003 9.059129227761483
46043 6.555000000000001
53019 5.001277419354838
55019 6.944068145161292
1029 8.562395161290327
1105 8.84949784946236
19193 7.8403875930521
20137 6.263167741935484
21109 7.269620430107525
21125 7.574355334987595
21127 7.3397304516129065
26017 6.481139652605456
32027 4.369335483870968
36111 6.149363692518872
37017 7.257631720430108
39105 8.00106075268817
42131 6.815479723502303
45041 7.9502170087976465
48385 5.904387096774194
51550 6.711600810385532
54043 7.464376129032259
12081 6.0019675351530175
34023 7.841208571428586
36035 6.658159139784947
36115 6.782995066413662
38097 7.825956451612905
39131 7.843343010752687
40133 7.926004659498209
42109 8.673980241935487
46097 6.664464516129032
48329 7.17205591397849
55029 5.320203691756277
56023 4.777683064516134
6049 4.610216935483871
8039 4.4484253456221206
9011 5.681244119106694
2013 7.218387489756015
1111 8.32966612903226
12131 8.129496774193552
20021 8.251348924731182
20047 6.430246774193548
26005 6.39898588709677
28065 8.943216129032258
29037 8.116463709677422
29095 8.444780855892379
45021 8.55510893300248
47017 7.4361112903225814
48167 9.266326295210177
5037 8.941355376344088
51133 5.912909354838712
1081 9.407066427718043
12045 7.139521505376346
13201 8.712349462365593
20135 6.347379032258064
28093 8.1358
31147 7.127462365591399
39075 8.213566088709674
47177 7.330506093189961
48325 7.3767544354838765
8031 6.487571348566301
8099 5.429802580645162
1061 9.136946774193548
27095 7.687321198156681
29025 7.1764338709677435
29157 8.025883870967744
31149 5.590783870967743
38049 6.550751612903223
41025 4.8983129032258095
46087 6.927845161290322
48077 7.140430107526883
48213 8.885167552182164
5053 9.453571774193552
55067 6.1230967741935505
1057 8.835181935483876
12109 6.081109919354842
16001 8.436516402405672
17029 7.918692741935479
19191 7.013525161290319
20095 7.1932021505376325
26113 5.736748387096774
28035 9.276119734345361
29063 7.208729032258066
30075 4.69714193548387
31151 7.3302185483871005
33011 7.4175701800450025
34039 8.408426672640386
36067 7.45845732718896
51173 6.8344255555555575
6113 6.254602596380803
8001 6.877395443964102
8085 3.6234219354838717
15001 7.218387489756015
18115 7.752709677419356
20189 6.4309516129032245
20209 8.422958894009215
25017 7.880873706634171
27027 8.164893052109171
28063 8.03016612903226
29047 8.228973020527873
40015 7.011311290322582
41041 5.6647388994307395
47003 7.952952688172049
5079 9.15588629032258
55045 7.071200806451617
55107 6.6345477419354815
13081 8.695625268817198
17099 7.61167177419354
19035 7.69821370967742
21001 7.533333640552993
22119 9.217420527859241
28157 8.267214516129034
29003 7.301388709677419
30039 6.845253225806451
48283 6.102941935483869
48377 5.06617741935484
51097 6.386025483870965
51101 6.580304677419354
51131 5.751939784946237
51181 6.575845806451614
6085 6.280540877558073
12071 5.452495666537106
13089 9.246813948832022
13103 7.904531935483872
13199 8.845358064516128
16075 8.516785483870967
19177 7.001006451612904
22077 9.916083870967741
26001 5.735889290322581
27163 8.559681419354845
27165 7.694018279569891
29135 7.682022580645165
30101 6.074364516129038
51193 6.204054677419355
1093 8.49002741935484
16057 8.125072811059907
17015 7.140915591397844
18069 7.827930824372762
19003 6.928325806451611
19119 7.787017204301075
19183 7.469653548387099
20107 7.639540322580646
21131 7.067212795698928
26055 5.356648104838705
30017 4.992499999999999
5071 8.8168870967742
8059 5.610026203833553
12021 5.308652408307556
13277 8.572174193548383
18147 8.096581290322584
20143 7.06862741935484
20183 6.693429032258066
28017 8.466679838709682
28123 8.859748924731182
48487 6.430324999999999
51570 7.102299354838709
8045 3.787278299120234
13033 8.896561290322577
13093 8.944364516129033
17191 8.005527741935481
19057 7.411999999999994
19125 7.124208467741937
26127 5.6338364055299515
28049 9.099171925403246
28143 8.925606451612905
29097 8.359464076246335
31143 7.435732258064516
47101 7.290866129032255
51011 6.7456565591397855
51037 6.78674612903226
51670 7.109567419354838
54091 6.7461737903225805
19073 7.2536540322580665
27089 7.080553225806453
31159 7.626073387096775
36081 7.895800313419157
39147 7.7519123502304135
40067 7.373155913978494
45025 7.885299354838709
47013 7.841093548387095
48069 6.770350537634406
53043 6.660634677419358
17121 8.057460752688165
20139 7.299541935483875
22017 9.760108114919355
25009 7.5888059737156235
28139 7.886010483870967
34007 8.362558343916675
42069 6.834039256424271
47121 8.48062258064516
48427 6.509084731182794
5061 9.024560215053762
53055 7.6061540322580665
16013 4.748836774193548
17073 7.54597047146402
21231 7.391625806451616
28057 8.298779354838711
32011 3.7905322580645158
35029 6.407052150537633
39125 8.051749677419352
55131 6.959879838709676
1053 8.762066308243726
13229 7.43844112903226
16059 5.9591689247311805
19069 7.465233333333331
26059 7.1084620967742005
31007 4.646435483870968
40021 8.66491577060932
40059 6.066764516129035
47005 7.225227741935487
48175 7.7360338709677405
48203 9.138561981566818
48251 8.737371313364056
56019 4.310077419354838
15003 7.218387489756015
17171 7.538401612903226
18037 7.9745603686635995
20017 6.866048387096775
20077 7.247707526881716
21021 7.437251612903233
29061 6.9563483870967735
31085 6.159106451612903
36057 6.834089919354835
40001 8.635318709677422
48359 5.772899999999998
48403 8.137803225806449
51073 6.3004612903225805
51820 6.8357872258064525
6029 8.652265926084175
6071 9.74208208759506
18103 7.784687741935485
18163 8.267860566161954
20133 7.732036774193548
21103 7.292916129032252
21191 7.202178494623656
21203 7.432424193548384
28137 8.649929032258065
29155 8.430902150537637
29173 7.352056989247314
35039 4.84304802867383
39103 8.068013095030519
41011 6.8803436724565845
47133 7.288811981566816
48047 6.73038387096774
48371 5.916397580645163
48457 8.30946387096775
51079 6.695501935483871
51127 6.722155698924734
1017 8.889186379928312
13159 8.858210752688173
18175 7.6444580645161295
20051 6.682040860215051
20171 6.541377419354837
26065 6.63153054559937
26143 5.660155645161292
30047 5.602663709677416
31119 7.279420788530466
34001 6.180405572697532
45061 8.095592626728113
48335 6.487553225806453
48475 6.599362365591397
19113 7.556446236559145
27057 7.1549345622119835
28147 8.306658064516128
29187 7.510472727272732
36045 6.366781032258069
36091 7.265266838709673
37057 8.379293453510439
37083 6.913533494623656
38041 5.532254838709675
42077 8.5087342105263
45047 8.429815207373268
47041 7.378068548387095
48119 8.751249999999997
48365 8.799890322580648
48387 8.947922580645164
49019 3.9512661290322577
51043 7.465961290322581
54049 6.964037204301076
55083 5.978477548387096
8017 5.299703225806451
17105 7.512622903225807
19123 7.364375115207372
19195 7.560870967741935
20041 7.062718817204303
39117 7.995235806451612
39143 7.465085849462372
42111 7.300204546850995
45057 8.166356221198159
45085 8.18240294530155
46013 6.465348790322581
1005 9.256548387096776
13003 7.9685946236559175
13239 9.005029032258062
19169 7.343096612903228
22003 9.038774838709678
27067 7.856376612903225
27077 6.657113225806454
28061 9.01424677419355
37165 7.664353917050692
49027 4.3709354838709675
51775 7.341725483870961
2188 7.218387489756015
15009 7.218387489756015
17127 8.08322177419355
19019 7.425732258064519
21043 7.1437548387096745
22031 8.944225345622122
31117 5.388116129032258
34005 7.947039926428979
36005 8.212950575696999
40145 8.811372434017608
40147 7.825612655086852
4015 4.856749287321827
41017 7.219996733870972
55011 7.6049412903225795
55013 6.749196774193546
8011 4.909325806451613
19001 6.833175268817202
20071 6.059874193548388
22111 9.155066666666674
28159 8.466691612903228
37185 6.857075107526879
40007 6.165115053763439
48295 5.951448387096775
48391 7.80939516129032
48411 6.491532258064516
8119 3.718689784946236
9013 6.423415239154609
2050 7.218387489756015
12077 7.561246774193551
13043 8.2011376344086
19131 7.284467741935486
19145 7.264948387096774
20103 7.8845183467741995
20181 5.792787096774194
28127 8.959976774193548
29091 7.6394866935483945
39115 7.98595806451613
45079 8.714047191011218
48299 6.864989784946237
51530 6.575282258064516
51660 7.41844263929619
13007 8.736408064516127
13039 6.400825161290322
13055 8.843545698924723
13269 9.038484946236562
16077 5.736096774193551
19111 7.2605636363636314
21067 7.722146616837134
21111 8.03776142543489
30071 5.183241935483871
37163 7.6120090909090905
46057 6.687191935483869
48363 7.327621505376343
50005 5.527782580645163
51033 6.600733917050692
6001 6.575707831541194
8083 3.7141548387096766
10005 6.085392769324415
1031 9.369485253456219
1091 9.166702688172048
17031 8.22963670762149
19197 7.4678548387096795
29143 8.547739247311826
31047 6.504608755760367
35051 5.038549999999998
36007 6.921481290322579
42033 7.317967435483876
46105 5.021551612903226
47117 8.116344623655912
48323 6.18458458781362
13025 6.933661290322584
13133 8.424688479262676
13147 8.692036129032257
20123 7.054493548387097
24023 6.789660230414746
26067 6.478463523573198
27007 7.448068387096773
27161 8.22353612903226
36055 7.3197682291666615
55115 6.352199853372435
12051 5.470608294930878
19005 7.0541251612903215
20025 6.189196774193548
20037 8.077702052785924
27031 4.979031774193549
31109 7.818347384481257
36069 6.993662387096774
36097 6.771936129032255
37177 5.861795806451614
39015 7.611835842293912
40065 6.445206854838711
40121 8.225488833746903
42075 9.708442455775227
5039 9.377782795698923
51760 7.189926251221889
54037 8.015385376344089
55087 6.663643467741933
8077 4.291152502780863
12087 4.042520752688171
17043 8.329274746117106
18139 7.786822580645161
19097 7.137189784946236
21233 7.824299193548389
23003 4.416825537634406
26089 5.041439032258065
27121 7.55130483870968
29229 7.735129838709676
31021 7.740090322580645
38051 6.2104870967741945
38093 6.720398387096774
48149 8.027180184331801
5007 8.63246247531272
51067 7.10802990322581
54083 6.2343862672811
55139 6.606563021243109
8093 3.17092258064516
2240 7.218387489756015
13241 7.033016774193547
18167 7.69519447004608
21209 7.5219223502304144
29115 6.930025806451613
35031 5.2408438330170775
36023 6.926928655913977
37047 7.120276426799006
47091 6.777807741935482
51710 6.7291899243329505
51735 6.412541397849461
54063 6.9392315053763465
13211 8.706941290322584
16019 6.608922580645172
18081 7.835548973607027
22073 9.285830241935491
24025 7.737943367289184
29203 7.245804838709677
34031 7.915701967741926
39065 7.940779723502308
51630 6.739686236559143
55081 6.937909677419349
56013 4.8402264516129065
13267 7.8052638709677336
17051 7.976403686635942
27131 8.582471712158808
28037 8.050811290322581
30011 4.805403225806452
30033 4.80438064516129
30063 7.2234437096774196
34019 7.64981129032257
35006 4.422419354838712
37147 7.022567842741933
46059 6.160985483870968
48049 6.6990766129032275
48469 8.493103786816267
18021 7.589561827956987
20185 6.779432258064516
23019 5.226756381486667
26161 6.954921693548382
28069 8.640333870967742
28153 8.948395967741936
30111 5.434949697580645
40025 5.351229032258065
4005 4.476531105990783
46071 4.986708064516128
48107 6.653197849462365
48275 6.319162903225808
49015 4.188812903225807
51510 7.774138030560268
53017 7.276064919354839
53071 7.194175268817198
55057 6.935232718894002
8087 5.693525
12039 8.35434372759857
20149 6.945530645161293
22007 10.298943548387104
27059 8.11556048387097
45015 7.564021218638002
48177 7.7994483870967715
48425 7.676911290322581
5013 9.441519354838709
1063 8.718256989247314
17109 7.3849800000000005
18125 8.057780645161287
20027 6.913922580645161
21033 7.652892473118283
21049 7.4772570967741885
22015 9.788957624633428
22089 8.733497766749384
25021 7.425852729528532
26087 6.606350215053762
29169 7.6141788530465915
37023 7.467127777777778
47125 7.871707526881717
50025 6.145934408602153
51840 7.506023225806453
12083 6.4696635944700445
18009 7.73344677419355
18049 7.745496236559142
18053 7.735008266129034
19179 7.214273313782991
29087 7.212151612903222
31125 7.109006451612904
38031 6.779867741935483
47129 7.74252451612903
47151 7.336945161290324
55141 6.870708349146115
6047 7.6752021724819155
16043 5.634496774193547
17067 7.276310599078345
20055 6.857336290322577
30015 5.485574193548387
36053 6.924393306451609
37119 8.94504233697908
42079 6.965000651364759
47081 7.2418005376344095
48327 5.880561290322582
48489 6.9215058064516155
55047 6.78292795698925
55069 6.261935903225806
55113 6.04716075268817
1025 8.951122580645164
13301 8.592762903225807
13313 8.712429211469528
18017 7.774492375366573
27169 7.537462903225809
28135 8.659966935483872
30065 4.6566693548387095
31081 7.477589247311829
35053 4.515945161290324
37161 7.795607940446653
42039 7.208185203366053
42085 7.7593674193548345
48053 7.331846774193553
48419 8.536670967741934
8053 3.1410741935483872
16065 6.495468279569891
16081 5.048954838709678
17035 7.914026881720429
17167 7.882853134510038
20085 7.100862365591398
20105 6.956190322580648
21237 7.01395129032258
26081 6.574965095766126
27093 8.030779569892474
28025 8.655786451612904
40077 8.341370967741932
48103 6.536622580645162
48485 7.248127986050575
49053 4.900725806451609
55009 6.4017267622461045
29027 7.554427419354835
31075 5.16937741935484
37019 6.42790068426198
42017 8.29860421836229
2105 7.218387489756015
1085 9.44211370967742
18065 7.661662779156327
22029 8.460877419354837
28027 9.088785714285716
29023 8.22209290322581
34003 8.12198333032977
45013 7.058285403225811
47051 7.716417204301074
5035 8.955407741935486
51800 6.690714539170503
55021 7.069791129032256
55091 7.691587096774193
20061 6.964059677419355
28079 8.539111612903222
29177 7.527337096774197
31179 7.323843548387095
35001 6.813384925152856
37111 7.151037419354837
42099 8.876041290322583
45053 7.599689516129032
46019 4.715837096774192
47077 7.3892747311827955
47115 8.012503763440867
55035 7.446270806451611
6111 7.22975323512959
13137 7.590333064516122
13149 8.384348387096775
17025 8.021525806451614
17145 8.165860752688166
26019 5.10101651612903
29035 7.396299999999997
31141 7.557417511520732
39057 8.199382764976969
41067 8.430035421836223
48273 7.360574193548387
48277 8.74336021505376
5021 8.494852150537634
51790 6.888686236559141
8021 3.514261290322581
8069 5.594549756959778
39039 7.94692365591398
39079 8.094292165898619
39153 8.287277992831532
40075 6.525925806451615
48079 6.568190322580645
48109 5.396396774193549
48407 8.86488951612904
54051 7.40372347670251
55027 6.991060483870963
13091 8.380993010752688
17163 8.3207961827957
18155 7.614564516129033
19151 7.504959139784946
29051 7.852338064516128
42003 8.846620141229337
45071 8.39555161290322
48445 7.166051612903223
51027 7.49690783410138
54041 6.597464774193548
8015 3.162600645161291
1099 8.921499078341014
13265 8.344545161290325
26061 5.221710903225806
29069 8.666315161290312
29153 7.730637096774194
30061 6.8562338709677455
35037 5.391287096774193
37053 5.919214746543775
38019 6.80066935483871
39041 8.476447806451612
39165 8.412525415444781
40037 8.128780798771125
45083 8.830052220663841
46099 7.505341321044547
47181 7.539815322580646
48099 7.630796434634973
48133 6.791756774193548
48201 10.72044361405234
49011 6.711126463560329
51025 6.822852387096774
56037 4.907399462365591
6035 4.629578673835126
8025 4.844796774193549
13253 8.800704301075267
18077 7.674458525345623
21055 7.699326612903225
22101 9.115655443548384
40017 7.825240378197993
47065 8.674630369787558
48303 7.537136385199236
48309 8.507635104364327
51095 6.516081994134904
54099 7.791784340175952
1071 8.45832170087976
13189 8.749225806451616
13257 7.871064516129036
18131 7.795284677419353
23005 6.725973264907135
25005 6.074876258064524
26029 5.211209925558313
27079 8.347189784946234
33017 7.26155832258065
36047 8.161590547538184
37091 6.644838838709678
37153 7.552490909090908
4003 4.74236441532258
40135 9.150946953405018
42009 7.533477390029318
45009 8.148016935483875
45023 8.20442815249267
48269 6.0562387096774195
54001 6.47234935483871
54059 7.567079861751148
12059 8.716523387096775
13115 9.034621290322585
27155 7.528745161290321
28075 9.145302886247876
28085 8.378767741935484
30093 6.266789999999997
35021 4.6965806451612915
38003 7.156669758064519
38079 6.406264516129033
40005 8.201807258064518
42093 8.284606451612897
53041 5.9065705483870925
8089 4.7997511520737355
13019 8.258817741935486
13023 8.701563440860216
17183 7.674648387096772
20007 6.7419499999999974
20029 6.979429838709681
26073 6.1087825806451574
27101 7.449235483870972
31107 6.814561290322579
36009 6.39034368663594
37043 6.937429032258063
39031 8.039055225806448
40081 7.767300460829497
41037 4.911966129032259
45033 7.719302688172044
48305 6.921193548387098
48343 9.18309784946236
48501 7.1145887096774185
51017 6.330632258064517
1073 10.752786681179511
17007 7.623861290322583
18091 7.363755875576029
29105 7.7986537634408615
37013 6.446718768328447
38035 7.830092652329756
48409 7.730011088709681
48467 8.937540645161286
48473 9.525936021505382
5023 8.66948248847926
5131 9.347529404466506
13215 9.39486068167986
17119 8.305149233209944
19175 6.8068201612903225
21011 7.2514408602150535
21185 7.7025997695852455
26039 5.6871825806451595
27127 7.678882258064517
28113 8.232093548387097
29075 7.030154838709677
30027 4.659791774193549
31043 7.764954032258065
32001 4.7017898617511555
36037 7.100169677419364
41069 5.515745161290321
45031 8.108793346774194
47149 7.984319684002631
55078 6.096069838709679
6083 6.119316962667631
9007 6.071386738351259
19161 7.500704838709681
21165 7.098135483870968
26095 4.915572043010752
27055 7.1454412903225775
29101 7.651158781362012
29103 6.940599999999999
39019 8.019585760368667
40063 8.02159870967742
41057 5.3135798387096775
48241 8.200878629032259
50023 5.770247538200338
5091 9.362208064516123
53023 6.739209677419356
56003 4.76955268817204
1019 8.900313440860213
13125 8.631932258064516
13291 7.1550290322580565
18099 7.7959685483871
18123 7.789003225806451
19011 7.530090322580646
20121 7.836486693548387
20193 6.238120967741937
22049 9.046405161290323
26025 6.888182464846975
40083 7.8596689516129015
47137 7.209106451612903
48159 9.061118279569897
48259 7.425467204301078
51680 7.015965008488966
8009 5.106164516129031
17017 7.458819999999999
22095 8.894608504398812
26045 6.634810138248848
28029 8.542739247311827
28059 8.588644700460828
29111 7.1113443548387085
30073 5.684462903225807
36033 6.058567050691241
38007 5.250635483870968
48483 5.945777419354836
19127 7.407133548387098
21087 7.5084217741935495
22005 10.054951152073743
23001 6.5121633640553
26077 7.027797849462354
29059 7.74461612903226
29213 8.208614516129032
31185 7.512752419354839
37113 6.9473702508960535
37197 7.7292099078341
40115 8.238873835125455
41047 7.90570008898776
42021 7.679611090629791
46015 6.009940322580646
46017 6.023016129032256
46045 6.144438709677419
48143 7.167992338709679
48453 8.756563421130515
49005 6.1366172456575585
49045 5.4047032258064585
5083 8.852789247311831
5123 9.106339247311828
5149 9.009483333333328
55129 6.404872903225806
12029 6.486288172043012
13135 8.964624065087072
20099 7.930998387096775
26007 5.663414157706089
27069 6.75116935483871
29186 7.81297580645161
29197 6.802985483870967
31121 7.306991397849459
37011 6.708405806451609
37151 7.95216555299539
38077 7.89291397849463
40013 8.420448387096775
45063 8.68139930252831
48081 6.460362903225809
8065 3.0414806451612897
8107 3.6620169354838703
1045 9.423007142857132
13035 9.059052688172041
16083 6.535945622119813
19051 6.95808870967742
19089 7.039817204301076
21025 7.015139677419355
21151 7.406260271646854
21189 7.153884193548388
21225 7.8915096774193545
22103 8.064170967741935
27019 8.645137691001699
29113 7.693949769585254
29221 7.197015483870969
31015 6.060203225806452
36015 6.961833284457475
37123 7.692675268817208
42029 8.73135116796439
44001 5.962819061583578
48191 5.96533870967742
48461 6.4308064516129
49035 6.957679062690224
56015 5.0121419354838705
13049 6.53879193548387
13173 7.740446774193549
21039 7.976804301075264
21053 7.369780645161288
21173 7.3119193548387145
22083 8.937693548387097
29029 7.6840442815249315
31093 7.003885483870966
35041 6.36126193548387
40027 8.246232049947988
42125 7.764597375615099
45043 6.752021198156684
5103 9.397858064516129
51610 8.031976344086019
6081 5.754250694160886
17009 7.2918306451612915
19109 7.679924193548384
20073 6.918506451612906
4027 6.006756480938415
48493 7.764182697947214
50009 5.18921935483871
5001 9.28533991935484
5059 9.313041935483877
51147 6.582862129032254
51185 7.079751055718477
26079 5.526507096774192
29099 7.903417281105997
34015 7.990379288274454
35017 5.171354032258072
38061 6.18253870967742
48059 6.605335483870969
48415 6.467878225806449
5069 9.485242338709675
55015 6.568259530791796
55023 7.049506451612907
12007 6.6573
12111 4.857697807917892
21017 7.469330107526884
27039 7.987430322580645
27053 9.338992005610125
29045 7.026231182795699
31037 7.595111827956988
38087 5.193535483870966
39129 8.209817866004968
4023 4.733080322580649
47163 8.201256079404473
48389 5.903609032258068
49003 6.2368941348973586
1027 8.555636290322582
12086 5.804377849047237
17181 8.188896129032257
17195 7.4171942652329745
19087 7.328905806451612
22047 10.65853963133641
28007 8.223855913978497
29043 8.384755990783411
36061 8.668367383512518
39021 8.152992580645165
40031 7.23417338709677
48073 9.04248575268817
48197 6.232116129032256
5041 8.959117419354836
51179 6.779634898446831
1133 8.77563133640553
13079 9.217910752688177
16021 5.402851612903226
18033 7.8508795698924745
18137 7.780240860215059
19031 7.485422580645164
22021 8.745573118279573
30091 5.878090322580644
30099 5.538829032258065
48013 7.4017193548387095
48023 6.394480645161289
48223 8.896830107526883
48503 6.774462903225809
53039 6.2643556989247315
6033 4.077698752688173
13163 8.743381451612901
13223 8.653255687606109
18031 7.89766935483871
18071 7.789665161290328
19037 7.151349193548384
23011 6.074132466181064
38021 6.683287096774191
4001 4.101476209677423
40125 7.904305846774192
41039 8.078570877719427
45065 8.282195698924726
45073 7.9886240860215105
47105 8.90580129032258
48215 7.290121153297174
51075 6.668732967741935
51191 7.287144168734492
9001 6.3695611674347115
1035 8.773950322580644
12123 7.0301806451612885
17037 7.754221812596007
20177 7.539447486871721
22023 8.214648387096775
23029 4.467300248138955
29161 7.494189999999997
30083 5.562880645161287
30105 5.337088172043011
31067 7.1847516129032245
37187 6.194184946236556
48247 6.362256451612904
49013 4.61290752688172
5077 9.16457177419355
53007 6.831070967741937
55103 7.049078064516136
2282 7.218387489756015
12097 5.9338243902439
18173 8.257064516129034
21171 7.528370161290321
31027 7.166343548387096
31105 4.7476677419354845
36017 6.318495349462364
39163 8.207909677419352
47143 8.154993548387097
48117 6.447695967741935
48169 6.449987096774195
48479 6.192233791644624
51041 7.031670304407097
51750 7.283161827956989
54047 7.2667090322580625
6031 10.060489247311837
2198 7.218387489756015
1015 9.47537565036422
1131 9.005504032258061
13057 8.619090198511177
13105 8.446892258064512
18149 7.798330414746544
22053 8.92022350230415
26145 6.547844527649767
30103 4.912241935483872
31031 4.995385483870967
37195 7.423616298811549
42103 6.276211469534053
46079 6.902219354838706
47031 7.684859408602158
47047 7.907911436950152
51115 6.0704137096774184
51690 7.180932645161287
13171 9.20528709677419
20083 6.349429032258066
27133 7.621068817204303
36093 7.213964516129025
40111 8.139922258064514
41005 8.326388741935492
41063 6.168898924731183
46053 5.809827419354838
46085 5.667048387096774
54087 7.051449516129032
1097 9.567537662705137
19155 8.031693548387091
21167 7.408170322580645
21183 7.717034101382486
24029 6.875126064516131
29133 8.328258064516131
36027 6.490429399755001
37067 7.9968597988206875
41031 6.627853709677419
46047 4.558648387096774
46101 7.206888709677421
48007 7.424311612903224
51171 6.970255053763439
5145 9.262771464019854
53061 8.481323529032252
56029 4.862901290322578
20019 7.116919354838709
22009 9.407969534050183
31083 6.550951612903224
36039 5.974884946236554
47111 7.53910806451613
48267 5.813551612903228
5067 8.587179999999995
5111 8.775667741935493
56031 4.3898274193548374
56039 4.523519354838709
13069 8.135606451612901
13101 7.0959919354838705
13237 8.726794193548388
17115 7.907718595825421
17139 7.9104443548387104
17187 7.524902580645165
21095 7.32988530791789
22025 8.646604301075268
28071 8.297080000000003
34013 8.514083087557614
37009 6.594389784946241
38081 6.942674516129033
39007 6.907830012903215
45019 7.278514345351036
46119 5.8014838709677425
17135 7.972821370967739
18075 7.898338709677422
20157 6.934084946236558
21073 7.344720234604099
21193 7.138142338709678
26069 5.922628387096773
28109 8.420229390681
35013 8.428478599527926
37097 8.44681297653958
42095 8.176700853889939
45011 8.351049999999999
46061 6.798287096774195
48339 9.839097539639164
51580 6.835778387096776
9015 6.100557161290322
1043 9.252284946236568
1117 10.185328091397857
24041 6.391959677419356
26091 7.10584431977561
26163 7.141631548387103
31041 6.201716129032257
31181 6.820625806451614
38023 6.102716129032257
39149 8.35446193548387
48417 6.482609677419355
1113 9.53854168734491
18015 7.72279262672811
20089 6.8588483870967725
20175 6.533376129032261
31013 5.285523655913978
31115 5.7682677419354835
34029 6.2576308387096775
37037 7.528153349875929
37087 6.930241935483875
40045 5.957559677419357
40049 7.787528315412189
4017 4.256496149843911
42091 8.868799556642747
45091 8.68883127629735
48015 8.801801075268816
51057 6.276933655913978
5139 9.318392903225803
6039 7.995674053295936
6103 5.23041304985337
6109 5.131525513196481
19053 6.694577419354839
21161 7.352862580645159
26153 5.0238645161290325
28117 8.095703225806453
35047 4.671467741935482
4019 6.062050515325921
51013 8.013509677419359
51720 7.424041935483872
12069 5.931662384792626
20005 7.412407258064513
21135 7.219528225806453
22123 8.968806451612904
24037 6.15607840607211
24510 8.157373274193594
26011 6.156517806451613
26047 5.185823790322576
27023 7.6976362903225795
27037 9.050828488964372
31023 7.606804301075272
35061 5.966272939068096
36075 7.004746607341486
40029 8.088135483870966
40101 8.692705443548396
49025 4.012408064516129
5051 9.095453548387097
54003 8.053904838709679
55127 7.583731671554249
1059 8.286970609318995
13111 7.383703225806448
13175 8.576041439205962
22081 9.025514516129034
27123 9.155478785024709
29183 8.122730706410794
36079 6.530124108658745
39081 7.949460028050488
39155 7.815940703812315
48035 7.7412078341013775
48141 8.689573131636958
48153 6.523950000000002
48437 6.634193548387099
51195 7.386707184750733
54053 7.921179032258062
54077 6.665449556451613
55109 7.886663364055309
6115 6.537311290322582
46102 7.218387489756015
1103 9.597694862604545
12037 6.844527419354841
19047 7.474810322580645
26147 6.949418143515468
27045 7.205801075268817
30041 5.604977956989248
31177 7.962692903225807
36121 6.704108269794717
40131 8.674614516129031
41021 6.5694096774193556
51015 6.78295473945409
53033 8.936703540261652
54029 7.885735887096771
13121 9.19730207147375
16017 6.214526523297493
20067 6.633306451612904
21159 7.614825268817205
21169 7.4904096774193585
25001 5.294469930875576
26117 6.114626799007444
29163 7.427426451612903
30109 5.2073161290322565
31137 6.740005376344087
50001 6.118727096774189
5087 8.171205645161294
5133 9.086601612903227
51730 7.052561055718472
55005 6.892120322580646
55041 5.611479596774194
1007 9.156657258064516
17005 8.009423387096772
20081 6.804222580645161
21047 7.932007979626481
21059 8.02064305750351
27009 8.5271623655914
28115 8.360475806451618
32033 3.8094526881720423
39069 7.828708755760364
41019 7.0059800586510255
42073 8.22556751152074
48115 7.000353225806456
48257 9.184378315412195
48395 8.35477870967742
51137 6.740594193548385
53075 7.672153870967743
54079 7.7243189354838675
8125 5.611570967741935
12105 6.12969824046919
18107 7.436204659498209
19141 7.7583532258064505
20053 6.955643548387096
25003 6.095048387096783
45007 8.837283291976837
48379 8.928929032258067
2195 7.218387489756015
19021 7.583191397849463
19067 7.309718709677417
21213 8.090069354838711
27001 6.464204301075265
37145 7.166515207373272
39095 7.429000228600456
40153 6.191885161290324
41059 7.37741215053764
44003 5.9098729528535925
51059 7.761601350337569
51155 7.199118806451616
51177 6.704050258064521
54073 7.204872741935483
28107 8.62052258064516
29015 7.414818279569895
32013 4.573763709677418
38065 6.036306451612904
40043 6.2601569892473155
40127 8.274812903225808
42041 9.309542264647797
42123 6.585138287841184
47103 8.366153046594983
47159 7.469744516129032
5003 8.964355760368663
51019 7.051459112903225
51021 7.0103393548387105
8081 4.029147580645161
13031 8.100653763440864
13097 8.692955967741929
18181 7.777453225806455
19079 7.406064516129034
26013 5.2967161290322595
27029 7.5850731182795705
29179 7.149503225806453
31029 6.237654838709679
51047 6.720017661290321
53003 7.493870967741941
54061 7.027810456989254
55125 5.674049032258063
8101 5.056597478005863
12023 6.889220161290324
12033 8.54381308496138
13131 9.003416129032253
13311 7.405745806451617
19105 7.3145025806451605
21029 7.688825268817207
26043 5.787668202764978
33019 6.222374193548391
37021 7.250456509216598
40109 8.282781823049117
2261 7.218387489756015
13109 7.850612903225805
21035 7.564979569892472
22091 8.087662903225807
26151 6.447484462365597
26165 5.539001895161287
28111 8.94590215053764
29149 7.537604301075268
31155 7.8928774193548366
36003 6.302582034739455
36051 6.678062688172053
41051 8.716738898321092
48505 6.120888172043011
54005 7.247039395161294
55071 6.1080298811545
13205 8.855500000000005
19033 7.517191202346038
21221 7.536615483870976
26111 6.355429286926997
27113 7.031560645161292
30029 5.5676322580645285
36101 6.511179311827961
37107 7.228694623655916
39043 7.053455681003583
39083 8.032262607526878
39097 8.201424731182795
47095 8.156570967741935
48155 6.14656451612903
6059 10.185814571555305
13083 8.467490322580648
19081 7.5365451612903245
19091 7.5923903225806475
19099 7.313520071684592
20015 7.358854590570718
20063 6.276712903225807
20147 6.4305634408602135
25013 7.16443222674599
27071 5.784421129032259
29065 7.370441935483875
31171 5.231896774193549
38033 5.312151612903225
47187 7.947979860505671
51117 6.877244623655919
8109 3.2360774193548405
2016 7.218387489756015
1009 9.27328422939069
13305 7.373277956989241
17049 8.006265322580646
17117 7.913491066997523
21201 7.209858064516131
26103 5.34398051075269
28141 7.837184677419353
29093 7.269995967741932
30049 5.540471889400921
31019 7.069607917888566
31073 6.4361096774193545
32021 3.8194306451612907
35033 4.109425806451613
39151 8.357349587396856
40097 8.55748136200717
48439 9.147395789283436
51029 6.46766516129032
51063 6.846061182795702
19007 6.835672258064514
24009 6.341509032258072
29049 7.492267741935484
29077 8.416133246618125
38009 6.424259139784945
39141 7.992118975332077
41065 6.62409516129032
45087 8.383910035842295
48009 6.911182795698927
48123 7.79381741935484
5093 8.555093548387099
2164 7.218387489756015
12031 7.007525284355788
16015 5.741467741935483
19071 7.4269623655914
19075 7.4929145161290345
19117 6.802579032258064
21147 7.320579032258063
21211 7.349964874551966
22035 8.856974193548385
24001 7.0961196633940995
28001 8.264950537634405
30095 4.910772043010753
32017 3.9153161290322593
38071 6.842318279569894
40123 7.997693225806452
41055 6.645403225806453
42047 6.889578960573478
42059 7.2086929390680945
47071 7.487041935483875
48037 9.306725806451611
48139 9.09332632674298
51109 6.684368924731186
2290 7.218387489756015
13293 9.104233640552996
17165 7.953664516129035
18169 7.825972983870967
21009 7.618623225806444
22055 10.229530232558146
26057 6.356334193548381
30035 5.455581451612899
33013 7.020870519713258
36049 6.089425345622115
42011 9.076025985663062
46011 7.0713064516129025
46023 6.354362365591396
46093 4.60576064516129
5029 9.436717204301074
5105 9.18066989247312
51187 6.9717275403225845
1095 9.28367849462365
31103 5.483016129032258
37063 7.653508763440853
38091 7.337535483870967
41003 7.106384050179218
48125 6.104867741935484
48301 6.202741935483872
49055 3.7565322580645164
5033 9.038557478005862
8003 3.733907258064515
8071 3.9375086021505403
12121 7.1411092165898635
17055 8.1537002688172
18035 7.644097634408607
21083 7.812028315412188
25023 6.476111838709679
31051 7.359270967741936
35005 6.962505443548382
41009 6.7478996774193565
47043 7.41485451612903
47169 7.646190322580645
48227 6.747233548387099
51087 7.08558779737903
5147 9.128653225806453
51540 6.839035134408603
6009 5.302809677419354
6043 5.628899462365595
16009 7.987206451612902
18143 7.869458709677418
21239 7.518358467741943
23009 4.936780645161287
26075 6.743708828522915
28119 8.907750537634406
31123 5.404758064516129
37101 7.589177677419351
37117 6.556715053763443
39055 7.552604761904766
46107 5.828374193548386
47139 7.597170322580647
5063 8.264707258064517
51700 6.597277265395902
12133 8.455991705069117
13319 8.949177849462368
18127 7.709450504032265
27091 7.717959677419355
27149 7.554861290322585
29199 6.871125806451611
38073 7.18843483870968
39033 7.885529900744417
40053 7.26660322580645
42043 9.70091548387096
44009 5.422197926267281
48105 6.166212903225805
48129 5.968879032258063
48337 7.571208602150533
48423 9.275176475216364
51071 7.1349168548387105
5109 8.843598924731179
51113 6.592785483870972
51121 7.234779838709683
54023 6.563218709677422
6099 7.460184042553194
1083 9.740836088709687
13065 7.052429032258065
17079 7.928275268817209
18105 7.425227783558787
19039 6.757482795698924
22013 9.105507096774195
29109 8.171247004608299
37105 7.346108684863525
39123 6.9647817866005
40011 6.708004516129031
5055 8.558591756272396
17087 8.060063709677419
18095 7.7405739319965186
19085 7.73993612903226
21153 7.068454919354842
21177 7.792404659498204
29215 7.506270161290319
41035 5.8526730645161225
48171 6.60255677419355
48381 6.697958843159067
51141 6.853772983870971
6053 5.409064654873396
8121 5.296779032258064
2090 7.218387489756015
12061 4.740156010752686
13027 8.271328387096776
13243 8.782532258064519
13255 9.095439516129037
16063 5.923945161290324
19133 7.719756451612904
20129 5.975925806451613
26015 6.723754252199411
27049 8.222138387096779
27051 7.6343532258064535
31173 7.6086209677419365
46051 6.965116129032258
48003 6.934387903225803
48039 9.668585831752052
55051 5.678517204301077
56001 4.054380967741931
8075 5.358155913978496
13157 8.720445747800587
17053 7.691499999999996
17071 7.426791397849457
17201 7.525855257645573
20155 7.429233206831125
25027 6.896774006001486
30079 5.032174193548388
36019 6.486487436332764
36029 7.342936278020784
37015 6.459490322580646
40051 7.568904838709681
42067 8.449447096774193
48043 5.339849462365591
49037 3.8894879032258047
51051 7.388676612903227
53067 7.022613034891388
12067 7.037961290322583
13321 8.776774838709677
20151 6.840289247311827
21015 7.757287243401755
24043 8.497618124999981
26149 7.432375142314988
26159 6.490603870967746
29057 7.891440322580645
39051 7.608317921146953
39175 7.987838172043009
40113 7.8179721407624685
47135 7.040632258064515
48145 8.20704784946237
48317 6.978051612903225
51111 6.736556021505375
53057 7.180860548387099
54007 6.62431806451613
16027 9.392391879866521
19185 6.726940860215053
21071 7.428255903225807
36105 5.850250134408609
37099 6.914704301075271
37139 6.209879967741934
46075 5.173187096774194
47075 7.745595698924724
48243 5.002780645161289
48253 6.72080483870968
54019 7.194827661290326
55111 7.035042679900745
8035 5.025855684822831
12095 6.144604737416253
13045 8.380909677419353
13299 7.345940501792111
18027 8.08388433179724
18061 7.726784946236561
20159 7.1586182795698905
22097 9.779899151103564
26085 5.592441532258067
27141 8.89445571847507
28067 9.339082258064526
34021 7.784499622957679
40119 7.724218975332074
47185 7.360018817204298
48019 6.97096967741935
48027 8.158199702233249
48465 6.256655483870968
49031 3.7762193548387093
5047 8.77055913978495
51139 6.864489612903227
53009 5.522731305683564
8105 3.372935483870969
8123 6.704722454964398
13187 7.501529838709676
16041 5.4005338709677435
20059 7.628239999999998
20097 6.345754838709676
21155 7.434257526881721
29089 7.361129032258064
30057 5.300365591397851
31077 6.679729032258068
42061 7.8917142204301065
45081 8.254752258064515
48071 8.926855376344083
48369 6.586470967741938
51810 6.455031443466927
6021 5.511646236559139
12011 5.659759672951461
12049 5.700467741935485
12117 5.908172093023266
19163 7.561242621825664
21023 7.240493548387098
28047 8.540425161290312
28161 8.301102150537634
30001 5.796492473118279
31033 5.2521408602150546
33015 7.5273871456500565
34009 5.80623361895161
35043 6.2330561059907845
38047 6.2812935483870955
39169 8.372614314516134
42001 8.743247124824691
45051 6.89116656065424
47023 7.457874193548387
48029 8.451866305305865
6073 8.611326614189455
8091 3.318254838709677
8097 3.212143548387096
15007 7.218387489756015
13181 8.302487096774193
16035 9.199698387096772
21121 7.4182372983870986
22085 8.375117972350232
26021 6.6985397177419275
26131 5.194777419354838
27003 8.940256704236303
27083 7.461486175115209
29185 7.434520430107529
42007 8.302661669829229
46109 6.980569596774193
48239 8.580064516129033
51165 7.184524091680804
55017 7.116755718475074
55039 6.659147903225808
56033 4.936578494623656
1013 8.974135842293906
12091 7.971356726986626
18097 7.972205025921661
21119 7.240600838709684
31057 5.934306451612904
46083 7.4938249266862185
47079 7.4494250896057395
51053 6.863233870967744
55033 7.4525737903225835
55065 6.995461935483871
18083 8.023264516129029
21157 7.757513440860216
25007 5.099835483870969
25015 7.05267956989248
26027 7.290942228739006
28045 8.259026728110605
36021 6.239008141321039
42019 8.412408724340187
48355 7.738495499800863
13231 9.062167741935482
20001 7.607427096774195
29073 7.314200000000005
31183 6.393025806451613
36063 7.763000052882084
37095 5.677709032258065
37191 7.702312531017373
39035 8.008543439172513
41015 5.066708064516129
42127 6.220857142857144
42133 9.35481164874554
46005 6.512484946236558
47189 8.083696774193541
48205 5.68202258064516
48341 6.311467741935482
48497 8.245958651026395
53021 8.235864267990081
9005 5.9995573687539485
19023 7.488583225806454
19167 7.8722585253456225
28013 8.275812258064512
28129 9.147892473118278
28163 8.734029569892474
29209 8.327817741935482
31011 6.973229032258064
37169 7.361960465949823
39113 8.410999114484506
48147 8.632355913978497
48507 6.144233870967741
51590 7.267443931451621
51678 6.6097587096774175
53077 7.0259148817204435
8049 3.3026731182795706
2180 7.218387489756015
1021 9.24606774193549
1037 8.863775268817205
13317 8.303230645161287
18001 8.142790783410144
18051 8.12616451612903
21019 7.977708436724567
27073 7.348874193548387
31061 6.634964516129032
37073 6.476421397849464
42083 6.407664193548381
46137 5.048932258064516
48209 8.300015483870967
48297 7.205829032258064
48459 9.224669585253457
5049 7.750156451612905
53027 5.5159671169354825
55077 6.889110967741938
16005 6.047199706744862
17113 7.770567112509829
19061 7.177892555831256
21003 7.678894086021503
21223 7.49506451612903
30059 4.535576129032257
37051 7.507306973434535
39121 8.023545161290322
41001 5.873743548387096
45035 7.722293161290318
47055 8.611723387096772
48451 6.608034322580637
51085 6.97341608695653
55085 5.858385184331795
6067 7.503600488450204
12093 5.006540860215057
13127 6.410632043010759
18109 7.571387593052111
18133 7.419322580645163
18177 7.810940796963948
23013 5.358736129032255
24033 7.735750741343596
27063 7.641539516129034
29223 7.57107822580645
40069 8.03427634408602
41027 6.203614274193546
42081 7.699103670745272
48001 8.808790615835777
5101 7.994670967741936
51035 6.953802073732718
53029 7.765015668202766
55025 7.172792643955389
56007 3.8915030967741946
8033 3.407767741935484
12079 7.4636374193548365
13107 8.335389247311829
16051 6.61850806451613
17095 7.613210887096779
19027 7.335446774193546
20165 6.638583870967741
29201 8.612281935483875
35007 4.040965591397849
38013 6.297590322580644
38037 5.443806451612904
39139 7.7649623010752835
45077 8.25224585253457
48131 6.487190322580646
48225 8.755941935483877
54071 6.38652053763441
54093 6.371646344086021
12053 6.048005571847505
31017 5.389670967741936
36119 7.3381324171850295
54057 6.912636774193547
6077 7.2456653515897
1033 8.599437327188935
12125 6.709905376344085
13021 9.40609706744867
18183 7.922774654377877
21099 7.540288387096773
26033 5.321028571428572
27011 7.264130107526883
35003 4.1005
38045 6.769264677419355
40055 6.195075806451614
44007 6.3429156485929985
5045 9.819998193548397
53037 6.423161895161289
55095 7.1757241935483895
1101 10.237208684863496
12103 6.198065481226844
21229 7.3410634408602125
22127 8.967110483870968
27065 7.296700000000002
30007 5.298882258064516
32510 5.198207142857144
38055 6.329033870967743
40151 6.54097634408602
45069 7.818480645161288
48011 6.093032258064516
48195 6.2613290322580655
49017 3.6851161290322567
50015 5.639975115207374
51163 6.563253225806445
55059 7.2907206451612865
16007 4.898051612903226
16061 7.987869892473118
17081 8.128534310850439
20167 6.844587096774194
21077 7.388598387096774
22051 8.589604480286736
28041 8.836838709677416
30009 4.816027096774193
31167 7.383493548387095
35015 6.649127150537632
4007 4.87681108870968
47145 8.546397947214082
48017 6.544883870967742
48271 5.963522580645161
51740 6.809781363163376
6095 5.657898521505382
17003 8.286901612903229
18151 7.5583476702509
19101 7.236101612903224
20205 7.5839169354838685
21113 7.581083154121863
21181 7.29222741935484
28031 9.277166935483871
33005 6.425883669354841
40129 5.946745161290322
48345 5.984358064516128
48353 6.485626451612901
51143 7.100230403225813
56021 4.7717755760368625
12027 5.418166308243727
17083 7.98190161290323
17129 7.686716129032262
17143 7.758264986559138
20045 7.839385190615835
21179 7.462566308243726
24027 8.200607331378299
27025 7.725216774193547
27145 8.461133147942155
28105 8.56009758064516
29017 7.9824741935483905
29119 8.37009677419355
35023 4.971779032258064
37173 6.9558806451612885
38069 6.588167741935485
39091 8.026444868035194
46065 5.595568548387098
47039 7.19505241935484
48101 5.9917741935483875
48233 6.162220276497698
48287 7.980988709677422
48361 8.668715821812592
50003 5.856695430107528
50021 6.099118870967737
12013 8.007478494623657
21227 8.00959973118279
26141 5.375486182795699
28011 9.043068145161287
29039 7.64673333333333
31079 7.487986635944697
40057 6.089206451612904
42031 7.536171451612905
42053 6.88988870967742
48033 6.509425806451613
48207 6.454735483870967
5089 7.90730483870968
5121 8.101785483870968
55137 6.637388018433178
56017 4.295945161290322
8007 3.693695161290323
2170 7.218387489756015
17065 7.99322688172043
17091 7.770017241379319
17125 7.611397849462367
19063 7.6601088709677425
23017 5.669172106261852
24015 7.634059711375202
46111 6.558777419354839
49007 4.460071612903226
51001 5.6964505161290315
56009 4.630940967741935
12057 6.517541401209675
16055 7.582177548387097
16087 7.079077419354838
19137 7.178083870967746
19139 7.4414309677419315
20113 7.399711520737324
21205 7.080276612903226
24019 6.23024376344086
29019 7.689329254727473
29147 7.126097419354842
31025 7.791033333333336
38063 7.203487096774193
39059 7.937194806451605
40071 7.495647800586511
48289 8.55677096774193
51077 6.7112081290322605
51157 6.613125161290323
54105 7.020449032258064
55061 5.833808467741931
55097 6.7272329493087595
6107 9.429818444995865
13063 9.172886967741919
19077 6.998608602150538
22087 8.289611195445925
26129 6.0222983410138236
27005 7.629787741935491
28073 9.046664919354845
29021 7.54329780645161
47053 7.730209447004608
50011 6.3920803225806475
51023 7.070371209677423
12063 8.630168914956018
13119 8.532252903225807
13297 8.799476559139782
18121 7.464347580645163
19171 7.448560752688173
20093 6.48237741935484
22041 8.675192473118283
26031 5.295702419354837
31039 7.585687096774193
31049 5.820619354838709
31089 6.102019354838711
39137 8.030144700460822
48051 8.237369677419352
48157 10.397366553480476
49009 3.7357935483870968
5009 7.967247926267284
51045 6.891242258064515
2158 7.218387489756015
13061 8.746912903225805
18119 7.466285161290324
19015 7.276140552995395
20195 6.291493548387097
20207 7.3776
25011 6.790819534050179
29001 6.904514285714289
31129 6.9229629032258035
47027 7.456301612903226
48165 7.254394623655915
48499 8.983664838709677
51830 6.4980465591397865
53005 8.171487271142102
8079 3.1274580645161296
1079 8.933715412186375
1087 9.273180376344088
13071 8.626295161290324
17147 7.843154032258061
19135 7.0488107526881745
20173 8.011541181061395
24017 6.7699870645161395
26119 5.543916967741934
31035 7.31790806451613
36001 6.9443276129032245
4013 7.516840794478059
42117 6.583997387096774
8005 6.018487316216813
18005 7.8732688172043
21081 7.191406451612903
26041 5.396003519061585
26139 6.174754656116857
47009 8.192055760368664
47097 7.9778329749103944
51169 8.013952150537637
1039 8.858066359447001
12035 5.518368403225808
13011 8.314900806451613
16069 7.900579354838711
18161 7.868614516129032
19041 7.661383870967741
40019 7.913546627565982
4011 4.824346236559139
47109 7.596618894009219
48085 9.386763773344624
48185 9.02156182795699
48319 6.14298064516129
48495 6.645043010752687
8051 3.2065846774193556
8113 3.339921774193548
1109 9.321597580645161
13013 8.765729211469528
16047 6.414132258064516
18101 7.802510752688171
22061 9.247937419354834
26083 4.694285161290321
27109 8.065189247311828
29033 7.2094666666666685
29079 6.8118153225806415
29131 7.734977419354841
31069 5.341038709677419
47035 7.63192880184331
49057 6.733535161290336
53051 6.10066516129032
54109 7.25658510752688
12047 7.000232258064514
13095 8.990653882915172
13235 8.68792258064516
13251 8.19502451612903
16067 6.415837419354841
19049 7.172255698924736
20033 6.197864516129034
22019 9.053442375366574
27147 8.199689919354844
4009 5.464938709677423
42119 8.524610000000003
47037 8.268268863955116
47167 8.169306699751866
48441 6.874669185059425
54081 7.256265654648959
8023 3.5659419354838713
17033 7.856974731182797
27173 7.446361290322585
29013 7.700991129032258
37065 7.1133578341013814
37085 7.480002628434874
37149 7.636758986175114
46091 6.561737419354841
5081 9.254040322580641
5135 7.806900806451612
13017 8.268451612903226
13123 7.6560658064516085
17193 7.966016129032253
20057 6.488665898617508
20127 6.819717741935484
23023 6.231966532258066
27081 7.225682258064517
36113 6.7203049235993175
37049 6.357306758832563
41053 7.2930561827956994
45001 8.39916129032258
46031 5.255374193548388
47173 8.350890322580645
48373 8.786825806451613
54101 6.318954623655918
6027 4.026815053763442
2068 7.218387489756015
19107 7.428283870967744
19189 7.640407526881717
21235 7.523487096774193
26135 5.740986580645162
27021 6.906511290322577
29081 6.764483870967743
37127 7.22008136200716
46037 6.49561182795699
47045 7.929018548387099
47063 8.58291612903226
48291 9.087908294930873
51065 6.632295645161287
6041 5.174785571847509
8027 3.4561322580645166
8115 5.80560322580645
2130 7.218387489756015
22069 8.8644623655914
26105 5.460543750000002
28145 8.19184784946236
29067 7.725974193548388
42055 8.617876583034652
54097 6.4385383333333355
6087 5.477803349875925
17021 7.969136129032266
17141 7.474581231671553
18003 8.001568145161297
22037 8.545841935483873
29107 7.666010599078343
36073 7.034429999999995
38103 6.694298387096773
42025 7.246729032258067
45067 7.485352822580643
54107 7.6025637717121635
12099 5.078282013975319
13191 6.776181451612903
20011 7.751112903225804
21139 7.829482258064517
26053 5.636575115207374
28055 8.736348387096776
30053 5.13430451612903
46033 4.300229032258064
46041 5.152579032258064
46095 5.0760387096774195
48067 9.14537142857143
48093 6.936751612903223
48349 8.637510322580649
13295 8.789173449131505
18171 7.58649193548387
27125 7.242066129032259
35059 4.626741935483871
40141 6.703596129032258
46009 6.790079032258065
46025 6.407867741935484
48211 5.82368064516129
5075 8.277303225806449
8103 3.8321983870967737
2150 7.218387489756015
13145 8.963836129032254
18179 7.945264516129033
19143 7.713835483870968
19173 6.919415053763442
20031 7.24967741935484
21079 7.445236290322581
27119 7.6873870967741915
29121 7.027808387096774
39173 7.581754032258065
42089 6.890999999999986
45045 8.820255913978496
47025 7.8991168817204285
51089 7.123133248847925
51099 6.455774516129031
54089 7.048606370967743
6091 4.476012903225807
13209 8.034915053763443
16025 4.936125806451611
17155 7.524645161290322
20009 6.884297580645167
20191 7.502990860215055
21163 7.638229838709672
21195 7.560805789473687
28149 8.575437096774195
29083 7.495444086021508
29195 7.434750403225808
37077 7.211882431761785
39001 7.562991397849467
48221 7.887075806451609
48293 8.307991532258056
50007 6.276178986175116
53025 7.554368548387107
1001 9.68833252688172
13233 8.528980645161289
13307 8.891746774193548
17011 7.531366451612898
18089 7.852154480286729
18129 8.107687557603688
30087 4.875658870967744
37089 7.297823178016717
37129 6.452541495601183
38043 6.361358064516129
39157 8.057078494623655
42045 8.935421572580658
48397 9.305456304985341
54039 7.609307267194167
9009 6.2924174261819354
12127 5.399798552669135
17151 7.888548387096775
18165 7.608653548387092
20179 6.284341935483871
22105 8.205727258064519
24031 8.278538859714933
31163 6.685458064516128
40003 6.883201075268816
46081 4.4576987096774205
48075 6.028550000000001
48187 8.326549610678523
48401 9.125979652605446
49023 4.654593548387099
55053 7.10236451612903
6057 5.395878548387093
12003 6.639843548387103
17101 7.931182580645157
17153 8.212720967741934
20079 7.705498387096773
22059 8.763873118279573
26137 5.47378010752688
36099 7.23481903225806
36103 5.945192947305163
37045 8.20969677419355
40089 8.981824596774198
41013 6.114217741935486
47033 7.757883225806456
47123 7.9780760368663595
48031 7.319888709677419
48183 9.320665032258066
5025 9.251822580645161
51161 7.314997903225804
53013 6.470948387096774
53065 5.87019516129032
55079 7.208852981427208
55117 6.313623200992558
6045 4.16417683870968
12005 7.702063240810204
17177 7.149986848635236
24011 6.542377096774193
40085 7.992924731182795
42121 7.3249751209677445
48375 6.68755180265655
51003 6.762179970674483
51031 6.9960235752688185
6003 3.6568193548387096
1049 8.950001152073733
1123 8.674365483870966
16037 4.867464838709678
17133 8.168146774193545
19157 7.4412741935483915
20203 6.320683870967741
22067 9.098453629032266
26071 5.597105612903225
31065 6.405216129032259
36025 5.525842211981566
39109 8.354202150537635
4021 6.713659053763441
41029 6.192582769472856
42129 8.379117645161283
48433 6.261019354838709
56035 4.283450000000001
2122 7.218387489756015
13139 8.340625985663074
17189 8.10587822580645
18059 7.875139677419356
18079 7.8786086021505355
21101 8.167858357771266
21145 8.012609108159394
29127 7.3667939516129035
29151 7.494469354838711
40041 8.330962365591398
13085 7.848676344086023
18013 7.444394354838712
18093 7.525134838709679
20169 7.261700537634402
21031 7.800054193548388
27137 6.168085127077216
31165 4.632267741935484
36031 5.68918461538462
37055 5.425221863799284
37179 8.646695043273017
48447 6.389641935483872
49039 4.371690322580647
5125 9.911932411674345
