17039 8.286647499999997
18135 9.727489354166668
20013 7.625440611111108
26023 8.830048086111104
26035 6.788622951515156
26155 8.574020113725492
31001 7.8161222962962915
32029 6.553378500000002
37001 8.415923419444436
39159 10.406177756666672
46063 5.314770966666668
47011 10.230817738596494
47073 9.146941441025636
51009 7.9398041481481565
13047 10.645003060606065
13249 10.253614566666666
17157 8.763486092592597
22093 11.538416304761906
28133 11.610060638095241
31063 6.550920266666667
38057 6.3332079
39161 9.834695374074066
40033 7.808008533333333
47049 8.825833433333337
2275 8.080686867798203
16045 8.5269872
17001 8.015814857407417
18085 9.009458985964915
21133 7.968839447619046
21219 10.61389333333334
29207 9.616957766666667
36117 8.160341257575766
37121 7.523531691666668
48173 7.034408099999999
55135 6.881591233333337
16039 6.940692759999998
17175 7.284966333333333
24045 6.398482264912277
28091 9.35067309444445
29227 7.155765666666667
31135 6.900068399999999
34033 7.247342905555561
34041 8.038383643478262
36077 7.080890237254893
36109 7.537856779710145
41071 6.6713686705882305
48061 7.667550508914719
48265 7.740451476666669
48399 7.51628143333333
12065 9.177871677777777
12119 7.197273477192982
13217 10.339352438461539
21207 9.052786539999998
22011 9.256199328571427
22113 9.176855088888884
28015 9.818588299999996
30055 5.3111405
36089 7.631941903571423
37103 6.808282488888887
39127 10.243466966666666
42035 7.670105655555558
9003 8.116118730059489
10001 6.415670629166665
13015 10.93554084444443
13067 10.81068824416663
13179 8.590189845238092
17019 8.620849472868226
17107 8.248665362500004
18023 9.214406704166663
21137 8.909275916666664
21187 9.586739944444442
29167 7.736186966666669
31071 6.307728966666667
31145 6.617955766666662
38025 5.704770599999999
46117 5.8969144999999985
47019 8.213985915686273
48255 9.087498633333329
48383 6.903994333333332
5017 10.815538783333334
6069 7.481563760606059
2070 8.080686867798203
13279 9.539404094444444
13281 8.226209988888884
21115 8.520882744444444
22039 8.847114750000003
28101 10.118779320000003
37115 7.928054133333331
46035 6.497378816666664
46123 5.91450905
8067 4.2444390866666675
27035 7.385757843749993
27115 6.272388587500001
31055 8.768770670940176
45055 8.646426246666667
54075 7.545070358333334
2110 8.080686867798203
13197 10.086794650000002
18045 8.888237179999997
20117 7.431950425000003
21175 8.441803253333328
26157 7.998471110256406
27047 7.5288178299999995
28097 9.834244966666665
30081 11.141606396666669
32023 5.776560723333337
37159 8.60122886888889
39009 9.995339213333331
42013 8.948878527450995
46127 7.274869977777781
47113 9.985128853086419
48219 7.161839304761909
51685 7.397272316666666
8019 4.666477788888889
13285 10.115529154761898
22117 9.387595830303027
27167 7.471106799999999
30025 5.352358833333333
37183 8.844941509625677
40099 7.835113222222219
46055 5.639402866666667
48347 10.050035205128204
5115 9.669175530303036
54065 7.798123858333336
8047 4.783155933333333
17045 9.149320546666672
21045 8.990886566666665
26009 6.410754771428572
29129 7.137606766666667
48083 7.5416198888888895
51520 8.660808783333339
53035 7.290360024074079
8013 5.942345989215676
16071 6.3785817
21105 9.9917201
29011 7.80522874444445
30107 5.901940866666666
39029 11.289466613888878
40091 8.47776770555555
42057 8.072309066666667
47007 8.937173666666668
48045 6.620475933333333
50017 7.084384539999991
56027 6.188105533333333
6075 9.368500886394559
13113 10.431739613333331
13165 9.253729483333332
13259 10.005176849999998
18055 9.721050388888903
23031 7.955288258333334
29181 8.694472491666668
29205 7.740008344444442
36087 8.907493583076914
37059 8.470505738095245
45037 9.637329000000003
46003 6.215547166666668
48245 10.575133685648137
54035 9.743295222222219
56041 6.129548799999999
13169 11.176315522222238
19055 8.392832941666667
23027 6.328430700000006
24003 7.584174036538449
28125 10.333076783333334
29137 7.79282332222222
30067 6.412979683333336
36095 7.319665787499996
37033 8.06590442777778
37035 8.814834621505375
39093 10.293358082648403
48249 8.677293361904763
51149 7.364278457142855
51640 7.663176283333336
8043 4.926196392857145
13141 10.155448983333338
13221 9.325615591666667
13275 10.24879015757575
17047 9.090985233333335
20115 7.072081941666667
21069 9.027365916666666
26101 6.862237181481486
27097 7.0365616916666704
28003 9.956499023809528
29085 7.637245833333335
30003 6.278608826666668
31153 8.808525415503876
37061 7.405645303030301
40023 8.546758059999997
46069 6.114457566666667
49047 5.405617355555555
50019 7.0018282399999965
6089 6.548887275000002
13263 10.013102322222224
26097 5.956939873333335
28033 10.644869597979815
29053 8.261932493333335
29117 7.5176450533333385
37143 6.367984855555553
42051 9.87095217037036
47107 10.020305583333336
47165 10.65018388492063
48135 7.403448439285715
51069 7.75895648571429
1075 9.80778533333333
13287 10.170493633333331
23021 6.062640616666669
31111 6.691706408333332
39037 10.218244819444436
39061 11.275538350300286
47029 8.487673496296297
48429 7.853716677777776
51061 6.9694951333333295
56025 6.277226231481473
6065 12.993382390287005
12075 7.654432433333334
13143 10.375544533333327
21037 10.937443129333335
21061 9.818760766666667
21141 10.35080532777778
22109 9.594146207936495
29189 9.91605592093801
37131 7.171175713333334
39111 10.667108816666662
40073 7.538646966666668
48127 7.398673616666662
5073 9.516808399999999
53001 6.803000353333333
55049 6.1645646666666645
13195 9.243726449999999
13227 9.37008196111111
16079 7.485005255555557
17059 9.166332083333335
19121 6.926430522222221
21129 8.392136577777782
21199 9.068779423809522
27041 6.942335281481481
31059 7.5526697999999985
31157 6.48700137575757
35035 6.501270264583326
38099 7.011164372222221
48421 6.6217231000000005
51005 8.047338738888888
5113 8.693037199999997
12001 8.559265423809519
13001 9.4227719
17097 8.947298883442283
17185 9.383890183333335
19181 7.101767872222224
24039 5.933183723809529
25025 9.786039186764702
27157 6.8476619944444455
29009 7.973889871428578
29510 10.463253279245285
39099 11.279716680000007
46103 5.955710144927533
48137 7.0751713333333335
5027 9.58872871333333
53015 6.09385524722222
55075 6.4296974027777765
18011 9.716131646666666
39107 10.262008040740735
48021 10.087593296666675
48087 6.757860533333333
5031 10.016709515686271
12073 9.516679968137256
17149 7.815456993333338
18057 10.29207097606838
21013 8.339216118518518
21117 10.746318967479683
22057 9.905854040579708
30069 5.512634233333333
31113 6.126671933333333
35019 5.122705466666667
38101 6.10490725128206
45029 7.805097737037034
47057 9.379719400000004
55089 7.7309602111111095
6063 5.670280942857144
8041 5.512433553846156
13099 9.610517413333339
17027 9.123621766666666
19065 8.456603428571432
19147 7.19982525833333
20141 6.718776466666666
36071 8.242705881856551
36085 9.454435625076464
38029 5.890749433333332
39085 10.494282702873543
40087 8.036673361111113
40117 7.416344806666669
42097 7.937136648611102
50027 7.231006092592586
13213 9.735946720833333
18159 9.378412016666665
20003 7.6119410999999975
26099 9.71015734382713
30097 6.408614133333335
39047 9.828192390476191
40139 6.633727253333334
42015 7.342861361904758
47059 8.714478377777784
47069 9.550348327777781
55093 6.687081508333334
15005 8.080686867798203
1011 9.360511011111114
13059 9.472792058888874
17093 9.050469893333332
23025 6.541820556862746
30013 6.738008478787888
40047 7.530754722222221
45049 8.271507720000002
47093 10.35679754821428
48057 9.019910239999998
51107 7.61364205384616
54085 9.656501177777779
1023 9.338000074999998
24035 6.59929378484849
26133 6.908757977777776
54055 7.853257233333333
13129 10.904615433333332
17103 7.405489492592599
17159 9.086220673333335
18063 10.13815307142857
19013 8.068870574561398
19093 7.314759744444445
27111 7.131584772549025
37027 8.182900174509806
38085 5.804877399999999
39135 9.945073991666673
48089 9.632486693333334
48193 8.371129266666665
2220 8.080686867798203
17023 9.229731825
19149 7.499269644444445
27043 7.3406117722222195
27085 7.197230985714281
31095 7.625558411111109
39071 9.686869722222232
39145 9.989874163333338
42023 7.660918333333334
46135 6.888952246666673
48321 9.494113536666667
51007 6.9696687666666675
53011 8.018804244230779
55133 8.283539176744194
6051 6.157404333333333
6097 6.579048241750842
8061 5.896226
18039 9.268135920370382
18067 9.247271993333351
19059 7.328070546666665
20065 6.513964716666665
20119 6.553934366666668
24005 8.280962420560781
27017 7.01742888095238
27103 7.784082795238096
32019 6.059886123333338
38001 5.507571633333332
39003 10.142489268686868
39053 9.910037457142852
40107 7.863651591666668
46073 6.215892
49041 5.132992813333332
49049 5.783576909895832
51036 7.066695444444442
54017 9.516268316666666
55105 7.410502506140337
1089 10.675312154794492
13273 10.157699374999996
17061 8.02765115333334
20197 7.090116816666666
37071 8.863473455384625
46029 6.4513991523809535
47127 10.084440833333334
48041 9.725395411111114
48285 9.607642022222226
48307 7.426382688888887
5019 9.996076579999995
53031 5.991345814285711
54067 8.29537123809523
18141 9.200743454222245
21085 9.808764623809529
21215 9.898440325000001
27105 7.319622922222215
29219 8.179528919999996
30089 7.155076
33009 7.071010047368422
37137 6.267016741666666
38095 6.155097833333332
39089 11.059942623958344
42005 10.296197282456145
47147 10.617124690476192
48217 9.304444199999997
48491 9.53681916367041
5129 8.461078688888888
5141 9.167278393333344
13037 9.865047783333331
30085 5.491342955555556
31009 6.148811333333333
31139 7.08250485
36123 7.547069713333329
37081 8.89625841512606
38089 5.6828033708333345
40061 8.781919341666667
41061 6.927346062500002
42037 7.409380515555553
46121 5.84579411666667
46125 6.92317275
47021 10.007250592592595
47087 9.362363016666665
48097 8.756542800000005
48231 9.128758215789476
48431 7.079102199999999
54011 9.794742265517243
54103 10.124794759999995
2185 8.080686867798203
12041 8.287349393333335
12115 6.187559691134747
19009 7.071905511111113
20153 6.363403266666667
31175 6.672921783333334
36011 7.918038078947375
37193 7.9039808619047704
38105 5.776957204761905
54033 9.37769333787879
6005 7.5747243777777795
1115 11.20116153589744
17085 6.700085166666665
20111 7.2162793083333385
21197 8.668696416666664
27033 7.040744166666667
27061 6.514154739393933
27117 6.911919920000003
27129 7.195782888888889
28019 10.011953433333332
28039 8.959401246666664
28103 9.966030466666666
37109 8.691123670370366
37155 8.14384847849463
39005 10.669711369696975
39023 10.464924924242418
48237 8.330876922222224
48367 9.665840864912278
49043 5.53253036410256
54031 7.7233862777777755
56005 7.5777239761904776
1077 10.651068809090905
12101 7.1343508094527275
13051 8.637315790140828
18029 10.107086706666673
18153 9.63923326666667
20199 6.4225519
24047 5.923439533333328
28095 10.229733518518518
28121 10.052281539506168
34017 10.589095922088374
37069 7.840113163888885
38015 6.321580659649126
40095 8.338926758333335
47015 9.32950421111111
47141 9.3098105
51083 7.7479028185185195
5117 10.503677733333333
6007 6.666829377777778
13053 10.250526140000007
19017 8.90908883333333
20049 7.310595800000002
22027 9.515977666666668
22125 9.40474477777778
27015 7.396013054166664
27159 7.052396211111112
27171 7.740105217647052
28077 9.441563144444444
28099 9.976133404761903
29041 7.766316188888892
30005 5.3060483083333345
37125 7.9716031388888835
39119 10.74401082982456
45027 8.205792386111106
48477 9.804643049999997
55101 8.270956573484822
6025 8.997579061290324
1041 9.026996177777777
1047 9.49272558
17199 9.021394242222227
22079 9.354705663636368
28081 10.433509982456142
29125 7.757727088888891
32003 7.924636109171775
37141 6.672880337777779
42087 8.30320970833334
42101 9.025319860503437
48357 6.591547133333335
51135 6.953037075000002
55031 6.932563508333332
1051 10.046694857777782
12017 7.39894239753086
17069 9.173546333333336
20163 6.663312483333335
31097 7.565860683333335
35045 5.476134718181819
40149 7.174635375
48481 9.83708241515151
2100 8.080686867798203
1055 11.112543794444454
13117 9.68711936370371
13155 9.869890550000003
18111 8.675849691666663
19187 7.28094115555556
27135 6.745398179999998
30019 5.4806644
37029 6.289074633333333
37189 7.46835482051282
38027 6.1643429
47155 8.894115248148141
47157 10.784729971794837
48151 7.350247350000002
48179 6.617371676190474
48235 7.099143866666667
48333 7.962534050000003
48405 9.176108311111111
51093 6.904812475000002
51197 7.675827850000006
8055 4.6052244333333325
13271 9.536820888888892
17173 8.83450136666667
17179 8.239414465555562
18113 9.086530116666673
26115 9.463439160683759
37079 7.579711733333334
37181 7.720510950000001
39027 9.997407985185188
40093 7.160757599999999
46129 5.963369733333334
48229 6.469674333333334
6061 7.761274283137251
11001 8.172405153445103
12107 7.396985449019601
17161 7.91896265333333
18145 9.915964873333332
22071 10.36787815969868
26121 8.224107901587308
35011 5.693974166666666
35025 7.624639727777771
46115 6.623957211111108
55073 6.816352518518526
2230 8.080686867798203
20201 7.4383411
22099 10.181144266666662
27075 6.714888633333331
27107 7.690895777777778
28005 9.189189011111111
31091 5.953427000000001
34025 7.3758810585081545
35027 5.465488813333331
37171 8.076640454545458
40079 8.993498166666662
47171 7.878548675000001
5143 8.724331373958332
18019 10.765602529487193
20101 6.477050066666667
22121 11.608559846666667
27099 8.181590221212122
30037 5.8213012666666675
31005 6.019020633333332
31169 7.441305366666665
32031 6.711650399999982
45089 7.744923542424246
48413 7.123989966666667
5127 8.717864233333332
53053 7.110145560465129
6019 10.251121618927977
6093 6.787580704761904
13153 10.929185999999996
18087 9.114689466666665
19129 8.167190193333335
21089 9.964968740740737
51049 7.127366916666667
8073 5.494923383333333
20161 7.337170207142861
21007 9.564339533333335
21123 9.65897088333333
28087 10.306052369047617
34035 8.325139167156847
35028 3.9953329749999993
51125 7.315453055555551
51595 7.403894183333331
54069 11.131232511111119
12113 9.012688333333342
13315 10.00206149166667
21005 9.406409513333337
21041 10.0055904
28009 9.636780733333334
34011 6.2748930147058815
35055 4.15206105
39063 9.726068761538453
46007 5.897005266666666
48311 8.065856166666668
5011 9.807294399999995
51199 6.8064040999999955
55003 6.019815852380955
13183 8.774104755555552
13247 10.419157099999998
17041 8.885424773333332
17057 7.495806544444444
26051 6.819652755555557
31053 8.120339107407403
33003 7.0466146
36041 6.498376533333337
37003 8.277907523809521
39017 11.031833009166668
47161 9.571376326666664
48091 9.608864554166676
49051 5.285957900000001
51105 8.132445383333335
55063 6.621791709333334
55123 6.242573652380948
56045 6.055529383333334
16011 6.910892758333336
17075 8.249198596296297
20125 7.966241687179489
26107 7.35544185151515
31099 7.490262083333333
36083 8.294585319841268
39077 9.922338471794875
39171 9.172626440740746
40137 7.817603772727275
47083 9.537464944444448
48113 10.392155142596112
48261 7.904193699999998
5065 8.634178283333334
5095 10.709528822222223
51091 7.320098533333336
6011 6.5817637133333395
8095 6.855336699999998
18025 9.771030766666666
20035 7.251960987878799
21107 10.002820508333327
29055 7.831344377777781
33001 7.504945735555558
39011 10.240238642424233
40143 9.271809458095234
48065 6.684793700000003
48189 7.112051237037043
51175 6.921926619999998
1107 9.711086053333332
12043 4.236399458333333
13009 10.781186096296299
17089 9.224460752439018
19025 7.162504224999996
21051 8.353473727777777
30021 5.517068855555557
30077 7.441505799999999
31131 7.908260779999997
38067 7.207093466666666
41023 6.164231616666666
48315 10.084868241666669
5107 11.449478077777773
51159 6.247966883333331
55037 5.657729683333332
8014 6.884945605555558
13161 9.508444133333331
13193 10.365030158333328
19029 7.167492286666666
21027 9.860944705555562
27143 7.418246908333334
28151 11.534915799999995
29005 7.700883716666666
31003 6.716784699999999
34037 7.665178991056906
42049 9.051896925352105
45005 8.571467111111108
47131 10.014495566666676
51153 7.169393212851406
54013 9.266907400000003
6037 14.111779765500039
6079 7.47941165911949
13075 9.985380191666662
13289 10.87425458333333
17063 8.405163036666668
20187 6.5730783666666674
27139 8.334062477777776
27151 7.17917416666667
28023 9.66453010833333
29031 9.258514772916666
29211 7.260353233333329
30051 5.755329233333333
32007 6.06606692142857
42065 9.132724443589742
44005 6.710407093939394
47175 8.779261100000001
12055 4.78670667283951
13005 9.385579311111112
13207 10.64647484666667
13261 10.362077029166665
17013 8.134198600000001
19083 7.726579944444446
22043 9.314798220000002
23007 6.554218859259257
27153 6.9120827916666645
28051 9.750656546666663
29171 7.151238566666665
29225 7.7838713916666675
31087 6.436404833333333
37093 8.069090285185181
37167 8.168959038461539
42105 7.358098953333331
48161 9.416037314285713
51145 7.101395699999999
51620 6.791584716666665
8057 4.536432166666668
16031 6.658838072222223
17111 8.62908286474359
17131 7.500200983333334
17197 9.685749973464906
18157 9.091197925225243
22107 9.116607788888887
26123 7.647078842424243
27013 7.784765097916667
27087 7.100093816666667
28083 10.701412874999999
37075 8.048269655555554
38017 7.9338700353535305
4012 6.363939433333333
49029 6.081524633333332
54009 11.635079661111108
8063 6.067016266666664
18043 10.651745788333344
19115 7.476577122222224
20039 6.48324475
21093 10.105576146969696
22045 10.071484813333328
25019 5.666942353333333
29007 8.000231809523813
31127 7.724887999999998
31133 7.425547500000001
34027 8.390599856999991
35057 4.474420891666667
38005 6.098626541666667
38039 6.259787700000001
47085 9.549774419999999
48313 9.67438180833333
50013 7.760018099999999
55119 5.949072994444443
8029 4.927924080952383
1065 9.661514988888886
1069 9.391270393939395
12085 4.100930974285706
13303 10.331495993333327
16033 6.359328366666666
16085 7.8354993222222244
17123 7.453117966666666
21065 8.629177983333333
29175 7.776308949999995
37039 8.326186233333331
39167 10.714583981250005
42107 7.67527684916668
46089 5.877003233333334
47061 9.10276570833333
47183 9.577025630303034
48163 7.981868933333333
49021 5.080488512500002
49033 6.246789666666667
5119 10.80433896982454
53069 5.4734072
55007 5.900567053333334
2020 8.080686867798203
18117 9.757037716666666
19103 7.806702787500004
20069 6.590299849999999
20091 8.498338952820545
28089 10.344735785714288
37025 8.602889458558568
37133 6.68981842043012
41043 8.274698769841265
42113 7.036861833333333
5099 9.732820922222224
55099 5.908408200000002
55121 6.387571450000007
6017 7.377726445736426
6105 6.047007333333332
2060 8.080686867798203
13029 8.544696219047621
18041 9.543516314285709
20075 6.487496966666668
28155 9.735003800000001
33007 6.477579187878784
38059 6.204916140000003
41045 7.331854079166674
48005 9.959521437254892
48095 7.238809233333332
48111 6.234931766666667
48263 6.990917033333335
5097 8.884770744444447
53063 7.878718500634919
13077 10.305373261666663
17137 7.910618533333336
18073 8.85926764583333
19095 7.726453941666668
21063 8.57639551666667
32009 5.515015733333333
36107 7.44049917
37041 6.416286333333332
39101 10.462150290740736
46021 5.9739328
47099 9.909010812121208
26049 8.773299195419831
28043 9.857458793333333
31161 5.792315366666667
32015 5.096637633333333
36013 8.329935477142858
39045 10.587657684523807
39133 11.424468635238094
46077 6.553387466666665
51600 7.889414679999995
55055 7.4887275883333375
56043 7.1965382111111085
16023 6.317351566666668
21143 9.781439822222223
29141 8.01227944
29165 8.344293371666673
30043 7.16136823333333
37007 8.2492536888889
37135 8.583853511904746
37157 8.228443701587299
39073 9.930134271428571
46049 6.1500606
48471 10.157450689999994
5057 9.59218488
51081 7.377844411111114
51183 7.006180539999997
6013 9.029747908012823
6015 6.431638595238094
6055 6.9346704075
1067 9.266899088888882
1119 9.6321551
19159 6.95460475
21217 9.240954346666665
22115 9.036918208333342
45075 8.559662309999995
48121 10.049098095863728
48351 9.215995141666667
48463 7.605361913333333
5015 8.170434253333335
8111 4.295068766666666
1127 10.694043087037027
1129 9.067761746666669
12015 5.479777836842097
13283 9.789854399999996
16049 9.511943000000002
16053 7.399723213333332
18007 8.668624322222218
19045 8.058028155555556
21075 10.15172065
23015 6.709185092592592
29071 8.292058421568623
35049 4.799408671333328
39013 11.02405044166666
39087 10.147553079166675
40105 8.053476766666664
41007 5.232795633333332
47119 9.957003078431374
53045 6.503104085714284
53073 8.205482514705903
54027 7.7291880399999995
56011 5.727525733333332
8117 4.5018305
13073 10.101723325000012
13087 9.804328699999996
13225 10.660706244444441
20043 7.7720414555555575
21097 9.27895197333333
22063 10.87395950392156
26003 6.011001755555558
28021 9.018007377777774
29145 8.112757822222221
30031 6.838716119696973
40035 8.079429726666666
47179 8.760077014492738
48055 9.999404954166659
48063 9.43075467777778
48199 9.734116924242421
51167 8.038198271428573
54095 10.039855633333337
55043 6.442235511111116
6101 7.502681830158726
12019 9.170130551111102
13219 9.555929050000003
17169 7.528948466666668
20131 7.391552955555555
21057 9.227445133333335
28053 10.381659855555558
29217 7.858484694444447
47089 9.682667522222223
48331 9.220598219047615
48449 9.17681388333333
5137 8.847074166666667
51770 8.588049862318831
10003 8.016134226410257
19043 7.213834655555559
21149 10.340102755555554
22065 9.642083733333333
26109 6.4440678
31101 6.866538666666665
36059 7.8818069915173234
37005 7.473378766666667
37199 7.542992400000001
42027 8.319621176344093
42115 7.09766276666667
45059 8.906319588235295
48435 7.001211733333334
49001 5.01742315
5005 8.425924892592596
5085 10.623605214583339
1003 8.856691310752675
12009 4.868410625368735
13245 10.411426939007088
18047 9.70828964666667
20087 7.692464850000001
20109 6.374123233333334
22033 11.76369624311593
22075 7.962777644444439
24013 7.926921959649129
24021 7.966824990163938
26063 7.59049745833333
28131 9.22684656666667
29159 8.20013706969697
30023 8.303040100000004
30045 5.867675033333333
31045 5.948633016666667
36065 7.674744413063054
37175 7.772009228571428
38083 5.738286833333334
40009 6.864033425
41049 6.8297823833333355
48443 6.836648266666666
5043 10.133861686666668
51683 7.282348019047616
54015 8.838166766666665
6023 6.0004756555555545
1121 10.84367180454546
17203 7.788839411111111
19165 7.281828233333331
32005 6.531467876470585
35009 6.792751758333329
38075 6.084321666666668
40039 7.172936773333334
4025 5.731895069047611
41033 7.478472783333335
45017 8.706543488888888
47001 9.883649274074074
48279 6.955082480000001
12089 9.03871716388889
13151 10.548128953333343
20023 6.4276480000000005
26093 8.949235492349732
29139 7.936130683333332
36043 7.427630877192983
39025 10.727606150000012
45039 8.487766786666668
46039 6.440913350000001
48281 8.53571660666667
51103 6.105753677777778
54021 9.161773816666669
54045 8.610896962962965
55001 6.449970790476187
8037 4.590673302380949
1125 10.404896443262405
12129 8.823602916666662
13167 9.979392333333335
13177 10.31574931333333
13185 9.90049947466667
13309 9.594792550000001
16029 6.153083199999997
19153 7.254482881292513
20145 6.673327400000001
21091 10.377075655555554
22001 8.968710197222222
37031 6.032956514414416
38011 5.3350659999999985
46027 7.078564188888893
47153 8.998191933333333
48181 8.828582226923073
51119 6.286744816666667
51650 7.005212368627462
53047 5.308102200000002
53059 6.210624606666664
16003 7.302033033333333
16073 7.0239335222222214
17077 8.872582430952377
29123 8.00850792222222
40103 7.5093981500000035
42063 9.893783550724638
46067 6.6001134777777795
47067 8.42497413333333
48025 9.226409952380957
48393 6.488109933333333
48455 10.127497393333337
53049 4.948822271428567
54025 7.964499357142856
26037 8.689195472727272
26125 9.471695090532608
38053 5.775662083333334
39049 11.447995167370854
39067 10.872886593333337
42071 9.305598588095236
45003 10.200658642424242
46043 6.312378633333334
53019 5.436845444444444
55019 6.07729229166667
1029 10.463476783333336
1105 9.604298322222224
19193 7.681155249999986
20137 6.690525566666667
21109 8.559524600000001
21125 8.8058369076923
21127 8.763539459999997
26017 7.788404355128198
32027 5.3280733
36111 7.852753128368792
37017 7.458770705555556
39105 10.070948438888879
42131 7.2061692190476245
45041 8.415865547474763
48385 7.149994566666667
51550 7.127575242276415
54043 8.993020226666664
12081 6.614129328205107
34023 8.490915887809562
36035 7.540388897777779
36115 7.714867500000003
38097 7.484348100000001
39131 9.90901848888889
40133 7.806735611111112
42109 8.268638850000007
46097 6.539074599999998
48329 7.402626902469139
55029 6.622596688888889
56023 6.135353175
6049 5.862283708333335
8039 5.151968538095241
9011 7.106214263076897
2013 8.080686867798203
1111 10.03489684999999
12131 8.659421499999999
20021 8.038033816666664
20047 6.621837466666667
26005 8.474330448611113
28065 9.46287067777778
29037 8.301982436666663
29095 8.656849839363483
45021 8.653450879487172
47017 9.39152371666667
48167 9.939020294949495
5037 10.655237911111117
51133 5.9699707500000025
1081 10.155177812345677
12045 7.975640133333329
13201 9.76666728888889
20135 6.410242800000001
28093 9.652592372222223
31147 7.650831088888888
39075 11.11754607083332
47177 9.155698588888892
48325 8.639957033333339
8031 7.349962374999983
8099 6.022510900000001
1061 9.0622405
27095 6.87240079047619
29025 7.633989733333335
29157 8.589689419999996
31149 6.037922433333334
38049 5.866583233333332
41025 5.743193016666664
46087 6.793614150000002
48077 8.03292136666667
48213 9.485984860784317
5053 10.19443615
55067 6.159562127777774
1057 10.00292066666666
12109 7.876424412499988
16001 9.079290199999996
17029 9.01979852777778
19191 7.303476553333332
20095 7.084314011111112
26113 6.566412516666668
28035 9.640858141176475
29063 7.499286583333333
30075 5.704797666666666
31151 7.60927715833333
33011 8.354890146899194
34039 9.457604102160465
36067 8.167382256666682
51173 7.618384540740741
6113 7.535539086991873
8001 7.347337249140897
8085 4.891136936666667
15001 8.080686867798203
18115 10.20611861666667
20189 6.662541283333334
20209 8.595290639047615
25017 9.474385426729576
27027 7.955256102564109
28063 8.850206766666668
29047 8.362691835606045
40015 7.640549979166664
41041 5.43549805098039
47003 10.082217429629631
5079 10.691010908333329
55045 6.776527999999997
55107 5.877990946666668
13081 10.29018305555555
17099 7.783125576190473
19035 7.509321525
21001 9.21689766666667
22119 9.747888712121211
28157 8.8110524
29003 7.648526791666672
30039 10.209892899999998
48283 7.735535133333335
48377 6.400703466666667
51097 6.55476305
51101 6.837791041666667
51131 5.830884366666665
51181 6.7238525666666655
6085 8.600723912007151
12071 5.740984481526093
13089 10.82320212482758
13103 8.574536740000001
13199 9.948284383333332
16075 8.574724116666665
19177 7.565656183333332
22077 10.026004472222217
26001 6.404884713333333
27163 7.974655856000009
27165 7.306782411111107
29135 8.240385841666663
30101 6.011747077777778
51193 6.327323283333334
1093 9.907983499999997
16057 8.258438571428572
17015 7.02989636666667
18069 9.226979029629634
19003 7.134172199999999
19119 7.5160857555555545
19183 7.406765520000004
20107 7.721809166666668
21131 8.076493888888887
26055 6.744435772916662
30017 5.627624366666668
5071 9.012849349999998
8059 6.466645771497583
12021 5.176685167123282
13277 10.249131066666662
18147 10.523372766666668
20143 7.226253199999999
20183 6.898652549999999
28017 10.10275325
28123 9.603155400000002
48487 7.439725458333331
51570 7.515184099999998
8045 4.911493633333333
13033 9.296483561111106
13093 10.39719033333333
17191 8.913158246666665
19057 7.7635983060606
19125 7.165463058333338
26127 7.399374790476188
28049 10.21356011614585
28143 10.958784811111114
29097 8.184839371212108
31143 7.739361616666671
47101 9.299219550000002
51011 7.58257425555556
51037 7.345900622222224
51670 7.543111214285708
54091 8.961715699999994
19073 7.052810808333337
27089 7.138260633333333
31159 7.826631116666666
36081 9.575430148829064
39147 9.863843088095237
40067 7.887443277777778
45025 8.285210489999992
47013 8.803522566666672
48069 6.925453111111111
53043 6.452796283333333
17121 8.846577138888897
20139 7.443394846666668
22017 10.870315408333315
25009 9.238086656172868
28139 9.880621533333333
34007 8.069065225984243
42069 7.377278993220337
47121 9.997599611111111
48427 7.402999442222219
5061 9.200179488888889
53055 7.553458366666665
16013 6.356519141666668
17073 7.363954215384609
21231 8.80709902666667
28057 10.003063986666668
32011 5.191118633333332
35029 7.106845538888888
39125 9.49551572666667
55131 7.668966211904771
1053 9.144122833333332
13229 9.318307599999997
16059 9.537445511111109
19069 8.368055055555551
26059 8.723871136111107
31007 5.753953366666667
40021 8.706370503703699
40059 6.543561316666667
47005 9.554602126666664
48175 9.547200133333332
48203 10.439090878571433
48251 10.289581292857136
56019 6.404554949999997
15003 8.080686867798203
17171 7.820918750000001
18037 10.30105675714286
20017 6.960215566666667
20077 7.114291377777777
21021 9.007497871428573
29061 7.506220483333333
31085 6.370917266666666
36057 7.878440770833331
40001 8.36611711333333
48359 6.183067466666666
48403 8.920931233333334
51073 6.549197541666663
51820 7.745447073333332
6029 10.743415316335522
6071 14.04424861029809
18103 9.092031506666666
18163 10.243901797278923
20133 7.709134366666667
21103 9.852508793333323
21191 9.464220833333334
21203 8.773590983333333
28137 9.980944659999999
29155 10.217599583333334
29173 7.989217788888894
35039 4.335006299999999
39103 11.305338219819838
41011 5.671616874358971
47133 9.064475999999999
48047 8.035323800000004
48371 6.666950883333331
48457 9.225825619999997
51079 7.2872413555555555
51127 6.979288633333337
1017 10.00180117407407
13159 10.369526566666666
18175 9.560947883333338
20051 6.652102711111111
20171 6.633535766666668
26065 8.947643769135805
26143 6.393967983333335
30047 8.016120204166665
31119 7.313316307407407
34001 6.090086414009655
45061 8.587508795238096
48335 7.259957833333334
48475 6.971610500000003
19113 8.22156868444444
27057 6.922161823809525
28147 9.380004533333336
29187 8.178597903030303
36045 7.410279505333336
36091 8.320374720666672
37057 8.766562628431362
37083 7.362450380555562
38041 5.5501206833333345
42077 8.545187284649119
45047 8.967151926190471
47041 9.282375666666669
48119 8.815904850000003
48365 10.16438565555555
48387 8.786921391666668
49019 4.949510699999999
51043 7.49192501111111
54049 9.505948729629628
55083 6.70229108333333
8017 5.931633266666665
17105 7.801784830000002
19123 7.3548207047619005
19195 7.628155744444442
20041 7.196205161111111
39117 10.542723905555555
39143 9.738440853333334
42111 8.765940844444449
45057 8.424929947619054
45085 8.790749178260867
46013 6.313449529166666
1005 9.466220381481476
13003 9.510146688888891
13239 9.782291433333334
19169 7.141151263333342
22003 8.870923593333334
27067 7.075722577777784
27077 6.428057866666666
28061 9.718250258333333
37165 8.298467566666666
49027 5.135818233333333
51775 8.536040539999998
2188 8.080686867798203
15009 8.080686867798203
17127 9.588443116666662
19019 8.618708644444448
21043 8.848980628571427
22031 10.034964485714289
31117 6.0621725999999985
34005 7.698739314912312
36005 10.382741753589013
40145 9.220913243939401
40147 8.125675815384607
4015 6.080279498449605
41017 9.559883640277784
55011 6.402388759999995
55013 6.283690183333335
8011 5.6316814000000015
19001 6.937645477777775
20071 6.632985500000001
22111 9.790044350000002
28159 9.732137139999997
37185 7.280756083333334
40007 6.514909511111111
48295 6.493880816666669
48391 9.062146816666665
48411 7.866615166666664
8119 4.826648372222223
9013 7.665447265517243
2050 8.080686867798203
12077 8.529202666666665
13043 9.56407367777777
19131 8.248964655555557
19145 7.638570411111107
20103 8.026955439583327
20181 6.432158966666667
28127 9.507391526666666
29091 8.242218595833329
39115 10.343074241666667
45079 9.599354035955075
48299 8.259616794444444
51530 7.764596699999999
51660 8.212355178787881
13007 9.823610699999998
13039 8.783053863333334
13055 10.948867594444444
13269 10.215242100000001
16077 6.393604799999997
19111 7.880837957575762
21067 9.657338304471544
21111 11.149865165270493
30071 5.298145433333334
37163 7.622028527272731
46057 6.572130566666667
48363 8.756065459259252
50005 6.7892673333333295
51033 6.987502904761905
6001 9.97585922805554
8083 4.44356570952381
10005 6.2282764610063
1031 9.035839564285714
1091 9.428942116666661
17031 10.712591643728063
19197 7.4914017600000005
29143 10.20166701111111
31047 7.021424609523809
35051 5.727863908333336
36007 7.435048570909097
42033 8.619788149999998
46105 5.461243533333333
47117 10.026056500000006
48323 7.4445805259259235
13025 8.863998755555558
13133 9.780237371428573
13147 8.98723696666667
20123 7.048241916666666
24023 8.342429709523811
26067 8.337118117948728
27007 6.883267523333334
27161 7.5628244400000035
36055 8.715094062326399
55115 6.799795093939395
12051 4.635978219047619
19005 6.669222686666668
20025 6.468731166666667
20037 7.887498675757578
27031 6.654600650000001
31109 8.141256746846837
36069 7.991579575999995
36097 7.465543666666662
37177 6.128082533333336
39015 9.675846522222223
40065 7.315856920833337
40121 8.204835512820509
42075 9.24713298064515
5039 10.017469244444444
51760 7.780870090909093
54037 7.8067706
55087 7.796991620833328
8077 5.301976182758626
12087 3.913325288888888
17043 10.279379278395059
18139 9.633258406666668
19097 7.4580268277777755
21233 9.836511333333336
23003 5.744548308333336
26089 6.365133155555554
27121 6.929676508333336
29229 7.718060516666668
31021 7.811122600000001
38051 5.861558866666666
38093 6.13031118333333
48149 9.44683873809524
5007 8.563362431972779
51067 8.084566109999997
54083 7.805106290476189
55139 7.427478022764227
8093 4.498997713333334
2240 8.080686867798203
13241 8.003643233333339
18167 9.658103538095245
21209 9.620288711904756
29115 7.439179226666667
35031 5.012425992156865
36023 7.294072016666666
37047 7.292241866666662
47091 7.608438260000004
51710 7.383328156790125
51735 6.753100988888889
54063 8.078997155555557
13211 9.98900952
16019 7.31389889523809
18081 10.188771113636365
22073 10.492718049166676
24025 7.64505670701755
29203 7.8312023833333315
34031 9.495775199000004
39065 9.848962795238101
51630 7.004781394444449
55081 6.189930274074077
56013 6.7643613133333345
13267 9.187324333333335
17051 8.779877909523805
27131 7.710958930769231
28037 8.898384883333334
30011 5.396710266666667
30033 5.402234033333333
30063 9.136439713333333
34019 7.889564878205126
35006 4.229331647619049
37147 7.304301310416662
46059 6.322282083333334
48049 8.011408108333331
48469 9.741070594202899
18021 9.495288677777781
20185 6.79815545
23019 6.258522419565218
26161 9.556425662666657
28069 9.821233433333331
28153 9.396083300000006
30111 7.027673734375004
40025 5.906992100000002
4005 5.2543476488095235
46071 5.756196633333334
48107 7.044536644444443
48275 7.406919416666667
49015 5.012398855555558
51510 7.9299531
53017 5.794025129166666
53071 7.549782236111115
55057 6.342247947619051
8087 6.105666479166661
12039 9.432493014814813
20149 7.225544241666667
22007 11.492269161111118
27059 7.18994934583333
45015 8.130003063703692
48177 10.059671966666663
48425 9.333940433333336
5013 9.840194083333333
1063 9.63938048888889
17109 7.623569443333339
18125 9.995351625000003
20027 7.19510693333333
21033 9.700559100000001
21049 9.262476646666668
22015 10.643295293939387
22089 10.539560002564105
25021 9.05873656717949
26087 8.432181422222223
29169 7.883696907407402
37023 8.299953611111109
47125 10.524564093162391
50025 7.341209148148158
51840 7.853556433333333
12083 7.766199641269839
18009 9.468776966666672
18049 8.683301111111113
18053 9.321890122916669
19179 7.3513056636363565
29087 7.823236611111111
31125 7.056443099999998
38031 6.211686966666666
47129 9.087305740000007
47151 8.61398358666667
55141 6.708176384313727
6047 8.928607921088437
16043 6.7653994333333305
17067 7.844700209523811
20055 6.723143972222222
30015 5.9486717
36053 7.4995262770833335
37119 9.164543757224614
42079 7.164535114743594
47081 9.344333166666667
48327 7.158119666666664
48489 7.788779240000004
55047 7.019605755555558
55069 6.352156973333331
55113 5.8327400277777794
1025 9.154536148148146
13301 9.695179233333333
13313 10.503253485185171
18017 9.074002639393935
27169 6.795682636666666
28135 10.66540945833333
30065 5.809845999999999
31081 7.626616344444444
35053 4.7674318777777795
37161 8.182182266666665
42039 9.45471592028986
42085 10.588139504444445
48053 8.632229191666662
48419 9.570778516666675
8053 4.258320799999999
16065 7.331988461111112
16081 6.493127633333334
17035 9.075794500000002
17167 8.475143961635231
20085 7.319754688888889
20105 6.933384900000001
21237 8.356698616666664
26081 8.919253200260421
27093 7.00562115
28025 10.313671093333332
40077 8.349754466666667
48103 6.8955797666666685
48485 8.171302357657654
49053 5.655865941269837
55009 7.8219884314814925
29027 8.101770512500003
31075 5.884031166666668
37019 6.616449305050498
42017 8.300464458275052
2105 8.080686867798203
1085 9.317578433333331
18065 9.398930407692315
22029 8.811903559999998
28027 12.040053219047614
29023 8.933164599999998
34003 10.000413999255121
45013 7.648715952499997
47051 9.717987062962962
5035 11.014970488333326
51800 6.921360849999998
55021 6.789047761111112
55091 6.3638886833333315
20061 7.245659970833328
28079 9.649647813333322
29177 7.851876116666664
31179 7.887272483333332
35001 4.873024471459697
37111 7.790837043333338
42099 8.590961196666665
45053 8.116337841666668
46019 5.634409299999998
47077 9.53549221666666
47115 9.659918516666663
55035 6.5702632566666646
6111 10.38614463468209
13137 8.410428508333332
13149 10.047388866666669
17025 8.80545676666667
17145 8.772006172222223
26019 6.644755066666665
29035 8.09428135
31141 7.829590923809518
39057 10.63140020095238
41067 8.383286675320512
48273 8.842018786666673
48277 8.782796166666673
5021 9.499803494444441
51790 7.838996166666663
8021 4.0650244833333335
8069 5.691816238356152
39039 9.436292325925926
39079 10.006961714285715
39153 11.960685528641942
40075 7.382921933333331
48079 6.7228453
48109 6.4482316
48407 10.273942900000005
54051 10.870623088888888
55027 7.354273413333334
13091 9.976271472222225
17163 10.071926533333343
18155 10.175645199999995
19151 7.231697877777779
29051 8.26178530222222
42003 11.705688029021607
45071 8.704060479166662
48445 7.236314011111111
51027 8.335643952380947
54041 8.882688886666669
8015 4.491108453333334
1099 9.190195857142855
13265 9.51113673333333
26061 5.739361479999998
29069 10.00466879333334
29153 8.0597329
30061 8.1511954
35037 5.8509941222222235
37053 6.099552061904768
38019 6.398526000000002
39041 11.133130306666676
39165 11.109982790909102
40037 8.321591861904768
45083 9.13459181690823
46099 7.295900440476193
47181 9.513706099999999
48099 8.924779529824557
48133 7.991503006666665
48201 12.429378645504627
49011 6.971604433333324
51025 7.136974380000003
56037 6.223880530555559
6035 5.7301874629629665
8025 5.424789633333334
13253 9.639031888888894
18077 9.821943123809529
21055 9.451774933333333
22101 9.630402402083341
40017 8.302381467816094
47065 10.155694615853626
48303 7.802002949509796
48309 9.6407276503268
51095 6.721403763636363
54099 9.439079587878792
1071 10.126550018181817
13189 9.663873199999996
13257 8.453242553333338
18131 8.716201299999998
23005 7.937425570707074
25005 7.351812636533329
26029 6.281564884615381
27079 7.519721633333336
33017 8.241260057333328
36047 9.84007380394739
37091 6.725843499999999
37153 8.28327156969696
4003 5.988439396875
40135 9.004989348148143
42009 8.34198913333333
45009 8.400573283333333
45023 8.350945269696968
48269 7.033304666666666
54001 8.390312541666667
54059 8.598419671428566
12059 8.971116475000002
13115 11.563816748333338
27155 6.987120433333335
28075 10.159877907017536
28085 9.326902844444446
30093 7.774292112500007
35021 5.221166566666668
38003 6.500809383333334
38079 6.029718133333334
40005 8.082706200000002
42093 7.889064541666666
53041 6.015635921666668
8089 5.422183461904761
13019 9.821626872222225
13023 10.290894511111112
17183 8.748696308333336
20007 6.870269183333335
20029 7.101586233333332
26073 7.599303131111108
27101 6.953197722222222
31107 6.6710891222222255
36009 7.826156853968256
37043 8.173099916666667
39031 10.827773769999999
40081 7.62163042857143
41037 5.933495916666666
45033 8.218239944444447
48305 7.177026944444447
48343 9.151489088888884
48501 7.1300389000000015
51017 7.465608033333334
1073 11.775583609611436
17007 7.71864642380952
18091 8.921793411904764
29105 7.815712205555558
37013 6.784383966666667
38035 7.4090236203703705
48409 9.102131529166671
48467 9.343411586666669
48473 11.033738227777778
5023 9.411137047619048
5131 9.329985542307693
13215 10.50057602264152
17119 9.857974702732234
19175 6.981738316666663
21011 8.862750788888889
21185 10.451505959523805
26039 6.333762113333335
27127 7.165127227777775
28113 9.527034249999998
29075 7.380312600000002
30027 5.6925295333333334
31043 7.691713716666666
32001 5.721044895238095
36037 8.102111397777778
41069 6.900910466666667
45031 8.576060133333339
47149 10.197003819727891
55078 6.402746583333335
6083 8.057731180149803
9007 7.54593623055556
19161 7.316202525
21165 8.559325716666667
26095 5.905940555555557
27055 6.7379772266666675
29101 8.166240729629628
29103 7.6187668833333335
39019 11.128268709523805
40063 7.874842453333337
41057 5.290210591666663
48241 9.19818663333333
50023 7.042655278947357
5091 9.737049908333328
53023 7.280018866666667
56003 7.1550446444444455
1019 11.04013390555555
13125 9.862596633333334
13291 8.475575616666667
18099 8.83325550277777
18123 10.513027566666667
19011 8.012369333333332
20121 7.9304842208333355
20193 6.523604449999999
22049 9.55194048
26025 8.716247243589756
40083 7.783921791666669
47137 8.878623999999999
48159 9.140069488888884
48259 8.449687822222225
51680 8.270338036842114
8009 5.770106966666666
17017 7.685759026666664
22095 10.759803900000003
26045 8.635928857142849
28029 9.369072994444446
28059 9.093101879761896
29111 7.833651924999999
30073 6.157694866666666
36033 6.885730035714286
38007 5.377638899999999
48483 6.673798316666669
19127 7.168650033333335
21087 9.401974991666671
22005 12.391088373809525
23001 7.3344129857142875
26077 8.838821390643266
29059 7.681225033333329
29213 8.239849983333333
31185 7.740592600000001
37113 7.935872048148147
37197 8.222656047619047
40115 8.076020914814816
41047 8.348687061494255
42021 9.231530756349205
46015 6.216940233333332
46017 6.148900799999999
46045 6.0821026
48143 8.572878883333333
48453 10.036656331498467
49005 7.10173469999999
49045 5.719566587878783
5083 8.970998316666668
5123 11.020966011111113
5149 9.359927027777783
55129 6.141846833333336
12029 7.84770496666667
13135 10.238668869616497
20099 7.78171400833333
26007 6.4750364592592575
27069 6.994669800000003
29186 8.524940050000003
29197 7.347337000000001
31121 7.360771944444444
37011 7.364227640000004
37151 8.526745259523802
38077 7.199779044444441
40013 8.432823930303035
45063 9.296321194144136
48081 7.3241753666666645
8065 4.398355266666668
8107 4.7437440250000025
1045 9.139696557142855
13035 10.479606944444443
16083 7.076767699999992
19051 7.3574286
19089 8.193680155555557
21025 8.255699371428568
21151 9.011250242105257
21189 8.339429633333335
21225 9.563912083333332
22103 9.378141047286832
27019 8.053110698245614
29113 8.177558114285713
29221 7.881025893333336
31015 6.306861366666666
36015 7.6134381742424235
37123 8.083553822222225
42029 8.409138876724164
44001 7.2984897727272795
48191 6.804918533333332
48461 6.796027416666669
49035 6.622057732547171
56015 6.346349325
13049 9.10509825
13173 9.520469766666668
21039 9.721036677777773
21053 8.966969411111114
21173 8.965423144444447
22083 10.017419322222226
29029 7.884835327272724
31093 6.947211116666664
35041 6.684778053333329
40027 8.431590910752693
42125 11.103320111299446
45043 7.139182233333324
5103 10.034678233333333
51610 8.189635877777778
6081 8.345272988607597
17009 7.595581049999998
19109 7.4064805277777745
20073 7.151243511111109
4027 7.18210971090909
48493 9.649878833333334
50009 6.570599322222222
5001 10.986010229166665
5059 10.073151600000012
51147 7.1695962999999985
51185 7.799286172727279
26079 6.42670784
29099 8.964866158730151
34015 7.501506463492037
35017 6.049081124999997
38061 5.981954266666665
48059 7.743384233333335
48415 7.241353900000001
5069 10.633044276388897
55015 7.554436551515149
55023 6.330358244444444
12007 8.783477824999999
12111 4.29336584242424
21017 9.302745438888895
27039 7.889243233333336
27053 9.192973093979939
29045 7.7528216666666685
31037 7.707711299999996
38087 5.286888266666666
39129 10.244122107692295
4023 6.185780736666664
47163 9.253754047008549
48389 6.648912213333334
49003 7.167370712121206
1027 10.158484191666666
12086 5.8307436916344875
17181 8.88341515333333
17195 7.272569040740742
19087 7.654657986666664
22047 11.466847404761905
28007 9.670387555555555
29043 8.194617557142863
36061 10.786051871064728
39021 10.18138514333333
40031 7.977137454166666
48073 10.104524094444447
48197 7.174575500000001
5041 11.043104526666673
51179 6.909128865432089
1133 10.116325490476191
13079 10.508029611111112
16021 6.315974333333333
18033 9.241045492592596
18137 9.877158499999997
19031 8.5719017
22021 9.552543955555556
30091 5.597249166666667
30099 6.360198555555556
48013 9.038866816666673
48023 7.599291433333334
48223 9.05088035185185
48503 8.071338308333337
53039 6.030200966666667
6033 5.916006751111107
13163 9.736891641666668
13223 10.490255119298244
18031 9.771661327777773
18071 9.696129193333334
19037 8.772771074999998
23011 6.930084139784952
38021 6.151351855555555
4001 4.692303504166674
40125 7.870838527083334
41039 8.202937312790688
45065 9.028760733333332
45073 8.502410008888894
47105 10.905039390000006
48215 8.180422494100306
51075 7.158793559999995
51191 8.115891484615391
9001 8.27495349920631
1035 9.136337953333332
12123 8.562899074999997
17037 8.050339555555565
20177 7.788875882170544
22023 8.749632299999996
23029 5.855569402564104
29161 7.85091010333334
30083 5.583482791666664
30105 5.401063922222222
31067 7.600444623809523
37187 6.7041233333333325
48247 7.66225705
49013 5.380797777777778
5077 11.207604441666666
53007 5.537155121428564
55103 6.137443833333332
2282 8.080686867798203
12097 5.986367538211383
18173 10.367395412121205
21171 9.520169583333331
31027 7.1025181333333345
31105 5.830489699999999
36017 7.076799947222232
39163 9.897817400000003
47143 9.40211728333333
48117 6.62337044166667
48169 6.980781766666667
48479 7.744721570491803
51041 7.485008933333325
51750 8.233618011111114
54047 8.056654958333334
6031 9.87972488271604
2198 8.080686867798203
1015 11.142703803225805
1131 9.292549666666668
13057 10.33548491282051
13105 9.08509411333334
18149 8.730087238095237
22053 8.778428657142856
26145 8.250023804166657
30103 5.891077366666667
31031 5.845613033333333
37195 7.963654843859649
42103 7.15870560185185
46079 6.878616699999998
47031 9.791883144444448
47047 9.634479224242424
51115 6.197854916666666
51690 8.09959754
13171 10.280126444444445
20083 6.412739799999999
27133 7.245441566666667
36093 8.561294836434113
40111 8.331811829999996
41005 9.988574327083333
41063 7.181828455555555
46053 6.053655116666667
46085 5.992370433333336
54087 9.344047966666668
1097 9.410137630409354
19155 8.337223547777773
21167 9.150889720000004
21183 10.142603438095243
24029 6.784944120000003
29133 10.191573775000002
36027 8.356446472995765
37067 8.700903650537644
41031 10.162184088888893
46047 5.875297483333333
46101 7.055674883333337
48007 8.483504680000005
51171 7.70289541111111
5145 10.08610198461539
53061 7.688708650000001
56029 6.860282300000002
20019 7.404990400000001
22009 8.863459485185185
31083 6.928955800000002
36039 7.669173613333336
47111 9.56950526666667
48267 7.146381483333333
5067 9.862839293333337
5111 10.343980128571433
56031 5.718451233333331
56039 6.806084558333334
13069 9.60492183333333
13101 9.248427283333337
13237 10.348890453333333
17115 8.951730105882335
17139 8.890708608333338
17187 7.535600179999999
21095 8.010608869696966
22025 8.93922298888889
28071 9.573498873333335
34013 9.930618649682573
37009 7.399720394444444
38081 6.3870617833333325
39007 9.837451369333353
45019 7.714663938039219
46119 6.123836366666667
17135 8.817467208333328
18075 9.768990776190478
20157 7.236069277777781
21073 9.623465881818186
21193 8.184659320833333
26069 6.586154396296296
28109 9.335491992592587
35013 7.948888225203247
37097 8.665513911363643
42095 8.457854217156854
45011 8.785024816666654
46061 6.6227542333333345
48339 11.197616135028271
51580 8.178149466666666
9015 7.394526945333326
1043 10.775214037037037
1117 11.15894480277778
24041 6.373718643333331
26091 9.066235584057967
26163 10.060352612896255
31041 6.617259899999998
31181 7.091136816666666
38023 5.727795133333333
39149 10.20725064
48417 7.60454
1113 10.388848756410257
18015 9.207930714285721
20089 7.022618716666667
20175 6.729415059999997
31013 6.152339366666667
31115 6.217349300000001
34029 6.676737510133325
37037 8.353275410256403
37087 7.91861090208334
40045 6.565453816666667
40049 7.7741762962962895
4017 5.15464335591398
42091 8.690255129067925
45091 8.845279442753625
48015 10.12608593888889
51057 6.437360911111114
5139 9.75206216333334
6039 9.048621988405797
6103 6.48402264848485
6109 7.608112966666668
19053 7.002182933333332
21161 9.318037266666666
26153 6.0268719
28117 10.000955780000002
35047 4.396688709523811
4019 7.0411293264177175
51013 8.149941048587573
51720 7.929956966666667
12069 6.53907304880953
20005 7.727462550000002
21135 9.080509858333333
22123 10.372739488888888
24037 6.2688244333333305
24510 8.570518583833342
26011 6.851494273333337
26047 6.101044320833334
27023 7.188630483333335
27037 8.563973410526325
31023 7.830518177777777
35061 4.658949046296293
36075 7.867860796551728
40029 8.015651800000002
40101 9.281080006249999
49025 4.9825532666666685
5051 9.714681653333344
54003 8.108803497619043
55127 7.926784878787879
1059 9.832994103703708
13111 8.734399933333336
13175 10.223664541025649
22081 9.888398366666665
27123 8.950647300486603
29183 9.090118142616044
36079 8.381774335087718
39081 11.568420960869565
39155 11.098992747878773
48035 9.070863752380955
48141 8.28787273871633
48153 6.908434916666667
48437 6.838397899999998
51195 7.966812133333333
54053 9.930523316666664
54077 8.65829169583333
55109 6.920381992857151
6115 7.355459583333331
46102 8.080686867798203
1103 10.92996558888888
12037 7.785772458333335
19047 7.257018040000003
26147 9.331796447619055
27045 7.38475302222222
30041 5.618176955555556
31177 8.104051946666663
36121 7.818375230303029
40131 8.910381873809522
41021 6.814782033333334
51015 7.7129432564102585
53033 8.4222301400504
54029 11.701271220833338
13121 10.871089927777767
16017 6.943772781481484
20067 6.751596483333333
21159 8.65938651111111
21169 9.501978322222222
25001 6.5617538595238125
26117 7.9245075282051225
29163 7.8943195933333286
30109 5.330428366666665
31137 7.2997382
50001 7.2047338633333355
5087 8.202752574999998
5133 8.998151891666664
51730 7.434148772727275
55005 6.337958136666665
55041 5.7214034416666655
1007 10.066967683333337
17005 8.933281933333335
20081 6.775795633333336
21047 10.427194950877196
21059 10.48730184057971
27009 7.585683718518514
28115 10.096684022222227
32033 5.19695628888889
39069 9.43347619047619
41019 7.605620522727275
42073 11.04487574523809
48115 7.108281591666664
48257 9.649050164814813
48395 9.375898786666662
51137 7.021304393333333
53075 7.895651433333333
54079 9.678015480000004
8125 6.4207392500000005
12105 6.662664963852814
18107 9.136257455555551
19141 7.628241724999998
20053 6.8820104666666655
25003 7.653903031623935
45007 9.11226979487178
48379 9.148550233333333
2195 8.080686867798203
19021 7.469204377777775
19067 8.495647833333335
21213 10.262725200000002
27001 6.501181777777775
37145 8.004900914285715
39095 9.929965517060351
40153 6.7289601666666625
41059 7.408867406666663
44003 7.256926319658098
51059 7.836237805684752
51155 8.020733356666668
51177 6.981460593333335
54073 10.170799733333332
28107 9.940690783333329
29015 7.76073481111111
32013 5.793970841666668
38065 6.164955933333333
40043 6.807738322222223
40127 8.286297033333335
42041 9.029875066666674
42123 8.340273620512813
47103 10.159092407407405
47159 9.44796281333333
5003 10.05630291904762
51019 8.23016109375001
51021 7.661102516666669
8081 5.098446091666664
13031 9.092467036111108
13097 10.425775886666672
18181 8.993999979166677
19079 7.3012674933333335
26013 5.724044783333335
27029 6.677303288888888
29179 7.828441199999998
31029 6.788525133333334
51047 6.994415549999995
53003 7.8760441000000005
54061 9.569067293055562
55125 5.7567823933333315
8101 5.548207523636367
12023 9.144090769444444
12033 9.04035520938967
13131 9.852378649999999
13311 8.45077696666667
19105 8.217734393333327
21029 10.586703077777779
26043 6.020183466666668
33019 7.238222723333338
37021 8.220990129761914
40109 8.552490554771781
2261 8.080686867798203
13109 9.054917366666665
21035 9.520501407407401
22091 9.717117350000002
26151 8.069609875000006
26165 6.718633441666671
28111 9.229299722222224
29149 8.248130888888886
31155 8.047004686666666
36003 7.5376973358974295
36051 7.877493977777771
41051 9.762665961598488
48505 7.274475855555555
54005 8.838982520833335
55071 7.365715412280698
13205 10.042671919999997
19033 7.938006666666665
21221 9.714319013333327
26111 7.6006746771929805
27113 7.10298946666667
30029 7.505587791228081
36101 7.446602306666668
37107 7.371626655555561
39043 9.561869312962964
39083 10.721656305555559
39097 10.214407202777776
47095 9.933994633333333
48155 7.1703915333333335
6059 13.77354660996562
13083 10.24074905833333
19081 7.427360358333332
19091 7.348038299999999
19099 7.231386162962965
20015 7.376591120512821
20063 6.32806065
20147 6.762202500000001
25013 8.578051473139167
27071 6.1222743
29065 7.6836675250000015
31171 6.0144901
38033 5.291985733333335
47187 10.001161181981981
51117 7.338643029629628
8109 4.355451983333333
2016 8.080686867798203
1009 10.757037059259254
13305 8.97753062777778
17049 9.048892429166665
17117 8.715471810256414
21201 9.103587433333333
26103 6.09825631388889
28141 9.7755593
29093 7.8865901083333325
30049 7.072407130952375
31019 7.469524372727276
31073 6.831998966666665
32021 5.9264381166666675
35033 4.2115760333333325
39151 12.051418703488354
40097 8.730776418518522
48439 10.468178819421077
51029 7.2631184499999994
51063 7.85783588888889
19007 7.121082800000001
24009 6.357650692592597
29049 7.7276965416666705
29077 8.258005324731183
38009 6.002585322222222
39141 10.01576332941176
41065 6.7507079958333325
45087 8.428022314814822
48009 7.956037100000004
48123 9.842998526666666
5093 10.169624544444444
2164 8.080686867798203
12031 10.186235632177235
16015 7.4111228
19071 7.969106199999999
19075 7.650534674999997
19117 7.001232366666666
21147 8.689918258333336
21211 9.910664685185191
22035 10.128620977777771
24001 8.232421298550724
28001 8.774655066666664
30095 6.385018633333333
32017 5.167551549999999
38071 6.213045155555559
40123 7.920480923333341
41055 6.951184933333334
42047 8.268802977777783
42059 10.155464211111115
47071 9.750475027777778
48037 9.55676909629629
48139 9.964185302150533
51109 7.019550350000002
2290 8.080686867798203
13293 10.094908100000003
17165 8.986667248148148
18169 9.108282891666658
21009 9.721801586666661
22055 10.0766061868217
26057 7.994324213333333
30035 6.245602274999998
33013 7.805299922222219
36049 6.865880942857141
42011 8.737932903703703
46011 6.986070383333332
46023 6.3614983
46093 5.7073082733333305
5029 9.875773266666663
5105 9.781740766666665
51187 7.294791787499994
1095 10.535939451851846
31103 5.9449986333333324
37063 8.89036054555553
38091 6.577144133333334
41003 6.501482988888894
48125 6.8856476
48301 6.702094266666667
49055 4.876361199999999
5033 8.912720127272731
8003 4.312279725
8071 4.639692494444446
12121 9.085182995238094
17055 8.967831786111109
18035 9.48731968777778
21083 9.668942362962959
25023 7.9129736353333415
31051 7.321630916666666
35005 7.330629922916671
41009 6.053876916666667
47043 9.645977190000002
47169 9.824461783333332
48227 7.271912783333332
51087 7.688805009374997
5147 10.320452066666665
51540 7.614877824999998
6009 7.405627333333329
6043 8.167800827777777
16009 7.638431399999999
18143 9.683671766666667
21239 9.580974512499996
23009 6.068206731372547
26075 8.776408749122812
28119 11.07179738888889
31123 6.175743666666666
37101 8.120627698666665
37117 6.893971955555559
39055 10.68066066666667
46107 6.1088222000000005
47139 8.961916066666669
5063 9.147212979166664
51700 6.965114634848475
12133 9.014304499999993
13319 10.799536633333334
18127 9.387659687500001
27091 7.302525161111111
27149 7.487745733333337
29199 7.549401666666667
38073 6.504006611111113
39033 10.275503587179495
40053 7.259995816666665
42043 9.215618661538473
44009 6.67359338333334
48105 6.980288399999998
48129 6.716597700000003
48337 8.396744983333335
48423 10.103772145528456
51071 8.076660675000001
5109 9.336540544444444
51113 7.054656050000003
51121 8.33106637708334
54023 7.773323755555554
6099 8.777862401773056
1083 11.021002768750002
13065 9.073398583333331
17079 9.092675455555556
18105 9.720994676344072
19039 6.985868811111109
22013 9.632870306666668
29109 7.916734233333334
37105 8.271735715384619
39123 9.306800110256408
40011 7.242569753333332
5055 9.625246170370378
17087 9.015856150000001
18095 9.705726094594585
19085 7.539588773333334
21153 8.338050899999997
21177 10.25448557037037
29215 7.804415058333331
41035 7.275384430000003
48171 7.829869306666665
48381 7.066531478160924
51141 7.80346383333333
6053 7.087312067025071
8121 5.8398350666666685
2090 8.080686867798203
12061 4.055785148888887
13027 9.839478540000005
13243 9.829840183333333
13255 10.287197422222226
16063 6.593951200000002
19133 7.4748419416666705
20129 6.463459299999999
26015 8.354813015151523
27049 7.191175209999994
27051 7.181971933333335
31173 7.7900759833333355
46051 6.329751716666665
48003 7.041348558333339
48039 10.78384416666666
55051 6.026603055555552
56001 5.181097976666663
8075 6.106116155555558
13157 9.378006796969697
17053 7.964993133333334
17071 7.648412622222224
17201 7.568262257142857
20155 7.290321598039216
25027 8.35710492422483
30079 5.317999399999999
36019 7.310346129824565
36029 8.745049379378573
37015 6.691003883333334
40051 8.063842673333339
42067 8.279978393333328
48043 6.5108195333333345
49037 4.686739583333333
51051 8.133101316666666
53067 6.47640714761905
12067 8.5924818
13321 10.37287816666667
20151 6.908760833333333
21015 10.369446740909083
24043 8.182948329166656
26149 9.060919976470585
26159 8.424225586666667
29057 7.680968400000001
39051 9.357509174074073
39175 10.046449116666672
40113 7.917097875757573
47135 9.313194783333332
48145 9.137035361111113
48317 7.197473866666665
51111 7.095303499999999
53057 6.890898863333333
54007 8.607107444444447
16027 9.844922439080456
19185 7.039827133333335
21071 8.386432539999992
36105 7.16075225138888
37099 7.850774692592591
37139 6.364668156666668
46075 5.854435333333334
47075 9.585999499999993
48243 6.344862333333333
48253 7.821278977777775
54019 8.736179363888894
55111 6.465463941025646
8035 5.8746111431693935
12095 6.8759187795491075
13045 10.322605074509795
13299 9.383547911111123
18027 10.099037766666662
18061 9.999403411111105
20159 7.015547077777778
22097 9.1330338
26085 7.002700508333332
27141 7.862642721212126
28067 9.823615776190474
34021 8.071370341125519
40119 7.542441417647059
47185 9.002887177777781
48019 8.016828813333332
48027 9.319213709230771
48465 7.4573730233333375
49031 5.167922833333334
5047 8.839950422222223
51139 7.443877213333332
53009 5.369905114285717
8105 4.225453711111113
8123 6.81636731298703
13187 8.647072399999995
16041 6.471170133333332
20059 7.7369075733333315
20097 6.617589166666666
21155 9.235222966666669
29089 8.023581922222224
30057 6.537364733333333
31077 6.606878766666665
42061 8.339240336111112
45081 8.804095473333343
48071 10.332009305555555
48369 6.725143833333333
51810 6.951819717171739
6021 6.921516333333338
12011 4.993504451708218
12049 5.6096835500000015
12117 6.557371384496114
19163 8.09338193829787
21023 9.358458777777777
28047 9.378518359259246
28161 9.627993555555552
30001 7.164212277777776
31033 6.221159022222222
33015 8.702657574747475
34009 5.8067753937500015
35043 4.769250599999997
38047 5.808413399999998
39169 11.562470920833306
42001 8.3303811768116
45051 7.369011177934266
47023 9.573232544444444
48029 9.798344041530079
6073 11.762233547208943
8091 4.633126166666665
8097 4.528570874999998
15007 8.080686867798203
13181 9.086416449999998
16035 9.605657383333336
21121 8.531417700000006
22085 9.274770966666667
26021 8.601502401388872
26131 5.713867388888889
27003 8.513009421686755
27083 6.917036414285716
29185 7.626509244444444
42007 11.749086330065357
46109 6.373048841666667
48239 9.445352188888892
51165 7.925790633333332
55017 6.329598133333338
55039 7.311897219999993
56033 7.554137022222227
1013 9.180465892592588
12091 8.676636539837387
18097 10.77207854211311
21119 8.204563633333333
31057 6.507671999999999
46083 7.258469406060611
47079 9.453226085185179
51053 7.141511804761902
55033 6.351628320833331
55065 6.4577692199999985
18083 9.749777109999988
21157 9.86280633333333
25007 6.133235791666668
25015 8.323001374999997
26027 9.003558478787879
28045 9.201455180952385
36021 7.998598188888884
42019 10.80905180454545
48355 9.099425695473247
13231 10.073995466666668
20001 7.67752876
29073 7.817861553333333
31183 6.375438233333332
36063 9.150711053551923
37095 5.962869333333335
37191 8.01834129615385
39035 11.43392013258591
41015 6.361475211111114
42127 7.053643640476188
42133 9.027286117037049
46005 6.51512497777778
47189 10.455735717460328
48205 6.231004333333334
48341 6.729844458333333
48497 9.32525953939394
53021 7.274159010256405
9005 7.772245832026148
19023 8.694821700000002
19167 7.6365776142857165
28013 9.780297386666664
28129 9.652806733333334
28163 9.707781138888894
29209 8.298128077777779
31011 6.908120533333334
37169 8.079106251851858
39113 10.853845391503294
48147 8.629456411111105
48507 7.516537016666665
51590 8.110830047916663
51678 7.808091133333333
53077 6.3168407651851926
8049 4.547895055555554
2180 8.080686867798203
1021 9.965226029629628
1037 10.0927533
13317 9.231719058333331
18001 9.908182190476193
18051 9.74237120952381
21019 9.966609920512825
27073 6.754343022222222
31061 6.966700550000003
37073 6.563711144444442
42083 7.867564547222211
46137 5.594623066666669
48209 9.66732417866668
48297 8.756015216666668
48459 9.941517142857146
5049 8.630240666666664
53027 5.538123910416667
55077 6.645735953333332
16005 6.768864272727276
17113 8.077624344715447
19061 7.259046719230768
21003 9.698579400000003
21223 9.863801866666666
30059 6.290253099999999
37051 8.148802153431381
39121 10.835207199999997
41001 6.45582208888889
45035 8.135410201333338
47055 10.275141658333343
48451 7.605227422666674
51085 7.553197765217382
55085 5.97219520238095
6067 8.518421325552078
12093 4.085933730555559
13127 8.319049495555563
18109 9.85966268461539
18133 9.393739480952386
18177 9.67340858431373
23013 6.565733856666669
24033 7.780812932568822
27063 7.241260683333336
29223 8.093467650000001
40069 7.967516600000002
41027 6.395189616666672
42081 7.862267017241369
48001 9.698850745454543
5101 8.18178411666667
51035 7.797237533333332
53029 7.109575841269834
55025 7.037781847040498
56007 5.088661960000001
8033 4.501033066666666
12079 9.132739253333334
13107 9.79547235555556
16051 7.42981119166667
17095 7.475525397916664
19027 7.081767888888886
20165 6.613739550000002
29201 9.899714950000003
35007 4.536097466666665
38013 5.6857123
38037 5.638905700000001
39139 10.48931159111111
45077 8.626431786904774
48131 8.006886611111115
48225 9.817508580952378
54071 7.4802389333333315
54093 7.879811711111113
12053 6.916023403787868
31017 6.001460266666667
36119 9.358531721973037
54057 8.123160180952384
6077 8.600390388009588
1033 10.563925864285723
12125 9.089034977777779
13021 11.386238628787881
18183 9.17454302857143
21099 9.668750640000006
26033 6.297192011904758
27011 6.752813333333333
35003 4.8338369666666665
38045 6.174164633333333
40055 6.999524916666669
44007 7.803044241843977
5045 10.274204308000003
53037 5.792417720833336
55095 6.635658330000003
1101 10.114142055897434
12103 7.428951208879769
21229 9.213948355555551
22127 9.388595441666663
27065 6.546391849999998
30007 6.726954650000001
32510 6.4842267928571395
38055 6.2002101833333345
40151 6.933478355555558
45069 8.37419473809524
48011 6.598338233333332
48195 6.628296016666668
49017 5.005527949999999
50015 6.869995976190478
51163 7.751354349999995
55059 8.353415530476179
16007 6.138516066666663
16061 8.119324177777777
17081 8.897161815151515
20167 6.719231166666669
21077 10.004685583333332
22051 10.504184373809526
28041 8.98539476666667
30009 6.357666206666666
31167 7.5802324500000005
35015 7.321011713888894
4007 6.449742089583339
47145 10.068416918181821
48017 6.6148003666666675
48271 7.261741100000001
51740 7.366434472043004
6095 7.968344288888904
17003 9.49557579166667
18151 8.9193242037037
19101 7.431689791666666
20205 7.722808408333336
21113 9.373157448148145
21181 9.038277516666666
28031 9.559885666666666
33005 7.3997001499999975
40129 6.651348866666668
48345 6.755046833333333
48353 7.383546299999998
51143 7.939448600000002
56021 5.725862685714293
12027 5.198883037037039
17083 8.529436744444444
17129 7.965453
17143 8.059130020833342
20045 7.981284139393935
21179 9.683412696296289
24027 8.30156741757574
27025 7.079647163333334
27145 7.510240326436784
28105 10.027984991666669
29017 8.470134522222219
29119 8.120260958333336
35023 6.04062495
37173 7.91972362666667
38069 5.958793783333333
39091 9.89785701818182
46065 6.174115375000001
47039 9.567788733333334
48101 6.963856933333333
48233 6.6546007047619105
48287 9.278655216666666
48361 10.398319501587297
50003 7.254803972222219
50021 7.22314809833333
12013 8.77706922222222
21227 10.276353343055563
26141 6.164519627777777
28011 12.049046645833338
29039 7.628836833333336
31079 7.6005897499999975
40057 6.972485400000002
42031 9.26527041333333
42053 8.553204255555556
48033 6.990305433333332
48207 7.533409916666665
5089 8.14447956666667
5121 9.004683641666666
55137 6.744927971428574
56017 6.4666681666666666
8007 4.041547141666666
2170 8.080686867798203
17065 8.891407711111114
17091 8.632697356321836
17125 7.766983477777779
19063 7.2448074500000015
23017 6.811243556862747
24015 7.740480354385965
46111 6.4399313
49007 5.189970426666663
51001 5.660041266666669
56009 6.520798450000003
12057 7.878134413333304
16055 8.002838312000009
16087 7.316777633333333
19137 7.476352399999999
19139 7.720123486666668
20113 7.285497214285714
21205 8.73580751666667
24019 6.297317781481486
29019 8.38654397011494
29147 7.499402373333331
31025 8.316708155555553
38063 6.237375733333334
39059 10.80348155333333
40071 7.586695981818183
48289 9.578398233333335
51077 7.482001280000002
51157 6.972392949999997
54105 9.642561699999996
55061 7.219562733333333
55097 6.993889640476184
6107 10.213993513675218
13063 10.728485176000001
19077 6.963090344444445
22087 9.660941931372554
26129 6.586832271428575
27005 7.438913896666665
28073 9.4599618375
29021 7.850908236000006
47053 9.721037399999998
50011 7.409829789999997
51023 8.295505737500003
12063 9.19186554545454
13119 8.893977153333337
13297 9.873908177777782
18121 9.155806066666665
19171 7.37123833888889
20093 6.649410433333333
22041 9.469884738888888
26031 6.0460139041666645
31039 8.005964322222221
31049 6.662945033333336
31089 6.394541975000001
39137 9.70885143809524
48051 9.358761033333334
48157 11.91327159868422
49009 5.169070499999999
5009 8.172069857142858
51045 7.986240900000002
2158 8.080686867798203
13061 9.568036433333335
18119 9.489491513333334
19015 7.11476472857143
20195 6.445590766666668
20207 7.516550233333333
25011 7.833967207407406
29001 7.440754166666667
31129 7.197478016666665
47027 9.407742033333333
48165 7.193854333333334
48499 9.295306606666662
51830 6.735551777777777
53005 7.017780059459472
8079 4.1552621
1079 10.485634566666665
1087 9.877303886111115
13071 10.035573809999999
17147 8.671770424999997
19135 7.175940733333334
20173 7.8294118825268795
24017 6.837704164444445
26119 6.278520266666672
31035 7.590818633333332
36001 8.569319232444437
4013 8.45486934701604
42117 7.360819876666665
8005 6.870493512925167
18005 9.79616195777777
21081 9.563955458333336
26041 6.211293139393932
26139 8.677090947169798
47009 9.73327788333332
47097 9.62054317777777
51169 8.68361773888889
1039 8.860846538095238
12035 6.448139726666662
13011 8.898743958333332
16069 8.122361203333336
18161 9.625524033333333
19041 7.465374566666666
40019 8.162201633333328
4011 5.676689922222221
47109 9.777984899999993
48085 9.889184893201747
48185 10.131522005555563
48319 7.4408778500000015
48495 6.908194422222221
8051 4.550798333333334
8113 4.510068058333332
1109 9.23655970416667
13013 9.563055359259256
16047 7.011344816666667
18101 10.013837144444448
22061 9.76891559666667
26083 5.5211335
27109 7.921590292929287
29033 7.878138577777779
29079 7.307457374999999
29131 8.004628719999994
31069 6.0388026
47035 9.012248121428573
49057 7.362698898666651
53051 6.493879379999999
54109 8.29324318888889
12047 9.256553822222223
13095 10.408381583950613
13235 10.23290826666666
13251 8.865100386666665
16067 6.991378500000002
19049 7.145794942222223
20033 6.630290400000001
22019 10.429446285606039
27147 7.745461341666666
4009 6.2895482962962985
42119 8.310270973333331
47037 10.588267935817814
47167 9.716341374358972
48441 8.141502303508776
54081 8.509886603921556
8023 4.191569233333334
17033 9.492622272222226
27173 6.894048549999999
29013 7.86871694166667
37065 7.553175980952381
37085 8.075129312345672
37149 8.03610254761905
46091 6.217422566666667
5081 9.398823891666671
5135 8.685468491666665
13017 9.767442886666656
13123 9.021899973333333
17193 9.120503153333331
20057 6.591212814285715
20127 6.930296599999999
23023 7.114488250000003
27081 6.6480009833333344
36113 7.573647659649117
37049 6.603895414285716
41053 6.800878483333333
45001 8.90801472222222
46031 5.704807733333335
47173 9.248421841666666
48373 9.969846540000004
54101 7.911795788888891
6027 6.133968988888887
2068 8.080686867798203
19107 7.288545233333331
19189 7.27070587777778
21235 8.725456983333338
26135 6.337194153333331
27021 6.722380680000001
29081 7.197044533333331
37127 7.801940855555557
46037 6.185755933333334
47045 9.790494579166667
47063 9.775221933333333
48291 10.519033440476186
51065 7.313838608333335
6041 7.471415696363659
8027 4.493854933333334
8115 6.786697633333332
2130 8.080686867798203
22069 9.580182370370364
26105 7.178242549999999
28145 10.032093816666665
29067 7.716071177777776
42055 8.373788330864205
54097 8.395877733333334
6087 7.359768869871805
17021 8.642377406666661
17141 7.386578345454543
18003 9.603636381250018
22037 9.793887360000001
29107 8.242348295238095
36073 8.04548671666667
38103 6.033729233333334
42025 7.291314213888888
45067 7.865472208333338
54107 10.520483592307697
12099 4.103353107319493
13191 8.272360408333334
20011 7.749841966666671
21139 9.654884966666668
26053 5.8982446857142845
28055 9.974088466666668
30053 6.389793426666666
46033 5.604329599999999
46041 5.6825089166666665
46095 5.779355166666666
48067 9.416168780952384
48093 8.115868716666665
48349 9.259958736666668
13295 10.530235617948719
18171 8.743319483333332
27125 7.208403849999999
35059 5.168510233333334
40141 7.595533186666663
46009 6.584540416666668
46025 6.325128999999999
48211 6.531063466666668
5075 9.352632922222218
8103 4.965033016666666
2150 8.080686867798203
13145 10.12816196
18179 9.635777719047619
19143 7.4304707666666685
19173 7.128623955555557
20031 7.4405148111111075
21079 8.980037408333333
27119 7.498912396666668
29121 7.595134506666662
39173 9.753077259523812
42089 7.347575000000009
45045 9.064750933633645
47025 8.628056625925929
51089 8.043744728571431
51099 6.589235240000004
54089 8.18106760833333
6091 5.584260833333334
13209 9.5871418
16025 6.250536499999999
17155 7.477566616666667
20009 6.851833495833335
20191 7.423829616666665
21163 10.045583087500003
21195 8.45250294736843
28149 9.529255672222218
29083 7.847202022222224
29195 8.203497916666665
37077 8.157880376923076
39001 9.524312305555553
48221 9.533143433333334
48293 9.174454566666665
50007 7.4371356428571325
53025 6.322230079166673
1001 9.882015808333337
13233 10.714124928571433
13307 10.059737633333333
17011 7.320689863333335
18089 10.07691902735042
18129 9.58523426666667
30087 6.095812550000002
37089 8.118426976543216
37129 6.686660462878785
38043 5.850949933333335
39157 11.085094168253985
42045 8.822902493287044
48397 9.76790741212122
54039 9.625857832075452
9009 8.086287733333329
12127 5.917690039233028
17151 9.200880050000004
18165 9.192707399999996
20179 6.389524133333335
22105 9.95032151666666
24031 8.269542679534906
31163 6.812380133333332
40003 7.121180688888889
46081 5.673968766666665
48075 6.961529116666668
48187 10.042065494252876
48401 10.510380317948716
49023 5.091910883333333
55053 6.085381973333331
6057 6.4426263900000045
12003 9.563088033333333
17101 9.454020173333335
17153 9.221796566666667
20079 7.407348016666669
22059 9.104741333333335
26137 6.273024299999998
36099 7.938284909999989
36103 7.137279443581813
37045 8.497999531818188
40089 8.884269420833332
41013 8.298050558333335
47033 9.717265719999995
47123 9.659492076190475
48031 8.447927516666669
48183 10.586942710666664
5025 9.949743599999996
51161 8.494774890740736
53013 7.173779433333332
53065 6.1559751138888945
55079 8.470135894612783
55117 7.395696320512823
6045 5.6750638933333395
12005 8.568445080620155
17177 7.012161851282047
24011 6.571176011111112
40085 8.339401066666666
42121 9.130113006249994
48375 7.088120876470596
51003 7.526624440909073
51031 8.115607794444442
6003 6.168605433333331
1049 10.567313864285698
1123 10.010934216666666
16037 6.975484266666669
17133 9.321882716666671
19157 7.585103366666667
20203 6.654614866666665
22067 10.147144729166666
26071 5.7131047733333356
31065 6.740581633333334
36025 6.902266688095245
39109 10.467340398412702
4021 7.514285635111103
41029 8.317005195934938
42129 10.498334755666669
48433 7.230904966666667
56035 5.6750682333333335
2122 8.080686867798203
13139 9.247429119444453
17189 8.866982666666669
18059 10.142080979999996
18079 9.836705505555553
21101 10.188591624242425
21145 9.79579225686274
29127 8.068972125
29151 7.842449066666669
40041 8.198929192592598
13085 9.030201811111107
18013 9.601143274999997
18093 9.736469056666666
20169 7.394966083333331
21031 10.045549439999998
27137 6.8280220888889005
31165 5.911954233333332
36031 6.700552105128206
37055 5.799287996296299
37179 8.819222215447146
48447 7.657916066666667
49039 4.92862142
5125 10.47644568730159
