9.387915096774197 17039
10.164871568548396 18135
7.1938148172042995 20013
8.358818357526888 26023
6.440929287390029 26035
7.537069332068307 26155
6.664185017921146 31001
4.950598451612903 32029
11.367384647849455 37001
10.293854661290322 39159
4.357056967741935 46063
13.25395179456706 47011
11.72440278163772 47073
10.066710010752693 51009
13.640650589442805 13047
12.305692806451614 13249
8.22199027956989 17157
9.121428811059902 22093
9.241580244239637 28133
5.448809967741936 31063
5.462316774193548 38057
9.760174946236557 39161
8.902607612903227 40033
10.839813790322584 47049
8.353874044444378 2275
4.750630182795697 16045
8.435577347670247 17001
9.55470564855688 18085
9.680764898617515 21133
9.989207467741936 21219
8.477076669354833 29207
8.356426978005866 36117
9.925733790322578 37121
8.400625193548388 48173
7.010667647849463 55135
4.354596967741935 16039
8.958551499999999 17175
9.153132271646859 24045
8.880161263440863 28091
7.329652580645161 29227
4.925040419354841 31135
9.415115200268826 34033
7.899337856942499 34041
6.179735305502847 36077
7.2526344305750445 36109
4.913682827324476 41071
10.773902460990241 48061
9.32274038064517 48265
8.456951161290327 48399
9.87264589247312 12065
9.671142349745338 12119
14.051939607940447 13217
10.423135438709677 21207
8.645688967741942 22011
7.640009776881724 22113
8.839012451612902 28015
4.585805193548387 30055
7.149627876728105 36089
11.557930860215055 37103
9.893055258064523 39127
8.137297379928318 42035
7.0965639606854545 9003
9.26372866431453 10001
13.892533726881718 13015
13.91248597284947 13067
10.68235797235023 13179
9.767048310577641 17019
9.283703629032257 17107
10.523593366935485 18023
10.106247537634406 21137
10.025173591397849 21187
7.995307701612903 29167
5.660479290322581 31071
5.5650659892473096 31145
4.977878161290322 38025
4.918099354838709 46117
10.47645826944972 47019
9.789353443548382 48255
8.420395774193548 48383
9.113649814516133 5017
5.775097290322577 6069
8.353874044444378 2070
11.799361607526883 13279
11.040470892473122 13281
9.792008096774197 21115
7.892122463709678 22039
9.419825116129031 28101
10.252719209677421 37115
6.06947076612903 46035
5.218745241935485 46123
5.025128570967744 8067
5.972171122983876 27035
5.681951463709675 27115
8.05582271836227 31055
11.115824744086021 45055
8.900956701612902 54075
8.353874044444378 2110
12.146309758064515 13197
10.091558419354838 18045
7.03532744354839 20117
9.474667122580643 21175
7.25881112158809 26157
7.6618730193548386 27047
8.720540365591395 28097
4.0916257193548375 30081
5.722051051612902 32023
11.634543366666676 37159
10.211204064516135 39009
9.536312396584439 42013
7.015299774193547 46127
8.789693105137394 47113
7.409113806451615 48219
10.226153774193547 51685
3.869199548387098 8019
12.8664100921659 13285
8.628225947214085 22117
6.649305048387098 27167
4.352981161290323 30025
11.6304791830257 37183
9.336401473118281 40099
4.626062193548387 46055
9.171147334987591 48347
9.300820310850439 5115
9.741004693548382 54065
3.865305548387097 8047
9.942002245161294 17045
10.180418367741936 21045
6.291019258064516 26009
7.369099758064518 29129
8.497778956989244 48083
11.00044936290322 51520
5.261334189964154 53035
4.643812567836816 8013
3.453370677419355 16071
8.643860709677421 21105
8.36242006451613 29011
3.8589938387096776 30107
10.589280060483864 39029
9.434871419354836 40091
9.781486666666664 42057
11.535851225806448 47007
7.169533870967741 48045
5.716423393548382 50017
4.077028322580646 56027
6.592648718729412 6075
13.543433087096773 13113
11.680335596774192 13165
11.539216387096769 13259
10.339171985663084 18055
5.976395231451607 23031
8.11468941935484 29181
7.909150548387097 29205
8.057179259057074 36087
11.2535137281106 37059
12.747778188172047 45037
5.787044645161291 46003
9.631813564068104 48245
10.509939376344086 54035
3.8185311290322588 56041
14.722151838709678 13169
7.7150551532258085 19055
5.359236508064521 23027
10.391419745347381 24003
9.18456808064516 28125
7.8949073333333315 29137
3.6411735215053747 30067
5.926533249999997 36095
10.628630247311827 37033
11.853089626430792 37035
10.019704937693316 39093
10.425283525345616 48249
9.71578820737327 51149
9.826229999999999 51640
4.714463610599077 8043
13.803458854838711 13141
12.95415969354839 13221
11.162888008797651 13275
9.383703655913974 17047
7.466452749999998 20115
9.526424991935487 21069
6.344052372759859 26101
6.2305656330645185 27097
9.078478294930877 28003
7.686054182795698 29085
3.609001677419354 30003
7.957652855963999 31153
11.552023228739003 37061
9.345332606451612 40023
5.442250967741935 46069
4.608920387096773 49047
5.661011470967737 50019
4.890853359543013 6089
12.725244795698922 13263
6.001890812903225 26097
8.788032845552298 28033
7.836751632258062 29053
7.345007419354839 29117
9.24933605376344 37143
10.106079420250897 42051
12.926785812903226 47107
11.069567684331812 47165
8.730512693548384 48135
10.03337705529954 51069
9.852215096774191 1075
12.017300129032257 13287
4.652594758064515 23021
5.3485641572580676 31111
10.674937956989247 39037
12.014816654460892 39061
10.936461193548388 47029
8.776103333333333 48429
9.789034696394694 51061
4.281043698924731 56025
8.583845120059861 6065
9.313467473118278 12075
12.673476767741944 13143
11.414717500645162 21037
10.435890677419355 21061
10.225101381720426 21141
7.785867164362525 22109
9.867471397633325 29189
9.410427845161287 37131
10.633422499999998 39111
8.922489677419355 40073
9.636218645161291 48127
9.46261906451613 5073
4.459385593548386 53001
8.034754424731183 55049
12.696490650537635 13195
12.588358301075269 13227
4.408997580645163 16079
9.033829048387098 17059
7.303709752688169 19121
9.577450215053759 21129
10.645391276497696 21199
6.611386132616482 27041
6.7100862096774225 31059
4.434899530791789 31157
8.156668637096775 35035
5.942370204301076 38099
6.443426483870969 48421
9.836139586021508 51005
9.320507876344085 5113
10.17023614343319 12001
11.335797974193545 13001
8.42212063166772 17097
9.841675145161293 17185
7.3930851290322614 19181
8.896525013824887 24039
8.167514302656526 25025
7.247033446236557 27157
8.461951654377883 29009
10.104086586427282 29510
10.288615829032237 39099
4.290605028050494 46103
8.78613629032258 48137
9.561721587096773 5027
4.1394010537634465 53015
6.246818508064513 55075
10.99430532903226 18011
10.318962881720424 39107
9.59341536774194 48021
7.542727677419354 48087
8.660428444022783 5031
10.08637324905124 12073
8.393903232258065 17149
11.610508282878408 18057
10.685644347670245 21013
11.289319571203775 21117
7.929213834502111 22057
4.02588587096774 30069
5.130791645161289 31113
5.921011967741938 35019
5.217357042183626 38101
10.089582243727602 45029
12.318865580645166 47057
7.714831720430105 55089
4.400907119815669 6063
5.123862718610412 8041
10.399352825806456 13099
8.672314600806454 17027
7.432943834101388 19065
7.459061564516131 19147
6.360043419354838 20141
7.307352940792165 36071
9.769383647528839 36085
5.0859704193548385 38029
10.30378089933259 39085
9.457196134408603 40087
9.217206032258071 40117
8.999782268817196 42097
5.889579643369181 50027
12.869859790322582 13213
10.53387643548387 18159
7.795770370967743 20003
8.888751362455173 26099
3.7089553225806453 30097
10.193356635944701 39047
6.465674180645162 40139
7.531274543778796 42015
11.179983879569882 47059
8.190035930107529 47069
7.101143826612902 55093
8.353874044444378 15005
10.542538548387093 1011
13.248479515053774 13059
9.272594806451611 17093
5.009445888045536 23025
4.565926014662757 30013
8.59774175537634 40047
10.59197002580645 45049
14.03460873329492 47093
9.174731516129032 48057
10.331148555334975 51107
9.982403333333332 54085
8.98727283870968 1023
9.732923131964808 24035
6.367931516129033 26133
9.452147318548379 54055
14.053941598566315 13129
8.784779469534039 17103
9.460380116129038 17159
11.126482714285709 18063
7.721272471986415 19013
7.320002838709675 19093
6.368743047438332 27111
10.89478052941177 37027
4.866048919354836 38085
10.732989782258059 39135
9.299052825806452 48089
9.186789064516129 48193
8.353874044444378 2220
9.806249169354837 17023
7.153239731182793 19149
7.530738102150537 27043
7.169045387096772 27085
6.987919129032259 31095
10.026533935483876 39071
10.23508954677419 39145
7.518307048387097 42023
6.5947607354838675 46135
9.292121116129028 48321
9.167632516129034 51007
6.409143267059561 53011
8.345569266316575 55133
5.126099731182797 6051
4.820068471163244 6097
5.033260612903226 8061
9.239540778673842 18039
10.287336809677416 18067
7.351354187096771 19059
5.847536919354838 20065
6.606109967741936 20119
10.506878951160706 24005
5.735721737327188 27017
7.612034331797233 27103
4.760804899999999 32019
4.768514838709678 38001
10.01168414956012 39003
10.38511877419355 39053
9.387530217741935 40107
5.666790096774194 46073
4.511897767741935 49041
3.8945000806451664 49049
9.626450333333334 51036
9.878193903225807 54017
8.947809426994915 55105
12.278071248784785 1089
11.657145056451611 13273
8.605496870967743 17061
7.336970258064515 20197
11.973740133995056 37071
6.291801875576038 46029
11.443006096774193 47127
9.679412019969265 48041
9.325326994623662 48285
8.646896204301076 48307
9.929711703225804 5019
4.158224700460831 53031
9.331002175115207 54067
9.188669608172056 18141
10.199664723502304 21085
10.418308322580645 21215
7.120605010752687 27105
8.108233174193547 29219
4.388646526881721 30089
5.640211779286924 33009
11.767827250000005 37137
5.28845358064516 38095
10.201606565524198 39089
9.854930405772496 42005
10.720109311059899 47147
9.767503011730211 48217
10.066837829648414 48491
8.60789591397849 5129
9.309483387096774 5141
10.907369080645163 13037
4.9306458924731205 30085
5.247231838709677 31009
6.586508322580646 31139
7.647984038709677 36123
11.677623216047706 37081
5.159901322580643 38089
9.482259338709675 40061
4.389265576612902 41061
8.354635000000002 42037
4.837750951612905 46121
6.674257306451614 46125
10.053747103942658 47021
10.764639741935483 47087
9.90681265725806 48097
10.065426207130725 48231
8.276245096774192 48431
10.664721404894324 54011
10.118891025806445 54103
8.353874044444378 2185
9.219380580645165 12041
9.451458870281403 12115
7.292767666666668 19009
5.360173967741935 20153
5.872209241935483 31175
7.519935290322582 36011
10.227018843317973 37193
5.010066119815664 38105
9.914176189149563 54033
5.257362114695342 6005
13.310374821339945 1115
8.079191629032257 17085
7.490325532258062 20111
9.54315770967742 21197
6.9672211209677375 27033
5.2310908445747835 27061
6.810204264516129 27117
7.0737050645161315 27129
8.94379411827957 28019
8.728306335483873 28039
9.321237763440857 28103
11.801466582437254 37109
11.199549629552543 37155
9.544467058651028 39005
10.68273617008797 39023
9.140159150537633 48237
10.20446246010187 48367
3.465893878411912 49043
9.052892763440864 54031
4.693666460829492 56005
10.43926469941349 1077
9.870035381319225 12101
10.533336500227175 13051
10.978131719354835 18029
10.232799722580644 18153
5.187744774193548 20199
9.029178536290322 24047
9.808404573476707 28095
9.4841216176822 28121
10.358634864360646 34017
10.306243481182792 37069
5.183429663837012 38015
9.56370501612903 40095
10.723866720430106 47015
11.114222602150534 47141
10.216724885304659 51083
9.746268279569893 5117
4.564718511701457 6007
12.31469096129032 13053
7.559917641129034 19017
8.002920548387099 20049
9.40866425806452 22027
9.209260365591401 22125
7.254080358870971 27015
5.906052849462366 27159
7.575145702087286 27171
8.908977784946236 28077
9.261533972350227 28099
7.613928526881716 29041
4.558129427419353 30005
10.81346497670252 37125
10.095282730050938 39119
10.536923577956983 45027
9.465138258064515 48477
8.003598933284454 55101
7.680202504682628 6025
9.615258021505378 1041
10.320962595698935 1047
8.717951926881726 17199
8.204950225806458 22079
9.663705088285234 28081
7.535143989247305 29125
7.179826297410069 32003
10.553333933333342 37141
9.19659894354839 42087
9.995597722866242 42101
6.746356623655914 48357
9.13484262096774 51135
5.632142526881716 55031
11.604156129032257 1051
9.650654295101551 12017
8.860926387096773 17069
6.093224290322578 20163
7.035612612903228 31097
6.199452828934511 35045
8.33153566935484 40149
9.43225498240469 48481
8.353874044444378 2100
13.546737953763449 1055
13.266451538351253 13117
11.819239435483864 13155
9.480063685483872 18111
7.7072359892473115 19187
5.3673704709677414 27135
5.185208612903225 30019
10.137714435483872 37029
9.611668394540938 37189
5.5439136451612905 38027
11.849174096774195 47155
8.926735376149464 47157
8.339620048387097 48151
7.005222032258067 48179
8.40119193548387 48235
8.947863080645163 48333
9.256805053763442 48405
9.50850712903226 51093
9.667725150537642 51197
4.751974774193549 8055
11.741637279569892 13271
9.037774521505376 17173
9.574759759139788 17179
9.173166012903225 18113
9.244408789909023 26115
10.801766895161284 37079
10.10087419677419 37181
10.391228677419358 39027
8.113468075268814 40093
5.003447290322579 46129
9.188231451612904 48229
5.559162375332057 6061
10.870069662641935 11001
9.424015438330176 12107
9.232152216129041 17161
10.804439587096773 18145
9.089069454711133 22071
7.728473596774196 26121
6.355258806451614 35011
8.517256881720426 35025
5.699151537634408 46115
6.9104355041816055 55073
8.353874044444378 2230
6.888591741935484 20201
8.077569284457471 22099
4.956448903225805 27075
6.108861602150533 27107
8.7097248172043 28005
4.782100032258064 31091
8.376615220392507 34025
6.518456283870967 35027
10.32438483431084 37171
9.51965909408602 40079
10.196126346774191 47171
9.093304547379043 5143
12.049391073200983 18019
6.010771032258065 20101
10.203561458064511 22121
7.584660662756598 27099
3.83014264516129 30037
4.578420838709678 31005
6.710590741935483 31169
5.080016760368668 32031
10.448366920821105 45089
8.536433258064516 48413
9.230843473118286 5127
5.110162103713436 53053
6.48353011282215 6019
4.417726691244239 6093
14.115347490883593 13153
8.919869733870966 18087
7.538213051612904 19129
10.533978290322578 21089
9.408145774193551 51049
4.25675685483871 8073
7.234269808755764 20161
8.723025623655912 21007
10.365510387096771 21123
9.985627960829493 28087
8.167719811669814 34035
4.45469497580645 35028
9.396131516129033 51125
9.504889016129033 51595
11.051402899641577 54069
8.571609632258069 12113
12.14319759677419 13315
10.139267025806456 21005
10.559210709677417 21041
8.397718435483874 28009
8.942108501897534 34011
4.806050435483869 35055
9.201187565756824 39063
4.504281854838712 46007
10.059269387096775 48311
9.38886240645162 5011
9.541716587557604 51199
5.348512013824886 55003
10.928004795698923 13183
14.156157363440853 13247
9.5373708516129 17041
8.825173731182792 17057
6.523703473118281 26051
7.512696186379929 31053
5.513886346041054 33003
5.435967798387096 36041
11.094702465437786 37003
11.930782180645167 39017
8.764258400000003 47161
10.406761822580648 48091
3.5452697177419337 49051
10.400828607526888 51105
7.514152987096781 55063
7.580949087557603 55123
4.236062612903225 56045
4.12374516935484 16011
9.401568616487449 17075
8.843805238213399 20125
6.707049844574783 26107
6.377802193548385 31099
6.249892619047615 36083
9.137024727047146 39077
8.925744577060938 39171
9.094856997067449 40137
8.866109000000002 47083
11.387844029818933 48113
10.233455161290324 48261
8.456756975806451 5065
9.342549290322584 5095
8.933013677419355 51091
4.08931642580645 6011
4.573516096774194 8095
10.653070709677424 18025
8.186892208211143 20035
9.23642489784946 21107
7.534281161290322 29055
6.024375776344089 33001
10.327198090909093 39011
10.581205258433203 40143
6.934202677419356 48065
7.268070917562723 48189
9.21472748387097 51175
9.820495264516127 1107
8.090821959677418 12043
14.505712802867373 13009
9.154504158143189 17089
7.5394168145161276 19025
10.013482204301079 21051
4.6261860322580635 30021
3.8856279193548398 30077
7.258104425806451 31131
5.940853341935481 38067
4.194415806451612 41023
9.562659330645161 48315
9.184723209677422 5107
8.900641645161288 51159
5.8089538387096775 55037
5.245807191756275 8014
11.610907053763444 13161
13.019954693548376 13193
7.287296490322579 19029
10.207457064516138 21027
7.20358304032258 27143
9.296365604414259 28151
7.243205145161291 29005
6.233261311827957 31003
7.250863462627839 34037
8.573626430258978 42049
10.91163805376344 45005
8.565273506451605 47131
9.995308278274402 51153
9.869744419354838 54013
9.274905100408995 6037
5.961942528301886 6079
11.394258064516134 13075
14.012524709677423 13289
9.263947896774194 17063
5.949711870967744 20187
8.281816557603692 27139
6.939337306451615 27151
9.072700048387098 28023
8.626093870967752 29031
7.521191645161291 29211
4.509671806451613 30051
4.787215253456219 32007
8.699795478908188 42065
7.075689181818175 44005
10.977286306451616 47175
8.607380529271191 12055
11.274892763440862 13005
13.895155993548393 13207
12.369105145161287 13261
8.63273291935484 17013
7.570107838709675 19083
8.204566206451615 22043
5.018773688172046 23007
6.288685346774193 27153
9.053392122580645 28051
7.468374887096774 29171
7.887731697580643 29225
5.346760580645162 31087
11.011386648745521 37093
11.004748779156332 37167
7.181754670967741 42105
9.54349888018433 48161
9.471109574193544 51145
9.204188499999997 51620
4.289688258064517 8057
4.214518758064513 16031
8.618915455334985 17111
8.89005670967742 17131
9.57016248493208 17197
10.395386773321707 18157
8.693478763440858 22107
6.837820932551314 26123
7.777411618951614 27013
5.760033499999999 27087
9.163039504032259 28083
10.75049131182796 37075
6.728311744868025 38017
6.125012820788531 4012
3.359109161290323 49029
11.43724441935484 54009
4.646908419354838 8063
11.936724340322577 18043
8.618425989247312 19115
5.61207185483871 20039
10.56949171994135 21093
7.85597310322581 22045
5.977238606451614 25019
7.9582873640553 29007
7.1541078870967745 31127
7.008968 31133
8.046669993870964 34027
5.3814501048387084 35057
5.496357209677417 38005
5.704658612903224 38039
8.943200864516125 47085
9.741017612903226 48313
6.967672983870968 50013
6.528847091397847 55119
5.094647930875576 8029
10.150707209677423 1065
10.003390788856311 1069
7.557304856221199 12085
13.432478303225807 13303
3.8110288387096767 16033
3.914531655913981 16085
9.090049858064523 17123
9.615641580645164 21065
7.756311258064515 29175
11.151416907834104 37039
10.773316358870973 39167
8.76533919193549 42107
5.535831451612903 46089
11.352697588709672 47061
8.563709788856308 47183
9.907577290322578 48163
5.078586895161289 49021
3.384693032258064 49033
11.086751301867588 5119
3.7396406451612894 53069
5.164542709677417 55007
8.353874044444378 2020
10.575842225806454 18117
8.047903943548382 19103
6.4660390161290335 20069
8.448418536228276 20091
9.89020753302611 28089
11.78915813949433 37025
11.022775195629539 37133
5.618699940092162 41043
7.470315112903229 42113
9.528747204301071 5099
5.946993844086022 55099
7.132919693548391 55121
5.015424555888971 6017
4.132050425806451 6105
8.353874044444378 2060
10.516804479262673 13029
10.260968308755764 18041
5.561850612903225 20075
8.75083241935484 28155
5.095691284457481 33007
5.1527834709677425 38059
4.750795701612899 41045
8.899472360531314 48005
8.503921774193545 48095
6.297804241935485 48111
7.72149316129032 48263
9.209541021505375 5097
5.721878921966214 53063
13.25088320806451 13077
8.710870648387099 17137
9.560640987903223 18073
7.7335681290322595 19095
9.54576320967742 21063
5.045413451612903 32009
7.292610590322583 36107
8.945903645161293 37041
9.782010480286745 39101
5.133639935483871 46021
9.97036718768328 47099
7.567536242304844 26049
8.777265458064518 28043
4.300459612903226 31161
4.733436225806453 32015
7.668864750230408 36013
10.198964435483875 39045
10.568197976958528 39133
6.131969838709675 46077
10.648761793548386 51600
8.46915312580646 55055
4.016796989247311 56043
3.772486419354839 16023
8.832615225806451 21143
7.635081483870969 29141
8.503987988709685 29165
3.918538236559138 30043
10.893941913978493 37007
11.422597389400925 37135
10.921425549923196 37157
9.87714277880184 39073
5.52929635483871 46049
9.785259112903228 48471
9.488931580645161 5057
9.449692645161292 51081
9.2698113483871 51183
6.4755089885235755 6013
4.697790658986172 6015
4.918238120967741 6055
10.156578500000002 1067
9.322998225806451 1119
7.259043032258066 19159
10.246168864516125 21217
8.375270959677419 22115
10.92369635161291 45075
11.195740877089715 48121
9.673656548387095 48351
9.47816281935484 48463
8.362869290322582 5015
4.8369588709677425 8111
11.801901627240136 1127
8.896320625806455 1129
8.97816977758913 12015
12.250959564516133 13283
4.152289425806453 16049
4.806867458064517 16053
9.687557494623656 18007
8.931078975806445 19045
8.60395741935484 21075
5.572422580645162 23015
7.947021239089187 29071
5.380429935483868 35049
10.933503637096772 39013
10.795568004032258 39087
9.158691645161289 40105
3.7506643279569873 41007
10.328186523719163 47119
3.5747036820276485 53045
7.2758854857685105 53073
9.346785425806452 54027
3.977659919354837 56011
4.1993837612903215 8117
13.424830353225808 13073
10.682272622119822 13087
13.778025134408601 13225
7.443301870967742 20043
9.86979501935484 21097
9.510523396584446 22063
5.738313161290324 26003
8.620834064516131 28021
8.806061733870958 29145
3.997073225806451 30031
9.111917225806453 40035
11.124574774193546 47179
9.90459204032258 48055
9.380155354838706 48063
9.412516395894421 48199
10.090368230414747 51167
10.09881653763441 54095
7.926966725806456 55043
4.629327053763441 6101
10.047721350537627 12019
13.415723231182794 13219
8.512509258064515 17169
7.05148306451613 20131
10.458762112903226 21057
9.250682720430106 28053
8.167926161290326 29217
12.618327326164875 47089
9.416441258064516 48331
9.59946221774194 48449
8.765696827956994 5137
10.755194784011216 51770
9.65698502828783 10003
7.577257741935481 19043
9.933304731182796 21149
9.00491929032258 22065
6.294349179723504 26109
4.896829086021505 31101
7.984361463753035 36059
9.612548849462366 37005
9.943321606451613 37199
8.816423685744004 42027
6.940803510263923 42115
11.984368791271361 45059
8.63379129032258 48435
4.704145129032257 49001
8.382518724014343 5005
10.41615582862902 5085
8.422972861602496 1003
8.335832569797336 12009
13.608452262182563 13245
10.399859670967743 18047
7.693096419354837 20087
5.476526741935484 20109
10.656483687587656 22033
7.583592286738351 22075
10.014503581494052 24013
10.233007870438934 24021
7.268285556451608 26063
8.934918161290321 28131
7.709428994134901 29159
3.8629934301075273 30023
3.955858967741935 30045
4.074316451612905 31045
6.496381419354835 36065
10.257591520737328 37175
5.103736645161289 38083
7.830756919354842 40009
4.197878774193547 41049
8.478868580645159 48443
9.285428812903227 5043
10.108628751152079 51683
9.68571421505376 54015
4.713023576344087 6023
12.531824888563046 1121
9.296700354838713 17203
7.292656475806452 19165
4.710126349146112 32005
6.960951346774194 35009
5.173177806451613 38075
8.291868574193552 40039
5.774245725038404 4025
4.854630032258065 41033
10.990511817204302 45017
13.477886818996438 47001
7.2076189225806475 48279
10.222182905913975 12089
13.994888236129023 13151
5.093144387096773 20023
8.000546259122157 26093
7.860996750000001 29139
6.2105085415959245 36043
11.091570159677442 39025
11.295988858064517 45039
6.459712758064516 46039
9.279091283870967 48281
8.924832344086026 51103
9.825725838709676 54021
9.796311734767018 54045
7.347442368663591 55001
4.446061942396315 8037
11.198320111187355 1125
9.093907927419352 12129
12.763096258064518 13167
11.909323658064517 13177
11.163570199999999 13185
11.97768572580645 13309
3.562339306451613 16029
7.583792154707038 19153
6.876861177419354 20145
10.64486688172043 21091
7.776649051075272 22001
10.8130266870096 37031
4.685234 38011
6.813900752688171 46027
11.682255548387097 47153
9.947005890818863 48181
8.981655362903226 51119
9.810207068311215 51650
4.046253248387098 53047
3.936794658064513 53059
4.0575549354838705 16003
4.521969870967742 16073
8.484838951612902 17077
7.747846473118278 29123
8.825783129032258 40103
9.798847862552588 42063
6.289474870967742 46067
10.99582237096774 47067
10.065625405529959 48025
6.839161870967745 48393
9.031148090322581 48455
3.5407452488479247 53049
9.324203069124428 54025
7.788542749266863 26037
8.598096521759878 26125
4.93007843548387 38053
11.123996468991406 39049
10.553234335483866 39067
10.762549622119801 42071
13.181607076246335 45003
5.960310096774195 46043
4.208670698924733 53019
6.908182576612903 55019
12.790428419354836 1029
10.218366548387097 1105
7.307473885856094 19193
5.706682999999999 20137
9.86718690322581 21109
10.530984464019848 21125
9.784538380645163 21127
7.328678581885852 26017
4.519511322580646 32027
6.576199912148256 36111
10.904103763440856 37017
10.751998919354842 39105
7.4109232350230485 42131
11.02122196676441 45041
8.913271774193548 48385
9.904376942564912 51550
9.978850567741938 54043
9.702714104631921 12081
8.735596718894021 34023
6.046341070967743 36035
6.224714096774195 36115
6.1768353709677415 38097
10.016287473118274 39131
9.412748121863798 40133
9.255716721774201 42109
6.24109129032258 46097
8.911898198327366 48329
6.178455060931899 55029
3.7686119516129053 56023
4.524173451612903 6049
4.187534239631337 8039
7.218103580645168 9011
8.353874044444378 2013
12.19032947311828 1111
8.422733096774195 12131
8.801442037634406 20021
6.831921483870969 20047
7.933400641129027 26005
9.055484440860218 28065
7.968511299999997 29037
8.57199081941966 29095
11.578394084367257 45021
8.574862274193544 47017
9.782845821114362 48167
8.758529913978494 5037
8.963584758064522 51133
11.996412344086016 1081
8.67162676344086 12045
10.560232118279568 13201
6.264385177419353 20135
8.243662806451612 28093
7.122487053763442 31147
10.284391282258063 39075
10.936255232974915 47177
10.210337334677419 48325
5.73425445833333 8031
5.378951348387101 8099
9.288819263440859 1061
6.093428262672811 27095
7.46174979032258 29025
8.12773527096774 29157
5.39635264516129 31149
5.1696403387096765 38049
4.312834370967742 41025
6.4844739354838685 46087
8.974625215053765 48077
9.714423476280837 48213
10.126823290322584 5053
6.0884259193548385 55067
10.397232045161292 1057
9.158089123387109 12109
5.672004240021879 16001
9.431125276881717 17029
7.320385483870971 19191
7.553439913978492 20095
6.18352551612903 26113
9.492817711574965 28035
7.528186951612902 29063
3.846025806451613 30075
6.901085975806451 31151
6.711110012003004 33011
9.481688371565113 34039
7.3256856764976925 36067
9.576572125448031 51173
5.142149221872549 6113
5.510007800465581 8001
5.059711622580647 8085
8.353874044444378 15001
11.080218096774194 18115
6.497770806451611 20189
8.747420375115205 20209
7.589978556806655 25017
6.664408722084372 27027
8.573774258064516 28063
8.535576725806475 29047
8.846207439516132 40015
4.096259075901331 41041
11.169339487455208 47003
9.644047895161293 5079
8.497615588709674 55045
6.246767877419355 55107
12.346104994623655 13081
9.02237037557604 17099
7.315055532258068 19035
10.356204276497694 21001
9.686332123167157 22119
8.736132451612905 28157
7.415917951612906 29003
3.866289064516129 30039
9.849521838709675 48283
6.932523241935484 48377
9.181257322580645 51097
9.492507935483873 51101
9.37025196774194 51131
9.31083770967742 51181
6.421909779396455 6085
9.066300594442295 12071
14.40030055973304 13089
10.801621541935484 13103
12.818557669354837 13199
5.018282362903225 16075
7.958781951612904 19177
9.136455715053767 22077
6.268040883870966 26001
7.697778056774182 27163
7.25384409677419 27165
7.739168451612902 29135
4.6838116774193574 30101
9.139987137096774 51193
9.918776616935482 1093
4.62517002764977 16057
8.454351161290322 17015
9.800566713261645 18069
7.286545048387096 19003
7.061766634408599 19119
8.15106989032258 19183
7.983422483870966 20107
9.84727874193548 21131
6.371238328629038 26055
4.235963704301078 30017
9.05824202688172 5071
5.157308681393173 8059
8.593483733097658 12021
11.759793734767028 13277
10.906732283870964 18147
7.03512156451613 20143
6.241011500000001 20183
9.168760516129032 28017
9.031302688172044 28123
8.372886048387098 48487
9.849959722580643 51570
4.983021214076241 8045
11.986186198924733 13033
12.91239602150538 13093
9.06546106451613 17191
8.598918859237537 19057
7.463686072580644 19125
6.738527317972353 26127
9.708158183971769 28049
8.948008720430108 28143
8.901734277126101 29097
6.703991177419355 31143
9.171405806451613 47101
9.786286354838708 51011
9.797743924731183 51037
9.954380834101393 51670
9.693604354838712 54091
7.486123983870969 19073
5.629090249999998 27089
6.895590709677418 31159
9.283641407010952 36081
9.127810237327184 39147
9.11836634408602 40067
10.842790625806455 45025
11.652998621700881 47013
6.976076344086021 48069
4.452115088709676 53043
8.729965486559138 17121
7.637781548387093 20139
10.590552839213712 22017
7.308482540621256 25009
8.808075387096771 28139
9.678287904241811 34007
7.482402066156358 42069
13.011950655913985 47121
10.093120901075268 48427
9.45632235483871 5061
5.689283217741936 53055
3.8666367661290315 16013
9.012660952853594 17073
10.484046516129036 21231
9.523713148387097 28057
4.711815 32011
8.767211139784946 35029
9.3010469483871 39125
7.7581786866359455 55131
8.815896161290325 1053
11.065876459677419 13229
3.864559204301075 16059
7.656326053763437 19069
8.493704419354845 26059
4.115085451612903 31007
9.241869480286734 40021
7.009091903225805 40059
8.706041212903225 47005
9.61431640322581 48175
9.741005205069122 48203
10.500084027649766 48251
3.663576967741936 56019
8.353874044444378 15003
8.535680629032257 17171
11.207376741935484 18037
7.324474032258064 20017
7.894924473118284 20077
10.057098350230415 21021
7.485019935483869 29061
5.1144374193548385 31085
6.19995314314516 36057
9.131675612903226 40001
6.280590096774192 48359
9.23370192473118 48403
9.254129701612905 51073
9.721992696774203 51820
7.06932849540696 6029
9.516383883993372 6071
9.938488838709675 18103
10.451970261356152 18163
8.283822277419358 20133
10.292906941935485 21103
9.904102172043011 21191
10.153121806451612 21203
8.620366838709677 28137
8.43488812903226 29155
8.200861763440864 29173
4.9441921827957 35039
10.255210548387101 39103
4.741858560794041 41011
10.805300631336408 47133
10.203467451612902 48047
7.726393153225809 48371
8.937308135483873 48457
9.40225943010753 51079
9.60420693548387 51127
12.214964989247301 1017
13.821641849462361 13159
10.541591720430105 18175
6.4353721827957 20051
5.988932935483872 20171
8.093031436479484 26065
6.176269519354838 26143
4.449614874999999 30047
6.651844817204307 31119
8.778708521739135 34001
10.878811907834104 45061
8.304395096774195 48335
8.253932978494623 48475
7.880778881003584 19113
5.521957497695855 27057
8.69249916129032 28147
7.790312026392957 29187
6.666271063225819 36045
6.4616886858064495 36091
11.535143395635671 37057
9.584055553763442 37083
4.964426677419353 38041
8.634644737266559 42077
12.041334917050694 45047
10.828116548387094 47041
9.534126274193547 48119
9.540198467741932 48365
9.391844758064513 48387
5.768650854838711 49019
10.15537023655914 51043
10.015125670250892 54049
6.262927041935484 55083
4.7782814193548395 8017
9.121795225806446 17105
7.698205769585257 19123
7.6041379569892475 19195
7.243036758064516 20041
9.489802188172042 39117
9.156846765591403 39143
9.437582920122873 42111
11.110787382488487 45057
10.99415723842916 45085
5.796682645161285 46013
10.429698046594982 1005
11.230040817204301 13003
10.875097677419353 13239
7.50646763709677 19169
7.737884361290323 22003
7.177349083333335 27067
5.052314661290324 27077
9.357872096774189 28061
11.054060262672815 37165
4.39916617204301 49027
10.562623393548382 51775
8.353874044444378 2188
8.353874044444378 15009
8.9415127983871 17127
7.593925349462367 19019
9.640705557603688 21043
9.576618695852527 22031
4.837857677419355 31117
9.093203488681374 34005
9.71160510714629 36005
10.00910989442815 40145
9.343012255583124 40147
5.959884768942241 4015
5.659927173387093 41017
7.078568116129033 55011
5.8406381666666665 55013
5.262328322580646 8011
7.296441978494624 19001
5.287687290322579 20071
9.085349112903224 22111
9.059995451612904 28159
9.526759709677421 37185
6.73728930107527 40007
6.9610415967741925 48295
9.472454241935486 48391
8.932301467741937 48411
4.423419467741938 8119
6.724943863181322 9013
8.353874044444378 2050
8.77478251612903 12077
11.791635344086016 13043
7.532600344086023 19131
7.384102983870964 19145
7.985705336693555 20103
5.209114612903226 20181
9.026576122580643 28127
7.902845842741939 29091
10.294405241935483 39115
12.345513391083722 45079
9.31228933333333 48299
9.866828096774196 51530
9.937215700879767 51660
10.918921790322585 13007
10.293078077419352 13039
13.604494881720434 13055
12.894457215053768 13269
3.7699476129032257 16077
8.419791070381224 19111
10.537958883556268 21067
11.945916261780129 21111
4.588139580645161 30071
11.626944953079185 37163
6.202339370967743 46057
9.476146526881719 48363
5.437228693548388 50005
9.672147898617512 51033
6.947414174641596 6001
5.307357124423964 8083
9.121048922093733 10005
9.538884838709675 1031
9.665582344086022 1091
10.67363190364188 17031
7.684843941935482 19197
8.57672587096774 29143
5.805605562211982 31047
7.854140766129031 35051
7.228284782404703 36007
8.62848186935484 42033
4.578592193548387 46105
10.730602709677424 47117
9.682258394265233 48323
10.681904774193548 13025
13.58677247926267 13133
12.25716826451613 13147
6.706219677419357 20123
9.11450080645161 24023
7.458965935483872 26067
5.402327783870964 27007
7.749951587096775 27161
9.251270516129049 36055
6.519937378299118 55115
8.267466599078341 12051
7.379050464516128 19005
6.804517741935484 20025
8.509818190615826 20037
4.981052967741937 27031
7.367789213600704 31109
8.262419819354847 36069
7.4693682580645175 36097
10.205784999999999 37177
10.005437824372757 39015
8.333099068548387 40065
9.36897071712159 40121
10.207099916753377 42075
9.853906387096771 5039
10.349826236070381 51760
10.321859550537637 54037
7.388902447580653 55087
5.656140601779756 8077
6.991820963440852 12087
9.63339166382914 17043
10.51736234193549 18139
8.241355349462355 19097
9.235678354838708 21233
4.590440896505382 23003
6.35313801612903 26089
6.851737370967741 27121
7.793068169354838 29229
7.231850247311832 31021
5.371738516129032 38051
5.690807774193548 38093
9.26977710138249 48149
9.066035491112581 5007
10.36327263548387 51067
8.886853953917054 54083
7.782623093627068 55139
4.2245803483870965 8093
8.353874044444378 2240
10.738622980645161 13241
10.45736452649771 18167
10.344624096774192 21209
7.553516864516127 29115
5.505622459203038 35031
6.824292696236564 36023
10.657519662531017 37047
9.733095322580647 47091
10.158302669056136 51710
9.57587035483871 51735
9.463816838709674 54063
13.809932774193552 13211
4.456066159754223 16019
11.069589546920831 18081
9.03861840725807 22073
9.898528983022063 24025
7.518946387096775 29203
9.086139109354832 34031
9.406195811059913 39065
9.699338043010748 51630
7.30996964157706 55081
3.965191167741935 56013
11.370253625806447 13267
8.76642639170507 17051
7.725971518610427 27131
8.708535532258065 28037
4.132772999999999 30011
4.212913870967743 30033
4.558683385483865 30063
7.842072401985126 34019
4.833444023041481 35006
10.415921747983859 37147
5.546269548387097 46059
8.861674102150529 48049
9.504657176718096 48469
10.272306833333333 18021
7.0674434032258056 20185
5.132100706171106 23019
8.91313453096775 26161
9.214887629032255 28069
8.935005685483873 28153
4.16951932862903 30111
6.09315393548387 40025
5.354092745391707 4005
4.551032048387095 46071
7.60853055913979 48107
8.237376516129034 48275
4.880841107526881 49015
10.681696094227501 51510
4.016985879032259 53017
4.671499010752687 53071
7.504899645161289 55057
4.196545495967741 8087
10.136034845878136 12039
7.24392460483871 20149
8.204496591397849 22007
6.443798076612904 27059
10.536822881003584 45015
9.602702768817206 48177
9.607967274193545 48425
9.659648548387096 5013
9.792159430107525 1063
8.505243787096775 17109
10.655111338709679 18125
6.9538799032258085 20027
8.822634451612904 21033
10.098835022580651 21049
10.594363086510269 22015
8.71894033995037 22089
7.734448137468986 25021
7.403710479838712 26087
7.650664136200716 29169
11.083322817204303 37023
9.764485751033906 47125
5.913675318996416 50025
10.156992109677416 51840
9.900204134664634 12083
10.033093548387095 18009
9.591619956989248 18049
10.128107947580652 18053
7.800963360703809 19179
7.230323451612905 29087
6.352360806451611 31125
5.576328129032258 38031
11.84112484516129 47129
11.022752367741933 47151
7.319353666034158 55141
6.0614126050033015 6047
3.9686029784946246 16043
8.351635843317974 17067
6.444353682795704 20055
4.405717080645162 30015
6.652856649193547 36053
12.5224496540219 37119
7.78700432630272 42079
9.24182047849462 47081
8.558008774193548 48327
10.55463276774194 48489
7.578602887096772 55047
6.308676493548387 55069
5.785209838709678 55113
9.09690845519713 1025
12.973669951612903 13301
13.624600901433707 13313
9.914628929618768 18017
7.398669493548382 27169
8.97023362096774 28135
3.8705537096774196 30065
6.576703290322583 31081
6.012015166666667 35053
11.124762315136485 37161
8.323114656381486 42039
9.475540572043007 42085
9.422109399193547 48053
9.343493241935487 48419
4.765606677419354 8053
4.394005741935482 16065
3.750241999999999 16081
9.391203999999998 17035
9.14234961351187 17167
7.2664359892473085 20085
6.783706258064516 20105
9.52553864516129 21237
7.978058679687501 26081
7.1907729677419345 27093
9.60478215483871 28025
9.29320590322581 40077
8.357659000000002 48103
9.046549981691367 48485
5.834490923195082 49053
6.886899118876952 55009
7.801971620967741 29027
4.55540435483871 31075
10.126982124144673 37019
8.861001048499881 42017
8.353874044444378 2105
9.993898370967743 1085
10.336605419354846 18065
8.660409090322577 22029
9.243490930875575 28027
8.251730667741935 29023
9.418199880879424 34003
9.834211118548398 45013
11.545641795698922 47051
9.063637667741931 5035
9.56127493202765 51800
8.2968383844086 55021
7.006327774193549 55091
7.228703431451613 20061
8.889536870967738 28079
7.577124451612902 29177
6.953891677419356 31179
5.845685670883392 35001
10.446246658064515 37111
9.895756422580648 42099
10.412574064516127 45053
4.1763982580645145 46019
8.556144080645161 47077
12.42167542473118 47115
7.154748945161288 55035
8.09387290434461 6111
11.591769068548384 13137
12.57459974193548 13149
9.050837596774194 17025
8.407251698924728 17145
6.204528470967743 26019
7.693101209677422 29035
6.869050193548386 31141
11.014450052534572 39057
6.664291942928035 41067
10.484436122580645 48273
9.491614166666666 48277
8.306276569892477 5021
9.666540774193548 51790
4.556104725806452 8021
4.659217785240836 8069
9.214165555555558 39039
10.173336059907836 39079
11.040319436081276 39153
8.467298204301079 40075
7.200529580645161 48079
7.9942955483870985 48109
9.338091903225802 48407
10.74124626523297 54051
8.016837670967742 55027
12.383761892473121 13091
9.290051205913999 17163
10.964878752688172 18155
7.454351903225806 19151
7.823924718279564 29051
11.516251758224938 42003
11.557252774193545 45071
7.666431225806453 48445
10.033340041474665 51027
9.645584625806455 54041
4.569577141935487 8015
9.04353988479263 1099
13.15456377419355 13265
5.54254992580645 26061
8.397373058064511 29069
8.083173419354843 29153
4.244450629032257 30061
6.206718677419355 35037
10.667278852534563 37053
5.55721020967742 38019
10.659072884792616 39041
11.685543336265885 39165
9.813112082949319 40037
12.407931937353911 45083
6.951710262672818 46099
9.196618725806452 47181
9.391930945670628 48099
8.921846974193546 48133
12.007787401871498 48201
3.733183716845875 49011
9.244054987096776 51025
4.503114698924728 56037
4.409576896057349 6035
4.692664483870966 8025
10.302253139784941 13253
10.603000073732721 18077
8.833237298387095 21055
7.569376270161296 22101
9.628303109010018 40017
13.241048333988994 47065
7.954166342979136 48303
9.921951637571167 48309
9.388259340175951 51095
10.358092929618772 54099
12.400005706744873 1071
12.936860109677422 13189
11.679971445161291 13257
9.524529653225809 18131
6.237453580645156 23005
7.098378084903222 25005
6.244764875930525 26029
7.596108521505377 27079
6.23804374193548 33017
9.892985079499168 36047
9.083670438709676 37091
10.94069500879766 37153
6.50363522076613 4003
9.65678100358423 40135
9.609690958944277 42009
10.72587802419355 45009
11.226124689149556 45023
8.00791070967742 48269
9.289614241935485 54001
9.935344783410143 54059
8.972400024193545 12059
14.340785533870985 13115
6.8919183870967755 27155
9.503467780984712 28075
8.808118096774198 28085
3.9525095443548395 30093
5.7889378387096775 35021
5.942787080645159 38003
5.132887612903225 38079
9.331947572580644 40005
8.833419161290324 42093
3.764184632258063 53041
5.000055640552997 8089
11.43769690860215 13019
12.972629053763436 13023
9.919055865591407 17183
7.358311064516129 20007
6.787697354838709 20029
7.104373595698927 26073
6.84893531182796 27101
6.352039720430109 31107
7.211467695852537 36009
10.934647096774196 37043
10.113380738709678 39031
9.322332175115209 40081
4.552540032258066 41037
11.0918379516129 45033
7.71507740860215 48305
9.425483032258063 48343
7.7512430322580625 48501
9.22682693548387 51017
13.439475668909544 1073
8.704064635944698 17007
8.727884967741936 18091
7.743997032258062 29105
10.5625423255132 37013
6.207267030465939 38035
10.126119705645161 48409
9.73016515806451 48467
10.301565225806451 48473
9.405927829493086 5023
9.817884066997511 5131
12.7946533420572 13215
9.610707253833935 17119
7.261685717741935 19175
9.604855634408604 21011
11.165296981566822 21185
6.136976800000002 26039
7.0197038387096695 27127
8.778020758064518 28113
7.436574999999998 29075
4.043421822580645 30027
7.314758822580646 31043
4.841915373271888 32001
8.422854772043012 36037
4.091398064516129 41069
11.059724574596775 45031
11.022944701777478 47149
6.208506790322581 55078
6.382849065241033 6083
7.268386448924729 9007
7.490112435483871 19161
9.460661919354838 21165
5.678476537634409 26095
7.347680148387099 27055
7.674756089605735 29101
7.802937758064518 29103
10.57278423041474 39019
9.40114267096774 40063
3.7508897862903257 41057
9.655538387096772 48241
5.725036560271644 50023
9.769457556451616 5091
4.285610258064517 53023
3.7963466129032244 56003
13.585874247311827 1019
12.916088677419355 13125
11.410646086021504 13291
9.330552884408595 18099
11.083932483870964 18123
7.627556433179719 19011
7.860412068548388 20121
5.52830464516129 20193
8.6406111032258 22049
8.184518880066172 26025
9.302772834677421 40083
10.618013935483873 47137
9.377286731182798 48159
9.909590897849467 48259
10.387596441426144 51680
5.7299666290322575 8009
8.706173077419356 17017
8.934519428152491 22095
7.972846293778801 26045
8.968389311827957 28029
8.670464175115207 28059
8.12502486290322 29111
4.546158306451614 30073
6.284729852534563 36033
4.81387064516129 38007
7.401859887096774 48483
7.433835964516134 19127
10.325718322580645 21087
9.969984476958519 22005
5.766186221198157 23001
8.163088646859084 26077
7.780445913978493 29059
8.438782867741933 29213
6.681735193548387 31185
10.489710358422935 37113
10.733686317972348 37197
8.920928039426526 40115
6.15893605506117 41047
9.687350223502298 42021
5.553176903225805 46015
5.454699548387096 46017
5.620893080645161 46045
9.31116853629032 48143
10.369498014649333 48453
3.4703313163771767 49005
3.496153020527861 49045
9.211625639784947 5083
8.981820048387094 5123
9.20350647311828 5149
5.832889683870965 55129
8.66208746236559 12029
14.039866214387624 13135
8.617261806451616 20099
6.495237838709678 26007
5.786918629032258 27069
8.069628556451617 29186
7.667912096774195 29197
6.559822279569893 31121
9.651918774193552 37011
11.392008051843316 37151
6.625839440860218 38077
9.6375718064516 40013
12.07020348387098 45063
8.326516177419355 48081
4.39819777419355 8065
4.747122697580645 8107
9.86340797235022 1045
13.879066118279574 13035
4.708029108294927 16083
7.750977919354837 19051
7.362390741935487 19089
9.675724506912442 21025
10.05230675042444 21151
9.647431193548384 21189
9.190073693548392 21225
8.368888322580656 22103
8.017104780984722 27019
8.528273792626727 29113
7.577545877419353 29221
5.844795548387095 31015
7.5718708431085 36015
10.7318568655914 37123
9.54015458120134 42029
7.42408875073314 44001
7.50140135483871 48191
8.397970967741935 48461
4.090015559951303 49035
4.308895733870968 56015
11.51556879032258 13049
11.10514120967742 13173
8.618499215053763 21039
10.522253645161294 21053
9.725445709677425 21173
8.829745430107527 22083
7.689810070381237 29029
6.212758241935482 31093
6.938601470967741 35041
9.783012092611864 40027
10.87269653526519 42125
9.882531009216594 45043
9.762290822580649 5103
10.90626143010753 51610
5.926752653327873 6081
8.370161774193548 17009
7.497065709677415 19109
7.572848387096773 20073
6.835597990029323 4027
10.270489246334312 48493
5.242441903225807 50009
9.486041846774194 5001
10.220175774193546 5059
9.47720742580645 51147
9.571205542521994 51185
6.1115213419354815 26079
8.582450721198162 29099
9.546860398873505 34015
7.406319911290325 35017
5.0318655268817185 38061
8.588336989247313 48059
8.111808911290323 48415
10.110595188172047 5069
7.35703275659824 55015
7.534506413978498 55023
9.965349677419356 12007
7.713778846041053 12111
10.065592408602157 21017
7.712675967741938 27039
9.072516685942404 27053
8.099763483870966 29045
6.983253666666666 31037
4.739038580645163 38087
10.234624032258063 39129
6.383103358064513 4023
11.749334239867686 47163
7.737824309677418 48389
3.5146075630498537 49003
11.872207661290327 1027
9.320542204508701 12086
8.497054103225809 17181
8.961855082437276 17195
8.356471238709675 19087
9.030792866359446 22047
8.799782080645162 28007
8.330764801843323 29043
10.330439994847653 36061
10.196916251612906 39021
8.974040450604836 40031
8.953183682795704 48073
8.171021161290321 48197
9.283930419354832 5041
9.651998162485063 51179
10.87162178341014 1133
13.511705677419355 13079
4.619053129032258 16021
9.145807512544803 18033
10.441018370967743 18137
8.360087709677412 19031
8.195723268817202 22021
5.147216741935483 30091
4.3881757634408585 30099
10.384995576612896 48013
8.438750548387093 48023
9.496549559139787 48223
8.856939750000004 48503
3.759478129032258 53039
3.9611607096774204 6033
12.583379661290325 13163
13.09597895585737 13223
10.407111870967741 18031
10.456209454838712 18071
7.4383247903225795 19037
5.5007161831425515 23011
5.925519139784947 38021
5.465150794354837 4001
9.409805584677422 40125
5.668237277194309 41039
12.303230354838702 45065
11.706889894623659 45073
14.225360580645168 47105
10.658574422209552 48215
9.64649069677419 51075
10.283922997518609 51191
7.72373813701995 9001
9.079350929032254 1035
9.052154250000003 12123
8.773674721966202 17037
7.844884196549131 20177
8.67404201612903 22023
5.430897327543422 23029
7.575712641935482 29161
4.895227056451614 30083
4.798806322580646 30105
7.1466109262672814 31067
9.300654129032257 37187
10.032168532258066 48247
4.215269247311826 49013
9.112832524193546 5077
3.847611744239626 53007
7.793657445161282 55103
8.353874044444378 2282
9.271582585365833 12097
10.707379340175962 18173
10.53433669354839 21171
6.75304680645161 31027
4.208013645161291 31105
6.467942338709672 36017
10.110543774193546 39163
12.244217994623654 47143
6.711296709677418 48117
7.694022258064515 48169
9.974547250661013 48479
9.918367676965026 51041
10.081726688172045 51750
9.641830548387093 54047
6.460959231780166 6031
8.353874044444378 2198
13.628803632674293 1015
9.423268620967747 1131
13.600788656327536 13057
12.410633812903232 13105
9.274538368663592 18149
7.574113847926268 22053
7.557885243087553 26145
3.821057935483871 30103
4.6472764193548395 31031
10.604579595925298 37195
6.9560239121863825 42103
6.511999806451613 46079
11.34232812634409 47031
8.026595565982404 47047
9.161582790322582 51115
10.699144064516133 51690
13.42179810752689 13171
6.464582580645159 20083
6.9924198494623635 27133
6.4923158859714905 36093
9.477025412903219 40111
7.396553386290325 41005
4.168793924731183 41063
5.536570693548389 46053
5.282442806451612 46085
10.03179337096774 54087
9.16741006055461 1097
7.820106164516133 19155
10.111157058064514 21167
10.147819658986176 21183
9.711778522580648 24029
8.640287943548387 29133
6.889382153940392 36027
11.290536502948331 37067
4.469790720430106 41031
3.987871870967742 46047
6.683379467741935 46101
9.428929709677423 48007
9.475300949820786 51171
9.970914235732005 5145
6.54441960322581 53061
3.7111466645161295 56029
8.320298451612905 20019
8.270450551971328 22009
6.050074258064516 31083
6.119771288172042 36039
10.401990362903227 47111
8.738304177419352 48267
8.931300245161287 5067
8.565609225806455 5111
4.161920403225808 56031
3.707652524193547 56039
11.554046401433686 13069
10.589931403225805 13101
14.067284161290322 13237
9.46050202087286 17115
9.200041935483869 17139
8.791157935483874 17187
10.073702929618776 21095
8.285821139784947 22025
8.534834974193553 28071
9.730169609984639 34013
9.481746462365594 37009
6.261448532258065 38081
8.993649736774191 39007
9.898957255028447 45019
5.187243870967742 46119
8.781709084677416 17135
10.033354188940086 18075
6.692478010752689 20157
10.255534665689146 21073
9.865652100806452 21193
6.420683616487456 26069
8.737004197132613 28109
11.045557816679782 35013
11.731312563049858 37097
8.430266082542701 42095
11.270318607526882 45011
6.229146290322582 46061
11.003989022416633 48339
9.987070258064517 51580
6.745383372903224 9015
12.485016758064516 1043
12.511847545698927 1117
9.470873677419357 24041
8.918379711079943 26091
9.361273253305113 26163
5.685782854838709 31041
6.305914822580646 31181
5.295281290322579 38023
10.417270170967745 39149
8.498634387096773 48417
12.375001682382138 1113
10.280142129032253 18015
6.466375870967742 20089
6.668955412903224 20175
4.235865817204304 31013
5.486287064516128 31115
8.47775046967742 34029
11.404193496277912 37037
10.174423701612913 37087
7.208377032258064 40045
9.306608412186378 40049
5.810822879292402 4017
9.419639507108961 42091
11.813174214586253 45091
9.617774736559138 48015
9.139249978494624 51057
9.576252245161282 5139
5.950784340813464 6039
4.4999730791788854 6103
5.225576689149558 6109
7.309950129032255 19053
9.629025083870971 21161
5.8517115483870965 26153
9.281211096774193 28117
5.169305013824884 35047
6.921516239191545 4019
10.879874855112087 51013
9.87568887096774 51720
9.527395003456208 12069
7.590341112903224 20005
9.48462677419355 21135
9.00538875268817 22123
9.198520777988614 24037
10.790529001774155 24510
6.540601858064519 26011
6.150277274193545 26047
6.9391819032258075 27023
8.430458481494055 27037
6.8832032150537605 31023
5.654890091397851 35061
7.095890738598442 36075
9.346583177419351 40029
9.646628324596769 40101
5.386245532258064 49025
10.02150969516129 5051
10.340960988479267 54003
8.55559097653959 55127
9.638421164874547 1059
11.738985541935484 13111
12.910844357320096 13175
9.39873691935484 22081
8.655741763362368 27123
9.314161584320132 29183
7.068472098471986 36079
11.309256277699863 39081
10.017047157184733 39155
9.41383533640553 48035
13.71298838409136 48141
7.3722728548387115 48153
7.058490688172046 48437
9.864626454545457 51195
10.594344274193551 54053
9.356711326612901 54077
7.079483260368668 55109
4.693846635944698 6115
8.353874044444378 46102
11.764260457586627 1103
8.263860338709675 12037
7.27830131612903 19047
8.556738021066483 26147
7.349221822580642 27045
4.68153422580645 30041
7.694190296774191 31177
7.748723064516129 36121
10.036049321428584 40131
4.074003612903225 41021
9.57900260545906 51015
6.953286526204558 53033
11.212868645161292 54029
14.233732400537635 13121
4.874219344086022 16017
6.424904419354837 20067
9.97489715053763 21159
10.428464903225807 21169
6.609014032258066 25001
7.123727210918121 26117
8.277219696774194 29163
4.5922341935483875 30109
6.173819419354838 31137
5.999764180645158 50001
8.50359256451613 5087
9.575169467741938 5133
9.735685841642237 51730
6.38384481290323 55005
5.761049774193547 55041
11.067163048387098 1007
8.720611548387096 17005
6.594819548387097 20081
9.512793213921904 21047
10.367728507713881 21059
6.839322612903225 27009
9.112385989247311 28115
4.7329176129032255 32033
9.244195382488472 39069
4.705367699413488 41019
10.056958926267274 42073
8.151964806451618 48115
10.442190537634398 48257
9.381901625806448 48395
9.618152400000001 51137
4.654556374193545 53075
10.568722596774196 54079
4.565267370967742 8125
9.777868635525758 12105
10.361738684587824 18107
7.257525830645162 19141
6.929281112903225 20053
5.947592268817207 25003
12.525288481389577 45007
9.707176145161286 48379
8.353874044444378 2195
7.439526543010758 19021
7.544312787096771 19067
10.504359427419356 21213
5.406539333333332 27001
10.556518405529953 37145
9.634306805181613 39095
7.415289270967742 40153
4.621576554838715 41059
7.368226085194373 44003
10.593969061890466 51059
9.924053348387092 51155
9.654113292473125 51177
10.258316161290324 54073
8.763552016129031 28107
7.575234284946231 29015
4.557753443548388 32013
5.093672387096773 38065
7.7734235591397844 40043
9.220215000000003 40127
10.495669471362747 42041
7.43174679652606 42123
11.433386526881723 47103
10.549827051612901 47159
9.262222391705066 5003
10.451408346774185 51019
9.47915072580645 51021
5.1472147741935474 8081
11.35315648387097 13031
13.138753766129037 13097
9.95123898387097 18181
7.635003458064512 19079
5.670175564516129 26013
5.4723100215053755 27029
7.4965751612903215 29179
4.9348040000000015 31029
9.664007971774188 51047
4.614769241935483 53003
10.030672791666667 54061
5.792206425806453 55125
5.227957394721409 8101
9.72394081989248 12023
8.59802920854158 12033
10.801733182795697 13131
11.592945825806455 13311
7.981958012903225 19105
11.000331345878134 21029
5.995726552995393 26043
5.9202911838709635 33019
10.71169381682029 37021
10.00647445991165 40109
8.353874044444378 2261
11.276379483870967 13109
8.63367196415771 21035
8.738386887096773 22091
7.703445266129026 26151
6.1271943266129005 26165
8.962341903225804 28111
7.930691129032257 29149
7.329157045161292 31155
7.110360985111667 36003
7.983598395698924 36051
8.06292839577437 41051
9.874562430107522 48505
9.845579524193546 54005
6.695662580645154 55071
11.108296348387094 13205
7.716894343108509 19033
8.779440980645159 21221
7.286856570458406 26111
5.6155090387096775 27113
5.002503852292018 30029
7.396845796774198 36101
11.476426823655899 37107
9.575678032258061 39043
9.51372612903225 39083
10.340203303763444 39097
8.428748532258064 47095
8.095634225806453 48155
8.213489102427703 6059
12.680956080645162 13083
7.599673137096771 19081
7.698031032258064 19091
7.464474451612901 19099
7.899859352357316 20015
5.713567806451615 20063
6.0410102043010765 20147
6.815148837770121 25013
4.965777258064517 27071
7.442851637096775 29065
5.029120612903227 31171
4.683945999999999 38033
10.478861149084576 47187
9.655099164874557 51117
4.639859225806451 8109
8.353874044444378 2016
12.775584713261646 1009
10.788299010752686 13305
9.155160338709678 17049
8.84842704218362 17117
9.558252709677417 21201
5.962150956989246 26103
9.107179798387095 28141
7.556049814516127 29093
4.027448225806455 30049
6.312094439882697 31019
5.826451161290323 31073
5.090636870967741 32021
4.8752439032258055 35033
11.344582284696159 39151
9.492046157706095 40097
11.195729979669272 48439
9.443687669354839 51029
9.799032731182791 51063
7.527662045161288 19007
9.402395068100367 24009
7.6962027338709715 29049
8.457085032258053 29077
5.111507344086021 38009
10.167220499051227 39141
4.132306923387096 41065
11.35471345519713 45087
8.829194774193548 48009
9.591306864516126 48123
8.385393032258072 5093
8.353874044444378 2164
10.566844463173606 12031
3.8757615806451606 16015
7.355678924731183 19071
7.53515697580645 19075
7.346358169354838 19117
10.64221535483871 21147
10.390246075268813 21211
9.022900096774192 22035
9.468849472650767 24001
8.682296881720431 28001
3.6968660537634412 30095
4.972533016129031 32017
5.690475376344086 38071
9.389397506451608 40123
4.047673419354839 41055
7.943184143369177 42047
10.2125112078853 42059
8.906452446236559 47071
9.768010491039417 48037
10.551422899063464 48139
9.617517586021503 51109
8.353874044444378 2290
13.081096880184337 13293
8.867907318996412 17165
9.882224552419355 18169
10.515107525806453 21009
8.365569527381844 22055
7.343457574193544 26057
4.72647325 30035
6.356404557347669 33013
5.77622326267281 36049
9.533924201075274 42011
6.555256284946237 46011
5.955173548387097 46023
4.18352388387097 46093
9.808866763440857 5029
9.724964139784944 5105
9.686462322580649 51187
12.730685849462386 1095
5.272418806451612 31103
11.512187358064514 37063
5.8414160322580635 38091
4.887711044802867 41003
7.750767806451615 48125
8.076515032258067 48301
5.036513419354838 49055
9.60486260117302 5033
4.703001750000002 8003
4.9055456827956965 8071
9.5902401843318 12121
8.787594317204293 17055
10.2359495763441 18035
8.672338139784948 21083
7.0527454629032205 25023
6.967302967741936 31051
8.102449711693552 35005
4.253483935483871 41009
9.44962669354838 47043
10.570501016129029 47169
8.518719448387092 48227
10.27229930947578 51087
9.278125548387097 5147
9.71446040322581 51540
5.191520364516128 6009
5.229586274193548 6043
4.525844306451613 16009
10.699331141935483 18143
10.393010951612904 21239
5.337518850094881 23009
8.373540477928703 26075
9.056389 28119
4.419221677419355 31123
11.139219997419362 37101
9.534985661290321 37117
9.783958325652845 39055
5.186740419354838 46107
11.886307200000001 47139
8.934454963709674 5063
9.677585910557191 51700
8.874075990783407 12133
14.144685849462368 13319
9.325737885080645 18127
7.473658258064517 27091
7.023324548387093 27149
7.790770903225807 29199
6.186911784946235 38073
9.268261109181136 39033
8.242378096774193 40053
10.464938512655094 42043
7.053989407834104 44009
8.521539548387098 48105
7.331862048387097 48129
9.425065698924733 48337
9.34902550275374 48423
9.660153774193546 51071
9.344115075268821 5109
9.38123606451613 51113
10.078198209677426 51121
8.729307666666667 54023
6.148115751544276 6099
11.672924471774195 1083
10.808031709677422 13065
9.43366335483871 17079
10.395393070759638 18105
7.28806168817204 19039
9.237808761290326 22013
8.37288407834101 29109
11.455397421836228 37105
9.39206150620348 39123
8.435309806451611 40011
8.453470258064515 5055
8.722242427419356 17087
10.728428027898868 18095
7.411135322580644 19085
9.584389822580647 21153
9.712228853046591 21177
7.622069943548387 29215
4.923793035483871 41035
9.291356838709687 48171
7.206917539488323 48381
9.950245540322586 51141
5.569924282344782 6053
4.171390774193547 8121
8.353874044444378 2090
7.657735106451612 12061
10.900750154838706 13027
11.034275516129032 13243
13.472719198924738 13255
4.10006706451613 16063
7.19784137903226 19133
6.31850551612903 20129
7.7387595249266905 26015
7.488355974193551 27049
6.771497225806452 27051
7.105595048387095 31173
6.57932819354839 46051
8.343041919354835 48003
10.222368919671094 48039
5.743763870967743 55051
4.39929908064516 56001
4.3163196505376344 8075
13.119291255131968 13157
9.353574264516133 17053
8.646123290322581 17071
8.809842931713453 17201
7.649167514231493 20155
6.682238921605394 25027
4.386537 30079
6.590982322580644 36019
9.277391602378344 36029
9.073836822580642 37015
9.303480225806455 40051
9.409909748387092 42067
7.151120333333334 48043
5.713856435483872 49037
9.8271065 51051
4.2762494002633265 53067
9.045039032258062 12067
11.737536625806452 13321
7.259836924731182 20151
10.997490829912028 21015
10.35185212499999 24043
8.508133948766615 26149
7.9388528172043005 26159
8.184848403225809 29057
9.284478268817201 39051
9.364133725806456 39175
9.530339105571853 40113
8.67088533870968 47135
9.50639764516129 48145
8.600145838709679 48317
9.317517526881717 51111
5.486607430107525 53057
9.500820043010751 54007
5.935059888765297 16027
7.3560650107526895 19185
9.831472380645163 21071
6.467278665322584 36105
10.302089799283152 37099
10.01329838064516 37139
4.861842516129032 46075
8.18147137096774 47075
7.101445 48243
8.552156010752691 48253
9.60192261827957 54019
8.236022853598019 55111
4.881406307773661 8035
10.203375644226242 12095
12.724915907020874 13045
11.131185494623654 13299
10.813785870967749 18027
10.773221876344083 18061
7.2715192043010735 20159
8.07494759762309 22097
6.366054120967742 26085
7.206552061583576 27141
9.6249713156682 28067
8.627934723083369 34021
9.181773518026572 40119
11.007823526881717 47185
9.645616606451608 48019
9.6782601076923 48027
9.48472569354839 48465
4.673818483870968 49031
9.196986634408603 5047
9.492956212903222 51139
4.042972846390166 53009
4.618056612903226 8105
4.960496931294499 8123
11.894394653225804 13187
3.4157269838709685 16041
7.778699058064524 20059
6.985315193548388 20097
10.15623995698925 21155
7.776557494623654 29089
3.7415513548387076 30057
5.9952324193548385 31077
9.362258629032246 42061
11.717613658064515 45081
9.441825349462365 48071
6.804539096774194 48369
10.080245704138138 51810
4.402605478494627 6021
8.987876948440732 12011
9.122284801075269 12049
9.767427728057001 12117
9.184341438572408 19163
9.702281548387099 21023
8.603594936917574 28047
8.672034161290325 28161
3.8540263870967744 30001
4.421472053763441 31033
6.671669614369511 33015
8.69719792943549 34009
5.514684581797237 35043
5.294938612903226 38047
10.661938543346773 39169
10.111142272089763 42001
10.309591855520218 45051
8.452281634408603 47023
10.95108038841879 48029
8.845567231465777 6073
4.83472935483871 8091
4.577260830645162 8097
8.353874044444378 15007
12.505920241935485 13181
4.269358387096772 16035
10.5343725483871 21121
9.059528147465437 22085
8.428210766129029 26021
5.544159290322582 26131
7.9558495145744255 27003
6.9376894147465435 27083
7.76308770967742 29185
10.78264073940544 42007
6.62580765322581 46109
9.160619494623655 48239
9.667793996604416 51165
6.867220879765397 55017
7.575647816129026 55039
3.7290858709677437 56033
9.48329928315412 1013
8.330392864673483 12091
11.982516246975822 18097
9.792701425806447 21119
4.912784806451613 31057
6.933940829912023 46083
8.64138462365591 47079
9.317092115207373 51053
6.914690814516124 55033
8.142007341935486 55065
10.321861396774194 18083
8.85591940860215 21157
6.590088000000001 25007
6.477679808243726 25015
8.666956545454552 26027
8.324790889400925 28045
6.215758036866359 36021
10.094840443548385 42019
10.313532763042598 48355
13.107663927419352 13231
8.050214393548385 20001
7.591221677419354 29073
5.883741516129032 31183
9.861114536753059 36063
12.457373967741935 37095
11.431881548387095 37191
11.350195380804381 39035
4.41067846236559 41015
6.798154995391702 42127
10.636529672042998 42133
5.815565516129034 46005
11.086055900153607 47189
6.300726580645162 48205
6.680164749999998 48341
10.191135668621708 48497
4.763811714640201 53021
6.523633552814682 9005
7.616165438709677 19023
7.132803986175111 19167
8.783443883870973 28013
9.355121731182791 28129
9.218655268817212 28163
8.528317559139785 29209
6.255973370967743 31011
10.553396480286745 37169
11.509464731815308 39113
9.76979144802868 48147
9.5876137983871 48507
10.697994169354844 51590
9.827963516129033 51678
4.15396200358423 53077
4.042144946236558 8049
8.353874044444378 2180
11.149538125448027 1021
11.269973021505374 1037
12.748723733870968 13317
9.944235096774193 18001
10.264990110599081 18051
10.740286054590573 21019
6.848634763440862 27073
6.168570016129032 31061
9.115744741935485 37073
7.322149978494621 42083
4.729024419354838 46137
10.189458380645164 48209
10.21138559677419 48297
9.303390820276498 48459
8.159935661290321 5049
3.5912216088709648 53027
7.635957083870964 55077
4.079563070381228 16005
9.472334645161295 17113
8.190878918114146 19061
10.337451376344088 21003
10.493225919354838 21223
3.8002761935483877 30059
11.513168773719144 37051
10.604856290322578 39121
4.38943858064516 41001
10.400494104516138 45035
10.742093084677421 47055
8.718140090322581 48451
10.15304078120617 51085
5.9849929078341 55085
6.10513171619008 6067
8.043980325268823 12093
10.014707346236564 13127
10.612773136476429 18109
10.29110044700461 18133
10.361168719165084 18177
5.827036967741932 23013
10.5341020636283 24033
7.177322572580646 27063
7.794100903225804 29223
9.406050118279571 40069
3.9839028629032263 41027
8.284300853170196 42081
9.212276548387099 48001
8.339685870967742 5101
9.94301856221199 51035
5.315853606758837 53029
9.074283629484473 55025
4.450021800000002 56007
5.171583225806451 8033
9.695941890322581 12079
12.279751752688169 13107
4.415591290322582 16051
8.91105188709678 17095
7.379924913978489 19027
6.68951098387097 20165
8.716086287096775 29201
4.9368406989247315 35007
5.097019451612903 38013
4.903777516129032 38037
9.248282410752692 39139
11.94158859677419 45077
10.074438881720436 48131
9.067693377880182 48225
8.752970634408603 54071
8.798208032258064 54093
9.529990043255141 12053
5.181518096774195 31017
8.47890929278174 36119
9.312887493087555 54057
6.043129689951272 6077
10.220058080645156 1033
9.786445150537633 12125
14.893729072580639 13021
9.646661036866359 18183
10.437022703225802 21099
6.022150354838709 26033
6.8979292688172045 27011
5.383146612903227 35003
5.84886191935484 38045
8.009683161290322 40055
7.431773860215061 44007
10.457600387096779 5045
3.671818064516127 53037
6.375867387096777 55095
11.527915755335 1101
10.215867654812255 12103
10.071225129032259 21229
8.331691354838709 22127
5.870454459677423 27065
3.881931693548388 30007
4.750922131336404 32510
5.060246096774194 38055
7.573813118279571 40151
11.084029032258059 45069
7.121842548387097 48011
6.602905338709679 48195
5.157222258064515 49017
5.6129015115207395 50015
9.78259466935484 51163
8.074037622119832 55059
3.448201016129032 16007
4.391450021505377 16061
8.766335747800577 17081
6.572004758064517 20167
10.548800967741936 21077
9.037186780593967 22051
8.716257370967744 28041
3.5988383741935475 30009
6.819261677419353 31167
8.352806341397846 35015
6.16088516532258 4007
13.392665231671545 47145
6.973404064516128 48017
9.203137548387094 48271
10.025684332986469 51740
5.561047542002693 6095
8.660996314516133 17003
8.60797460215054 18151
8.01422583870968 19101
8.388440846774195 20205
10.332559458781356 21113
9.649502016129032 21181
9.365237161290327 28031
5.924504606854841 33005
7.518381290322582 40129
7.52733264516129 48345
8.357142258064515 48353
10.52637031048387 51143
4.459287485407061 56021
8.937186469534058 12027
9.000550473118277 17083
9.01055794623656 17129
9.635483307123645 17143
7.9718580850439835 20045
10.346374043010751 21179
10.547900943108504 24027
6.423795009677421 27025
7.122082323692978 27145
9.278183895161288 28105
8.084599258064515 29017
8.829096967741934 29119
8.049715806451612 35023
10.552831670967738 37173
5.24415001612903 38069
9.732794964809383 39091
5.1544472500000005 46065
8.58560732258064 47039
7.851515032258063 48101
6.840202488479261 48233
9.344910370967737 48287
10.4908885376344 48361
5.813901978494622 50003
6.036072398387096 50021
8.958644430107524 12013
10.689890490591388 21227
6.227278983870967 26141
9.261900737903224 28011
8.02452287096774 29039
6.635105610599073 31079
7.796070258064516 40057
8.611542448387093 42031
7.770274129032256 42053
8.008900709677418 48033
8.355936387096774 48207
8.365224758064516 5089
8.35888075 5121
7.22034050691244 55137
3.60177479032258 56017
4.757174120967746 8007
8.353874044444378 2170
8.918196462365588 17065
9.381389378198 17091
8.943453473118282 17125
7.421353629032256 19063
5.2760150740037925 23017
9.577794183361627 24015
5.907303225806452 46111
4.430552451612902 49007
8.870890145161288 51001
4.261145177419354 56009
10.778231010483871 12057
5.429157268387098 16055
4.259093376344087 16087
7.363651612903225 19137
8.870434264516126 19139
7.570340373271892 20113
9.534210016129027 21205
9.226611480286735 24019
8.047620748609571 29019
7.295133780645157 29147
7.497539817204304 31025
5.646234774193548 38063
10.313560787096778 39059
8.643374363636365 40071
9.46569041935484 48289
9.538454541935486 51077
9.386312112903227 51157
10.136856612903227 54105
6.404973782258065 55061
7.18701567972351 55097
6.896473811414382 6107
14.059215257419376 13063
7.357120956989251 19077
8.59608262428843 22087
6.315934456221198 26129
6.185460825806456 27005
9.212113528225801 28073
7.612263314838696 29021
8.664389016129041 47053
6.34526362580645 50011
10.473179568548396 51023
9.469039489736065 12063
12.184677980645162 13119
13.80823841290322 13297
10.215947024193547 18121
7.4203601451612915 19171
6.077119612903225 20093
8.591682059139783 22041
6.0414494516129045 26031
7.092556989247311 31039
4.637664387096774 31049
5.822305499999999 31089
9.430692156682026 39137
9.37907297419355 48051
11.123127382427835 48157
4.078151935483871 49009
8.29655223041475 5009
9.72980070967742 51045
8.353874044444378 2158
10.58177887096774 13061
10.173542748387097 18119
7.536288944700464 19015
5.962713806451611 20195
8.010194838709678 20207
6.130612872759857 25011
7.693711198156681 29001
6.499850500000002 31129
10.695580822580647 47027
8.309304397849465 48165
9.269185119354841 48499
9.428790279569894 51830
4.666078640802095 53005
4.714425580645161 8079
10.809985501792118 1079
11.286064744623655 1087
11.296918180645168 13071
9.46751547580645 17147
7.612747752688175 19135
8.45896034599376 20173
9.758024016129028 24017
6.056186593548388 26119
6.564947241935482 31035
6.405740875698919 36001
7.849294484364004 4013
7.4505939870967755 42117
5.4586745343427765 8005
10.571244225806456 18005
10.058276225806447 21081
6.214632683284453 26041
8.133277849665237 26139
12.877743582949314 47009
8.233484121863798 47097
11.07181593010753 51169
9.026441465437783 1039
8.664515069354835 12035
12.398097749999996 13011
4.715663625806453 16069
10.36633806451613 18161
7.408735217741935 19041
9.478812178885638 40019
6.071271096774194 4011
8.779942525345618 47109
11.085783718590813 48085
9.935911177419358 48185
8.852617693548387 48319
8.309224978494626 48495
4.858948983870967 8051
4.935309749999998 8113
10.095190012096772 1109
13.47075889426524 13013
4.508038741935485 16047
10.793049096774194 18101
9.114157306451617 22061
5.140585661290323 26083
7.813819429130007 27109
7.4810181935483895 29033
7.393721346774191 29079
7.64612261935484 29131
4.428532774193549 31069
11.370641956221204 47035
3.74900375677419 49057
4.695205503225806 53051
9.618191709677419 54109
10.112731419354837 12047
11.725182426523302 13095
12.758427580645165 13235
11.210991129032257 13251
4.35906128387097 16067
7.485024258064512 19049
7.053470193548386 20033
8.843664863636368 22019
7.75012441129032 27147
6.482692426523299 4009
9.039843587096781 42119
11.082353953115616 47037
8.286976697270466 47167
8.745675866723252 48441
9.528150531309294 54081
4.813597822580645 8023
9.946646575268817 17033
6.861813725806451 27173
7.8818090645161325 29013
10.072915896313367 37065
11.52956814814815 37085
11.027120511520739 37149
6.162363000000001 46091
9.810594653225815 5081
8.333542733870969 5135
11.807203006451614 13017
12.181101206451613 13123
9.141835200000004 17193
6.704715004608294 20057
7.295741790322579 20127
5.77497388306451 23023
6.729624080645163 27081
6.23585844991511 36113
11.501460238095241 37049
5.068753088709676 41053
12.125829634408598 45001
4.823147903225807 46031
12.438997975806444 47173
8.894500099999997 48373
9.013105827956986 54101
5.6790211290322565 6027
8.353874044444378 2068
7.786517903225808 19107
7.530241268817205 19189
10.76112304838709 21235
6.091795374193547 26135
5.452784961290321 27021
7.444898483870965 29081
10.282796551971332 37127
6.05436407526882 46037
8.38043779435485 47045
12.561409766129033 47063
9.55760024884792 48291
9.625175669354837 51065
5.4409154381231675 6041
4.4664399999999995 8027
4.572859806451614 8115
8.353874044444378 2130
8.790713172043002 22069
6.570876879032262 26105
9.043648327956992 28145
7.908041258064516 29067
10.282183379928323 42055
9.329488553763436 54097
5.741986107940456 6087
8.936907664516124 17021
8.62876137536656 17141
9.784973624663984 18003
9.41465789677419 22037
7.686038460829496 29107
8.46363221612903 36073
5.280622500000002 38103
7.869359045698927 42025
10.781611733870971 45067
10.746709374689821 54107
7.831117086436271 12099
10.038683153225806 13191
8.1759496 20011
8.93450701612903 21139
5.714795211981564 26053
9.136918 28055
4.627207806451615 30053
4.017207032258065 46033
4.8290543387096765 46041
4.810362387096774 46095
9.437361815668199 48067
9.050151322580646 48093
9.948071432258068 48349
13.220725466501232 13295
9.917371629032257 18171
5.777662080645161 27125
5.583896838709678 35059
8.550303012903221 40141
6.292113967741934 46009
5.83272787096774 46025
7.09830506451613 48211
8.567516865591394 5075
5.088021806451614 8103
8.353874044444378 2150
12.609173967741938 13145
9.916063930875573 18179
7.1825895806451605 19143
7.272349849462363 19173
7.701582849462363 20031
10.098656887096773 21079
6.082411290322578 27119
7.780457645161289 29121
9.409822016129032 39173
7.537135709677417 42089
12.633257157221754 45045
11.277944336917564 47025
10.567724935483863 51089
9.404072232258065 51099
9.283102693548383 54089
4.4020353225806454 6091
11.949886161290317 13209
3.910926322580646 16025
9.064418758064518 17155
7.015437495967744 20009
8.210832349462367 20191
10.489830895161285 21163
9.89695806451613 21195
9.106997978494627 28149
7.676133306451613 29083
7.72131508467742 29195
10.580111173697263 37077
9.72539068817204 39001
9.87812347419355 48221
9.59971714516129 48293
6.431751249769587 50007
4.293401356854834 53025
11.29048589516129 1001
13.123857995391703 13233
11.700363112903228 13307
9.008032258064514 17011
10.280246720705822 18089
9.640124262672813 18129
3.9635381532258074 30087
10.773653640382323 37089
10.476736587243405 37129
5.262300806451612 38043
10.578620271889395 39157
10.100391838485669 42045
10.64333707331378 48397
10.584478175897758 54039
7.59743262348524 9009
8.630969244361944 12127
8.790800919354835 17151
10.243665380645153 18165
5.675470112903225 20179
8.67932237580646 22105
10.803798838259562 24031
6.000799032258065 31163
7.942405215053765 40003
4.114506464516127 46081
7.708791806451613 48075
10.507983218020021 48187
9.25161949875931 48401
3.9148883548387103 49023
6.927502870967738 55053
4.630907841935476 6057
10.234249459677418 12003
9.92390656129032 17101
8.678609096774194 17153
7.921454376344087 20079
8.073595860215056 22059
6.1197918709677435 26137
7.957690358064521 36099
7.47481186104987 36103
11.421507130498538 37045
9.503391774193547 40089
4.635985266129032 41013
8.474432599999997 47033
12.5400477281106 47123
9.614092354838705 48031
9.560134574193551 48183
9.631709854838713 5025
10.603807992831536 51161
4.271922322580645 53013
4.559759104838709 53065
8.501659727815788 55079
6.9736740856079384 55117
4.145665595161289 6045
8.727769300075018 12005
8.407301459057077 17177
9.466351562724013 24011
9.511402645161292 40085
8.345435919354838 42121
7.199089138519916 48375
9.635958008797653 51003
10.287557258064517 51031
4.576448709677419 6003
12.88026937788019 1049
11.485125941935486 1123
3.930296741935484 16037
8.740459924731184 17133
7.5462362516129025 19157
5.688147290322582 20203
9.079997383064516 22067
5.818477587096777 26071
5.78345593548387 31065
6.146201642857145 36025
10.958489193548386 39109
7.311300177204289 4021
5.430525502753732 41029
10.661540212258059 42129
8.082341838709677 48433
3.764541758064517 56035
8.353874044444378 2122
12.985512767025094 13139
8.42940387903226 17189
11.219969583870972 18059
10.46612525268817 18079
10.05564248680351 21101
8.921909345351054 21145
8.377751709677423 29127
7.580041217741932 29151
8.954449150537638 40041
12.414286462365592 13085
10.31485626612903 18013
10.384397935483873 18093
7.349866018817203 20169
10.170776232258063 21031
5.466218500488766 27137
3.8971484193548376 31165
5.699021841191068 36031
17.463711706093203 37055
11.740597618410694 37179
8.461803032258064 48447
4.210395238709676 49039
10.743779628264207 5125
