12.463214838709685 17039
12.44978064516129 18135
10.341093548387093 20013
12.019240053763445 26023
9.119632551319658 26035
10.700430550284635 26155
9.790211111111105 31001
7.0879709677419385 32029
11.850553763440857 37001
12.892086774193544 39159
8.238199999999999 46063
11.22207589134126 47011
11.283049131513645 47073
11.35746917562724 51009
11.27884281524927 13047
10.575479032258063 13249
12.019839784946242 17157
9.025571428571425 22093
11.002601382488471 28133
8.703045161290323 31063
9.655746236559137 38057
12.485802508960571 39161
9.063161290322581 40033
10.088101612903225 47049
9.973417911382912 2275
7.873919354838712 16045
11.816551971326165 17001
12.681359083191843 18085
10.803704608294934 21133
11.447525000000002 21219
11.959096774193545 29207
10.241149853372443 36117
9.743606451612907 37121
7.628932258064516 48173
9.690655376344088 55135
7.091898709677423 16039
12.504414516129035 17175
11.177305432937187 24045
8.962923118279567 28091
10.427951612903225 29227
8.40645806451613 31135
11.376215188172045 34033
10.45270561009817 34041
8.744762808349138 36077
9.871736465638156 36109
6.7354459203035955 41071
8.371230082520613 48061
7.317184193548393 48265
7.255439516129035 48399
8.654732258064522 12065
7.419193378607807 12119
11.821960049627787 13217
10.839256129032258 21207
9.188640552995395 22011
7.414284408602154 22113
10.30716774193548 28015
7.82334516129032 30055
8.885850806451613 36089
10.942456989247312 37103
12.842417204301077 39127
9.99162043010752 42035
9.437939976958496 9003
10.852161794354837 10001
11.579480860215057 13015
11.918579811827964 13067
9.738813594470043 13179
12.464549662415601 17019
12.44986814516129 17107
12.881024596774187 18023
11.257592473118278 21137
12.684051612903222 21187
10.79937822580645 29167
8.988829032258066 31071
8.676845161290322 31145
8.772151612903228 38025
9.146303225806452 46117
10.494234724857675 47019
7.8110556451612885 48255
7.3196903225806444 48383
10.613175806451613 5017
6.932239002932555 6069
9.973417911382912 2070
10.475985483870971 13279
9.62233978494624 13281
11.615518817204304 21115
8.21143911290323 22039
10.85421741935484 28101
9.707972043010756 37115
9.788287096774196 46035
9.115422580645161 46123
5.178362903225807 8067
9.84285705645161 27035
9.358919354838712 27115
11.653407775020666 31055
11.027881720430107 45055
10.94341854838709 54075
9.973417911382912 2110
10.616727419354836 13197
12.418998064516128 18045
9.78967903225806 20117
11.317601290322582 21175
9.965992803970225 26157
10.992108064516124 27047
10.135031182795702 28097
6.30052516129032 30081
5.847456129032254 32023
12.047472043010734 37159
12.774551612903204 39009
11.706462998102465 42013
10.484015053763441 46127
10.936182795698913 47113
8.31348755760369 48219
11.52089032258064 51685
5.443024731182794 8019
11.291699539170507 13285
8.993226099706746 22117
9.777372580645165 27167
8.219590322580645 30025
12.289745126789695 37183
10.298526881720427 40099
9.08801290322581 46055
9.429485111662526 48347
11.465119061583579 5115
11.616000806451618 54065
5.620425806451613 8047
12.106945806451622 17045
11.078042580645159 21045
9.16156866359447 26009
10.567825806451612 29129
7.319996774193549 48083
11.157983870967747 51520
6.981326045400251 53035
6.808936764705878 8013
6.282361290322582 16071
11.562012903225808 21105
10.89995483870968 29011
6.908522580645161 30107
13.39249663978494 39029
10.88190430107527 40091
11.599938709677422 42057
9.91648064516129 47007
7.793903225806452 48045
8.473902258064522 50017
8.863361290322583 56027
7.891179131007245 6075
11.685120483870964 13113
10.694979032258065 13165
10.410925806451617 13259
12.313535842293911 18055
9.717371532258062 23031
11.22981935483871 29181
11.261746236559143 29205
10.214025111662519 36087
11.719520276497704 37059
11.35103494623656 45037
9.437464516129033 46003
8.697471550179193 48245
13.087219892473119 54035
7.053810752688171 56041
11.753684946236556 13169
11.543208870967746 19055
8.361985483870962 23027
11.885216842431726 24003
10.372645161290325 28125
11.390451612903227 29137
6.114140860215054 30067
8.614721370967747 36095
11.56875645161291 37033
11.090545057232069 37035
12.566390190013282 39093
8.098598617511527 48249
12.087286175115217 51149
10.582753225806451 51640
6.094671428571426 8043
11.620572580645161 13141
10.970146774193555 13221
10.325054252199417 13275
12.380067741935486 17047
9.584594354838714 20115
11.947711290322578 21069
9.348844086021506 26101
9.800417741935487 27097
10.356476497695857 28003
10.556481720430108 29085
9.698986451612903 30003
11.542522655663905 31153
10.92066041055719 37061
10.111643225806455 40023
9.160858064516129 46069
6.695223655913981 49047
8.096943870967742 50019
6.967048991935476 6089
11.001009677419356 13263
8.231459354838707 26097
10.81620381231672 28033
11.030943225806451 29053
10.760083870967742 29117
11.210737634408607 37143
12.947450627240155 42051
10.907839032258064 47107
11.572309754224277 47165
8.256112788018442 48135
11.638460368663594 51069
10.700532258064513 1075
10.324995161290325 13287
7.237703225806454 23021
8.787120967741938 31111
12.808047311827945 39037
14.345697195582677 39061
10.100802867383518 47029
7.806599999999998 48429
11.22631385199241 51061
9.07377186379929 56025
10.451039108452676 6065
6.856347311827954 12075
11.009381935483876 13143
14.076408903225804 21037
11.740912903225803 21061
11.544303225806457 21141
6.944065284178175 22109
14.365959507213473 29189
11.695990322580647 37131
13.172516935483879 39111
10.112153225806448 40073
6.600445161290321 48127
10.72688387096774 5073
6.82909806451613 53001
10.63090698924731 55049
10.961801075268811 13195
10.838168279569892 13227
6.169425806451611 16079
12.019995161290321 17059
10.428638709677417 19121
10.978859139784937 21129
11.041523271889403 21199
9.745515412186382 27041
9.924933870967743 31059
7.9363797653958885 31157
6.761435080645166 35035
9.36321075268817 38099
7.967993548387096 48421
11.298572043010747 51005
10.644811827956984 5113
7.494142453917052 12001
10.077341290322575 13001
12.864773624288441 17097
12.660607258064509 17185
10.624870698924731 19181
11.054456221198157 24039
11.419745445920297 25025
10.545983333333332 27157
10.798833179723509 29009
14.675560651247755 29510
13.113466082949312 39099
9.105730434782602 46103
6.365825806451614 48137
10.905861935483875 5027
5.759416935483873 53015
8.729394086021513 55075
12.812580322580649 18011
12.796863799283146 39107
8.590464193548383 48021
7.866190322580646 48087
11.58659886148008 5031
9.109025047438355 12073
11.961757419354841 17149
13.156407444168726 18057
10.541127598566307 21013
13.955902989771834 21117
7.383105890603085 22057
8.271564516129034 30069
8.569432258064516 31113
6.1782677419354854 35019
8.943702481389575 38101
9.729602867383518 45029
11.209375483870964 47057
10.796875089605733 55089
6.531157603686639 6063
6.882527667493797 8041
9.83770967741936 13099
12.845786290322575 17027
11.26217096774194 19065
10.757458064516127 19147
8.878732258064518 20141
9.511350510412386 36071
11.56745812370522 36085
8.973174193548386 38029
12.599472358175744 39085
10.518874731182798 40087
10.794938064516128 40117
10.389093010752681 42097
8.64198207885305 50027
10.996709677419348 13213
12.903485483870965 18159
10.228238709677418 20003
11.751551792114661 26099
6.779654838709679 30097
13.192254377880182 39047
8.1151270967742 40139
9.618548156682026 42015
10.72111010752689 47059
10.286632258064516 47069
10.497111693548394 55093
9.973417911382912 15005
10.361556989247312 1011
11.129256989247311 13059
13.476861290322587 17093
7.736620683111954 23025
7.597446334310853 30013
10.025890322580649 40047
10.022021935483874 45049
11.261560570276517 47093
7.074825806451618 48057
11.7602505707196 51107
12.505458064516128 54085
10.333655645161292 1023
11.276905571847509 24035
9.227104301075263 26133
11.072117540322559 54055
11.462073476702512 13129
12.39683727598566 17103
12.316405161290325 17159
12.829637634408591 18063
11.431566893039053 19013
10.512553763440858 19093
9.51938064516128 27111
10.501812713472493 37027
8.865564516129034 38085
12.923164784946245 39135
8.063415483870967 48089
7.936831182795701 48193
9.973417911382912 2220
12.201807258064518 17023
10.576101612903226 19149
10.925134408602153 27043
10.611472811059908 27085
9.864831182795703 31095
13.112724014336926 39071
12.761638387096772 39145
10.139629032258068 42023
9.952666451612902 46135
7.534761290322579 48321
11.587922580645163 51007
7.011477791563285 53011
11.3475651912978 55133
5.64044838709677 6051
6.801713294232651 6097
7.437522580645162 8061
12.883418996415752 18039
12.954985645161283 18067
10.589873548387102 19059
8.548875806451615 20065
8.170790322580647 20119
11.952272414832704 24005
9.368829953917045 27017
11.124652073732713 27103
6.582552903225804 32019
8.558441935483872 38001
12.617114662756574 39003
12.963364516129028 39053
10.68890887096773 40107
9.324806451612904 46073
5.179633548387096 49041
7.820670362903248 49049
11.970736559139791 51036
12.340832258064514 54017
11.693075551782709 55105
12.878018692001762 1089
10.041968548387095 13273
12.489104516129032 17061
9.619903225806455 20197
11.595295384615365 37071
9.603610599078339 46029
10.875801612903222 47127
9.09889347158217 48041
7.966340860215058 48285
7.004327956989249 48307
11.631214838709681 5019
6.344865898617511 53031
11.595876958525341 54067
13.094720301075283 18141
11.819599999999994 21085
12.54972258064517 21215
10.554755913978493 27105
12.4005464516129 29219
5.969819354838712 30089
8.531501697792867 33009
11.136823387096772 37137
9.109667741935484 38095
13.150420967741937 39089
13.096964176570452 42005
11.509570737327195 47147
9.533929912023464 48217
9.7524268938021 48491
10.517332258064515 5129
11.248267741935475 5141
9.823227419354838 13037
7.850239784946236 30085
8.724780645161292 31009
9.929406451612904 31139
9.919814838709673 36123
11.928551829764185 37081
8.813396774193548 38089
10.974224193548386 40061
6.27170362903226 41061
10.011381505376344 42037
9.192533870967743 46121
10.11418387096774 46125
10.95406774193549 47021
10.68908548387097 47087
10.80944758064516 48097
10.708002037351442 48231
7.254274193548388 48431
12.816643381535044 54011
12.847476129032266 54103
9.973417911382912 2185
7.196941935483873 12041
6.778686410432379 12115
10.607362365591396 19009
8.507209677419352 20153
9.28247258064516 31175
10.093854159592542 36011
10.560532949308751 37193
8.456277419354839 38105
12.25656568914957 54033
7.4055028673835155 6005
12.75597047146402 1115
11.516738709677417 17085
9.548626209677423 20111
11.308393548387095 21197
10.36819274193548 27033
9.123482111436953 27061
10.283090322580646 27117
10.283767741935481 27129
10.409923655913978 28019
9.756832903225808 28039
10.31498709677419 28103
11.327185483870974 37109
11.072202185223738 37155
12.581993841642234 39005
13.284097947214086 39023
8.827219354838707 48237
10.236697962648552 48367
7.361317121588095 49043
11.217635483870973 54031
11.209355299539169 56005
11.219654985337245 1077
6.925409581126618 12101
9.8715381190368 13051
13.24340548387096 18029
12.365102580645162 18153
8.156783870967741 20199
10.964954233870973 24047
10.777639784946242 28095
10.50499211469534 28121
11.768434881461337 34017
12.021138440860206 37069
9.242793039049246 38015
10.704132258064515 40095
10.375312903225808 47015
10.474426021505385 47141
11.60431326164875 51083
11.938583870967742 5117
7.3335171410499775 6007
11.00673612903226 13053
11.323019758064511 19017
9.89077741935484 20049
10.87484516129032 22027
8.491048387096773 22125
10.576182258064518 27015
9.444213978494622 27159
11.196918406072095 27171
9.040570967741933 28077
10.745203225806458 28099
10.983209677419357 29041
7.499074999999999 30005
11.307469713261646 37125
12.991102207130721 39119
10.168984408602148 45027
8.558894623655911 48477
11.772981158357762 55101
7.920742039542154 6025
10.010359139784942 1041
10.877682365591399 1047
12.06628881720431 17199
8.801737927663734 22079
10.674702716468596 28081
11.166664516129034 29125
7.611937119957595 32003
10.071766666666663 37141
10.664761021505381 42087
11.732838566868317 42101
7.957091397849464 48357
11.591460483870966 51135
9.187585483870974 55031
11.746641290322575 1051
7.111057108721621 12017
11.835498387096775 17069
8.72095322580645 20163
9.992408064516123 31097
6.629920039100683 35045
8.555905645161285 40149
8.340224926686219 48481
9.973417911382912 2100
11.945373655913968 1055
11.343575483870959 13117
10.302079032258064 13155
12.902053225806455 18111
10.779064784946254 19187
8.698481935483876 27135
7.650248387096773 30019
11.122141935483869 37029
10.08060272952854 37189
8.995803225806451 38027
10.237762007168454 47155
11.144677813457905 47157
7.592293548387096 48151
7.939034101382486 48179
7.015670967741936 48235
7.590380645161288 48333
8.480929032258064 48405
11.718444758064518 51093
10.765751075268813 51197
5.6410435483871 8055
10.270909677419352 13271
12.274742473118282 17173
12.978238709677449 17179
12.486553225806436 18113
12.232315467328363 26115
11.631315322580647 37079
11.858931935483875 37181
13.585028315412192 39027
9.170384946236561 40093
9.007196774193554 46129
6.500503225806452 48229
7.605052713472471 6061
11.95017841052444 11001
7.332510626185961 12107
12.7385018548387 17161
13.019713225806461 18145
9.184372462183328 22071
11.033075422427025 26121
6.573370967741935 35011
8.485857885304673 35025
9.4319 46115
9.426750059737156 55073
9.973417911382912 2230
9.727112903225807 20201
8.348436070381227 22099
8.218749462365592 27075
9.206588172043014 27107
8.631654838709675 28005
8.329419354838711 31091
10.78428132190394 34025
5.990767096774195 35027
10.796143108504392 37171
10.946706182795705 40079
10.099208870967743 47171
11.224737298387087 5143
13.838951985111684 18019
8.473932258064517 20101
9.348841935483872 22121
10.843931671554245 27099
7.455267741935484 30037
8.169412903225806 31005
9.749788709677423 31169
6.9145099078341055 32031
9.9974513196481 45089
6.786700000000001 48413
10.395846236559137 5127
6.754273012003023 53053
8.835248662668144 6019
5.982840552995396 6093
11.142719915848536 13153
12.546400806451615 18087
10.908092903225809 19129
12.73549068100358 21089
11.421885483870964 51049
6.662204838709679 8073
9.808682949308755 20161
11.920550537634409 21007
11.783995967741932 21123
10.859752764976957 28087
10.82728315939279 34035
6.1870564516129045 35028
11.120647311827954 51125
11.980433870967742 51595
13.305145519713266 54069
9.413320387096775 12113
10.36315403225806 13315
12.191416129032264 21005
13.233093548387094 21041
10.18103064516129 28009
10.927202846299801 34011
5.758341397849465 35055
12.280062779156323 39063
8.780472580645164 46007
6.938164516129033 48311
11.172745161290319 5011
11.646022580645157 51199
7.935133179723501 55003
9.786696774193555 13183
12.010339139784948 13247
12.30983161290322 17041
12.18730349462366 17057
9.176140860215051 26051
11.170668817204298 31053
8.565709090909088 33003
8.109345967741936 36041
10.847301382488478 37003
14.09368008064515 39017
10.697250967741946 47161
9.516862231182794 48091
7.168535483870965 49051
10.595218279569888 51105
10.345808129032262 55063
10.214947465437792 55123
10.308809677419353 56045
7.344726209677418 16011
12.563627956989233 17075
11.258514640198525 20125
9.563125219941352 26107
9.369712903225805 31099
9.39218886328725 36083
12.220539702233253 39077
12.032959856630821 39171
9.517282111436954 40137
10.480366666666669 47083
12.13505793036164 48113
7.134741935483872 48261
10.692711290322586 5065
11.427568817204303 5095
10.928109677419355 51091
7.653782580645158 6011
8.010669354838708 8095
12.63276451612903 18025
10.021341642228748 20035
11.711369354838702 21107
11.168905376344084 29055
9.220892258064515 33001
12.84909296187683 39011
12.58720658064513 40143
8.056303225806452 48065
8.441705376344082 48189
11.776503225806445 51175
10.608444516129035 1107
6.853262096774196 12043
11.842186021505382 13009
13.512193469708881 17089
10.661196774193549 19025
10.786970430107534 21051
8.31311935483871 30021
6.069770967741936 30077
10.412390322580647 31131
9.44007032258065 38067
5.635251612903228 41023
10.549582258064516 48315
10.782111827956989 5107
11.152880645161288 51159
8.122748387096774 55037
7.611373476702512 8014
10.311705376344092 13161
10.771374193548384 13193
10.546461290322581 19029
12.14365 21027
10.739408870967745 27143
10.828341765704593 28151
10.489345161290323 29005
9.60198064516129 31003
9.641224626278527 34037
11.743582598818705 42049
10.234802150537636 45005
11.335741290322584 47131
11.3982425573261 51153
12.401146774193549 54013
11.032935482494057 6037
6.947114303104078 6079
10.111629032258064 13075
11.239416129032257 13289
13.10199032258064 17063
8.058261290322585 20187
11.907099692780323 27139
9.975458870967737 27151
10.5205314516129 28023
12.096027419354833 29031
10.606643010752688 29211
7.475006451612902 30051
6.453273502304148 32007
11.572825558312655 42065
9.544518328445747 44005
9.83352580645161 47175
6.61188160095579 12055
9.84545806451613 13005
11.487996129032252 13207
10.465918951612894 13261
12.738932258064516 17013
11.1792252688172 19083
9.117562580645165 22043
7.6083301075268865 23007
9.658847983870974 27153
10.289694193548387 28051
10.487180645161288 29171
11.168798387096775 29225
8.518038709677416 31087
11.286316845878138 37093
11.847299503722077 37167
9.839578709677422 42105
9.485811059907835 48161
11.689649677419354 51145
11.656266129032256 51620
5.241512903225805 8057
6.622481182795698 16031
12.669141315136462 17111
12.313652419354842 17131
13.82915581494057 17197
12.867254141238018 18157
8.705087096774193 22107
10.133859237536656 26123
11.206827217741948 27013
8.842479032258064 27087
10.800794354838711 28083
9.272755913978491 37075
10.064065982404708 38017
6.223363440860216 4012
7.6705870967741925 49029
13.39138279569892 54009
7.560181720430111 8063
13.648965483870988 18043
11.973321505376347 19115
8.602641935483872 20039
12.299858944281533 21093
7.616252473118273 22045
9.39925741935484 25019
11.684629032258071 29007
10.245951612903225 31127
9.8353935483871 31133
10.296896677419348 34027
6.197579838709675 35057
8.913033870967741 38005
9.101858064516131 38039
10.346527096774194 47085
9.218581451612904 48313
9.130180645161293 50013
8.981518279569892 55119
4.964582949308757 8029
10.72001774193548 1065
10.014812023460417 1069
7.785150875576042 12085
11.373725806451606 13303
5.825545161290323 16033
5.943720430107527 16085
12.71605806451613 17123
11.187495161290324 21065
11.15345215053764 29175
9.60389815668203 37039
13.319922983870978 39167
10.259349032258067 42107
9.088232258064515 46089
10.032276612903226 47061
11.042021994134894 47183
6.804710752688175 48163
5.392797177419355 49021
6.867570967741937 49033
12.903511137521223 5119
5.266206451612905 53069
8.087942580645164 55007
9.973417911382912 2020
12.481626881720423 18117
11.699105376344075 19103
8.434158064516128 20069
10.900153870967742 20091
10.782590629800312 28089
12.063424324324314 37025
10.376732674297612 37133
7.295281105990785 41043
9.378848387096772 42113
10.918581720430112 5099
8.320310215053768 55099
9.98820927419355 55121
6.935201200300079 6017
5.932514838709677 6105
9.973417911382912 2060
9.850552534562212 13029
12.551975115207378 18041
8.076209677419357 20075
10.168064516129034 28155
7.674394134897366 33007
9.284823870967742 38059
7.055602016129031 41045
9.079247628083495 48005
6.896167741935484 48095
7.478467741935485 48111
7.459538709677418 48263
10.566375268817202 5097
7.714545775729641 53063
11.435084516129038 13077
12.239116774193542 17137
12.991063709677416 18073
11.215703225806449 19095
11.595912903225804 21063
5.394470967741935 32009
9.707194838709668 36107
11.255116129032258 37041
12.661649462365594 39101
8.996729032258065 46021
10.141527565982406 47099
10.659305540507278 26049
10.305450322580647 28043
8.099324193548389 31161
5.451687096774193 32015
11.158504423963159 36013
13.222144354838704 39045
13.16254995391703 39133
9.744025806451615 46077
11.783120645161292 51600
11.264358064516129 55055
8.678829032258063 56043
5.941790322580645 16023
11.667884946236557 21143
10.881454838709672 29141
11.330705645161283 29165
6.163674193548389 30043
11.369735483870965 37007
11.981462096774193 37135
11.455448540706616 37157
12.716100460829498 39073
9.210251612903223 46049
9.892590645161295 48471
11.024278064516121 5057
11.940092473118277 51081
11.945463225806451 51183
8.500560995657596 6013
6.131174654377877 6015
7.332066693548387 6055
10.034829569892477 1067
10.547268548387095 1119
10.333238709677417 19159
11.177465161290321 21217
8.635634408602165 22115
10.359155161290328 45075
12.27610421473979 48121
8.917234677419353 48351
6.676183225806451 48463
10.578178064516127 5015
4.532538709677419 8111
11.56320681003585 1127
10.193884516129033 1129
6.77714601018676 12015
10.698345161290321 13283
6.707363225806449 16049
7.599594193548385 16053
12.654588172043008 18007
12.644175537634405 19045
11.569185483870971 21075
8.868453763440856 23015
12.309474003795051 29071
6.787051225806451 35049
13.239157903225806 39013
12.94874052419355 39087
11.664158064516133 40105
5.236371236559142 41007
10.10258557874763 47119
5.471533410138251 53045
8.144911005692597 53073
11.525234838709679 54027
9.314303225806448 56011
4.8816251612903185 8117
11.634698387096778 13073
9.789101843317972 13087
11.01278924731183 13225
10.716162365591396 20043
12.212631612903229 21097
9.902295256166985 22063
7.683486021505378 26003
8.734049462365595 28021
11.007271774193566 29145
6.641876979472136 30031
11.455287096774203 40035
10.879430294530154 47179
8.695041129032253 48055
10.382364516129028 48063
9.149989736070387 48199
10.92850737327189 51167
12.835732258064516 54095
10.91624677419355 55043
7.419779569892468 6101
7.626040967741935 12019
11.199225806451611 13219
11.802332258064512 17169
9.998255913978497 20131
10.745345161290325 21057
10.598104301075269 28053
10.764780645161293 29217
11.047329749103946 47089
8.74099769585254 48331
10.692554032258068 48449
10.787379569892476 5137
11.608479803646555 51770
11.504142282878425 10003
11.203909677419356 19043
12.283072043010757 21149
9.565196774193549 22065
8.690229032258063 26109
8.451140860215055 31101
10.835438871545806 36059
10.36525053763441 37005
9.670531612903229 37199
10.543847346514049 42027
9.362253372434015 42115
11.291235104364311 45059
6.622722580645161 48435
5.37225806451613 49001
10.632735125448026 5005
12.588543951612905 5085
9.76012341311135 1003
7.67687088210107 12009
11.727175291695252 13245
12.705660645161291 18047
10.413316935483866 20087
8.430670967741934 20109
9.973554277699863 22033
6.965488172043005 22075
11.593700933786081 24013
11.855238339502886 24021
9.364767204301076 26063
9.530034408602152 28131
10.796699120234603 29159
5.752152688172042 30023
6.767009677419355 30045
8.397366129032259 31045
9.317348038360945 36065
9.421703225806452 37175
8.658406451612905 38083
8.165137096774195 40009
6.330099999999997 41049
7.67778064516129 48443
10.894523225806445 5043
11.459366820276498 51683
12.191502150537634 54015
5.776862473118279 6023
12.452341935483885 1121
12.875298207885304 17203
10.662284677419356 19165
6.337726944971533 32005
8.09346612903226 35009
8.677396774193548 38075
8.750113548387096 40039
5.8637467741935465 4025
6.2262383064516165 41033
10.460078494623657 45017
11.033849820788525 47001
8.403804516129032 48279
8.05149623655914 12089
11.910534709677426 13151
8.2474 20023
11.178405235325231 26093
11.807029032258065 29139
8.988246179966046 36043
13.995166290322583 39025
11.159405806451613 45039
9.788061290322577 46039
8.13694064516129 48281
11.242823655913975 51103
12.09485483870968 54021
11.948766666666659 54045
10.004474654377876 55001
4.7829691244239605 8037
11.784021688400806 1125
8.069597580645159 12129
10.929477419354841 13167
10.152159354838709 13177
9.3632975483871 13185
10.388385483870964 13309
6.396812903225806 16029
11.012491408821592 19153
8.596238709677419 20145
12.637616129032262 21091
8.179199999999998 22001
9.833153182214458 37031
8.335108064516131 38011
10.226972043010752 46027
9.923834408602147 47153
11.254465260545901 48181
11.376449999999998 51119
11.678178178368116 51650
5.473742258064514 53047
5.678405161290323 53059
6.163540322580644 16003
7.245786021505377 16073
12.000324193548392 17077
11.278674193548385 29123
10.512132258064515 40103
12.713319214586251 42063
9.847402150537633 46067
10.823774193548385 47067
8.350210138248851 48025
7.8596258064516125 48393
9.3537735483871 48455
5.075263594470047 53049
11.296596774193548 54025
10.842035483870964 26037
11.568415155564042 26125
8.48493629032258 38053
13.642597205815543 39049
13.078404516129032 39067
11.826732389730097 42071
11.563776539589435 45003
9.55931612903226 46043
5.562730107526882 53019
9.407791935483875 55019
11.40807177419355 1029
10.641001075268818 1105
10.782176674937968 19193
8.615045161290322 20137
11.021465591397853 21109
11.021292803970217 21125
11.853259354838704 21127
10.026131017369734 26017
6.285077419354839 32027
8.997448387096782 36111
10.698738172043006 37017
13.081409677419357 39105
9.551438248847925 42131
10.642633137829902 45041
6.392880645161291 48385
11.613907317073163 51550
12.374872258064517 54043
6.87623569065343 12081
11.121802009216575 34023
8.847705806451621 36035
8.917504743833009 36115
9.703149999999999 38097
12.778953225806454 39131
10.635106093189961 40133
10.500709274193557 42109
9.86441935483871 46097
8.267941099163686 48329
8.850582795698932 55029
7.468256451612905 56023
5.972291129032256 6049
6.472912903225805 8039
9.427774987593061 9011
9.973417911382912 2013
11.106199462365591 1111
8.605265689149553 12131
11.311802150537634 20021
8.466053225806451 20047
11.649077688172051 26005
9.337279569892472 28065
10.688153870967737 29037
11.300865245582699 29095
11.288183374689826 45021
10.645368548387104 47017
8.523928103616807 48167
11.170206989247305 5037
11.080637903225806 51133
11.58533500597374 1081
7.505939784946237 12045
9.846834408602154 13201
8.443091935483872 20135
10.182146774193544 28093
10.291870967741932 31147
12.913293145161292 39075
10.156011469534057 47177
7.924029435483868 48325
7.870637477598589 8031
7.506310322580647 8099
9.453980645161291 1061
9.880724884792626 27095
10.914630645161296 29025
11.73558322580645 29157
8.78748387096774 31149
8.801270967741933 38049
5.809480645161291 41025
10.079162903225804 46087
8.9401376344086 48077
9.829404554079696 48213
12.123216935483873 5053
8.671155376344087 55067
10.780132258064514 1057
7.51646951612903 12109
8.914175943138323 16001
12.207090053763451 17029
10.845973548387098 19191
9.337897849462363 20095
8.981315322580649 26113
9.735275332068316 28035
10.736217741935485 29063
10.507248387096777 30075
9.967487096774187 31151
9.95917899474869 33011
11.339762156511362 34039
9.998901036866345 36067
10.614325806451605 51173
7.825870180959877 6113
8.041412803458586 8001
4.830319032258063 8085
9.973417911382912 15001
13.473091935483872 18115
8.253791935483871 20189
11.33612198156683 20209
10.964478383039182 25017
9.90028287841191 27027
8.455704838709678 28063
11.48917360703813 29047
9.485144354838715 40015
5.329940607210631 41041
10.70277956989248 47003
11.03183951612903 5079
11.27541693548387 55045
8.891465161290327 55107
10.377997311827956 13081
12.802009216589862 17099
10.468279032258065 19035
10.906355760368665 21001
10.88573079178885 22119
8.288216129032255 28157
10.8189 29003
5.819335483870967 30039
6.522496774193549 48283
6.236943548387096 48377
11.494132258064514 51097
11.646809677419357 51101
11.207349462365592 51131
11.761401612903228 51181
7.94279762400277 6085
7.1583624174116025 12071
12.313702647385997 13089
10.260114516129033 13103
11.248162903225808 13199
7.725350806451612 16075
11.12660806451613 19177
8.533398924731184 22077
8.52315741935484 26001
11.507029354838682 27163
10.687454838709675 27165
11.082874193548383 29135
7.3378387096774205 30101
11.127337096774196 51193
10.7162060483871 1093
7.381454838709681 16057
12.121004838709677 17015
12.566722939068093 18069
10.439219354838713 19003
10.623416129032256 19119
11.526068387096773 19183
10.4357064516129 20107
10.659807526881723 21131
9.311021975806456 26055
8.608325268817204 30017
11.053538709677417 5071
7.145881930808809 8059
7.021350861688024 12021
10.328329390681008 13277
13.09184967741936 18147
9.701774193548387 20143
8.972058064516128 20183
10.328097580645162 28017
10.751754301075275 28123
8.05852258064516 48487
12.120740000000001 51570
5.104402639296193 8045
10.858381182795705 13033
10.63948064516129 13093
12.254466451612904 17191
12.140528445747801 19057
10.671893548387107 19125
9.892612903225805 26127
10.300758518145148 28049
10.660145161290323 28143
11.213922140762467 29097
10.242740322580646 31143
9.5583 47101
11.351966666666666 51011
11.541231182795697 51037
12.16307741935483 51670
12.16778629032258 54091
10.684420967741934 19073
8.97095 27089
10.252155645161285 31159
11.45691999132074 36081
12.350902304147475 39147
9.377756989247311 40067
11.092617096774196 45025
10.45194428152493 47013
8.373884946236563 48069
6.721689516129033 53043
12.394859139784948 17121
9.896927096774196 20139
10.953783921370974 22017
10.98846136997216 25009
10.321434677419356 28139
11.564114630429286 34007
9.70393061782394 42069
10.802196774193549 47121
7.888519354838711 48427
11.267677419354836 5061
7.879486290322582 53055
5.927421774193549 16013
12.491682382133998 17073
10.534789677419354 21231
10.662128387096773 28057
5.374532258064518 32011
7.138321505376346 35029
12.270188387096782 39125
10.708143778801851 55131
10.221503225806451 1053
9.258343548387096 13229
5.837982795698925 16059
11.075672043010751 19069
11.700836559139795 26059
7.342267741935483 31007
11.355737634408602 40021
8.083438709677415 40059
10.413051612903223 47005
7.816116129032259 48175
10.447602764976963 48203
10.43162949308755 48251
9.250488709677418 56019
9.973417911382912 15003
12.16748225806452 17171
12.824513364055292 18037
9.34977741935484 20017
9.487706451612905 20077
11.47208156682028 21021
10.81204838709677 29061
8.484454838709677 31085
9.053500604838705 36057
11.172207741935484 40001
7.629054838709677 48359
8.24075483870968 48403
11.544079032258082 51073
11.36522903225807 51820
8.54899401837213 6029
11.235887175452435 6071
12.876197096774195 18103
13.195610335747201 18163
10.904459999999998 20133
12.92795548387097 21103
12.503282795698928 21191
11.12918306451613 21203
10.375998709677416 28137
11.526148387096775 29155
11.797866666666666 29173
6.159178136200715 35039
13.051059895379227 39103
5.4423935483871 41011
10.37424239631336 47133
7.418119354838711 48047
7.3752927419354855 48371
8.543647741935487 48457
11.185715053763438 51079
11.85110215053763 51127
11.38603225806451 1017
11.593364516129027 13159
12.672886021505368 18175
8.71194139784946 20051
8.55421935483871 20171
11.21499633612106 26065
8.807835161290324 26143
6.317302016129032 30047
10.124870250896059 31119
10.734485226741462 34001
10.712465437788007 45061
7.5022806451612905 48335
7.773617204301074 48475
11.613329749103935 19113
9.214204147465436 27057
8.908544086021509 28147
11.538161290322574 29187
9.2635510967742 36045
9.31588051612902 36091
12.100751612903222 37057
11.716640322580647 37083
8.635783870967739 38041
10.943957088285236 42077
11.259184562211987 45047
10.34213467741936 47041
10.202967741935483 48119
9.607029569892472 48365
10.312629838709672 48387
5.321079032258065 49019
11.646553763440858 51043
12.540796953405014 54049
8.9222764516129 55083
7.517567741935486 8017
12.659770645161284 17105
10.989449769585253 19123
10.876965591397848 19195
9.678499462365593 20041
12.589644623655916 39117
12.346633763440854 39143
12.105656221198155 42111
11.361895391705065 45057
10.581226507713888 45085
9.376009677419356 46013
10.212727598566318 1005
9.722158064516124 13003
10.299825806451611 13239
11.143796774193536 19169
8.406453548387091 22003
10.24784327956989 27067
8.66589516129032 27077
10.812943548387091 28061
11.299033179723502 37165
5.807235483870967 49027
11.537925161290328 51775
9.973417911382912 2188
9.973417911382912 15009
12.014719354838702 17127
11.503878494623658 19019
11.907817050691245 21043
9.54499400921659 22031
8.486029032258063 31117
11.148000481041272 34005
11.556625225996802 36005
12.328076979472144 40145
11.624787593052107 40147
6.151760840210045 4015
6.7496552419354785 41017
10.102577419354839 55011
9.241064516129027 55013
6.960690322580644 8011
10.406433333333336 19001
8.16673548387097 20071
10.91734784946237 22111
10.415422580645158 28159
11.79192365591398 37185
8.012779569892475 40007
7.914706451612902 48295
7.674706451612904 48391
7.418261290322582 48411
6.086505913978488 8119
9.487269855394876 9013
9.973417911382912 2050
7.977735483870969 12077
10.634388172043007 13043
10.860535483870965 19131
10.624623655913977 19145
10.842346169354833 20103
8.202203225806452 20181
9.742461290322582 28127
10.759509677419356 29091
12.930383870967738 39115
11.261802464661105 45079
7.880070430107526 48299
11.228890322580641 51530
11.50724926686217 51660
9.851545161290325 13007
8.049378709677418 13039
11.15020752688172 13055
10.78822365591398 13269
6.558627419354839 16077
11.851799706744876 19111
12.3923063729347 21067
13.636078449586257 21111
7.808983870967742 30071
11.18233372434017 37163
9.737145161290316 46057
8.968874193548386 48363
8.151556129032263 50005
11.483955299539168 51033
8.538401935483888 6001
5.127341013824884 8083
10.890513694461328 10005
9.894228571428558 1031
10.589123655913976 1091
14.728374032013436 17031
10.915814193548385 19197
11.821752688172047 29143
9.007781105990784 31047
6.053470161290324 35051
9.571243577712602 36007
11.045873387096778 42033
8.568067741935485 46105
10.45603172043011 47117
6.856400716845879 48323
8.621875268817202 13025
11.369959447004616 13133
10.905001935483876 13147
9.319767741935483 20123
11.838974654377878 24023
10.803697766749382 26067
8.931265806451616 27007
11.150389677419353 27161
10.620202553763471 36055
9.215144574780053 55115
7.277844239631334 12051
10.784727741935486 19005
8.110248387096773 20025
11.130172434017606 20037
7.707364516129031 27031
10.50124241499564 31109
10.25963987096774 36069
9.860009677419354 36097
10.822480645161292 37177
13.018388172043007 39015
8.150205645161293 40065
10.509349379652608 40121
11.362992091571256 42075
11.756391397849464 5039
12.082586412512194 51760
11.987732043010746 54037
10.267686693548402 55087
5.483742046718559 8077
7.87196354838709 12087
14.287940128434839 17043
12.686972903225808 18139
11.83110752688172 19097
12.035092741935484 21233
6.647220564516134 23003
9.119369354838712 26089
9.901855645161291 27121
10.90048064516129 29229
10.901139784946237 31021
8.973245161290322 38051
9.182456451612904 38093
7.9993506912442385 48149
11.248445424621474 5007
11.299970322580648 51067
11.158416129032258 54083
10.485953265145554 55139
5.15160580645161 8093
9.973417911382912 2240
9.605360000000003 13241
12.36233364055299 18167
12.476280875576032 21209
10.81835419354839 29115
5.535695066413652 35031
9.593687634408601 36023
10.193196526054583 37047
10.313899999999999 47091
11.78275189167664 51710
11.587807526881722 51735
11.293530107526879 54063
11.459931612903222 13211
7.680926728110606 16019
13.112785043988263 18081
10.500278629032268 22073
11.484966327108092 24025
10.482512903225805 29203
10.760913225806453 34031
12.372776958525337 39065
11.330877956989248 51630
9.91904444444444 55081
7.879394838709689 56013
10.314062580645158 13267
12.346211520737322 17051
11.344879404466496 27131
8.501988709677422 28037
8.284293548387097 30011
8.610748387096773 30033
6.615012096774199 30063
10.649490074441692 34019
5.283250691244244 35006
11.474120060483855 37147
9.340420967741933 46059
7.688650268817196 48049
8.255984712482482 48469
12.331869354838714 18021
8.823051612903223 20185
7.842480224403937 23019
11.78350648387099 26161
10.394769354838711 28069
10.222953225806451 28153
8.707505342741937 30111
7.293179032258065 40025
5.271627995391707 4005
9.029937096774196 46071
8.028063440860214 48107
7.707782258064516 48275
6.459047311827955 49015
11.786086078098458 51510
5.7700749999999985 53017
7.228756989247319 53071
10.005071428571425 55057
7.2158185483871025 8087
9.126069892473119 12039
9.865783870967743 20149
7.621283870967743 22007
10.488200403225804 27059
9.678606451612925 45015
8.186551612903225 48177
8.783298387096771 48425
11.318866129032255 5013
10.573941935483873 1063
12.005923225806445 17109
12.85093467741935 18125
9.75871451612903 20027
11.607983870967745 21033
11.970162580645164 21049
11.204016715542515 22015
8.645156823821333 22089
10.812371389578171 25021
10.33633938172042 26087
10.915137634408602 29169
10.48708010752688 37023
11.182480727874268 47125
8.718100000000003 50025
11.72830838709677 51840
7.657573374295962 12083
12.52863467741935 18009
12.615656451612898 18049
12.671552822580649 18053
11.025215542521995 19179
10.648804301075266 29087
10.005 31125
9.07471935483871 38031
10.228819354838706 47129
10.08491741935483 47151
9.888151233396588 55141
7.969991375905204 6047
6.666674193548387 16043
11.86307465437789 17067
8.728009946236556 20055
7.380969354838708 30015
9.396962298387082 36053
12.177164502284395 37119
9.70278080024815 42079
9.89476989247312 47081
6.683745161290323 48327
8.132110967741937 48489
10.191526881720433 55047
8.779843548387099 55069
8.532913978494628 55113
10.367755913978492 1025
11.372564516129035 13301
11.320898387096767 13313
12.890650439882709 18017
10.422085483870973 27169
10.74440967741935 28135
7.867222580645159 30065
10.05811935483871 31081
5.573317741935489 35053
10.493303970223327 37161
11.785026507713894 42039
12.516853548387115 42085
8.298073387096778 48053
9.030009139784944 48419
4.449458064516128 8053
7.465686559139779 16065
6.514954838709679 16081
12.203801075268817 17035
12.546842300669498 17167
10.127586021505376 20085
9.211358064516128 20105
11.088937096774197 21237
11.370910383064496 26081
10.456081182795701 27093
10.609520645161291 28025
10.520400000000002 40077
7.811661290322579 48103
8.88327393199653 48485
6.084512749615971 49053
9.74457986857825 55009
11.650279838709684 29027
8.101970967741934 31075
9.444953079178886 37019
11.057897225355278 42017
9.973417911382912 2105
10.662379838709672 1085
12.47547047146401 18065
8.42589677419355 22029
10.843939170506902 28027
11.640777741935487 29023
11.069989511623776 34003
9.379501854838715 45013
10.689411469534045 47051
11.28230516129031 5035
11.643089631336414 51800
10.651712096774187 55021
10.144756451612903 55091
9.68741209677419 20061
10.543481290322582 28079
11.04056129032258 29177
10.236712903225806 31179
7.8124919881931145 35001
9.982078387096783 37111
10.894210645161285 42099
9.965763709677413 45053
8.763043548387095 46019
10.305675806451616 47077
10.4249876344086 47115
9.949401451612896 55035
8.769568245385047 6111
10.181011290322582 13137
11.043846236559137 13149
12.211379032258062 17025
11.982457526881728 17145
9.175303870967738 26019
10.989154838709675 29035
10.483340552995395 31141
13.594832718894011 39057
7.451566098014869 41067
8.162160645161288 48273
10.259880376344093 48277
11.504135483870966 5021
11.320810752688171 51790
5.019332258064515 8021
6.784792266902335 8069
12.21291397849462 39039
12.829393548387097 39079
13.432195794504167 39153
8.57940322580645 40075
7.906764516129033 48079
6.452258064516128 48109
10.151525000000001 48407
13.226379928315415 54051
10.651670161290323 55027
10.558053763440864 13091
14.166499462365554 17163
13.418352688172046 18155
10.732289247311826 19151
11.515230967741925 29051
14.14971100946886 42003
11.347437096774193 45071
8.098039784946241 48445
11.236299539170503 51027
11.928347741935482 54041
4.814004516129029 8015
10.319992626728107 1099
11.317306451612906 13265
7.501506129032262 26061
11.640402258064514 29069
10.824975806451613 29153
5.996199999999999 30061
6.9018086021505365 35037
10.980428571428567 37053
9.22103064516129 38019
13.154467004608298 39041
14.215904692082118 39165
11.43958417818741 40037
11.231577606358131 45083
10.390703072196633 46099
9.85966693548387 47181
8.680570458404075 48099
7.905831612903228 48133
12.922958914060494 48201
8.88824336917563 49011
11.860149677419354 51025
7.6461422043010705 56037
6.555018637992831 6035
6.731858064516129 8025
9.540791397849464 13253
13.12456635944701 18077
11.854458870967743 21055
6.868735483870963 22101
10.871305672969978 40017
10.94306345397326 47065
8.806621631878551 48303
9.674094560404814 48309
11.690319941348973 51095
12.475990322580651 54099
11.337621994134894 1071
11.431440645161292 13189
10.367983870967745 13257
12.685922580645164 18131
9.625508993157377 23005
9.81931223225809 25005
8.97741786600496 26029
11.160141397849461 27079
10.043984129032248 33017
11.67022322156201 36047
11.530281935483865 37091
11.303698240469211 37153
5.555804838709675 4003
11.47664623655914 40135
11.7346073313783 42009
10.210624193548384 45009
11.32218240469209 45023
7.474345161290324 48269
11.645104838709683 54001
11.810868663594475 54059
9.026129032258064 12059
11.431458870967747 13115
9.736491935483873 27155
10.898163157894736 28075
8.812293010752681 28085
5.936127822580641 30093
6.308174193548388 35021
9.592865322580643 38003
8.850512903225805 38079
10.194759677419361 40005
10.32684677419355 42093
5.516996129032257 53041
6.6399926267281115 8089
10.029537096774193 13019
10.801672043010749 13023
12.286963575268816 17183
8.9108 20007
9.63342096774194 20029
9.713466021505376 26073
10.269121505376347 27101
9.615251612903227 31107
10.498799846390156 36009
9.495101612903225 37043
12.944775806451613 39031
10.891433640552993 40081
5.776922580645163 41037
10.897905913978494 45033
8.035141935483871 48305
10.622851612903231 48343
8.200540322580645 48501
11.00205483870968 51017
13.553202018602796 1073
12.20531843317972 17007
13.740596082949327 18091
10.977232795698923 29105
11.304470381231672 37013
9.63464749103943 38035
8.760235080645161 48409
10.125167096774186 48467
9.983002688172043 48473
11.547746543778805 5023
11.604590198511167 5131
11.483927145465614 13215
14.17898836594392 17119
10.314308064516124 19175
11.67750430107527 21011
13.456075576036884 21185
8.854838709677416 26039
10.149467204301077 27127
8.940585887096777 28113
10.593758064516132 29075
7.299279032258066 30027
10.76651209677419 31043
6.532474193548386 32001
10.669912043010745 36037
5.743896774193549 41069
10.934210887096786 45031
10.874930941408833 47149
8.883720967741933 55078
7.212937187386731 6083
9.554045788530468 9007
10.684079838709685 19161
11.321388709677416 21165
7.599640860215053 26095
10.434646451612908 27055
10.700487455197134 29101
10.968480645161295 29103
13.237045622119819 39019
10.507027741935483 40063
5.19624919354839 41057
8.780344354838713 48241
8.413166044142606 50023
10.995281720430107 5091
7.1935806451612905 53023
8.74369032258065 56003
11.382295161290326 1019
11.273796774193551 13125
9.848897849462366 13291
12.843895698924722 18099
12.849160000000003 18123
11.27165714285714 19011
10.387737096774197 20121
8.603922580645165 20193
9.967217419354833 22049
11.796411166253112 26025
11.062335483870966 40083
10.294841935483872 47137
10.28291182795699 48159
8.522379569892468 48259
11.552339898132427 51680
7.239216129032258 8009
12.028987741935488 17017
9.122558357771263 22095
11.240683410138248 26045
9.056103763440854 28029
9.48046221198156 28059
11.46214112903226 29111
6.852769354838707 30073
8.23651797235023 36033
8.358999999999998 38007
7.946812903225803 48483
11.093715161290325 19127
11.182870967741932 21087
9.624158986175111 22005
8.873333870967747 23001
12.080459592529706 26077
10.896493548387095 29059
11.128836774193552 29213
10.141374193548394 31185
9.33279749103943 37113
11.126727188940093 37197
11.272661648745515 40115
7.68332830923249 41047
12.285976036866346 42021
9.180385483870968 46015
9.073022580645164 46017
9.186316129032257 46045
8.26931572580645 48143
9.858720065108018 48453
7.428024665012408 49005
7.018554545454551 49045
10.877000000000002 5083
11.087973655913984 5123
10.93434301075269 5149
8.904278064516133 55129
6.883840860215054 12029
11.944616728518428 13135
11.216620161290333 20099
8.615211469534051 26007
8.998237096774197 27069
11.879844354838706 29186
10.719882258064516 29197
10.060007526881723 31121
9.839889032258059 37011
11.935356451612897 37151
9.807175268817208 38077
10.649524633431087 40013
11.18479899738448 45063
7.173970967741933 48081
4.62504193548387 8065
5.270589516129031 8107
10.052751382488482 1045
11.635413978494626 13035
7.2661617511520795 16083
10.782108064516128 19051
10.763661290322577 19089
10.985318894009223 21025
11.573029541595929 21151
10.888961290322582 21189
12.214137903225813 21225
8.803943735933986 22103
11.595082003395582 27019
12.65329400921659 29113
11.259791612903221 29221
9.187567741935485 31015
9.903914369501463 36015
11.614211827956984 37123
11.499543937708546 42029
9.613399706744865 44001
7.7618967741935485 48191
7.633440322580643 48461
8.83459099208766 49035
8.373936290322579 56015
7.852779032258067 13049
9.405845161290328 13173
11.755750537634412 21039
10.550892473118278 21053
11.676605913978497 21173
9.848230107526886 22083
10.971331671554253 29029
9.722579032258063 31093
7.696831612903227 35041
11.149426795005185 40027
13.456900492072158 42125
9.49089907834102 45043
11.170232258064514 5103
11.946231182795698 51610
7.392211984483453 6081
11.750353225806453 17009
10.947110215053762 19109
9.53008172043011 20073
7.0276502639296305 4027
8.519756304985334 48493
7.835918279569893 50009
11.270972580645159 5001
11.946152073732726 5059
11.429261935483868 51147
10.868938709677419 51185
9.009433548387097 26079
13.200105990783419 29099
11.509182949308752 34015
6.196955241935485 35017
8.811010752688173 38061
7.638464516129034 48059
7.620939516129029 48415
11.856938709677426 5069
10.315825806451622 55015
10.67172634408602 55023
7.481256451612899 12007
7.6790446480938375 12111
12.170961827956996 21017
10.906581935483867 27039
12.582516085877687 27053
11.391109677419353 29045
10.618004301075269 31037
8.305248387096773 38087
13.231925310173693 39129
5.686375483870967 4023
11.38595856079404 47163
7.167500645161289 48389
7.678794721407628 49003
11.547122580645164 1027
10.22942320338771 12086
11.933719354838708 17181
12.534298028673824 17195
11.68419290322581 19087
8.45002073732719 22047
10.3129123655914 28007
11.380536175115214 29043
11.780902598566302 36061
12.979908709677412 39021
9.3821125 40031
9.231126344086022 48073
7.820725806451613 48197
10.576267096774199 5041
11.250824731182785 51179
11.010245622119815 1133
11.029680645161289 13079
5.766545161290325 16021
12.329101792114695 18033
12.75091612903226 18137
11.97917483870968 19031
9.20230752688172 22021
7.8329774193548385 30091
7.113219354838712 30099
7.967585080645168 48013
7.849729032258063 48023
10.214286379928314 48223
8.092805645161288 48503
5.49269462365591 53039
7.101045376344089 6033
10.97998629032258 13163
11.342206621392185 13223
12.771754838709676 18031
12.777399677419359 18071
11.055858870967741 19037
8.486807700312172 23011
9.413011827956984 38021
5.082427620967747 4001
10.775826209677417 40125
6.936057014253575 41039
11.228961290322585 45065
10.409201935483871 45073
11.220220645161282 47105
9.093107479303452 48215
11.685733548387104 51075
10.867936476426799 51191
10.139431321044576 9001
10.132790322580645 1035
7.533722580645159 12123
12.703207834101388 17037
10.288328657164294 20177
6.800785483870966 22023
7.942500744416869 23029
11.025493548387084 29161
8.172425806451614 30083
7.6237935483870976 30105
9.92230921658986 31067
11.288036559139785 37187
7.099141935483872 48247
6.9038978494623615 49013
11.022591935483874 5077
5.490583870967741 53007
10.238392903225808 55103
9.973417911382912 2282
7.503583005507476 12097
13.238381231671553 18173
10.95350806451613 21171
10.021645161290321 31027
7.25367741935484 31105
9.124946236559135 36017
12.690425806451605 39163
10.339068279569895 47143
8.15948629032258 48117
7.67773870967742 48169
6.9475736118455895 48479
11.995010449795586 51041
11.24348924731183 51750
11.146182661290323 54047
8.63479569892472 6031
9.973417911382912 2198
12.37387429760666 1015
10.454906451612898 1131
11.553480521091819 13057
10.9317535483871 13105
12.887941935483887 18149
8.07638064516129 22053
10.383275288018421 26145
9.136974193548387 30103
8.510472580645162 31031
11.937387775891342 37195
9.226524551971325 42103
10.087370967741936 46079
10.658854301075277 47031
10.584433137829908 47047
11.426017741935482 51115
11.244321935483864 51690
11.32269139784946 13171
8.34822258064516 20083
10.4657752688172 27133
9.386554538634655 36093
11.031700645161294 40111
8.33570697580645 41005
6.296364516129034 41063
9.11443064516129 46053
9.143614516129034 46085
12.68734999999999 54087
10.67266397849463 1097
11.265583548387104 19155
11.766353548387098 21167
12.089497235023046 21183
11.337433548387093 24029
11.932297580645164 29133
9.486894242547978 36027
11.678274089490113 37067
6.229858064516135 41031
9.447258064516129 46047
10.245467741935485 46101
7.354822580645159 48007
11.262160931899635 51171
12.176232754342438 5145
7.520304709677429 53061
7.563992903225807 56029
10.279151612903222 20019
8.214548387096773 22009
8.876167741935483 31083
8.834718064516139 36039
11.000761290322579 47111
6.57027741935484 48267
11.700903870967746 5067
11.342966359447002 5111
8.607167741935484 56031
6.502988709677423 56039
10.125139068100353 13069
8.410974193548387 13101
11.676512903225806 13237
12.633927324478176 17115
12.339693548387098 17139
12.245070967741935 17187
10.51653313782991 21095
8.573264516129033 22025
10.086532903225802 28071
11.311563225806493 34013
10.216045161290326 37009
9.490509677419354 38081
12.037322967741941 39007
9.082168842504753 45019
9.185054838709679 46119
12.52070887096774 17135
12.485886175115194 18075
9.689818279569892 20157
12.479753372434018 21073
10.906820161290328 21193
8.695474551971321 26069
9.112815053763434 28109
8.511865617623917 35013
11.541887023460426 37097
10.821868311195447 42095
10.526289784946245 45011
9.899412903225807 46061
12.032659212684532 48339
11.357137096774197 51580
9.273291741935491 9015
12.00638888888889 1043
12.824574059139772 1117
11.13770903225806 24041
11.738183730715294 26091
12.28294464304605 26163
8.952739516129036 31041
9.247566129032256 31181
8.270745161290321 38023
13.016537096774206 39149
7.661312903225807 48417
11.385595037220844 1113
13.00351566820276 18015
9.314570967741936 20089
8.269534193548386 20175
8.019606451612907 31013
8.878245161290325 31115
10.650511070967745 34029
11.754703722084365 37037
9.296317741935493 37087
7.98159193548387 40045
10.164489964157708 40049
5.24961082206036 4017
11.375752790093255 42091
11.7603659887798 45091
8.779424731182795 48015
11.286933333333328 51057
11.170063870967743 5139
7.994789621318367 6039
6.95500263929619 6103
7.057917302052784 6109
10.425784946236561 19053
12.31138967741935 21161
7.955025806451614 26153
10.478614193548387 28117
6.088124884792628 35047
6.755712367822251 4019
11.927535647895025 51013
10.607758064516126 51720
7.392330069124435 12069
10.593663709677424 20005
12.094542741935488 21135
10.517829032258065 22123
11.05002409867172 24037
12.14336787096778 24510
9.13833548387096 26011
8.764279838709683 26047
10.107271774193547 27023
12.085740067911733 27037
10.410988172043012 31023
6.74868566308244 35061
9.829696440489428 36075
10.33060322580645 40029
11.606549596774192 40101
5.2287870967741945 49025
11.475609354838705 5051
12.000960368663605 54003
11.772864222873908 55127
10.631243727598559 1059
10.135414193548383 13111
10.918089330024813 13175
9.629590322580645 22081
12.359742783141042 27123
13.686061412821582 29183
9.7201533106961 36079
13.375218092566628 39081
12.773458005865123 39155
8.812777880184333 48035
8.65742598677617 48141
7.986291935483873 48153
8.226740860215054 48437
10.66614838709678 51195
13.087286021505372 54053
12.00907620967742 54077
10.479984792626722 55109
7.3073794930875495 6115
9.973417911382912 46102
12.343804062126642 1103
7.192087903225806 12037
10.605727096774192 19047
11.172814088215917 26147
10.566238172043013 27045
7.582776344086015 30041
11.340554838709677 31177
10.453939296187686 36121
12.632836290322567 40131
6.151603225806452 41021
11.288073945409431 51015
7.83744850897865 53033
13.479107661290325 54029
12.173563108791882 13121
6.449045519713262 16017
8.476604838709678 20067
11.891881720430106 21159
11.008253763440859 21169
9.808962327188954 25001
10.163613895781634 26117
12.05237096774194 29163
8.1689 30109
9.134438709677418 31137
8.514978709677418 50001
10.48664274193548 5087
11.180019354838707 5133
12.082410557184748 51730
9.376680967741926 55005
8.221256451612904 55041
11.44924919354839 1007
12.741392741935487 17005
8.58113548387097 20081
11.28524567062818 21047
12.757529733520322 21059
10.501031899641566 27009
10.230906989247309 28115
5.512075268817205 32033
12.162867741935482 39069
5.989048826979468 41019
13.144701728110599 42073
7.888764516129031 48115
10.720402688172038 48257
9.018521935483873 48395
11.295076774193554 51137
7.551306451612904 53075
12.998052258064515 54079
7.807396774193546 8125
7.6156695224130715 12105
12.437493906810031 18107
10.541886290322575 19141
9.181959677419352 20053
9.168353846153847 25003
11.12380860215055 45007
10.253940322580647 48379
9.973417911382912 2195
10.662239247311827 19021
10.982369032258072 19067
11.532487903225801 21213
9.326558064516119 27001
11.718077419354843 37145
12.437417678435354 39095
8.321288387096775 40153
6.810927741935483 41059
9.345194458229953 44003
11.768568679669972 51059
11.069545806451616 51155
11.345517204301057 51177
12.984290322580641 54073
10.429464516129036 28107
10.57481989247312 29015
6.382690322580645 32013
9.340070967741934 38065
8.501547311827954 40043
10.107427956989248 40127
11.37138025016459 42041
10.891035980148878 42123
11.164198924731169 47103
10.76842129032258 47159
10.968412903225806 5003
11.528198991935476 51019
10.841888709677418 51021
5.932296774193545 8081
10.503254301075264 13031
11.379319354838712 13097
12.823026209677414 18181
10.943174838709677 19079
7.724132258064514 26013
8.717219354838711 27029
10.740379032258073 29179
8.302435483870967 31029
11.179919758064525 51047
7.509882795698925 53003
12.656820295698909 54061
8.113193548387104 55125
7.034099765395893 8101
7.610906451612906 12023
9.421277419354839 12033
10.134535483870962 13131
10.038069677419355 13311
11.730579999999996 19105
12.923826164874566 21029
8.3191064516129 26043
8.862868064516132 33019
9.845492972350238 37021
11.574476656404771 40109
9.973417911382912 2261
10.362263440860216 13109
11.157364874551964 21035
9.222961290322582 22091
9.823179569892472 26151
9.127301612903231 26165
9.669418279569893 28111
10.756252688172042 29149
10.956160645161287 31155
10.059854590570717 36003
10.303531397849463 36051
8.019422769288804 41051
7.1736139784946245 48505
12.135249193548384 54005
9.707242614601027 55071
10.111945806451615 13205
11.004583284457473 19033
11.12330838709677 21221
9.921629541595937 26111
8.81668129032258 27113
6.351069439728356 30029
9.8564805376344 36101
11.1962976344086 37107
12.17777813620071 39043
12.631605913978493 39083
13.162690322580652 39097
11.47587903225806 47095
7.6896516129032255 48155
10.344840677308511 6059
10.902613709677416 13083
11.001825806451619 19081
10.832754032258062 19091
10.996532258064518 19099
9.779732258064511 20015
8.481196774193549 20063
8.7899623655914 20147
9.993749357970556 25013
8.63301935483871 27071
10.522956451612906 29065
8.545319354838707 31171
8.203132258064514 38033
10.646112728857869 47187
11.76999032258064 51117
4.723264516129034 8109
9.973417911382912 2016
12.108065949820785 1009
9.453786021505376 13305
12.275086290322582 17049
12.771724069478907 17117
12.126303225806451 21201
7.940060080645149 26103
10.363645967741935 28141
11.055858870967745 29093
6.5089967741935455 30049
9.510469794721415 31019
8.91012258064516 31073
5.849666129032253 32021
5.767122580645161 35033
13.539043960990224 39151
11.904996057347669 40097
11.680759004246871 48439
11.279677419354837 51029
10.86847634408602 51063
10.52528774193548 19007
11.122125448028662 24009
10.986728225806454 29049
11.462018626430792 29077
8.662294623655914 38009
12.964779696394677 39141
5.94263911290323 41065
11.296229032258061 45087
8.351087096774197 48009
8.010536774193547 48123
11.292171774193548 5093
9.973417911382912 2164
8.198081540182704 12031
6.348112903225807 16015
10.6039376344086 19071
11.159908870967742 19075
10.407020161290317 19117
10.385173387096765 21147
12.73605878136201 21211
10.378672043010752 22035
11.781596213183738 24001
8.378275627240141 28001
7.093718279569891 30095
5.468799999999999 32017
8.991294623655914 38071
10.421037741935482 40123
6.078554838709676 41055
10.659692114695345 42047
12.94978279569893 42059
10.029958602150542 47071
10.932353763440863 48037
10.597811758584811 48139
11.494767204301072 51109
9.973417911382912 2290
11.128452073732712 13293
11.961484229390681 17165
12.721074193548379 18169
11.362869354838717 21009
8.736711627906992 22055
10.114303548387095 26057
6.167928225806456 30035
9.617657168458779 33013
8.693726267281102 36049
11.238039103942656 42011
10.136713440860213 46011
9.36848817204301 46023
8.911229032258062 46093
11.8054940860215 5029
11.24745698924732 5105
11.29127379032258 51187
12.044139964157699 1095
9.014587096774195 31103
12.15198182795701 37063
9.390509677419352 38091
6.449253046594983 41003
7.537774193548388 48125
7.308199999999999 48301
4.98085806451613 49055
11.575875659824042 5033
5.1632766129032275 8003
5.859766666666671 8071
7.744723041474659 12121
12.138200268817197 17055
12.486645483870962 18035
11.528846236559145 21083
10.340096387096786 25023
10.327501612903223 31051
7.66909072580645 35005
5.849082580645162 41009
10.458563548387088 47043
11.112595161290317 47169
7.817950967741932 48227
11.993038911290341 51087
11.610332258064515 5147
11.423673118279574 51540
7.170537096774191 6009
7.201145161290323 6043
6.907866129032258 16009
12.959646451612906 18143
12.355703629032254 21239
8.640740986717267 23009
11.531616553480488 26075
10.75873440860215 28119
7.85822258064516 31123
12.003364774193544 37101
11.360776881720422 37117
12.695706451612905 39055
9.0303935483871 46107
10.400895483870967 47139
11.3878008064516 5063
11.710239222873886 51700
8.76874700460829 12133
11.554938709677424 13319
13.98674526209676 18127
10.84826451612903 27091
9.887084946236559 27149
10.93989677419355 29199
9.668036559139782 38073
12.440074441687353 39033
9.775588709677418 40053
11.390007394540932 42043
9.348014055299533 44009
7.119990322580645 48105
7.8361548387096756 48129
9.701879569892474 48337
10.07567387883556 48423
11.218387096774189 51071
11.145764516129027 5109
11.107864516129041 51113
11.305148588709674 51121
11.191369892473116 54023
8.247144337680174 6099
12.269092741935475 1083
8.525711290322581 13065
12.312102150537633 17079
12.452316337148803 18105
10.356346236559142 19039
10.302913548387092 22013
10.867520276497695 29109
11.519925062034732 37105
12.157863771712156 39123
9.188396774193546 40011
11.531405376344086 5055
11.84957016129032 17087
12.779942720139491 18095
10.972435483870973 19085
11.254416935483873 21153
11.713199641577063 21177
10.66334435483872 29215
6.231867419354839 41035
7.577005161290326 48171
8.422326473859833 48381
10.761439516129029 51141
6.544041345820327 6053
7.1156774193548396 8121
9.973417911382912 2090
7.413090645161293 12061
9.624149677419354 13027
9.914124193548387 13243
11.542168279569895 13255
6.828787096774195 16063
10.686183870967739 19133
7.9373387096774195 20129
11.403199120234612 26015
10.896956774193542 27049
9.704790322580642 27051
10.63142096774193 31173
9.572656451612898 46051
7.930661290322581 48003
9.4213936116382 48039
7.905216129032258 55051
7.247064838709671 56001
7.518712365591395 8075
11.146260997067444 13157
12.412894838709674 17053
12.181207526881723 17071
12.077610054461658 17201
9.492492409867172 20155
9.978554857464355 25027
8.415919354838707 30079
8.695127504244484 36019
11.688064174412274 36029
11.375199193548394 37015
10.159473548387105 40051
10.663677419354839 42067
6.632772043010749 48043
5.082317741935481 49037
10.950117741935477 51051
5.93444878209348 53067
7.413791935483874 12067
10.254444516129029 13321
8.903588172043008 20151
13.642775953079171 21015
12.018124495967747 24043
12.494358254269446 26149
12.207209892473113 26159
10.704729032258061 29057
12.108744802867392 39051
12.385461827957 39175
11.406035777126096 40113
9.769548387096776 47135
9.07438064516129 48145
7.9502080645161275 48317
11.689613978494625 51111
7.153293548387092 53057
11.826451612903227 54007
8.972696440489427 16027
10.427349462365589 19185
11.49361548387097 21071
8.786757123655912 36105
9.232112544802867 37099
11.157251290322593 37139
9.167493548387096 46075
10.903269892473118 47075
6.26473870967742 48243
7.8188591397849505 48253
11.877441129032254 54019
10.370580645161288 55111
6.978313432046549 8035
7.912577403771217 12095
11.059169070208709 13045
8.945178136200719 13299
12.621337327188948 18027
12.891311827956985 18061
9.278948387096772 20159
8.413122410865869 22097
9.384721774193551 26085
11.06574281524926 27141
10.48859124423963 28067
10.935230205278597 34021
10.771118026565462 40119
10.103044086021509 47185
7.6705283870967715 48019
9.154074987593054 48027
7.068683870967744 48465
4.922574193548387 49031
11.114066666666666 5047
11.192486451612899 51139
5.866905069124422 53009
4.780448387096774 8105
7.870769166317568 8123
10.218747580645166 13187
6.646524193548388 16041
10.16605870967742 20059
8.420345161290323 20097
11.460119892473116 21155
11.090361290322583 29089
5.703583870967742 30057
9.47008387096774 31077
11.21032822580646 42061
11.045609032258072 45081
8.945426344086021 48071
8.16271129032258 48369
11.526429488432699 51810
7.339830645161285 6021
10.26544650165311 12011
6.86191559139785 12049
7.949954538634667 12117
12.716992862045306 19163
12.453726881720433 21023
9.48779017921148 28047
10.235768817204297 28161
5.636633333333333 30001
7.653490322580644 31033
10.436326246334309 33015
10.630237701612907 34009
7.518207949308766 35043
8.916216129032255 38047
13.117276411290309 39169
11.461414866760176 42001
9.770613221263075 45051
10.236090322580644 47023
9.698434399788448 48029
9.410175932499891 6073
4.595977419354839 8091
4.579174193548387 8097
9.973417911382912 15007
11.301248387096772 13181
6.793477419354837 16035
10.662649999999996 21121
8.495014285714285 22085
13.037410551075249 26021
7.649212903225804 26131
11.962493315196278 27003
10.127268663594474 27083
10.491258064516128 29185
13.731790765338358 42007
9.51613870967742 46109
7.614197849462368 48239
11.362386078098478 51165
9.641061290322584 55017
10.35328693548387 55039
9.972145161290326 56033
10.245581362007165 1013
8.687891109362692 12091
13.262450475230393 18097
11.14616 21119
8.21462258064516 31057
10.378152492668619 46083
10.816051971326166 47079
11.872537788018441 51053
9.964670161290327 55033
11.108610322580645 55065
12.678977741935482 18083
11.756305913978487 21157
9.591349193548385 25007
9.797506182795706 25015
12.7955560117302 26027
8.955607834101386 28045
9.207635330261134 36021
13.320467375366578 42019
8.80971664675426 48355
11.303212903225798 13231
10.583567741935482 20001
11.580059354838708 29073
9.24398064516129 31183
11.887303172924392 36063
10.664880645161288 37095
11.809913151364752 37191
13.473492586431316 39035
5.7481209677419365 41015
9.217281566820274 42127
11.819260645161286 42133
9.500332795698926 46005
11.379164516129045 47189
7.499261290322581 48205
8.074429032258067 48341
10.687877712609971 48497
7.100387344913151 53021
9.05841771030992 9005
11.200257419354836 19023
10.627081566820284 19167
10.172709032258062 28013
10.616143010752689 28129
10.159145698924737 28163
11.095659677419352 29209
9.813567741935481 31011
11.098509318996419 37169
13.657913620071643 39113
10.64909856630824 48147
6.494242741935486 48507
11.571164314516135 51590
11.26639032258065 51678
5.904404444444446 53077
5.116926881720428 8049
9.973417911382912 2180
11.315848028673825 1021
11.608198924731186 1037
11.203866129032258 13317
12.568101382488473 18001
12.917117972350235 18051
12.764103970223324 21019
9.930624731182796 27073
9.031758064516126 31061
11.405717204301077 37073
10.414451612903225 42083
8.83393870967742 46137
9.263909806451608 48209
7.985071774193546 48297
10.180818433179725 48459
10.65512258064516 5049
5.190082056451613 53027
10.182778064516128 55077
6.912878739002932 16005
12.660109834775769 17113
11.517279776674929 19061
11.237594086021506 21003
13.207332258064518 21223
6.4406193548387085 30059
11.39577547438331 37051
13.176302150537639 39121
6.119098924731182 41001
9.639253548387092 45035
10.666972177419359 47055
7.214949161290323 48451
11.890357643758767 51085
8.388083640553 55085
8.319739869746618 6067
6.969791666666662 12093
8.327558494623663 13127
12.684925310173693 18109
12.281294009216593 18133
12.567013092979112 18177
9.054607741935481 23013
11.841664752885498 24033
10.54964193548387 27063
11.250245967741943 29223
10.453645161290321 40069
5.754671774193549 41027
9.928918464961065 42081
9.268433724340182 48001
10.293195161290324 5101
10.655324423963133 51035
7.267592012288796 53029
11.107390714501035 55025
6.5060451612903245 56007
4.813183870967742 8033
8.260398064516128 12079
10.723465053763443 13107
7.585496774193547 16051
12.318995564516115 17095
10.6623559139785 19027
8.588337096774195 20165
12.10981838709677 29201
5.824651612903225 35007
8.525609677419357 38013
8.785112903225805 38037
12.428091397849466 39139
10.584621082949294 45077
7.0396752688172075 48131
9.053096313364053 48225
10.96778387096774 54071
11.306234408602151 54093
6.771114076246336 12053
8.665674193548389 31017
10.833765572110508 36119
11.70832718894009 54057
8.397518728243195 6077
11.114327880184344 1033
7.46301505376344 12125
11.608879105571855 13021
12.550058525345616 18183
11.607342580645167 21099
8.35984055299539 26033
9.805335483870971 27011
4.870699999999999 35003
9.40140806451613 38045
8.022095161290322 40055
9.474580485014856 44007
12.352922709677413 5045
5.529560080645162 53037
9.712799032258063 55095
11.788017022332484 1101
6.811864397144354 12103
11.749929032258065 21229
9.44476048387097 22127
9.569118548387097 27065
6.28354677419355 30007
6.650010829493093 32510
9.098661290322584 38055
8.850592473118281 40151
11.212420276497697 45069
7.859970967741935 48011
8.120187096774192 48195
5.011356451612902 49017
8.272379723502295 50015
11.221747580645163 51163
12.071269769585257 55059
6.568545161290325 16007
7.125262365591395 16061
12.223745454545451 17081
8.824224193548387 20167
13.193983870967747 21077
8.923964925755232 22051
9.785461290322585 28041
7.412638709677417 30009
10.25743548387097 31167
7.720713440860221 35015
5.787830241935483 4007
10.864352492668623 47145
7.982251612903225 48017
6.408874193548387 48271
11.765037773152944 51740
8.049725436827948 6095
11.947971774193547 17003
12.120707168458773 18151
11.274229838709676 19101
10.720501612903226 20205
12.066763799283166 21113
11.982193548387096 21181
9.899304838709675 28031
8.982212499999997 33005
8.057180645161292 40129
7.5987548387096755 48345
7.437661290322579 48353
11.458333669354843 51143
7.791706144393237 56021
6.815580286738348 12027
13.166106451612906 17083
12.302122580645163 17129
13.000564045698944 17143
10.423097360703826 20045
12.100848387096786 21179
12.073739706744865 24027
10.36422903225806 27025
10.594893214682978 27145
10.520305241935494 28105
11.579163440860217 29017
10.898026612903232 29119
5.868449999999999 35023
9.259461935483877 37173
8.788177419354835 38069
12.648595601173025 39091
9.21642258064516 46065
9.958251612903226 47039
7.551316129032258 48101
8.135221658986174 48233
8.256368548387096 48287
9.153654377880187 48361
8.619948118279568 50003
8.60836758064517 50021
8.448208602150538 12013
11.792883736559151 21227
8.454672043010747 26141
10.847902016129034 28011
10.591669892473117 29039
10.000143778801847 31079
7.864235483870967 40057
11.790052903225805 42031
11.034220430107526 42053
7.642029032258065 48033
7.6853645161290345 48207
10.455852419354843 5089
11.279225806451615 5121
9.91250046082949 55137
7.897837096774195 56017
4.914783870967741 8007
9.973417911382912 2170
12.150124731182801 17065
13.062572858731917 17091
12.250809677419356 17125
10.758496774193548 19063
8.043321062618594 23017
11.309730560271655 24015
9.673116129032259 46111
7.828607096774193 49007
10.982982903225814 51001
9.572202419354836 56009
7.653498175403227 12057
7.503430064516134 16055
6.657080645161289 16087
10.602921774193547 19137
12.236797741935478 19139
9.759555760368658 20113
11.629687903225799 21205
11.053294265232967 24019
11.538578531701884 29019
10.585314838709678 29147
10.931078494623662 31025
9.040009677419356 38063
13.007488064516126 39059
10.373991495601173 40071
9.113949462365587 48289
10.448850967741931 51077
11.069104838709682 51157
12.760088709677413 54105
9.216037096774196 55061
9.84077419354838 55097
8.830061248966077 6107
12.02986329032258 13063
10.54657204301075 19077
8.997402656546493 22087
8.801752534562208 26129
9.348295806451613 27005
9.36659838709677 28073
10.934174838709662 29021
10.972773041474648 47053
8.822892903225807 50011
11.499720967741926 51023
9.077299999999992 12063
10.801272903225806 13119
11.59928301075269 13297
12.230406451612902 18121
11.03638548387097 19171
8.506629032258063 20093
9.033466129032258 22041
8.619729838709677 26031
10.641634408602153 31039
8.13653548387097 31049
9.106991935483867 31089
12.28239723502304 39137
8.466433548387094 48051
11.137859422750438 48157
6.076912903225807 49009
10.366755299539166 5009
11.21147741935484 51045
9.973417911382912 2158
9.912496774193547 13061
12.276456129032253 18119
10.919879262672811 19015
8.500870967741937 20195
10.247012903225807 20207
9.332615412186385 25011
10.797329493087558 29001
9.56296129032258 31129
10.808327419354839 47027
8.126704301075268 48165
10.05757161290322 48499
11.68877419354839 51830
6.90668988666085 53005
4.502751612903227 8079
11.334576702508961 1079
11.210217741935477 1087
10.33674161290322 13071
12.485189516129042 17147
10.684088172043014 19135
10.198281347554646 20173
11.29750451612903 24017
8.674290322580646 26119
9.867001612903225 31035
9.39317698924732 36001
8.029926394562569 4013
9.686598709677416 42117
7.657969651086233 8005
12.923078924731175 18005
12.629563709677429 21081
8.39425395894428 26041
11.502308947048093 26139
10.546251843317968 47009
11.036513978494616 47097
11.108697849462372 51169
9.615476267281103 1039
7.218166935483873 12035
10.758683064516132 13011
7.586736129032252 16069
12.694951612903223 18161
10.576071774193547 19041
10.300900879765384 40019
5.675630107526881 4011
10.193066820276494 47109
12.289332215619714 48085
9.485198924731177 48185
7.050783870967741 48319
7.719344086021504 48495
4.526818548387101 8051
4.637852419354837 8113
10.089185080645157 1109
11.360712365591402 13013
7.216887096774194 16047
12.475978494623657 18101
10.782909032258065 22061
7.079945161290323 26083
10.984641739980432 27109
10.818778494623658 29033
10.748804032258063 29079
11.107983870967733 29131
7.954532258064514 31069
10.007029723502304 47035
8.771519225806452 49057
6.136687096774197 53051
11.491182795698919 54109
8.06944623655914 12047
10.072578853046586 13095
10.629344086021504 13235
10.461445806451612 13251
7.081872258064514 16067
10.781006021505377 19049
8.357296774193552 20033
9.62746510263931 22019
11.176653629032264 27147
6.246155913978493 4009
10.363787419354841 42119
11.336364936886348 47037
10.972806947890819 47167
7.8595574702886335 48441
11.63415844402278 54081
5.262764516129034 8023
12.418223118279576 17033
10.041641129032255 27173
10.548483870967745 29013
11.662174423963139 37065
11.644907646356017 37085
10.190423963133643 37149
9.30638387096774 46091
11.049674999999999 5081
10.904397580645169 5135
10.281350322580646 13017
10.522922580645163 13123
12.30408387096775 17193
8.31950460829493 20057
9.398666129032259 20127
9.153897177419351 23023
10.065246774193549 27081
8.755198641765704 36113
11.216477419354852 37049
6.629061827956982 41053
11.054467204301071 45001
8.879256451612902 46031
11.032489516129031 47173
9.384452580645165 48373
11.184829032258067 54101
5.718555913978492 6027
9.973417911382912 2068
11.23345725806451 19107
11.00568817204301 19189
10.617568145161297 21235
8.649834838709682 26135
9.249237741935492 27021
10.610959139784946 29081
11.839668817204306 37127
9.268749462365593 46037
11.146274193548388 47045
11.30561693548387 47063
10.507877649769583 48291
11.434811290322578 51065
7.177350674486803 6041
5.408551612903226 8027
8.052948387096773 8115
9.973417911382912 2130
9.127411469534042 22069
9.578002822580652 26105
10.295322580645157 28145
11.06793440860215 29067
11.73659605734768 42055
11.569219354838705 54097
7.0288260545905725 6087
12.388305806451612 17021
12.250034897360694 17141
12.579149966397846 18003
9.129842580645166 22037
10.836497695852534 29107
10.616673225806455 36073
8.876933870967745 38103
9.943381989247309 42025
10.408104032258068 45067
13.25820694789081 54107
8.593528802527038 12099
8.802068548387096 13191
10.715423870967745 20011
11.966538709677424 21139
7.83340460829494 26053
10.228648387096776 28055
5.7105380645161326 30053
9.164370967741936 46033
8.91121774193549 46041
9.360541935483873 46095
10.680793087557607 48067
7.85480887096774 48093
9.584160645161292 48349
11.056011910669968 13295
12.465380645161291 18171
8.823333870967742 27125
6.4199935483870965 35059
8.43831677419355 40141
9.66879193548387 46009
9.355922580645162 46025
7.8807967741935485 48211
11.45900430107527 5075
5.753029032258066 8103
9.973417911382912 2150
11.351241290322577 13145
12.549464516129028 18179
10.59638709677419 19143
10.397164516129035 19173
9.902311827956987 20031
11.50362177419355 21079
9.241003548387095 27119
10.986686451612904 29121
12.335193778801836 39173
9.746631085043992 42089
11.082090351641993 45045
10.745670967741937 47025
11.177662211981577 51089
11.214064516129033 51099
11.40958306451613 54089
6.005703225806451 6091
10.462878494623657 13209
6.026767741935484 16025
12.741677419354838 17155
8.831245564516133 20009
9.952233333333336 20191
12.48269112903225 21163
11.48200169779287 21195
9.624666935483877 28149
10.599225268817206 29083
10.925584274193548 29195
11.935425558312646 37077
12.579590322580643 39001
9.31999032258065 48221
9.276054838709682 48293
8.893622027649775 50007
6.389811491935485 53025
11.378539247311828 1001
11.128436405529953 13233
10.262532258064516 13307
12.5919493548387 17011
14.311369561621175 18089
12.718007834101385 18129
10.350709677419353 30087
9.868950776583034 37089
9.60772595307919 37129
8.749880645161289 38043
13.191676958525347 39157
11.844189471326136 42045
11.525947214076245 48397
12.93330146074258 54039
9.758070779996586 9009
7.517956323151588 12127
11.853540322580647 17151
12.228188387096774 18165
8.548632258064515 20179
9.19492838709678 22105
12.097412963240844 24031
9.384012903225809 31163
9.280165591397845 40003
9.021164516129032 46081
7.767045161290321 48075
9.411029588431596 48187
9.738560545905703 48401
6.282864516129034 49023
9.776627096774195 55053
6.727321290322582 6057
7.630016129032257 12003
12.535159354838706 17101
11.899735483870971 17153
9.834019892473114 20079
8.986608602150541 22059
8.893545161290318 26137
10.172417419354838 36099
10.139783099579216 36103
11.070783724340176 37045
10.685403629032248 40089
6.134297580645159 41013
10.992230967741934 47033
10.478111059907834 47123
8.32520806451613 48031
10.290445419354846 48183
11.444527419354838 5025
11.543468996415779 51161
7.0154354838709665 53013
6.035305376344092 53065
11.438307201042658 55079
10.120822208436719 55117
6.198249516129033 6045
8.141823780945236 12005
11.702095037220838 17177
11.113450896057357 24011
10.281398924731183 40085
11.599235887096766 42121
8.473195351043639 48375
11.353235777126088 51003
11.54520241935483 51031
5.807177419354838 6003
11.520972119815687 1049
11.452110000000005 1123
5.670009677419355 16037
13.288986559139781 17133
11.027021290322583 19157
8.38285806451613 20203
10.735425806451614 22067
7.998540000000001 26071
8.761351612903226 31065
8.533714976958523 36025
13.187077265745035 39109
7.415482752688172 4021
6.847917387883554 41029
13.561260064516121 42129
7.539235483870964 48433
8.220667741935484 56035
9.973417911382912 2122
11.03102580645161 13139
12.36803548387097 17189
13.04038225806452 18059
12.799525268817208 18079
12.88066744868037 21101
11.98565104364327 21145
11.801309274193544 29127
11.421503225806449 29151
11.08472616487456 40041
10.659775268817201 13085
12.630571774193545 18013
12.458159354838719 18093
9.855883333333336 20169
11.699976129032258 21031
9.18887023460411 27137
8.220080645161293 31165
8.163020099255583 36031
10.571993906810038 37055
11.863544531864656 37179
7.675983870967742 48447
5.9602851612903205 49039
12.43680046082949 5125
