17039 8.364258219354838
18135 8.741546766129032
20013 7.261093967741935
26023 9.240231317204298
26035 7.460093348973605
26155 8.916937250474382
31001 7.004129351254476
32029 6.491929548387097
37001 7.352703515232982
39159 10.234091961290313
46063 5.272610483870968
47011 8.744912714770793
47073 7.890083312655089
51009 6.616615724014338
13047 9.42524055718475
13249 8.505231161290324
17157 8.544419788530467
22093 11.033321824884798
28133 9.272608294930878
31063 5.992774290322582
38057 6.659868193548386
39161 9.730996709677417
40033 6.9063826774193515
47049 7.07646410483871
2275 7.335283925096375
16045 6.708693999999999
17001 8.240469715053766
18085 9.689078276740242
21133 6.582431092165898
21219 8.5189354516129
29207 9.190872165322583
36117 6.721441117302053
37121 6.179082088709681
48173 6.047021967741934
55135 8.585119895161288
16039 5.200522812903227
17175 8.815585741935482
24045 6.838101904923594
28091 8.939962650537632
29227 7.184667709677419
31135 5.989616322580645
34033 7.167170892473125
34041 7.073246218793827
36077 5.64159179886148
36109 6.298353190743339
41071 8.116672956356743
48061 6.80276597974494
48265 6.323666061290322
48399 6.099231322580645
12065 7.469423107526886
12119 5.746462181663834
13217 8.623449464019853
21207 7.279795096774194
22011 8.766773322580647
22113 10.882514037634408
28015 8.35388479032258
30055 5.601735806451612
36089 6.334838781105989
37103 6.388599215053764
39127 9.265206811827953
42035 6.22536194265233
9003 6.7069286720909895
10001 6.590562728830644
13015 8.694102451612904
13067 8.907097516397846
13179 7.552048900921656
17019 8.529774139534883
17107 8.45953699596774
18023 8.970486802419359
21137 7.271213580645162
21187 7.3360196344086
29167 8.26308383064516
31071 6.028875548387099
31145 6.059028473118278
38025 6.305780258064516
46117 6.159474870967743
47019 6.7037531897533205
48255 6.573172040322583
48383 5.9520340645161305
5017 8.82277882258065
6069 8.300830771261
2070 7.335283925096375
13279 8.179552725806449
13281 6.628252548387098
21115 6.98285440322581
22039 9.292771286290325
28101 9.509064812903226
37115 6.489855241935483
46035 6.4614332983870995
46123 5.635886564516128
8067 3.6284698419354857
27035 7.7011769092741975
27115 7.03278418548387
31055 8.34325503184452
45055 7.295816167741934
54075 6.0574579596774205
2110 7.335283925096375
13197 8.221418548387097
18045 8.559970922580643
20117 6.985553435483872
21175 6.967202187096775
26157 8.819809744416869
27047 7.796089370967737
28097 8.366592494623655
30081 5.210046358064517
32023 5.130060793548386
37159 7.4740323354838685
39009 8.521107109677422
42013 6.962204165085387
46127 7.22686390322581
47113 8.180600431302265
48219 6.435592921658987
51685 7.22242643548387
8019 3.4614802365591397
13285 8.746356735023047
22117 8.608650293255138
27167 8.466818274193551
30025 5.431168419354838
37183 7.549718768673453
40099 6.931166752688173
46055 5.495120419354839
48347 7.984510307692305
5115 9.656272695014664
54065 6.6047342661290305
8047 3.53038664516129
17045 8.723067161290318
21045 7.166842490322579
26009 6.998251138248855
29129 7.067893306451614
48083 6.003613881720428
51520 7.196310524193553
53035 7.6868885209080045
8013 5.390496037001895
16071 4.58685658064516
21105 8.153798387096776
29011 7.978296688172041
30107 4.4586288709677415
39029 9.403975271505377
40091 7.470779215053761
42057 6.723808419354837
47007 7.569237677419352
48045 5.9450664193548395
50017 5.419165596774194
56027 4.876069032258065
6075 9.990162775345595
13113 8.820293991935486
13165 8.116613145161292
13259 8.295788645161291
18055 8.393393605734774
23031 5.850995941935491
29181 8.489115346774193
29205 7.503133741935484
36087 6.4765916153846295
37059 7.213375746543783
45037 7.721588639784942
46003 6.1173850000000005
48245 10.847038731182783
54035 7.521209870967741
56041 4.382489268817205
13169 9.14472802688172
19055 8.05236484677419
23027 5.538899249999997
24003 7.281694195409428
28125 8.811211596774196
29137 7.499917913978494
30067 4.168920123655915
36095 5.379032189516131
37033 7.186854548387096
37035 7.3197684599375705
39093 10.440417069818821
48249 6.665048972350231
51149 7.286672225806452
51640 6.097556161290321
8043 4.062371548387098
13141 7.951214854838706
13221 7.663835387096777
13275 9.081303392961873
17047 8.435855946236561
20115 6.9349979193548394
21069 7.22255623387097
26101 7.011353218638
27097 7.570830181451614
28003 8.249711460829491
29085 7.902170139784948
30003 4.849275954838708
31153 8.309218824456101
37061 6.962488727272735
40023 7.223597238709678
46069 6.297403677419357
49047 4.560286532258064
50019 5.398968832258067
6089 6.416425668010762
13263 8.295165430107525
26097 6.557530812903225
28033 8.730321554252201
29053 7.755619458064514
29117 7.417820954838711
37143 6.511055548387096
42051 7.673253542114686
47107 8.497379461290324
47165 8.575890055299546
48135 6.437973039170506
51069 6.878908721198158
1075 8.316586698924734
13287 8.544949806451614
23021 5.067911237903226
31111 6.079583766129026
39037 9.422957586021504
39061 9.719956430543439
47029 6.9784636702508935
48429 6.240309451612905
51061 6.510161235294116
56025 5.210479921146954
6065 12.474561018087265
12075 6.07533270250896
13143 8.546825058064517
21037 9.14914604774193
21061 7.639277137096776
21141 8.300749220430104
22109 9.918127023041468
29189 10.303487546603975
37131 6.800297432258066
39111 8.412651774193543
40073 7.1444514032258075
48127 6.004384758064516
5073 8.277073016129028
53001 6.454899716129034
55049 7.867223720430111
13195 7.940433516129028
13227 7.571142817204302
16079 7.057376795698925
17059 8.186976193548388
19121 7.051030580645163
21129 6.958226387096775
21199 7.480609301843317
27041 7.468710906810033
31059 7.012698451612902
31157 5.560859199413486
35035 5.539817594758062
38099 8.146528650537629
48421 5.853750516129031
51005 6.614488005376342
5113 8.036521607526883
12001 6.46998013652074
13001 7.994468283870967
17097 10.306441410077994
17185 8.44984039516129
19181 7.284546204301078
24039 6.436312552995389
25025 7.4200072726122785
27157 7.762972080645161
29009 8.358716313364054
29510 10.797260231284216
39099 9.369297462211968
46103 5.423532948106592
48137 5.853029516129032
5027 8.507463574193551
53015 7.249197127688171
55075 7.522485494623653
18011 9.251148841935475
39107 9.785187039426518
48021 7.413681090322587
48087 5.985095677419356
5031 9.20654986148008
12073 8.296943474857663
17149 8.338152354838709
18057 9.473595299421008
21013 7.111219967741934
21117 9.045992907159713
22057 10.169461422159886
30069 5.033575580645161
31113 5.713897483870966
35019 4.405649129032258
38101 6.9489416600496305
45029 7.191446634408597
47057 7.957497451612899
55089 9.367772865591409
6063 6.291150866359444
8041 4.905416636228282
13099 8.230935367741939
17027 8.871077500000006
19065 7.790688741935483
19147 7.746443774193549
20141 6.3887974838709685
36071 6.279114500204163
36085 7.896040235276724
38029 6.602135806451612
39085 9.423179921023362
40087 7.391913026881721
40117 7.047365929032258
42097 7.415064150537627
50027 5.517647428315406
13213 8.211110741935485
18159 8.984497072580645
20003 7.294390322580647
26099 9.906642942951034
30097 4.310320032258065
39047 9.053680474654374
40139 5.939102993548387
42015 6.1282501082949326
47059 7.363516344086021
47069 7.600540526881715
55093 8.126472016129034
15005 7.335283925096375
1011 9.054595999999998
13059 8.10843641290323
17093 9.945964816129038
23025 5.401445531309299
30013 5.320578593841645
40047 7.17300384677419
45049 7.492031851612903
47093 8.832724082373264
48057 6.474104135483869
51107 7.154634422828794
54085 7.1363737956989235
1023 9.00508549193548
24035 6.482629803519063
26133 7.515498263440852
54055 6.567202191532256
13129 8.965032487455188
17103 9.35237117921147
17159 8.453887735483868
18063 9.342759442396328
19013 8.223688297962642
19093 7.455268870967742
27111 7.764524702087285
37027 6.7336748880455435
38085 6.120161919354841
39135 8.971727991935483
48089 7.113226709677418
48193 6.619870440860214
2220 7.335283925096375
17023 8.647835669354839
19149 7.496147758064523
27043 7.683965430107524
27085 7.661201451612904
31095 7.079457903225808
39071 8.403892164874547
39145 8.32767147419354
42023 5.783130435483868
46135 6.652122787096775
48321 7.075336274193547
51007 6.685264999999998
53011 9.135954998449105
55133 9.73414278319578
6051 5.920063311827961
6097 6.535238269143062
8061 5.025644483870967
18039 10.0322418422939
18067 9.007193424193545
19059 7.558144141935484
20065 6.1028741290322595
20119 6.021890870967744
24005 7.432304264395523
27017 7.493841202764976
27103 7.984151728110595
32019 6.0000832935483865
38001 6.017088645161289
39003 9.83515414565005
39053 8.330713700460828
40107 7.120288048387096
46073 6.188933580645162
49041 4.155830329032259
49049 4.864116333417332
51036 6.8759265053763405
54017 7.10179779032258
55105 9.543323056027182
1089 8.850022196641639
13273 8.539562830645163
17061 8.434102077419356
20197 6.862751177419354
37071 7.43774858362283
46029 7.063375317972349
47127 8.279935209677419
48041 7.712505293394795
48285 6.792116548387097
48307 5.863353440860217
5019 9.126793322580644
53031 5.713544004608295
54067 6.409460718894014
18141 9.808749180215024
21085 7.531860202764983
21215 8.007378177419353
27105 7.460529838709678
29219 8.139537335483874
30089 6.196780215053763
33009 5.234764777589137
37137 5.929505870967743
38095 6.98268687096774
39089 10.12252234374999
42005 7.735467567062819
47147 8.666128543778798
48217 7.356057944281524
48491 7.910308822399409
5129 8.3746187311828
5141 8.858434425806454
13037 8.260397758064517
30085 6.282724161290323
31009 5.6210877741935485
31139 6.711545032258063
36123 6.038728974193551
37081 7.672818722689078
38089 6.3833363951612885
40061 7.879372564516132
41061 5.450495596774193
42037 6.877192853763439
46121 5.352180919354841
46125 6.845019629032258
47021 8.243461759856638
47087 7.581194620967743
48097 7.624440560483871
48231 7.72304026825128
48431 5.967287612903225
54011 8.319922055617354
54103 7.592810509677426
2185 7.335283925096375
12041 6.447843890322581
12115 5.603278637954702
19009 7.351926655913976
20153 5.710180806451612
31175 6.360584129032258
36011 6.471064200339555
37193 6.305161082949314
38105 7.124167470046085
54033 7.1506278607038185
6005 7.518179523297498
1115 9.719268540942924
17085 8.622719129032259
20111 6.978535342741935
21197 7.042265064516129
27033 7.302143508064517
27061 6.707766293255135
27117 7.17620263870968
27129 7.920493392473111
28019 8.796739000000004
28039 8.486618774193548
28103 9.09770188172043
37109 7.237503365591401
37155 7.274414847034349
39005 10.188344087976537
39023 9.368185470674478
48237 6.976789225806452
48367 7.667522945670626
49043 4.202980461538459
54031 6.301154645161292
56005 6.428777331797233
1077 8.339342780058649
12101 5.587867991333669
13051 7.941848263516579
18029 8.932395116129033
18153 8.6183177483871
20199 5.516587129032257
24047 6.599799614919356
28095 8.741315229390683
28121 9.445846594982076
34017 8.388556102409629
37069 6.86284190591398
38015 6.894351719864173
40095 7.225752161290319
47015 7.780791795698926
47141 7.662838329032263
51083 7.02635098924731
5117 9.764262989247314
6007 7.045719872232766
13053 8.590406993548386
19017 7.9791925282258065
20049 6.725340516129033
22027 8.28875365806451
22125 8.810116505376342
27015 7.6573892096774205
27159 7.60789243010753
27171 8.036797476280835
28077 8.825469903225803
28099 9.153171861751154
29041 7.5092633225806455
30005 5.700653233870968
37125 6.860469035842297
39119 9.517593699490664
45027 7.311195569892476
48477 7.582784327956989
55101 9.852309311583578
6025 8.013743058272627
1041 8.646011322580645
1047 8.863843729032254
17199 8.256239847311832
22079 8.853384612903227
28081 8.823900164685911
29125 7.614476806451612
32003 7.7411027459760495
37141 6.205846987096776
42087 6.80319070430107
42101 8.513810443212401
48357 6.017319021505373
51135 6.676382290322579
55031 7.113861008064512
1051 9.273629778494628
12017 5.877837271206695
17069 7.853992677419354
20163 6.23026885483871
31097 7.178487806451616
35045 5.731679594330396
40149 6.448479290322583
48481 7.333899753665688
2100 7.335283925096375
1055 9.455204723655918
13117 7.943566120430107
13155 8.302388338709678
18111 9.060242975806446
19187 7.657380911290322
27135 7.187942670967743
30019 6.592972354838707
37029 6.554654435483871
37189 5.944764905707199
38027 6.735880032258065
47155 7.348866738351256
47157 8.754273098817716
48151 6.25745635483871
48179 6.045170032258063
48235 5.958319548387098
48333 6.074187790322581
48405 7.488954311827957
51093 6.796511076612903
51197 6.3034615430107515
8055 3.8731341774193555
13271 8.079496397849462
17173 8.384912833333335
17179 8.959691622580655
18113 9.775031516129035
26115 9.695011301902406
37079 7.109829983870965
37181 6.851920638709677
39027 8.645556046594983
40093 6.618798236559141
46129 6.136735887096775
48229 5.82654506451613
6061 8.467425380645167
11001 7.913578592539163
12107 5.718672791271345
17161 9.606459930645167
18145 9.035118238709677
22071 8.981655984508855
26121 9.067255307219662
35011 4.829445709677419
35025 6.549009756272406
46115 6.48236629032258
55073 8.420848928315412
2230 7.335283925096375
20201 6.893174435483872
22099 11.599551583577703
27075 6.036143279569891
27107 8.560830752688172
28005 8.041349612903227
31091 5.304417838709677
34025 6.858855279494677
35027 4.325198077419358
37171 6.430495960410548
40079 8.114787994623661
47171 6.4639510806451606
5143 8.55603564213709
18019 8.893340827543428
20101 5.968783806451612
22121 11.739386000000005
27099 7.828442067448683
30037 4.558031580645161
31005 5.272410870967743
31169 6.8822763064516135
32031 6.825873942684339
45089 6.9906820938416425
48413 5.934100999999999
5127 8.180294268817205
53053 8.30170017310579
6019 13.623772437834354
6093 5.57767281105991
13153 9.332592722300136
18087 9.8187029032258
19129 8.008277180645162
21089 8.473645853046596
51049 6.4287701129032255
8073 4.455803032258067
20161 7.115882958525348
21007 8.456114892473119
21123 7.6247625322580665
28087 9.080938790322586
34035 7.06601495920304
35028 3.8008960241935483
51125 6.1952790645161295
51595 6.906131774193549
54069 8.693407550179206
12113 7.9293159264516175
13315 8.388912161290321
21005 7.725938225806453
21041 7.7862468172043
28009 7.796947645161289
34011 6.6322925085389
35055 3.9878518440860193
39063 9.867180627791566
46007 5.303315112903226
48311 6.0848320000000005
5011 8.775476361290321
51199 6.627144589861747
55003 5.998872576036871
13183 7.620229956989247
13247 8.753565320430104
17041 8.459024303225805
17057 8.33888964784946
26051 7.650414376344083
31053 7.571636089605734
33003 5.071618219941349
36041 4.854159241935485
37003 6.833762013824883
39017 9.586911481854836
47161 7.753544729032256
48091 7.848446826612904
49051 4.104262540322582
51105 6.965503075268817
55063 7.911034078709678
55123 7.64477356682028
56045 5.445199338709676
16011 5.493565616935487
17075 8.591906111111113
20125 7.3977091191066995
26107 7.947959026392968
31099 6.787856516129033
36083 6.3133674354838645
39077 9.855592178660048
39171 9.583858670250887
40137 6.910639181818177
47083 7.636382634408602
48113 8.622156732239807
48261 6.028241451612903
5065 8.485074879032256
5095 9.332764311827956
51091 6.023046935483871
6011 6.671411600000002
8095 5.73365870967742
18025 7.8583418172043045
20035 6.8998543255132025
21107 8.061590309139783
29055 7.533748811827956
33001 5.4207887569892454
39011 9.750211982404698
40143 8.386723788755761
48065 6.134732403225805
48189 6.541370845878137
51175 6.698257432258063
1107 8.76621878709677
12043 4.469012024193549
13009 8.570462422939064
17089 10.233257419748224
19025 7.470727403225809
21051 6.972190231182793
30021 5.876771763440862
30077 4.828351451612902
31131 7.530683483870965
38067 8.329945419354836
41023 5.153207370967738
48315 8.065410532258065
5107 9.01476831182796
51159 6.22806198387097
55037 6.75635706451613
8014 6.619481546594982
13161 8.109984591397852
13193 8.841040911290317
19029 7.376600045161292
21027 7.602178274193547
27143 7.748042403225805
28151 9.155690365025471
29005 7.500853903225807
31003 6.369735182795697
34037 6.020072669551534
42049 7.022837613357588
45005 7.618654526881721
47131 8.156578316129028
51153 6.9757198476486435
54013 6.8844661774193545
6037 14.51740123167151
6079 8.621928800973844
13075 8.451441193548384
13289 9.041691467741932
17063 9.094209977419355
20187 5.764801612903225
27139 8.180365812596008
27151 7.660041443548392
28023 9.170100169354836
29031 8.937220058467737
29211 7.128395064516129
30051 5.577622419354839
32007 5.140020094470048
42065 6.716337766749384
44005 5.3009278020527795
47175 7.405617838709679
12055 4.685841469534052
13005 7.959515849462365
13207 8.673634419354842
13261 8.868482516129031
17013 8.746030096774192
19083 7.71043225268817
22043 8.402413077419356
23007 5.228073756272397
27153 7.365150254032259
28051 8.587505374193546
29171 7.033689887096774
29225 8.250168713709677
31087 5.868072903225807
37093 6.9886246630824385
37167 7.005668203473947
42105 5.612825309677418
48161 7.4236291520737305
51145 6.772995638709679
51620 6.706571403225809
8057 4.019210322580644
16031 5.1241802096774185
17111 9.987701389578163
17131 8.942041338709675
17197 10.06736742529714
18157 8.946337510026146
22107 8.279161215053762
26123 8.416932689149567
27013 7.999742844758068
27087 7.732726241935487
28083 8.787145370967743
37075 6.476130376344086
38017 8.933385013685248
4012 5.557394677419353
49029 4.348145112903226
54009 9.105365080645166
8063 5.059460344086022
18043 8.905883109677418
19115 8.593072290322583
20039 5.91876341935484
21093 7.901058049853382
22045 12.058407322580646
25019 5.1401994064516145
29007 7.641465046082953
31127 7.349874516129032
31133 7.043955580645162
34027 6.548184364193563
35057 4.356478491935483
38005 6.7546321693548395
38039 7.089099129032257
47085 7.630708845161291
48313 7.47578344354839
50013 6.069278435483873
55119 7.149268618279568
8029 4.220337442396313
1065 9.037212682795698
1069 8.404447601173024
12085 4.689547870967746
13303 8.327160838709675
16033 4.56378941935484
16085 4.931938838709677
17123 8.569111548387095
21065 6.98890241935484
29175 7.56388571505376
37039 6.753285774193551
39167 8.30267353427419
42107 6.90025519838709
46089 6.572465709677419
47061 7.625641596774193
47183 7.868017700879764
48163 6.25704335483871
49021 4.355077987903223
49033 4.229729
5119 11.218846592529694
53069 6.581263193548388
55007 5.970970174193547
2020 7.335283925096375
18117 7.949586139784947
19103 8.574146163978495
20069 6.142337596774193
20091 8.485859927295309
28089 9.676772741935482
37025 7.442005034001744
37133 6.315471675338184
41043 8.291281927803377
42113 5.722445387096774
5099 8.753747946236556
55099 6.41638551075269
55121 7.755968737903226
6017 7.4749411230307565
6105 5.109371767741936
2060 7.335283925096375
13029 7.691490562211981
18041 8.660214364055298
20075 5.680588967741936
28155 8.56681779569893
33007 4.917345331378297
38059 6.599397090322583
41045 5.989936826612906
48005 7.907423842504738
48095 5.897021677419356
48111 5.517699064516131
48263 6.00624106451613
5097 8.741228451612908
53063 8.252860627342551
13077 8.781091254838696
17137 8.169951867741936
18073 9.357874645161287
19095 7.746319475806452
21063 6.958817612903225
32009 5.117525032258065
36107 6.325259738709677
37041 6.40164877419355
39101 10.08298198028673
46021 6.3736109032258055
47099 7.565150372434023
26049 9.283605207584326
28043 8.291788225806444
31161 5.286760612903224
32015 4.427913741935483
36013 6.381031795391708
39045 9.802780538018423
39133 10.112489193548392
46077 6.672912677419356
51600 7.651888612903229
55055 9.457052327419351
56043 5.106025946236559
16023 4.325148161290323
21143 8.149463344086023
29141 7.848469083870968
29165 8.577266067741942
30043 4.565770344086022
37007 6.896437768817206
37135 7.2524018894009235
37157 7.109907784946234
39073 8.907624032258063
46049 6.156348741935484
48471 7.834373470967745
5057 8.568741696774195
51081 6.887370967741936
51183 6.748646445161289
6013 8.895729120967763
6015 5.313363082949309
6055 6.613105037903223
1067 8.380472064516129
1119 9.104082016129032
19159 7.007780225806453
21217 7.354894632258065
22115 8.116862244623658
45075 7.768019958064506
48121 8.444822697433496
48351 8.687948258064516
48463 6.301532999999998
5015 8.315031574193549
8111 3.4808976451612907
1127 9.103216204301084
1129 8.757669464516129
12015 5.195441521222408
13283 8.296190306451615
16049 5.523006516129027
16053 6.147715877419355
18007 8.735824806451616
19045 9.360910206989246
21075 8.315804241935485
23015 5.819141620071688
29071 8.122266284629974
35049 4.952958037419355
39013 8.781128862903238
39087 8.566509447580637
40105 7.395268758064517
41007 5.879604693548386
47119 7.891354117647059
53045 6.06686108525345
53073 8.476427042694484
54027 6.450233870967745
56011 5.1702849838709675
8117 3.694033322580644
13073 8.340184016129035
13087 8.487290940092166
13225 9.161503494623654
20043 7.683212903225808
21097 7.320390987096773
22063 9.547949438330159
26003 6.405720870967744
28021 8.223619182795698
29145 8.190472416666665
30031 4.836217041055717
40035 7.592548651612902
47179 7.33493488359046
48055 7.662431266129032
48063 8.05051776344086
48199 9.095289809384166
51167 6.5883543225806465
54095 7.46151894623656
55043 8.214756967741936
6101 8.396261247311834
12019 6.65525952365591
13219 8.07631895698925
17169 8.160878419354841
20131 7.068154
21057 7.173214403225807
28053 8.99803601075269
29217 7.9556617903225835
47089 8.129465810035844
48331 7.338692451612902
48449 8.11505764516129
5137 8.454513225806451
51770 7.223169384291722
10003 7.543551864516114
19043 7.842508209677418
21149 8.245991838709683
22065 8.818154935483864
26109 7.467697152073734
31101 5.989850505376346
36059 6.794435091802532
37005 5.886674376344083
37199 6.21796545806452
42027 6.5706169302809565
42115 6.075670568914956
45059 7.599046939278939
48435 5.885354000000001
49001 4.125689193548388
5005 8.575060849462355
5085 10.468211104838705
1003 8.047842506763786
12009 4.900995526976888
13245 8.902834369938235
18047 8.762552587096776
20087 7.660049701612905
20109 5.632898419354839
22033 11.092678278401124
22075 7.143024888888887
24013 7.083052519524618
24021 7.274534996827078
26063 8.417402430107526
28131 8.718545204301078
29159 7.83724984750733
30023 4.548731150537635
30045 4.4468249032258065
31045 5.131398370967742
36065 6.286745238884055
37175 6.421694506912441
38083 6.736193612903225
40009 6.197781983870969
41049 5.995585403225807
48443 6.097541193548386
5043 8.799974038709676
51683 7.08970766359447
54015 6.663663677419355
6023 5.722620345161296
1121 9.759596161290325
17203 8.641896720430106
19165 7.41165697580645
32005 6.331933407969635
35009 6.203726190860216
38075 6.836673870967742
40039 6.545167238709677
4025 5.008443067588331
41033 6.270269705645166
45017 7.843464903225807
47001 8.372846388888886
48279 6.41310439354839
12089 6.479924822580642
13151 8.762222162580631
20023 5.553078870967741
26093 9.136092024325768
29139 7.60138362096774
36043 5.895219473684213
39025 8.7712356483871
45039 7.065035077419355
46039 6.967435048387098
48281 6.622061612903228
51103 6.138068365591399
54021 6.86751083870968
54045 6.86730463082437
55001 7.867415866359443
8037 3.8606888940092183
1125 9.509338725463289
12129 7.470150572580644
13167 8.363079612903228
13177 8.760336722580647
13185 8.098507763870968
13309 8.173592532258066
16029 4.599960225806451
19153 7.6828632883475905
20145 6.35211193548387
21091 8.208130365591398
22001 10.065530177419351
37031 5.686121583260678
38011 5.539690403225808
46027 6.885953118279567
47153 7.61664201075269
48181 7.615200104218376
51119 6.227165693548387
51650 6.79182044876661
53047 4.834398406451615
53059 5.60727399354839
16003 5.38253829032258
16073 5.623669935483871
17077 8.295185764976969
29123 7.617775107526878
40103 7.102276903225809
42063 7.306303605890602
46067 6.525104419354837
47067 7.348627419354838
48025 6.52180561751152
48393 5.933837903225807
48455 7.633703593548392
53049 5.556735142857144
54025 6.383360138248843
26037 9.253429765395902
26125 9.80752160908571
38053 6.440084314516126
39049 10.997641164697864
39067 9.228609103225807
42071 9.165020291968396
45003 8.452592353861167
46043 6.205837419354839
53019 5.131851763440858
55019 7.433442709677417
1029 8.896301911290323
1105 8.768068709677419
19193 7.662135718362274
20137 6.136854225806451
21109 7.0351043655913985
21125 7.418078131513651
21127 7.072943593548387
26017 8.787262451612898
32027 4.9183688709677424
36111 5.96520850995196
37017 6.8769699247311795
39105 8.32747434408602
42131 6.2405841013824865
45041 7.450264726295207
48385 5.914157129032259
51550 7.336940435877282
54043 7.328574361290323
12081 5.8161878606286
34023 7.463607450691221
36035 5.613130640860215
36115 6.024226339658445
38097 8.467855048387094
39131 8.610437365591402
40133 7.133154974910389
42109 7.4106558790322525
46097 6.573408322580644
48329 6.4641530812425305
55029 7.446882007168459
56023 4.536793354838709
6049 5.93400765322581
8039 4.123642967741937
9011 5.816087539950369
2013 7.335283925096375
1111 8.793693940860212
12131 7.515776624633426
20021 8.04571872043011
20047 6.226960241935482
26005 8.9503839139785
28065 9.119521215053762
29037 8.274620082258062
29095 8.818299908250916
45021 7.459052188585606
47017 7.537246802419354
48167 7.74493297311828
5037 9.252730360215052
51133 6.0929627338709675
1081 9.016480015531673
12045 6.844080440860216
13201 8.225013322580647
20135 6.122546870967742
28093 7.949641618279568
31147 7.304137602150538
39075 10.37222834677419
47177 7.656214992831543
48325 7.0535455201612915
8031 6.7908866507616645
8099 5.203568922580644
1061 8.26132711290323
27095 7.569126907834103
29025 7.573695209677419
29157 8.240651400000003
31149 5.754314774193548
38049 6.937658129032258
41025 5.099653306451613
46087 6.770308
48077 6.856040376344085
48213 7.658140480075903
5053 9.621992072580646
55067 7.4502727849462325
1057 8.473599103225812
12109 6.004665208870969
16001 7.781708558228533
17029 8.464475268817205
19191 7.453723787096776
20095 6.761512010752688
26113 7.35522380645161
28035 9.80544610815939
29063 7.5382046290322595
30075 5.327090548387098
31151 7.125781096774194
33011 6.166247252438104
34039 7.74681144772998
36067 6.664393071889395
51173 6.155661899641576
6113 8.123257642014158
8001 7.1592984452943265
8085 4.094366480645163
15001 7.335283925096375
18115 8.450637403225805
20189 5.98809006451613
20209 8.755078979723502
25017 7.053943831811719
27027 9.009102044665017
28063 7.923141161290322
29047 8.67576029765395
40015 6.904962584677416
41041 6.475700447817832
47003 8.29387011111111
5079 9.097486298387098
55045 8.792208516129032
55107 6.867956916129028
13081 8.746305376344079
17099 8.863639046082955
19035 7.508961193548388
21001 7.310569838709677
22119 8.388991642228738
28157 8.05191429032258
29003 7.765806209677416
30039 4.782330161290323
48283 5.953970903225807
48377 5.330361693548387
51097 6.373908629032259
51101 6.520279064516131
51131 6.020881365591397
51181 6.543503951612905
6085 9.20282276847037
12071 5.233874177225038
13089 9.086841821802002
13103 7.823883590322587
13199 8.345723306451612
16075 7.060520467741936
19177 7.494709499999998
22077 10.28123728494624
26001 7.128070348387094
27163 8.775166093548387
27165 7.528943892473116
29135 7.8513385403225815
30101 5.45092641935484
51193 6.224196483870972
1093 8.088912633064512
16057 7.0877294516128995
17015 9.098581403225808
18069 9.1585443046595
19003 7.224431709677418
19119 7.570691526881722
19183 8.136755212903223
20107 7.657078516129034
21131 6.677415709677419
26055 6.921242635080652
30017 5.329557983870968
5071 8.959116360215054
8059 5.621007438522691
12021 5.159596965090596
13277 8.557963863799285
18147 8.634606948387093
20143 6.856950129032258
20183 6.587971935483869
28017 8.693422903225807
28123 9.028976655913983
48487 6.209821467741936
51570 7.5325223677419375
8045 4.229612715542519
13033 8.20517685483871
13093 8.940946505376345
17191 8.373141851612909
19057 8.625209560117307
19125 7.2327550685483875
26127 8.086852870967736
28049 9.672303773185474
28143 8.859243279569892
29097 8.33880233577713
31143 7.002112596774192
47101 7.174392161290323
51011 6.490299569892474
51037 6.7380010860215025
51670 7.46510427649769
54091 6.896485177419358
19073 7.384803564516129
27089 7.971336088709676
31159 7.1984142741935475
36081 7.936793864120705
39147 9.822792285714291
40067 6.846793516129033
45025 6.964144409677421
47013 7.450523234604108
48069 6.430854698924736
53043 6.216279749999997
17121 8.442622034946243
20139 7.136864677419354
22017 9.1290107797379
25009 6.700588846674616
28139 7.957922822580645
34007 8.055209891795785
42069 6.578564304538005
47121 8.518600086021507
48427 6.1275054838709675
5061 8.335792569892472
53055 7.024831862903226
16013 4.283258524193548
17073 9.172724409429277
21231 7.13761842580645
28057 8.271910980645163
32011 4.307821967741936
35029 6.554110043010759
39125 9.712059406451615
55131 9.204861908986182
1053 8.21550674910394
13229 7.675958701612907
16059 4.636243849462367
19069 7.742721000000002
26059 9.052977258064521
31007 4.640005451612902
40021 7.731382946236551
40059 5.9861068548387095
47005 7.59117847096774
48175 6.567191629032258
48203 8.281853794930871
48251 7.872975335253462
56019 4.69215056451613
15003 7.335283925096375
17171 8.314416274193547
18037 8.45228124884793
20017 6.777308419354839
20077 6.858568075268815
21021 7.383403050691248
29061 7.44345166129032
31085 5.811249516129032
36057 5.918702451612906
40001 7.756392658064521
48359 5.573578419354838
48403 7.658748000000001
51073 6.392269431451615
51820 6.793785477419357
6029 11.908599635547953
6071 13.607144237345995
18103 9.107415880645155
18163 9.052309152732056
20133 7.425625709677423
21103 7.555720864516129
21191 7.389459365591398
21203 7.207495491935486
28137 8.369512767741934
29155 8.44395424731183
29173 7.754502956989247
35039 4.358683792114696
39103 11.03891947253706
41011 6.307455240694792
47133 7.2245855023041505
48047 6.216982290322582
48371 5.76955512096774
48457 7.8394666580645165
51079 6.185294021505375
51127 6.702485129032259
1017 8.776917788530474
13159 8.416016688172041
18175 7.935418333333339
20051 6.389757559139788
20171 6.0308815483870974
26065 9.311195116686577
26143 7.185417403225803
30047 5.946760967741936
31119 6.8810898351254455
34001 6.448258379616646
45061 7.438516230414752
48335 6.143608516129033
48475 6.054939075268816
19113 8.577276448745524
27057 7.440241829493086
28147 8.597436333333333
29187 7.766405105571856
36045 6.069490040000002
36091 6.366956660645154
37057 7.599158597722957
37083 6.851364577956991
38041 6.135596516129031
42077 8.088765448641754
45047 7.5486969447004615
47041 7.790531991935485
48119 7.508337935483869
48365 7.878860333333335
48387 7.5515554354838725
49019 4.2497875645161285
51043 6.892144096774196
54049 7.31036174910394
55083 7.930212751612908
8017 5.125858870967743
17105 8.480517841935482
19123 7.525311723502301
19195 7.724178354838709
20041 6.961669747311832
39117 9.680335301075273
39143 9.884968126881711
42111 6.85165164823349
45057 7.22003350921659
45085 7.647283509116407
46013 6.661949524193547
1005 8.72451776344086
13003 8.00324946236559
13239 8.382073612903227
19169 7.679658443548382
22003 9.035750038709681
27067 7.7781971102150536
27077 6.267235145161291
28061 9.25251125806452
37165 7.071813152073731
49027 4.242581688172043
51775 7.105257967741937
2188 7.335283925096375
15009 7.335283925096375
17127 8.440520048387095
19019 8.13869975806452
21043 7.301737262672811
22031 8.224847087557608
31117 5.459149935483872
34005 7.870221643746474
36005 7.846574849462362
40145 8.272918354838714
40147 7.318281486352355
4015 5.426387588897232
41017 7.888795790322575
55011 7.673987645161292
55013 6.948024268817208
8011 4.766651161290323
19001 7.120424645161292
20071 5.7120981612903226
22111 8.678427365591402
28159 8.951236935483871
37185 6.647278811827957
40007 5.954007161290325
48295 5.9507352096774175
48391 6.377115548387098
48411 5.974339048387098
8119 3.9307855698924716
9013 6.333560008898768
2050 7.335283925096375
12077 7.363545387096773
13043 8.345099978494625
19131 7.66889548387097
19145 7.621964107526881
20103 8.024449564516127
20181 5.521608419354837
28127 8.907243148387103
29091 8.23648836693548
39115 8.916898249999997
45079 8.241744005799202
48299 6.406106575268817
51530 6.478309387096774
51660 7.0917122199413445
13007 8.301486758064513
13039 6.577354548387092
13055 8.944007387096773
13269 8.485478118279572
16077 4.79622720967742
19111 8.42409625219942
21067 8.082752446105422
21111 9.200459455835182
30071 5.932352419354839
37163 7.19854715835777
46057 6.91499879032258
48363 7.201914139784943
50005 5.25877640967742
51033 6.531692718894007
6001 9.963436806182806
8083 3.8793032995391714
10005 6.647888660986002
1031 8.370733260368667
1091 8.832702204301075
17031 11.253881331097872
19197 7.774374490322579
29143 8.846914392473115
31047 6.419754958525351
35051 4.775959903225809
36007 6.545643900879768
42033 6.460715791935489
46105 5.648553225806453
47117 8.134260258064518
48323 6.204857580645163
13025 7.09700594623656
13133 7.853941235023039
13147 7.869570890322582
20123 6.768155758064519
24023 6.610837179723498
26067 9.226002779156325
27007 7.330311683870971
27161 7.814562741935486
36055 7.239237260248661
55115 8.45806262170088
12051 4.813164479262673
19005 7.555518167741933
20025 6.012562516129032
20037 7.990169891495604
27031 5.647435193548386
31109 7.76946072057542
36069 6.583587339354826
36097 6.037208483870965
37177 6.063254516129032
39015 8.00344475985663
40065 6.319011245967745
40121 7.254196151364766
42075 8.428886419354843
5039 9.186256043010749
51760 7.5689561280547375
54037 7.266389030107528
55087 9.554391898387086
8077 4.783960064516136
12087 4.598658617204303
17043 10.77693772072876
18139 8.71049072258065
19097 8.71571275806452
21233 8.149784741935484
23003 5.0499586733871
26089 6.595098768817204
27121 7.447059774193548
29229 7.940170185483874
31021 7.442182139784949
38051 6.601033516129033
38093 6.709725193548386
48149 7.017212520737328
5007 8.55106584463461
51067 6.876195164516129
54083 6.171618198156683
55139 8.977690295043272
8093 3.506898812903225
2240 7.335283925096375
13241 6.463070832258063
18167 9.168091449308761
21209 7.761918716589864
29115 7.323081754838707
35031 4.890906208728651
36023 6.1152207284946245
37047 6.614970928039701
47091 6.09900504516129
51710 7.2228000852249945
51735 6.543700516129031
54063 6.416364494623654
13211 8.182483045161293
16019 5.854395720430105
18081 9.30076870967742
22073 9.020159490322587
24025 7.207930490096201
29203 7.404843145161292
34031 7.096972646774194
39065 9.857860548387096
51630 6.610269037634413
55081 7.577070232974909
56013 5.106205603225805
13267 8.007119341935493
17051 8.265584783410139
27131 7.916257895781635
28037 7.941547322580646
30011 5.258569322580646
30033 5.429156935483871
30063 5.924670538709684
34019 6.984381593052117
35006 3.733220622119817
37147 6.848306467741937
46059 6.103849338709677
48049 6.241466155913977
48469 7.035658021037868
18021 8.724937037634415
20185 6.434375919354838
23019 5.507015663394106
26161 9.75526725677418
28069 9.036425354838709
28153 9.10448108870968
30111 5.3528670070564575
40025 5.297075306451613
4005 4.570382452764976
46071 5.387503758064515
48107 6.181804430107526
48275 6.110921096774194
49015 4.19742041935484
51510 7.8043655585738705
53017 5.364022596774195
53071 6.538707927419358
55057 7.7514602073732695
8087 5.348135330645161
12039 8.274310752688173
20149 7.05561308870968
22007 12.416124682795694
27059 8.03513000403226
45015 7.221981485304657
48177 6.94677923655914
48425 6.96570622580645
5013 8.838816241935488
1063 9.045889709677422
17109 8.549557012903222
18125 8.340048112903224
20027 6.7706082096774205
21033 7.991340344086019
21049 7.600250012903225
22015 9.06176703079179
22089 9.67316941935484
25021 6.95702099330026
26087 8.976130063172047
29169 7.726588842293909
37023 6.904902456989258
47125 8.637484170388754
50025 5.516365566308242
51840 7.008912161290324
12083 6.055331166922678
18009 8.721349991935483
18049 9.16300472043011
18053 8.823657635080647
19179 7.525934894428146
29087 7.54575794623656
31125 6.653289741935485
38031 6.769761322580645
47129 7.394816438709677
47151 7.112908458064517
55141 7.98697185388995
6047 10.036674306780776
16043 4.975074838709678
17067 8.493011576036869
20055 6.288911567204309
30015 5.263093064516129
36053 6.0818476290322625
37119 7.830111540357183
42079 6.481506805210929
47081 7.393891569892474
48327 5.812646709677419
48489 6.437107677419356
55047 8.617164381720427
55069 7.561519709677413
55113 6.447813919354846
1025 8.562883867383508
13301 7.815397483870969
13313 9.05306778494624
18017 9.154454196480943
27169 7.746544854838712
28135 8.561253822580644
30065 4.841527516129031
31081 6.9388583548387075
35053 3.9595083172043015
37161 6.937318925558312
42039 7.414709827489489
42085 8.199875380645164
48053 6.736796254032256
48419 7.634050833333332
8053 3.4067516129032267
16065 5.8028940107526905
16081 4.584737258064518
17035 8.55992088172043
17167 8.592612981740716
20085 7.158254483870971
20105 6.682129741935482
21237 6.97705356451613
26081 9.7935339110383
27093 7.516367295698921
28025 9.11013220645161
40077 7.20867605376344
48103 6.02847541935484
48485 7.068473727114212
49053 5.164873307219663
55009 9.115510267025082
29027 7.79574450403226
31075 5.153363612903228
37019 6.073146625610953
42017 7.966209199639082
2105 7.335283925096375
1085 8.907168870967745
18065 8.514555784119107
22029 8.23270174193548
28027 9.262251129032267
29023 9.083755206451613
34003 7.427578138403328
45013 7.063727223387097
47051 8.081144609318995
5035 9.017197601612894
51800 6.994365422811059
55021 8.50501482795699
55091 7.718512096774193
20061 7.039321653225805
28079 8.746730109677419
29177 7.947239201612904
31179 6.993251983870968
35001 5.368025729496106
37111 6.537867738709683
42099 7.4748954838709585
45053 7.4544841612903205
46019 5.298188661290323
47077 7.514755698924729
47115 8.193641397849463
55035 7.959522488709687
6111 9.66721828267761
13137 6.957193213709675
13149 8.693913666666669
17025 8.360164838709679
17145 8.478102016129029
26019 6.758668400000001
29035 7.62981501612903
31141 7.221308460829492
39057 9.28533706267282
41067 10.249504282568223
48273 6.770498361290322
48277 7.479420333333334
5021 8.887790510752678
51790 6.8341163978494635
8021 3.626373532258064
8069 5.102202732655773
39039 9.769629494623656
39079 8.766735198156681
39153 11.045804877897254
40075 6.426881645161291
48079 5.996040580645161
48109 5.397495999999999
48407 7.992141532258065
54051 8.368278587813624
55027 9.147549635483866
13091 8.483465354838707
17163 10.15623298602149
18155 8.16457290322581
19151 7.606427677419355
29051 8.061373982795695
42003 9.349101478976133
45071 7.3559693387096745
48445 6.351262774193548
51027 6.732691253456223
54041 6.8191384000000035
8015 3.581490896774193
1099 8.401002847926268
13265 7.591146870967742
26061 6.591410377419356
29069 8.809664838709674
29153 8.184929354838706
30061 6.033486096774195
35037 5.138170419354837
37053 6.2800152903225825
38019 7.335052500000001
39041 10.432278494009221
39165 9.284119111436938
40037 7.587924566820277
45083 7.895079029920538
46099 7.383434169738864
47181 7.198694564516131
48099 7.14629314091681
48133 6.258502509677421
48201 9.857018211278053
49011 5.232666692353643
51025 6.732788761290323
56037 4.98996457795699
6035 5.902408107526879
8025 4.482065258064517
13253 8.31376630107527
18077 8.094497658986176
21055 7.892170709677419
22101 11.12008378024194
40017 7.652212484983314
47065 8.913923082612122
48303 6.9985780327324445
48309 7.865897051865917
51095 6.584601809384165
54099 7.86598389442815
1071 8.419036486803519
13189 7.910275000000003
13257 7.137591406451612
18131 9.134562637096774
23005 6.096799792766371
25005 5.93262487819355
26029 6.88144082133995
27079 7.781393881720431
33017 5.969452467096776
36047 8.21697247525464
37091 6.657005219354838
37153 6.849535219941349
4003 5.438720357862899
40135 8.299801594982076
42009 6.7105561700879734
45009 7.669208798387095
45023 7.196876407624637
48269 5.9590348387096785
54001 6.5417348467741965
54059 6.871838078341015
12059 8.039958209677419
13115 9.235925456451607
27155 7.727814000000001
28075 9.67325630390493
28085 8.463729731182799
30093 4.632850064516128
35021 4.586873612903225
38003 7.26794391935484
38079 6.77431385483871
40005 6.929138806451613
42093 7.483697443548385
53041 6.824672114516129
8089 4.602284963133639
13019 8.273085311827957
13023 8.701728537634407
17183 8.571678732526872
20007 6.44557177419355
20029 6.705646596774192
26073 8.268662509677409
27101 7.210526043010754
31107 6.388512376344086
36009 6.107688254992319
37043 6.631351225806451
39031 9.666446019354845
40081 7.252653202764976
41037 5.958260935483871
45033 7.219068618279565
48305 6.323137623655913
48343 7.9703634193548405
48501 6.202744903225808
51017 6.187129064516129
1073 10.565295860874738
17007 9.675913686635946
18091 9.294082599078335
29105 7.93460881182796
37013 6.296911917888561
38035 8.476955593189972
48409 6.476352723790323
48467 7.702538816129028
48473 8.327141602150542
5023 8.856987894009215
5131 8.712464133995033
13215 8.99225869628727
17119 9.906428145954534
19175 7.051347104838708
21011 7.229218860215054
21185 8.187833898617512
26039 7.3687499096774225
27127 7.526778413978492
28113 8.492128653225807
29075 7.354273532258062
30027 4.795742145161292
31043 7.568872669354841
32001 5.522187447004608
36037 6.839895772043005
41069 5.240935419354838
45031 7.4227567116935464
47149 8.570602526003956
55078 7.847721451612907
6083 8.284494687205507
9007 6.38969870967742
19161 7.477036056451613
21165 7.031543612903225
26095 6.395604494623658
27055 7.598425283870967
29101 7.95011162007169
29103 7.3882776290322605
39019 9.667394843317968
40063 7.113578896774194
41057 5.983816669354836
48241 8.46449975
50023 5.392420196943965
5091 8.437539134408599
53023 5.898987193548388
56003 4.867320505376343
1019 9.221988096774192
13125 7.97567135483871
13291 6.845853951612902
18099 9.50413120967742
18123 8.325944632258063
19011 7.985045645161288
20121 7.794845423387098
20193 5.82129070967742
22049 8.167072064516127
26025 9.093273061207606
40083 7.365912633064519
47137 7.051373677419355
48159 7.8441554946236565
48259 6.851004801075266
51680 6.958342816638375
8009 5.126005774193548
17017 8.121071141935483
22095 9.768074498533721
26045 9.138180441244247
28029 8.646853844086019
28059 8.529102422811055
29111 7.795156532258064
30073 5.163764919354839
36033 5.539459308755758
38007 6.077591870967742
48483 5.989667241935483
19127 7.540146270967741
21087 7.453306072580643
22005 11.427483437788009
23001 6.019943799539165
26077 9.384551542727788
29059 8.063196849462365
29213 8.705088909677423
31185 7.068644193548386
37113 6.457576376344088
37197 6.716813930875583
40115 7.893475129032263
41047 9.07123055339266
42021 6.985647149769586
46015 5.886788596774194
46017 5.938767000000001
46045 6.317613096774195
48143 6.689665600806454
48453 8.316188902929866
49005 5.082652498759299
49045 4.387259560117301
5083 8.715420731182796
5123 9.149597709677423
5149 9.334358365591399
55129 6.7521044838709665
12029 6.129926956989249
13135 8.564369583499868
20099 7.590624540322584
26007 7.069063390681
27069 8.039517177419356
29186 8.12542621774193
29197 7.216827741935483
31121 6.811043096774195
37011 5.982354470967742
37151 7.4066615599078345
38077 8.160185612903227
40013 7.255209469208216
45063 8.174274804272013
48081 6.224352935483871
8065 3.576856193548386
8107 4.2273582782258075
1045 8.38714758986175
13035 8.521573838709672
16083 5.69766436635945
19051 7.255403758064516
19089 7.421390827956992
21025 6.9321227281105955
21151 7.347676820033959
21189 7.025335338709677
21225 8.290982911290323
22103 8.4864089272318
27019 7.991190388794565
29113 8.530278262672816
29221 7.426264600000001
31015 5.932545290322582
36015 6.237286442815247
37123 6.870701290322581
42029 8.146288378754166
44001 5.698218780058649
48191 5.961321903225807
48461 5.991136306451611
49035 5.644755348752278
56015 5.22317154032258
13049 6.541151112903226
13173 7.894992677419357
21039 8.200420301075267
21053 7.113610838709677
21173 7.3168140591397846
22083 8.628220225806452
29029 8.025070917888561
31093 6.6176085645161296
35041 5.93720095483871
40027 7.853604456295519
42125 8.856048100601425
45043 6.4391235138248835
5103 8.98089143010753
51610 7.913872483870967
6081 9.154294282360127
17009 8.186871451612905
19109 7.822085322580648
20073 6.698386354838709
4027 6.617854255131963
48493 7.330358903225805
50009 5.08046334408602
5001 9.44305377419354
5059 9.565886870967743
51147 6.50283364516129
51185 6.37465731378299
26079 7.238266709677421
29099 8.96235696774195
34015 7.622568544290827
35017 5.126673137096777
38061 6.6930538172043015
48059 6.19427106451613
48415 6.167915846774191
5069 9.745393793010754
55015 9.18902831378299
55023 7.743468510752693
12007 6.1339590161290305
12111 4.625875320381233
21017 7.58051191935483
27039 7.878517470967739
27053 9.13845937932893
29045 7.8600031075268815
31037 7.223330247311827
38087 5.571535
39129 9.558693647642682
4023 6.004395232258065
47163 7.8313336782464855
48389 5.656396948387099
49003 4.988980058651028
1027 9.10759463709677
12086 6.229644054303133
17181 8.205937870967743
17195 9.471890942652337
19087 8.240568851612903
22047 12.183199972350224
28007 8.510834693548388
29043 8.773243138248842
36061 8.444551368615569
39021 9.454278835483866
40031 7.13564602923386
48073 7.7979931317204345
48197 6.166343516129033
5041 8.984658774193553
51179 6.564528201911595
1133 8.471246843317969
13079 8.844863817204304
16021 5.870239677419356
18033 9.691361706093188
18137 8.335854591397855
19031 8.86911821290323
22021 8.057990010752686
30091 6.711944177419354
30099 5.073820666666666
48013 6.982287346774199
48023 6.172563451612904
48223 7.637166333333331
48503 6.840915491935484
53039 5.682360268817206
6033 5.562840399999998
13163 8.161599879032256
13223 8.60506515789474
18031 8.567575618279568
18071 8.39852002903225
19037 7.65654729032258
23011 5.936710344432892
38021 6.731775946236562
4001 4.027910491935483
40125 7.3051890987903265
41039 8.27564046286572
45065 7.30668723655914
45073 7.211859430107537
47105 9.087252154838712
48215 6.918938339994285
51075 6.709530554838711
51191 6.650491682382137
9001 6.481209006605215
1035 8.23434655483871
12123 6.714646459677422
17037 9.571042780337931
20177 7.68927858364591
22023 9.868313048387098
23029 5.169421727047144
29161 7.66948958709677
30083 6.257373701612903
30105 6.013536774193549
31067 7.250248129032254
37187 6.243880075268818
48247 5.89909756451613
49013 4.404858043010752
5077 9.158325314516135
53007 5.054512504608295
55103 7.67497522580645
2282 7.335283925096375
12097 5.620784007867829
18173 8.83999806451612
21171 7.505503548387095
31027 6.717909258064518
31105 4.82876193548387
36017 5.967893870967743
39163 8.922993623655914
47143 7.9709499516129
48117 6.138785435483873
48169 6.010461096774195
48479 6.252200368059229
51041 7.476421808723306
51750 6.89714846236559
54047 6.566799217741935
6031 13.012863820788546
2198 7.335283925096375
1015 9.704243939646195
1131 8.555687362903225
13057 8.265708662531022
13105 7.567149122580648
18149 9.26408362211981
22053 9.782716225806444
26145 9.07036499135944
30103 5.0876314516129035
31031 5.19709093548387
37195 7.223933687606108
42103 5.878483465949818
46079 6.81395537634409
47031 8.091054854838706
47047 7.725410882697943
51115 6.147127903225806
51690 6.921725264516127
13171 8.471701548387095
20083 6.144848903225806
27133 7.456042010752691
36093 6.384986468867201
40111 7.421149896774194
41005 10.243099716532255
41063 5.184105483870968
46053 5.823256096774193
46085 5.770325612903228
54087 6.964419774193548
1097 8.900500532258064
19155 8.252889891397844
21167 7.5425328451612925
21183 7.840417589861751
24029 6.666444529032259
29133 8.880304266129032
36027 6.49624888934258
37067 7.3384599850849925
41031 6.451697779569892
46047 5.186570870967739
46101 7.031503338709677
48007 6.130281174193545
51171 6.493428186379926
5145 9.558094955334983
53061 9.014486737204312
56029 4.69026188387097
20019 6.796051903225806
22009 8.826481516129029
31083 6.356244967741937
36039 5.603956690322579
47111 7.650412846774194
48267 5.86129506451613
5067 9.46326541290322
5111 9.148960944700457
56031 4.5265655
56039 4.433088782258063
13069 8.20277145519713
13101 7.132610725806452
13237 8.288153554838711
17115 8.609374648956354
17139 8.411539298387098
17187 8.68627441935484
21095 6.732786143695016
22025 8.184854677419356
28071 8.1385233483871
34013 7.773786791551458
37009 5.88075966129032
38081 7.163795209677421
39007 8.154300774193548
45019 7.157140325616692
46119 6.207139096774194
17135 8.41705635080645
18075 8.983156055299535
20157 6.754609677419354
21073 7.819106390029325
21193 6.852647669354844
26069 7.305129648745515
28109 8.666764899641576
35013 7.897933082612121
37097 7.259930142961866
42095 7.843633327798862
45011 7.687474387096774
46061 6.603676903225807
48339 8.869385105522143
51580 6.732256274193548
9015 5.828421780645168
1043 9.219018060931912
1117 10.154432774865594
24041 6.344301493548387
26091 9.517896279102397
26163 10.304811460655692
31041 6.050594467741935
31181 6.582781096774192
38023 6.738064774193549
39149 9.553857761290322
48417 6.0259648709677425
1113 9.075717883374692
18015 9.185516423963128
20089 6.694151951612904
20175 6.164194445161292
31013 5.494957731182795
31115 5.825637935483872
34029 6.648576155354846
37037 7.105333339950378
37087 6.556304824596778
40045 5.999678306451612
40049 7.036101838709678
4017 4.286946812695112
42091 8.45368411512004
45091 7.712789946002804
48015 7.726194086021503
51057 6.278063021505376
5139 8.759413364516131
6039 10.878456598877973
6103 6.219512838709677
6109 7.157178319648096
19053 7.029381999999997
21161 7.420030941935486
26153 6.829591333333335
28117 8.263632677419356
35047 4.224886207373273
4019 6.459363609289248
51013 7.931195340076546
51720 6.493244258064516
12069 5.224445775921671
20005 7.6133122741935475
21135 7.3481656935483874
22123 8.665660698924734
24037 6.270419998102464
24510 7.699584410483893
26011 7.684795922580649
26047 6.804395499999994
27023 7.828813225806451
27037 8.699323129371825
31023 7.168439720430104
35061 4.64939544086022
36075 6.295770740823136
40029 6.940656758064515
40101 8.012675358870968
49025 4.291052403225807
5051 9.453574975806452
54003 7.2974970783410145
55127 9.767862441348967
1059 7.90755746236559
13111 7.1275539290322625
13175 8.7149478337469
22081 8.521908387096776
27123 9.3096611987285
29183 9.451805633728068
36079 6.468794066213925
39081 9.22649133660589
39155 9.28389731847506
48035 6.949171046082951
48141 8.977497678621512
48153 6.150209806451613
48437 6.368031924731181
51195 6.538832205278593
54053 8.096002069892469
54077 6.708777633064518
55109 8.258667214285717
6115 8.07752386175115
46102 7.335283925096375
1103 9.221292880525692
12037 6.582599629032257
19047 7.386944361290322
26147 9.210846358788688
27045 7.442985731182795
30041 5.753140413978492
31177 7.798656458064516
36121 6.324517747800586
40131 8.118840982718897
41021 5.979447354838711
51015 6.682017248138957
53033 9.68451227512799
54029 9.221364576612896
13121 9.140985093295388
16017 6.953115630824373
20067 6.125043193548385
21159 6.983481172043009
21169 7.421915193548387
25001 5.46809700806451
26117 8.76214117866005
29163 7.980973599999998
30109 5.7239624838709675
31137 6.591258376344086
50001 5.518504606451612
5087 8.31949500806452
5133 8.054727233870967
51730 7.453616023460412
55005 7.401113125806455
55041 6.723477854838709
1007 9.365040258064514
17005 8.54556094354839
20081 6.268545032258064
21047 8.477050084889639
21059 8.380668793828887
27009 8.111222021505373
28115 8.618884661290322
32033 4.25111458064516
39069 9.710480912442398
41019 6.797744837243403
42073 8.759545728110593
48115 6.293819822580645
48257 7.96754170609319
48395 7.402668851612898
51137 6.347231870967741
53075 6.711784035483866
54079 7.91480986129032
8125 5.385667774193546
12105 5.691070436740677
18107 8.631632526881727
19141 7.56564485483871
20053 6.602560354838708
25003 5.732111816377167
45007 8.030521334160472
48379 7.667003161290323
2195 7.335283925096375
19021 7.556103451612904
19067 7.676229006451611
21213 8.27819156451613
27001 6.91889501075269
37145 7.099446520737323
39095 10.216291964439923
40153 6.214719877419355
41059 6.570898432258067
44003 5.599831309346566
51059 7.603008590522646
51155 6.736696916129032
51177 6.546473203225805
54073 7.5088106451612875
28107 8.387533569892476
29015 7.794802623655917
32013 5.0345643145161265
38065 6.550092967741935
40043 6.215116827956991
40127 7.005639161290322
42041 8.120333759052004
42123 6.3356082828784075
47103 8.231698555555553
47159 7.817387406451613
5003 8.889978834101388
51019 6.9247244778225765
51021 6.410634838709678
8081 4.465687927419355
13031 8.133444018817208
13097 8.80333644516128
18181 9.246596379032262
19079 7.755768470967742
26013 6.430328887096771
27029 7.264686591397846
29179 7.259474999999999
31029 5.906183870967742
51047 6.302763306451615
53003 6.3648842903225775
54061 7.364852857526879
55125 6.722306316129036
8101 5.006461216422285
12023 6.713288024193552
12033 8.219549841890064
13131 8.785666403225811
13311 6.860783793548389
19105 8.45821967741936
21029 8.53004994623656
26043 7.200117769585252
33019 5.510899893548388
37021 6.891340183755766
40109 8.044249870700051
2261 7.335283925096375
13109 8.039116924731182
21035 7.904672469534048
22091 8.354414112903223
26151 8.640748190860217
26165 7.035466129032256
28111 9.063596290322577
29149 8.026268440860218
31155 7.489830180645161
36003 5.842529555831267
36051 6.377411907526883
41051 10.93402372080739
48505 5.899970655913979
54005 7.0788260645161305
55071 8.833459612903235
13205 8.614290335483869
19033 7.787454897360704
21221 7.994683425806453
26111 8.45207288624789
27113 7.803084341935485
30029 6.5367854108658765
36101 5.950933021505378
37107 7.00609371827957
39043 9.795282259856625
39083 9.594922895161291
39097 9.817424967741935
47095 8.223738258064516
48155 6.044536903225806
6059 14.37661586924952
13083 8.679198387096772
19081 7.786479064516127
19091 7.73752154032258
19099 7.4788514086021545
20015 7.154053498759308
20063 5.85969035483871
20147 6.291191311827957
25013 6.943477933291571
27071 6.369958169354838
29065 7.338197346774195
31171 5.526226838709678
38033 5.916830870967741
47187 8.219139692240633
51117 6.791751268817203
8109 3.5402044677419355
2016 7.335283925096375
1009 9.195356702508956
13305 7.5990417096774205
17049 8.631404237903228
17117 8.537629354838701
21201 7.186865806451613
26103 6.579129256720432
28141 7.911577274193547
29093 7.312413338709676
30049 4.852977735023042
31019 6.868752281524925
31073 6.264147516129033
32021 5.4197194999999985
35033 3.9133938709677407
39151 10.929568655663909
40097 7.969637713261654
48439 8.23489207969639
51029 6.32289810483871
51063 6.421481967741936
19007 7.080305406451613
24009 6.376311168458779
29049 7.807024588709676
29077 8.91609694068678
38009 6.857551139784946
39141 8.957140060721063
41065 6.2001832016129
45087 7.19091725806452
48009 6.720304559139786
48123 6.71087183870968
5093 8.389489534946238
2164 7.335283925096375
12031 7.285195463360069
16015 4.513547806451613
19071 7.675119182795698
19075 7.726121499999998
19117 6.9744420806451615
21147 7.097672524193549
21211 7.9436759677419335
22035 8.6731833655914
24001 6.642496345021039
28001 8.115352716845877
30095 4.3770596236559145
32017 4.381333919354838
38071 6.957603677419353
40123 7.096227212903231
41055 6.0972515806451595
42047 6.188666394265235
42059 7.91416280286738
47071 7.540798806451612
48037 8.320394232974907
48139 7.948964874089497
51109 6.443282145161289
2290 7.335283925096375
13293 8.384576405529954
17165 8.021915215053765
18169 9.164889181451612
21009 7.721150229032255
22055 11.749254728432124
26057 8.835319187096779
30035 5.281561395161289
33013 5.738106130824377
36049 5.41237446543779
42011 8.468878905734766
46011 6.986048978494622
46023 6.11351487096774
46093 5.307272941935485
5029 9.908799790322579
5105 9.683525365591395
51187 6.489349572580641
1095 9.029304578853056
31103 5.696784096774193
37063 7.430436168279574
38091 7.55241506451613
41003 8.358565940860217
48125 5.956530387096772
48301 5.743222322580646
49055 4.088049935483871
5033 8.456680574780057
8003 3.9056808629032256
8071 3.984958134408603
12121 7.0131812119815695
17055 8.430057997311826
18035 8.521027606451607
21083 8.04914845519714
25023 6.302945776451619
31051 6.9652379677419365
35005 6.398133804435482
41009 7.581723970967748
47043 7.745805293548387
47169 7.931182645161292
48227 6.213195667741933
51087 7.3667933210685455
5147 9.452071516129035
51540 6.618784040322579
6009 7.189898109677422
6043 8.136425559139786
16009 7.782250354838709
18143 8.123145419354838
21239 7.952348580645161
23009 5.3313753472485725
26075 9.064724811544986
28119 8.869104870967737
31123 5.498612193548388
37101 7.260144794838716
37117 6.464995252688171
39055 9.641630551459302
46107 6.1035092580645145
47139 7.397260683870969
5063 8.84527689112903
51700 6.801827108504392
12133 7.999033866359449
13319 8.882645849462367
18127 9.748561185483867
27091 7.700858607526877
27149 7.762709064516126
29199 7.343730935483873
38073 7.409690053763441
39033 9.712937669975178
40053 6.953098903225806
42043 8.39570451166254
44009 5.347539208525344
48105 5.990030903225805
48129 5.988742629032258
48337 7.085310010752687
48423 8.319315962234445
51071 6.615825564516127
5109 8.616031698924733
51113 6.084891209677419
51121 6.849868951612911
54023 6.186999838709679
6099 9.784111765271096
1083 8.815906429435483
13065 7.129257177419354
17079 8.586291978494625
18105 8.301856612903219
19039 7.008407150537639
22013 8.331429432258064
29109 8.310883599078338
37105 7.100214357320096
39123 9.633636377171209
40011 6.682042141935483
5055 8.753761075268812
17087 8.022504798387095
18095 8.855506857018309
19085 7.599688490322581
21153 6.879522250000002
21177 8.03011576702509
29215 7.654583491935485
41035 7.4082381516128955
48171 6.2258379612903205
48381 6.62029143381535
51141 6.340990758064516
6053 8.013203693028103
8121 4.963086758064517
2090 7.335283925096375
12061 4.454741513978493
13027 8.220276696774196
13243 8.17132487096774
13255 8.528666736559133
16063 5.1580452903225815
19133 7.498715024193547
20129 5.687081548387097
26015 9.04450340469208
27049 7.909435603225804
27051 7.782200322580646
31173 7.2751564032258065
46051 7.04397962903226
48003 6.081198427419357
48039 8.250124621758388
55051 6.382487795698924
56001 4.512031170967743
8075 5.167622440860214
13157 8.102596715542521
17053 8.324236832258064
17071 8.69231859139785
17201 9.662574875576023
20155 7.0332083453510466
25027 6.168089347336827
30079 5.458468580645162
36019 5.636474112054329
36029 7.365550782121393
37015 6.453077451612905
40051 7.225417741935487
42067 6.999855348387093
48043 5.446657225806451
49037 4.056389112903225
51051 6.6369176693548395
53067 7.491057144173797
12067 6.676348322580645
13321 8.727770361290322
20151 6.502834494623656
21015 8.706593932551323
24043 7.448677945564506
26149 9.702457833017082
26159 8.967190561290327
29057 8.050872677419353
39051 9.736051555555548
39175 10.033583231182796
40113 7.2863210879765425
47135 7.226122032258065
48145 7.391013758064518
48317 6.252750306451614
51111 6.722023698924732
53057 6.991621560215049
54007 6.575544032258064
16027 8.931835151279211
19185 6.979208440860215
21071 6.9683305870967684
36105 5.523139684139784
37099 6.408035483870966
37139 6.6193754032258045
46075 6.076078903225804
47075 7.8862219892473115
48243 5.254976516129032
48253 6.414148758064516
54019 6.813432314516126
55111 7.867745751861047
8035 4.862121992596499
12095 6.014753052516747
13045 8.675753009487668
13299 7.520323691756279
18027 8.502811244239629
18061 8.226551758064513
20159 6.796029774193548
22097 9.913327285229197
26085 7.517213338709676
27141 8.355307096774192
28067 9.728521688940091
34021 7.576196081692499
40119 7.198890453510445
47185 7.557363435483873
48019 6.528200916129035
48027 7.57974190669976
48465 6.345067383870972
49031 4.143197419354839
5047 8.53009989247312
51139 6.389439193548383
53009 5.148201852534559
8105 3.611230397849462
8123 6.625787382069538
13187 6.985149685483871
16041 4.791888129032259
20059 7.447901561290322
20097 6.161577838709677
21155 7.363493521505378
29089 7.68884676344086
30057 4.247443559139786
31077 6.355889354838711
42061 6.723697639784945
45081 7.390601129032255
48071 8.288675139784948
48369 6.130769129032258
51810 6.973067693385477
6021 6.843582908602151
12011 5.735192641140223
12049 5.169662483870969
12117 5.699657762940738
19163 9.580755660260808
21023 7.38464323655914
28047 8.759974774193566
28161 8.126834494623658
30001 4.50305747311828
31033 5.233035849462368
33015 6.336253917888566
34009 6.12050149294354
35043 5.042547125576034
38047 6.4068812903225805
39169 11.10072249294355
42001 7.456052004207572
45051 6.573915609722848
47023 7.754428333333333
48029 8.02782702115283
6073 11.561983326079059
8091 3.758255193548387
8097 3.8278426532258063
15007 7.335283925096375
13181 7.297362064516131
16035 6.733174741935485
21121 7.173368616935484
22085 7.840804741935481
26021 9.142447979166661
26131 6.341817215053765
27003 8.953582923047014
27083 7.174616603686635
29185 7.826846903225809
42007 9.271024947501578
46109 7.163279693548384
48239 6.818744870967745
51165 6.766424169779286
55017 7.6601917888563085
55039 8.88163518387096
56033 5.311585376344087
1013 8.576827931899638
12091 7.4633685774980405
18097 9.78578021975806
21119 6.846111896774193
31057 5.671285935483872
46083 7.312003029325514
47079 7.783765311827958
51053 7.099816778801849
55033 7.816205092741937
55065 8.422390961290322
18083 8.42296364516129
21157 8.276065892473115
25007 5.289577008064516
25015 6.47885682616487
26027 9.7790596510264
28045 8.643469917050686
36021 6.0020508586789525
42019 8.35579046774194
48355 6.590989104739151
13231 8.405972395161292
20001 7.374093948387099
29073 7.5482683354838755
31183 6.138728032258063
36063 7.684839602855623
37095 5.826703548387098
37191 7.3738568672456495
39035 11.084770044770746
41015 5.28887510752688
42127 5.94596042857143
42133 8.367720003584234
46005 6.473555548387094
47189 8.693110124423963
48205 5.543899193548387
48341 5.965416685483869
48497 7.683180847507334
53021 6.83603359305211
9005 5.923154669829224
19023 7.855683174193549
19167 7.532093622119819
28013 8.426550232258064
28129 9.225602870967741
28163 8.774858591397853
29209 8.741894913978491
31011 6.562495629032257
37169 6.656908899641574
39113 9.489428341134296
48147 7.363791562724017
48507 6.162684088709678
51590 7.266994062499998
51678 6.551582
53077 6.191757567741933
8049 3.7160767311827954
2180 7.335283925096375
1021 9.297513537634412
1037 9.136069645161287
13317 7.3868906209677405
18001 9.621406686635952
18051 8.505798267281108
21019 8.52624276426799
27073 7.27570775268817
31061 6.478256290322583
37073 6.644570032258062
42083 6.026312362903226
46137 5.602590483870967
48209 7.8246711045161295
48297 6.444585306451612
48459 8.108925525345628
5049 8.407108838709675
53027 6.268899691532258
55077 8.303731787096774
16005 5.2635681085043995
17113 8.418422132179375
19061 8.61427525186104
21003 7.7752129086021515
21223 7.778302516129032
30059 4.248671451612903
37051 7.221146873814037
39121 8.919189763440858
41001 5.242053408602151
45035 7.361838975483869
47055 8.013819431451616
48451 6.447814434838717
51085 7.049084036465641
55085 7.027601859447006
6067 9.648330938536688
12093 4.46963416935484
13127 6.776810339784944
18109 8.9154202382134
18133 8.595263419354831
18177 8.734579119544586
23013 5.581951690322579
24033 7.595931724622668
27063 7.476414129032259
29223 7.771431629032256
40069 6.977525322580645
41027 5.738763419354838
42081 6.578585473859849
48001 7.539517718475067
5101 8.28523943548387
51035 6.1919684239631305
53029 7.419351138248849
55025 8.791936716008436
56007 4.393214516129035
8033 3.7818962258064515
12079 7.348706606451612
13107 8.309944096774196
16051 5.865931177419353
17095 8.669188893145147
19027 7.386731516129028
20165 6.37834241935484
29201 9.271039132258064
35007 4.002878473118279
38013 6.70572470967742
38037 6.149865225806452
39139 9.733192261290327
45077 7.435215203917051
48131 6.115853311827957
48225 7.530669534562213
54071 6.049910010752688
54093 6.186608053763439
12053 5.55144869794722
31017 5.598952483870968
36119 6.879121098944023
54057 6.592270018433179
6077 9.335907348804794
1033 8.486995158986181
12125 6.318518193548386
13021 9.539473857771258
18183 9.633507972350229
21099 7.561743535483867
26033 6.649343958525351
27011 7.36384710752688
35003 3.8710604838709672
38045 6.858135161290323
40055 6.179922354838711
44007 5.948988730496466
5045 10.417848092903228
53037 5.174581326612904
55095 7.559711761290317
1101 9.69204580297768
12103 6.0149541663141415
21229 7.453726720430112
22127 8.062304693548391
27065 7.336504008064517
30007 4.4791294354838715
32510 6.633044112903225
38055 6.687569661290324
40151 6.4060756881720415
45069 7.181949907834099
48011 6.100970709677419
48195 5.9528273064516135
49017 4.137868387096774
50015 5.29716035483871
51163 6.497498249999996
55059 9.980587728110612
16007 4.5166268064516135
16061 6.011449161290323
17081 8.541048055718479
20167 6.426508483870968
21077 7.8986167096774205
22051 9.243056139528923
28041 8.709839983870967
30009 4.412760335483868
31167 7.0415578225806446
35015 6.215556475806449
4007 4.788036965725808
47145 8.36918115835777
48017 5.95499670967742
48271 6.017330870967743
51740 7.397588704474503
6095 7.7249521485215
17003 8.746451459677425
18151 9.42437915053764
19101 7.750816846774192
20205 7.226078685483869
21113 7.808817215053764
21181 7.263061790322579
28031 9.470772548387098
33005 5.648735237903223
40129 6.046823903225807
48345 5.905524516129031
48353 6.243193496774194
51143 7.056024989919352
56021 4.778992740399377
12027 4.965249039426524
17083 8.947826059139784
17129 8.289945483870966
17143 9.03955728360216
20045 7.877796535190608
21179 7.736352290322586
24027 7.484579026979469
27025 7.958457241935492
27145 7.950379438264745
28105 9.123756540322582
29017 8.235462806451611
29119 8.03837959677419
35023 5.282953145161292
37173 6.426982258064515
38069 6.829653467741935
39091 9.485660460410559
46065 6.269480177419354
47039 7.342922403225808
48101 5.993244741935484
48233 6.061254774193545
48287 7.192970225806453
48361 10.614508345622127
50003 5.38715893548387
50021 5.593380916129036
12013 7.589239161290322
21227 8.288373327956991
26141 6.8345395860215055
28011 9.3684548266129
29039 7.941406623655914
31079 6.9656309078341065
40057 6.107446548387095
42031 6.9545690161290326
42053 6.378864043010751
48033 6.010755290322581
48207 6.199582516129034
5089 8.416275185483872
5121 8.947619725806456
55137 8.276474949308755
56017 4.378740645161289
8007 3.5565318548387097
2170 7.335283925096375
17065 8.231879053763441
17091 9.238632519466078
17125 8.276849634408602
19063 7.657755250000002
23017 5.28038331878558
24015 7.466850597623091
46111 6.420483709677421
49007 4.357147987096774
51001 6.157917403225809
56009 5.120166475806454
12057 6.276119506249981
16055 7.781980783225804
16087 5.495611397849462
19137 7.491221032258066
19139 9.012264919354834
20113 7.043983488479262
21205 7.07999623387097
24019 6.438905738351256
29019 8.021938327030036
29147 7.525261393548385
31025 7.8510116612903245
38063 7.104822483870969
39059 9.187758500000003
40071 7.183923706744869
48289 7.347255559139784
51077 5.958569225806455
51157 6.115774193548387
54105 7.155402870967743
55061 8.357616104838709
55097 8.367034617511514
6107 12.47544416004965
13063 9.049148710322582
19077 7.180176268817204
22087 8.375824062618593
26129 7.336483023041473
27005 7.97054805806452
28073 9.478396838709676
29021 7.991540660645169
47053 7.878355193548388
50011 5.833640109677418
51023 6.871793435483869
12063 8.120804695014662
13119 7.746647122580646
13297 8.37968181935484
18121 8.564150475806453
19171 7.568948994623657
20093 5.992473258064517
22041 8.435294306451615
26031 6.8140812379032285
31039 7.215279924731184
31049 5.666855193548385
31089 6.029388572580645
39137 9.72289419354838
48051 7.436320187096773
48157 9.253501091256366
49009 3.9851692903225815
5009 8.430331801843316
51045 6.465910322580645
2158 7.335283925096375
13061 8.167581258064516
18119 8.412777696774196
19015 7.600427645161289
20195 6.097792096774192
20207 7.085075467741936
25011 6.051489847670253
29001 7.302661705069117
31129 6.707020612903224
47027 7.4586035
48165 6.270603881720429
48499 7.789381225806449
51830 6.601567967741936
53005 6.6003272022667865
8079 3.398055741935484
1079 8.660222376344084
1087 9.150419951612905
13071 8.538777651612905
17147 8.459226693548386
19135 7.182093204301077
20173 7.7534587122788725
24017 6.756484697849463
26119 7.021173258064517
31035 6.845544951612904
36001 6.406017652903219
4013 7.566956067298185
42117 5.824283851612903
8005 6.1380465773535295
18005 8.806548453763437
21081 7.443592387096775
26041 7.054035659824049
26139 9.284608160681683
47009 8.11544473271889
47097 7.98379834050179
51169 7.346879854838712
1039 8.185698815668207
12035 5.257963990322581
13011 7.635169354838712
16069 6.600189906451611
18161 8.766089951612903
19041 7.591218201612902
40019 7.186851425219944
4011 4.650249483870967
47109 7.943849437788022
48085 8.449609505305611
48185 7.695990596774198
48319 5.925096225806451
48495 5.993258419354838
8051 3.7249756209677396
8113 3.698213854838709
1109 8.688591737903229
13013 8.210405695340503
16047 5.5676460322580645
18101 8.208337172043011
22061 8.621119270967737
26083 5.912346451612903
27109 8.219406940371455
29033 7.62546059139785
29079 7.310594661290325
29131 7.926479929032263
31069 5.198671612903225
47035 7.429302251152078
49057 5.332629225161282
53051 6.483256683870969
54109 6.627006913978494
12047 7.0495468494623665
13095 8.86724760692951
13235 8.692384419354843
13251 7.875139974193547
16067 5.633402083870968
19049 7.4110160795698965
20033 6.097591580645162
22019 10.345719516862134
27147 7.958702451612905
4009 5.470367025089598
42119 7.340714787096771
47037 8.88272656401523
47167 7.98701825062035
48441 6.542544342105267
54081 6.685015751423157
8023 3.6890207096774192
17033 8.629560145161296
27173 7.286803741935482
29013 7.895169733870966
37065 6.9377196912442365
37085 7.107381476702508
37149 6.766067433179723
46091 6.891708258064513
5081 8.336374322580644
5135 8.581216548387099
13017 8.209029729032258
13123 7.390420845161294
17193 8.456241729032254
20057 6.255805806451612
20127 6.805022467741935
23023 6.036602080645163
27081 6.923627935483868
36113 5.768448475382002
37049 6.179312599078343
41053 8.309316336021503
45001 7.489661892473114
46031 6.101221370967741
47173 7.853894024193549
48373 7.899105874193551
54101 6.165085591397848
6027 5.983133768817206
2068 7.335283925096375
19107 7.625137991935481
19189 7.704469602150538
21235 7.295980596774188
26135 7.216112980645164
27021 7.156050622580645
29081 7.192156397849463
37127 7.0087750035842245
46037 6.836682430107528
47045 8.041305798387102
47063 8.261533470430113
48291 8.417880601382494
51065 6.494639911290319
6041 7.530364721994139
8027 3.662773580645162
8115 5.695468032258066
2130 7.335283925096375
22069 8.413725526881723
26105 7.666074697580647
28145 8.340303564516127
29067 8.06608451612903
42055 7.470623542413379
54097 6.534583424731188
6087 8.437558417493793
17021 8.33910813870968
17141 9.397227129032268
18003 9.728305706989241
22037 8.562684129032258
29107 8.025018248847926
36073 6.734220238709677
38103 6.729955822580645
42025 6.447818642473112
45067 6.995684931451613
54107 8.097616286600498
12099 5.079503048052062
13191 6.980297274193549
20011 7.77532133548387
21139 8.217598870967743
26053 6.650216110599076
28055 8.743646612903223
30053 5.852645877419358
46033 4.955111967741936
46041 5.912772354838712
46095 5.420149677419355
48067 7.9226538940092155
48093 6.3003103790322585
48349 7.511057767741934
13295 9.111771945409435
18171 8.589022935483872
27125 7.913269612903226
35059 4.669954516129033
40141 6.480508019354836
46009 6.396462774193548
46025 6.6405163548387085
48211 5.9247473548387095
5075 9.220882962365595
8103 4.224309967741935
2150 7.335283925096375
13145 8.574906690322578
18179 9.294685824884793
19143 7.510364516129035
19173 7.211290139784949
20031 7.078977053763439
21079 7.373705225806449
27119 8.503654441935481
29121 7.414874741935488
39173 9.965896109446996
42089 6.314039640273703
45045 7.935653903225799
47025 7.39325378494624
51089 6.84436466820276
51099 6.340564896774193
54089 6.448794758064514
6091 6.577427032258064
13209 8.16928774193548
16025 4.24096706451613
17155 8.719244483870966
20009 6.605308782258062
20191 7.150796338709674
21163 7.85408621774194
21195 6.908461940577245
28149 8.938151661290322
29083 7.914284263440864
29195 7.75191005241935
37077 7.023254444168734
39001 7.931803532258064
48221 7.431390087096775
48293 7.339042508064519
50007 5.742793568663599
53025 6.026460036290325
1001 9.364341158602148
13233 8.717588562211983
13307 8.349549580645162
17011 8.941332548387104
18089 10.534603065343283
18129 8.741683755760368
30087 5.217979548387098
37089 6.831848622461167
37129 6.169289475073307
38043 6.529135258064514
39157 9.980906506912456
42045 8.329898241935485
48397 8.224696545454549
54039 7.692810405964705
9009 6.644564383683231
12127 5.160656704824438
17151 7.950400790322581
18165 8.793460599999996
20179 5.955126725806451
22105 8.833741503225802
24031 7.665439193998493
31163 6.467832935483872
40003 6.666825634408601
46081 5.061579574193546
48075 6.049756999999999
48187 8.048781766407114
48401 8.188965759305214
49023 4.144295387096775
55053 7.410242864516134
6057 6.619941746774192
12003 6.383618104838708
17101 8.409727625806452
17153 8.523876725806451
20079 7.311758112903223
22059 7.936203935483871
26137 7.062848758064514
36099 6.537419490322579
36103 6.197018167200934
37045 7.239232302052785
40089 7.651902919354838
41013 6.39931283064516
47033 8.07145389032258
47123 7.983367175115205
48031 6.609124693548386
48183 8.454640020645154
5025 8.944930435483869
51161 7.108941473118282
53013 5.904652161290325
53065 5.970470919354836
55079 9.997593813945914
55117 9.099947988833746
6045 5.4768086677419365
12005 7.494991390097524
17177 9.052395267990086
24011 6.6808371039426495
40085 7.251951655913978
42121 7.082763439516132
48375 6.6105532713472535
51003 6.526637400293252
51031 6.957656115591399
6003 5.687235870967743
1049 8.828730071428573
1123 8.989421487096772
16037 4.241878806451612
17133 9.427413677419352
19157 7.46071152258065
20203 5.848635612903226
22067 8.711021044354837
26071 6.877917032258064
31065 6.24754464516129
36025 5.39048737096774
39109 9.53506271274962
4021 6.712534092042991
41029 7.183413938630996
42129 8.175984209677432
48433 6.1147167096774195
56035 4.285337999999999
2122 7.335283925096375
13139 7.777815702508959
17189 8.662463741935484
18059 9.224129767741939
18079 8.392667758064515
21101 8.738753460410555
21145 8.49341268121442
29127 7.993892084677415
29151 7.617445975806452
40041 7.759329677419352
13085 7.354623698924732
18013 8.413742072580646
18093 8.118933677419358
20169 7.072152069892477
21031 7.822038787096778
27137 6.814760681818194
31165 4.8111814193548375
36031 5.034671679900743
37055 5.707973197132622
37179 7.662269778914233
48447 6.073772935483871
49039 4.101769561290323
5125 10.514836678955453
