17039 9.322446451612901
18135 10.152316532258066
20013 9.528362365591398
26023 9.227254301075272
26035 8.01202668621701
26155 8.73031233396585
31001 7.958997491039421
32029 3.992472903225806
37001 8.568136738351246
39159 10.266589354838704
46063 4.448887096774194
47011 9.392001528013582
47073 9.34655632754343
51009 7.437156989247309
13047 9.914336950146625
13249 11.451698387096773
17157 8.810248387096772
22093 7.8026055299539205
28133 8.27690875576037
31063 6.063922580645161
38057 6.439574193548388
39161 10.494233333333332
40033 7.176135483870966
47049 8.19924677419355
2275 7.808271157772375
16045 4.848262580645165
17001 9.757082437275988
18085 10.113170288624788
21133 8.118226728110594
21219 8.712820967741937
29207 9.000506048387098
36117 8.25112903225807
37121 7.8212016129032245
48173 6.296541935483871
55135 8.796012903225803
16039 3.9725104516129046
17175 9.877632258064516
24045 7.539707809847209
28091 6.952566129032257
29227 8.760845161290321
31135 6.09248064516129
34033 8.309965322580652
34041 8.232829733520331
36077 6.77675275142315
36109 8.128007012622724
41071 5.607394212523723
48061 7.462338222055514
48265 6.197871612903224
48399 6.070447580645162
12065 8.861309677419355
12119 6.070819694397281
13217 11.036964764267985
21207 8.477727096774197
22011 7.015697235023043
22113 6.859445698924728
28015 7.597806451612905
30055 4.923090322580644
36089 7.6997849078341
37103 7.74763548387097
39127 9.618523118279565
42035 9.222334408602157
9003 7.634632186059897
10001 7.520678931451621
13015 9.73648387096774
13067 10.205599838709661
13179 7.2568578341013845
17019 9.341895798949738
17107 9.38330120967742
18023 9.880530645161294
21137 8.53966182795699
21187 8.612540860215054
29167 8.442849193548387
31071 6.216374193548387
31145 6.166176344086022
38025 5.58645806451613
46117 5.676151612903225
47019 8.244602087286523
48255 6.461296774193549
48383 6.034232258064516
5017 8.25433467741935
6069 4.590540469208205
2070 7.808271157772375
13279 9.204503763440856
13281 7.922348387096778
21115 8.201960752688175
22039 7.170954032258063
28101 7.6903
37115 8.199302150537635
46035 8.175493548387095
46123 5.7247887096774175
8067 3.9673961290322555
27035 8.357012500000007
27115 7.627930645161292
31055 10.106116066997547
45055 9.342914623655918
54075 6.730965322580648
2110 7.808271157772375
13197 11.36258387096774
18045 9.436822580645162
20117 10.000697580645161
21175 7.923067096774199
26157 8.65983300248139
27047 9.391525806451611
28097 7.504909677419356
30081 3.6004688064516146
32023 4.454379354838711
37159 9.19589849462366
39009 9.391643440860221
42013 9.488391555977229
46127 9.198587096774196
47113 8.423014336917564
48219 6.851023502304148
51685 8.224054838709677
8019 4.1197967741935475
13285 10.614590092165894
22117 6.626315542521991
27167 8.431417741935485
30025 4.574419354838709
37183 9.057484267724686
40099 7.899322580645161
46055 5.001641935483872
48347 7.356048883374683
5115 8.442278299120236
54065 9.21933064516129
8047 4.271290322580645
17045 9.248657419354839
21045 8.53491290322581
26009 7.636395852534559
29129 8.689056451612903
48083 5.992452688172044
51520 8.78628629032258
53035 4.931388626045399
8013 5.890711480075891
16071 4.235545161290323
21105 8.457435483870968
29011 8.63919569892473
30107 3.6773064516129033
39029 10.907977688172043
40091 8.131586559139786
42057 9.788348387096772
47007 8.518624731182797
48045 6.027422580645159
50017 7.567262258064519
56027 4.444609677419355
6075 4.479178387096783
13113 10.412399838709685
13165 9.522735483870969
13259 11.389232258064517
18055 9.17378100358423
23031 8.366859435483855
29181 8.310409677419353
29205 9.38507741935484
36087 8.302803870967743
37059 9.035319815668203
45037 10.24637150537635
46003 7.382861290322581
48245 7.141352956989251
54035 8.853326344086026
56041 4.298852688172041
13169 12.1487005376344
19055 9.290452419354837
23027 7.494640322580648
24003 8.911340725806465
28125 7.844727419354836
29137 9.238534408602153
30067 3.613598655913981
36095 6.606587500000002
37033 8.318519354838706
37035 9.188801248699273
39093 9.789746177640277
48249 6.7979046082949335
51149 7.305755760368664
51640 8.042667741935482
8043 4.352336635944706
13141 10.891937096774194
13221 9.970416129032264
13275 12.428955718475063
17047 9.148294623655916
20115 8.486867741935487
21069 8.256338709677419
26101 7.681357347670251
27097 8.812025403225803
28003 8.164844239631337
29085 8.324548387096772
30003 4.20902129032258
31153 10.170624081020263
37061 8.482584457478008
40023 7.608299354838709
46069 6.852932258064516
49047 4.192653763440861
50019 7.4037693548386985
6089 4.365555181451609
13263 11.084668817204298
26097 6.527712258064516
28033 8.1909247311828
29053 8.966100000000004
29117 8.74866064516129
37143 7.0215354838709665
42051 9.448237634408606
47107 9.049879354838708
47165 9.273181259600621
48135 6.7579630184331805
51069 8.838484331797233
1075 8.222175268817203
13287 11.62009516129032
23021 6.796749193548386
31111 5.954167338709682
39037 10.49206962365591
39061 10.032082693984304
47029 8.283630824372757
48429 6.18128817204301
51061 7.714437381404178
56025 4.509151612903225
6065 8.635397970519122
12075 6.131160931899642
13143 9.15312470967741
21037 9.568638580645157
21061 8.664800806451618
21141 8.96381666666666
22109 6.31289677419355
29189 10.353867466364093
37131 7.508586451612898
39111 9.533459677419351
40073 7.9424959677419364
48127 6.2336064516129035
5073 8.051109677419356
53001 4.459928129032257
55049 9.307498387096775
13195 9.996225806451614
13227 9.057766666666664
16079 4.235978817204302
17059 8.867448387096776
19121 9.051047311827956
21129 8.009950537634408
21199 8.676224423963127
27041 8.72543727598566
31059 8.578630645161288
31157 5.6495170087976545
35035 6.360863104838721
38099 7.4490118279569915
48421 5.850925806451612
51005 7.166002688172044
5113 7.33158387096774
12001 6.139313709677424
13001 8.524647741935484
17097 10.33493695973011
17185 9.417248387096777
19181 9.135946236559146
24039 7.2860926267281085
25025 8.807621821631871
27157 9.211255913978494
29009 8.443459907834105
29510 10.382873463177113
39099 10.534034055299538
46103 4.369275245441799
48137 5.566851612903227
5027 7.861044516129031
53015 4.590183575268825
55075 8.022084946236559
18011 9.806588064516134
39107 10.576121863799278
48021 6.911377419354841
48087 6.1456451612903225
5031 8.708487096774194
12073 9.4229283206831
17149 9.516370967741937
18057 10.024820926385436
21013 8.394065591397856
21117 9.51017498033044
22057 6.592357082748939
30069 4.075577419354839
31113 5.5401096774193554
35019 4.623803225806453
38101 6.695193796526056
45029 7.967897132616486
47057 9.54070387096774
55089 9.837622759856622
6063 3.9811924101382496
8041 5.273343821339944
13099 10.425934193548384
17027 9.076821370967743
19065 9.111945161290324
19147 9.373319354838713
20141 7.0843354838709685
36071 7.569236423029806
36085 9.101873542468189
38029 6.745125806451613
39085 9.59304199110122
40087 8.06824623655914
40117 7.855671612903228
42097 10.68213077956989
50027 7.591957706093191
13213 9.111213709677417
18159 10.058286290322583
20003 8.721556451612905
26099 9.249491636798105
30097 3.7240612903225805
39047 9.788367281105993
40139 6.211425161290322
42015 8.205319815668194
47059 8.801289247311836
47069 7.8445940860215035
55093 9.070685887096772
15005 7.808271157772375
1011 10.016691397849465
13059 10.327885913978506
17093 10.357972580645159
23025 7.2687620493358605
30013 4.325900293255133
40047 8.190427150537632
45049 8.397436129032258
47093 9.813723502304143
48057 6.49210129032258
51107 9.134117568238207
54085 8.190921505376348
1023 7.5341588709677385
24035 8.380674780058644
26133 8.12600268817204
54055 7.663114717741935
13129 9.886433691756272
17103 10.0666817204301
17159 9.035130967741935
18063 9.673354377880182
19013 9.622269015280144
19093 9.041945161290323
27111 8.242772865275144
37027 8.500515370018974
38085 6.089593548387095
39135 10.370206451612907
48089 7.007300645161291
48193 6.436043010752691
2220 7.808271157772375
17023 9.192607258064516
19149 9.337942473118277
27043 9.564873118279568
27085 9.79144838709678
31095 9.17975376344086
39071 9.362713620071677
39145 9.12310758064517
42023 8.044319354838711
46135 8.528063225806449
48321 6.723462258064519
51007 7.170254838709679
53011 6.544071212779163
55133 10.367398162040516
6051 3.7686701075268823
6097 3.562642841316394
8061 5.342283870967742
18039 9.93898960573477
18067 10.109441612903227
19059 9.324885161290327
20065 6.406525806451613
20119 6.795795161290324
24005 9.781431745553192
27017 7.4659327188940035
27103 9.84811059907834
32019 3.774484903225806
38001 5.054638709677418
39003 10.297191495601185
39053 9.658227649769586
40107 7.975581451612904
46073 7.574690322580647
49041 3.9205070967741933
49049 4.939327142137108
51036 7.101795698924729
54017 8.282308064516132
55105 9.956154923599328
1089 10.8007897923111
13273 12.109216129032257
17061 9.55093419354839
20197 9.1905435483871
37071 9.340731364764276
46029 8.799535023041479
47127 9.306637096774196
48041 7.4385499231950805
48285 6.7957182795698925
48307 5.828517204301075
5019 8.120925806451611
53031 4.045893640552996
54067 7.345734101382485
18141 9.85882580645163
21085 8.449652534562215
21215 8.715995161290321
27105 9.236997311827954
29219 9.431300000000004
30089 3.862694623655913
33009 7.278431409168076
37137 6.761900806451611
38095 6.46846129032258
39089 9.930306250000003
42005 10.007076740237686
47147 9.097186405529946
48217 7.754273607038123
48491 7.657948350851762
5129 8.345384946236562
5141 8.467866451612903
13037 11.288570967741935
30085 5.7029150537634425
31009 5.585054838709677
31139 8.175567741935485
36123 7.995400645161293
37081 8.723609677419354
38089 5.340886693548387
40061 7.944904032258063
41061 3.939959717741939
42037 9.544103440860214
46121 5.268820967741935
46125 8.844869354838712
47021 8.597789605734768
47087 8.567764516129031
48097 8.311988306451614
48231 8.169999830220718
48431 5.85812258064516
54011 9.468476195773077
54103 8.975326451612903
2185 7.808271157772375
12041 6.564731612903226
12115 6.363720658888103
19009 9.027789247311826
20153 6.006109677419355
31175 6.651211290322582
36011 8.3580830220713
37193 8.315859447004613
38105 6.150196313364055
54033 8.512496627565985
6005 4.017953620071687
1115 10.784507444168739
17085 9.512077419354839
20111 8.760126612903223
21197 8.116364516129032
27033 9.278550806451612
27061 7.13796480938416
27117 9.18189225806452
27129 9.598136559139784
28019 7.757337634408605
28039 7.115762580645162
28103 7.912648387096773
37109 9.277345340501792
37155 8.690864620187304
39005 10.131818475073315
39023 10.00520945747799
48237 6.748735483870971
48367 7.7294054329371855
49043 4.3463972704714635
54031 7.489138709677421
56005 5.2692967741935455
1077 9.39179105571848
12101 6.172671569571491
13051 7.210854066333468
18029 9.754854516129036
18153 9.409647741935487
20199 5.883558064516128
24047 6.805393346774195
28095 8.351495698924731
28121 7.916963082437266
34017 9.787987932374682
37069 8.404837096774195
38015 6.71396264855688
40095 8.127377419354842
47015 8.741029032258066
47141 8.594962365591394
51083 7.927310035842288
5117 8.807615053763442
6007 4.043678077166356
13053 11.882526451612906
19017 9.338521774193547
20049 8.248290322580646
22027 7.758538064516127
22125 7.56765806451613
27015 9.662343145161293
27159 8.15712150537634
27171 9.970882922201131
28077 7.059498924731182
28099 7.881572350230417
29041 8.889240860215054
30005 4.708907258064516
37125 8.631612365591394
39119 9.806215619694397
45027 8.915225806451623
48477 7.203526881720429
55101 10.181273753665677
6025 6.45077741935484
1041 8.392336559139785
1047 8.447329892473123
17199 8.62649397849462
22079 7.170068523949165
28081 8.42571426146011
29125 8.925593548387095
32003 6.190026674173719
37141 7.909749462365587
42087 10.562861559139789
42101 9.39962362231184
48357 6.244875268817206
51135 7.282684677419359
55031 6.994562903225807
1051 10.446796774193547
12017 6.181247670250902
17069 8.533887096774196
20163 6.618929032258063
31097 9.750522580645162
35045 5.408444183773211
40149 6.924005645161293
48481 7.197946627565982
2100 7.808271157772375
1055 10.71043215053762
13117 9.787356129032252
13155 10.554862903225802
18111 9.901418548387094
19187 9.240438709677417
27135 7.504329032258065
30019 5.672803225806454
37029 6.914543548387094
37189 7.675778163771719
38027 6.859119354838708
47155 8.476477598566309
47157 8.278083593635962
48151 6.094916129032259
48179 6.046885253456222
48235 5.711235483870967
48333 6.126138709677421
48405 7.05214301075269
51093 7.369614919354841
51197 7.942907526881722
8055 4.058093548387097
13271 9.716864516129032
17173 9.0595123655914
17179 9.80672989247312
18113 9.890422258064522
26115 8.922999172870147
37079 8.439445967741936
37181 8.213440000000002
39027 9.656943010752682
40093 7.423427956989245
46129 6.658161290322579
48229 6.5168612903225815
6061 4.485508474383297
11001 8.878731735447815
12107 5.260880455407975
17161 9.91498459677422
18145 10.01742709677419
22071 7.271752925095685
26121 8.9500504608295
35011 4.952148387096774
35025 6.717855913978495
46115 8.122591397849462
55073 8.249401433691762
2230 7.808271157772375
20201 9.28655806451613
22099 7.2956187683284455
27075 5.625070967741936
27107 7.995139784946234
28005 6.802526881720431
31091 5.064519354838709
34025 7.122616850891035
35027 4.969728387096773
37171 8.442649266862176
40079 7.941774462365589
47171 8.125591129032259
5143 8.366727318548383
18019 9.420566625310165
20101 6.615354838709674
22121 8.230414838709676
27099 9.197037536656893
30037 3.859318387096774
31005 5.121854838709678
31169 8.59698709677419
32031 4.12309947292626
45089 8.655718181818187
48413 5.697067741935484
5127 7.614373118279569
53053 5.132965165041256
6019 6.440212632517426
6093 3.721263963133639
13153 11.696818653576434
18087 9.849837096774198
19129 9.794650322580644
21089 9.204549462365591
51049 6.9681354838709675
8073 5.029666129032258
20161 9.575232949308754
21007 8.656645161290323
21123 8.604240322580644
28087 8.343168894009217
34035 7.96979639468691
35028 4.236501612903225
51125 6.972183870967739
51595 7.464472580645161
54069 9.746800716845868
12113 7.108682451612894
13315 10.788901612903228
21005 8.595175483870966
21041 8.872350537634409
28009 7.7962483870967745
34011 7.172895540796959
35055 4.035033333333334
39063 10.360523076923075
46007 4.962970967741936
48311 6.1817419354838705
5011 7.78762322580645
51199 7.136003456221193
55003 6.388482949308755
13183 7.503099999999995
13247 10.856526666666678
17041 9.165027741935482
17057 9.651745698924728
26051 8.047229390680998
31053 9.472081720430108
33003 7.4151002932551275
36041 6.114916935483872
37003 8.857815668202768
39017 10.36799516129033
47161 7.844341290322581
48091 7.393585215053766
49051 4.341685483870968
51105 8.51515967741935
55063 8.738102709677417
55123 8.665794470046082
56045 4.746638709677417
16011 4.630890322580649
17075 9.613121505376348
20125 8.901056823821344
26107 8.437929325513197
31099 7.461280645161287
36083 7.687135944700455
39077 9.8516570719603
39171 9.980306451612911
40137 7.44141026392962
47083 7.876910752688176
48113 8.802839423135564
48261 6.598793548387097
5065 8.455566129032254
5095 8.485803225806446
51091 6.684138709677419
6011 3.271809419354839
8095 5.868716129032257
18025 8.574523655913977
20035 8.210198533724336
21107 8.576466935483879
29055 9.023891935483872
33001 7.909833763440862
39011 10.487084750733139
40143 8.86319164976956
48065 6.10946612903226
48189 6.68354551971326
51175 7.281820000000003
1107 8.134405806451616
12043 5.286565322580648
13009 11.616260573476701
17089 10.399777498033064
19025 9.147101612903228
21051 8.177251612903225
30021 5.034043010752689
30077 3.3712967741935485
31131 9.916311612903225
38067 7.35238645161291
41023 3.6623451612903213
48315 7.724162096774195
5107 8.30110645161291
51159 7.103464516129034
55037 7.070685483870966
8014 7.01668476702509
13161 9.298036559139787
13193 11.673355645161287
19029 9.051418709677419
21027 8.472353763440864
27143 9.723478225806451
28151 8.337764855687604
29005 9.393574193548387
31003 7.47559462365591
34037 7.314624154209287
42049 8.663367969104963
45005 8.758558064516132
47131 8.397162258064515
51153 7.887803536727546
54013 7.923354838709678
6037 9.380287666762964
6079 4.926482720632986
13075 10.493021774193549
13289 11.501124193548389
17063 9.94335580645161
20187 6.156567741935484
27139 9.897918125960064
27151 9.250450000000004
28023 7.499896774193547
29031 8.983632459677416
29211 8.955591397849458
30051 4.945322580645161
32007 4.192784677419355
42065 8.881394540942928
44005 6.824611436950145
47175 8.36761935483871
12055 5.597902867383513
13005 8.532195698924735
13207 11.547268387096777
13261 11.878701612903228
17013 9.790151612903225
19083 9.236588709677418
22043 7.151964516129033
23007 6.825336917562724
27153 8.622520161290327
28051 7.679169677419357
29171 9.002540322580646
29225 8.646283064516126
31087 5.8634290322580656
37093 8.963843727598572
37167 8.978481637717133
42105 7.765150967741936
48161 7.516442857142857
51145 7.193399354838711
51620 7.2783258064516145
8057 3.9856516129032253
16031 4.166199999999998
17111 10.197797332506177
17131 9.98397177419355
17197 10.541651294567075
18157 9.724324760244118
22107 7.275250537634406
26123 8.826322287390031
27013 9.881072580645164
27087 7.536769354838709
28083 7.98864153225806
37075 7.617404301075268
38017 8.399904985337265
4012 4.880132258064516
49029 4.520250000000002
54009 10.056457526881715
8063 5.423709677419354
18043 9.302142258064507
19115 10.19348064516129
20039 6.290320967741934
21093 8.732774046920815
22045 7.042520645161288
25019 5.573124516129031
29007 9.23893410138249
31127 9.703198387096771
31133 9.693609677419357
34027 7.768180870967739
35057 5.205009677419355
38005 6.609537903225805
38039 7.223506451612904
47085 7.957141935483866
48313 7.646804838709674
50013 8.684308064516129
55119 7.926301612903222
8029 4.115394930875578
1065 8.079104838709679
1069 9.512163929618769
12085 4.849651889400909
13303 10.65384580645161
16033 3.9499161290322586
16085 3.5160176344086036
17123 9.711540645161291
21065 8.133861290322582
29175 9.065469354838704
37039 7.958842396313374
39167 9.436837500000012
42107 10.43839733870969
46089 7.241258064516129
47061 8.496189516129032
47183 8.315405865102635
48163 6.233525806451614
49021 3.9998068548387087
49033 4.242261290322581
5119 9.65764709677422
53069 3.8790848387096775
55007 6.273354193548389
2020 7.808271157772375
18117 8.806045698924734
19103 9.871724193548381
20069 6.952617741935485
20091 9.181704789081918
28089 8.252018586789552
37025 9.329684568439403
37133 7.80731186264309
41043 5.555429938556067
42113 8.316424193548388
5099 7.950678494623655
55099 6.8999247311827965
55121 8.919675806451604
6017 3.8204085596399087
6105 3.161285032258064
2060 7.808271157772375
13029 7.288236866359447
18041 10.001695391705073
20075 6.110861290322582
28155 7.728834408602149
33007 6.485388269794722
38059 6.528325806451611
41045 4.681170766129031
48005 7.226165844402283
48095 5.794770967741935
48111 5.322759677419356
48263 5.869487096774194
5097 7.740543010752692
53063 5.522797883256536
13077 10.236945645161287
17137 9.347743870967747
18073 10.170350403225806
19095 9.654696774193553
21063 7.889670967741936
32009 4.027370967741935
36107 8.104978709677416
37041 7.08797741935484
39101 10.347285663082438
46021 6.816216129032258
47099 8.791512903225794
26049 8.745285446934268
28043 7.753381935483872
31161 4.797961290322579
32015 3.6452951612903224
36013 8.292393917050692
39045 9.917143663594468
39133 10.662181658986169
46077 8.806717741935483
51600 8.699414838709677
55055 10.090827903225803
56043 4.363929032258065
16023 3.621518387096774
21143 8.227783870967741
29141 8.90107612903226
29165 9.410926774193559
30043 3.5200290322580643
37007 8.766216666666665
37135 8.858506566820276
37157 8.278434869431639
39073 9.633269585253451
46049 7.339929032258063
48471 8.048999354838712
5057 8.086191612903226
51081 7.404962365591398
51183 7.174366451612908
6013 4.755757924937984
6015 3.6181545161290303
6055 3.7703870161290305
1067 9.887256989247309
1119 7.766483064516131
19159 8.753162903225808
21217 8.536324516129033
22115 6.8861266129032295
45075 8.99665629032258
48121 9.036659948198716
48351 6.814123387096775
48463 6.150388387096773
5015 8.29744709677419
8111 3.6278935483870978
1127 9.501505555555566
1129 7.451058709677414
12015 6.027686672325982
13283 9.820524193548385
16049 3.7303418064516123
16053 4.762419999999999
18007 9.641954838709678
19045 9.930331182795692
21075 8.543101612903225
23015 7.529716487455194
29071 9.410575711574946
35049 4.978891612903229
39013 9.734100000000012
39087 9.59935423387097
40105 8.706370161290318
41007 3.451424059139782
47119 8.648093927893738
53045 3.908082465437789
53073 5.420004573055022
54027 8.07605806451613
56011 4.589093548387098
8117 3.970907741935483
13073 10.626822419354847
13087 10.788960829493078
13225 11.734622043010756
20043 9.429712903225807
21097 8.633820645161288
22063 7.609462808349153
26003 6.649755913978495
28021 7.0013365591397845
29145 8.713922043010756
30031 3.937456774193544
40035 8.858885161290322
47179 8.792535483870974
48055 6.945300806451612
48063 7.7092236559139815
48199 7.108736656891491
51167 8.527673271889402
54095 8.777279569892476
55043 9.129999999999999
6101 3.9350921658986153
12019 5.537326129032259
13219 10.525976344086022
17169 9.37942688172043
20131 9.764347311827956
21057 8.394254838709678
28053 7.959040860215054
29217 8.561397849462367
47089 9.356393548387102
48331 7.216252073732717
48449 7.800162903225807
5137 8.232095698924734
51770 7.918630855539972
10003 9.085091141439197
19043 8.907847311827961
21149 8.996829032258063
22065 7.667070322580644
26109 7.8883294930875625
31101 5.957043010752688
36059 8.14051044051336
37005 7.884761290322581
37199 7.882016774193544
42027 9.91347013527575
42115 7.604598533724344
45059 9.38924155597723
48435 5.690848387096774
49001 3.9159516129032266
5005 8.492004301075267
5085 9.38830846774192
1003 7.3610394380853235
12009 5.08792280902085
13245 10.811128002745367
18047 9.911636774193552
20087 9.483251612903224
20109 6.2566483870967735
22033 8.308429523141658
22075 6.010336917562726
24013 10.370051697792883
24021 10.375962400846117
26063 8.324656720430113
28131 7.099886021505375
29159 8.68054574780058
30023 3.3984795698924737
30045 3.659787096774193
31045 4.63125322580645
36065 7.662177680906721
37175 7.933385253456221
38083 6.16961935483871
40009 6.500573387096775
41049 4.060044193548388
48443 6.299574193548387
5043 7.8436219354838705
51683 8.126377880184332
54015 7.83709247311828
6023 3.494751645161288
1121 10.083800879765397
17203 9.650624731182797
19165 9.023600806451613
32005 3.4565323529411747
35009 6.301240860215053
38075 6.652990322580645
40039 7.042813548387099
4025 5.027277419354842
41033 4.622449798387096
45017 9.201882795698927
47001 9.558763440860217
48279 6.691256129032259
12089 5.948829032258068
13151 10.765957677419346
20023 5.7859322580645145
26093 8.644833685880478
29139 9.23468306451613
36043 7.233720033955853
39025 9.45858330645162
45039 9.232047096774192
46039 8.942398387096773
48281 6.571010322580645
51103 7.020589247311828
54021 7.854224193548384
54045 8.195933691756268
55001 8.955180184331796
8037 3.960192626728115
1125 9.531969183253265
12129 7.73600241935484
13167 10.350279569892473
13177 12.529837419354841
13185 8.888979354838714
13309 9.587545161290322
16029 4.36547258064516
19153 9.247893778801824
20145 7.143795161290322
21091 8.873866666666666
22001 7.082488978494622
37031 6.674093286835225
38011 4.680527419354839
46027 8.993878494623655
47153 8.541344086021505
48181 8.380067493796519
51119 6.9733556451612895
51650 7.318711954459199
53047 3.535268774193543
53059 3.7814015483870977
16003 3.6983317741935484
16073 4.187118709677419
17077 8.669461751152078
29123 8.192046236559138
40103 7.923258064516126
42063 9.458400420757359
46067 8.244916129032251
47067 8.949930645161286
48025 6.706009216589861
48393 5.894203225806452
48455 7.462412258064514
53049 3.4520825806451625
54025 7.088026267281102
26037 8.958189002932556
26125 9.195253645733922
38053 5.699395967741933
39049 10.373057439800139
39067 9.98928903225806
42071 12.922187360105331
45003 10.66203450635386
46043 7.394361290322582
53019 3.6031627956989234
55019 8.265163306451612
1029 9.369393548387093
1105 8.177883870967745
19193 9.334891315136476
20137 6.551174193548388
21109 8.269063440860213
21125 8.620428535980157
21127 8.343576774193547
26017 8.592426054590572
32027 3.795016129032259
36111 7.015417364447502
37017 8.175769892473115
39105 9.438743010752686
42131 8.082451612903231
45041 9.052720625610942
48385 5.6981709677419365
51550 7.510939653815901
54043 8.681838709677423
12081 6.41432435897435
34023 8.176946562211981
36035 7.157283010752686
36115 7.845457685009488
38097 7.884005645161292
39131 9.42526666666667
40133 8.066470609319
42109 11.044796370967742
46097 8.825145161290322
48329 6.8335160095579415
55029 7.632086379928311
56023 4.451245967741936
6049 3.8179379032258063
8039 5.209124423963133
9011 7.068652456575683
2013 7.808271157772375
1111 9.626308602150536
12131 7.113445747800584
20021 8.965096236559132
20047 6.988738709677418
26005 9.031986290322585
28065 7.186459139784947
29037 9.041519838709666
29095 9.359873058842608
45021 9.300183870967732
47017 8.174183064516127
48167 7.685523264907127
5037 8.42003924731183
51133 7.076436290322581
1081 11.59901051373956
12045 6.516559139784948
13201 10.75289139784946
20135 6.725566129032258
28093 7.7934870967741965
31147 9.523230107526883
39075 10.450749193548384
47177 8.59996379928315
48325 6.8451088709677395
8031 7.521349529569927
8099 5.384910967741934
1061 8.317115591397846
27095 8.398078801843315
29025 8.74625322580645
29157 8.575039354838706
31149 5.764648387096773
38049 6.327327419354838
41025 3.9240758064516124
46087 8.82920806451613
48077 6.8603129032258074
48213 7.79391366223908
5053 8.367629838709679
55067 7.621804301075267
1057 8.622987741935486
12109 5.222464112903219
16001 5.274822307271736
17029 9.05012150537634
19191 8.721118709677418
20095 8.07298817204301
26113 7.963616129032255
28035 7.6707990512333994
29063 8.867301612903224
30075 4.301745161290322
31151 9.177368548387097
33011 8.174015678919703
34039 8.843107885304665
36067 8.2700623732719
51173 8.018487455197134
6113 4.485458072383951
8001 7.728866644496158
8085 4.018711612903224
15001 7.808271157772375
18115 9.344617741935483
20189 6.523954838709676
20209 9.443271152073725
25017 8.646240545749672
27027 8.445776674937964
28063 6.92238064516129
29047 9.33222624633431
40015 7.406185483870972
41041 3.7158782542694517
47003 9.211204659498218
5079 8.101925806451613
55045 9.684572983870968
55107 7.527787741935486
13081 11.696738709677422
17099 9.783242857142858
19035 9.149724999999998
21001 8.460435483870963
22119 8.024873020527858
28157 7.104127419354837
29003 9.136463709677416
30039 3.346812903225806
48283 6.084816129032258
48377 5.284620967741937
51097 7.021506451612901
51101 7.1636516129032275
51131 6.802395698924729
51181 7.046866129032257
6085 4.953565810787386
12071 6.086751224251827
13089 10.815435394883202
13103 7.942360967741931
13199 10.740420161290322
16075 5.326534677419353
19177 9.684180645161291
22077 7.684813978494629
26001 7.445335483870968
27163 9.52412987096774
27165 9.600997849462363
29135 9.056448387096776
30101 4.780319354838708
51193 7.127043548387094
1093 8.361950403225812
16057 4.528646497695853
17015 9.819374193548386
18069 9.98305125448029
19003 8.95726935483871
19119 9.330175268817205
19183 10.003009677419357
20107 8.539043548387095
21131 7.95088494623656
26055 7.684067741935487
30017 4.546218279569891
5071 8.352950000000002
8059 6.2625727910238576
12021 5.763453424657526
13277 11.271267025089607
18147 9.460381290322585
20143 8.681917741935482
20183 7.177009677419355
28017 8.112008064516132
28123 7.6309451612903265
48487 6.367350806451613
51570 7.476689677419357
8045 4.055288563049857
13033 9.799321505376339
13093 11.723267741935487
17191 8.920709677419351
19057 9.926995894428158
19125 9.440865322580652
26127 8.446305529953918
28049 7.974148387096771
28143 8.190074193548387
29097 8.894594281524924
31143 8.621114516129033
47101 8.044375806451612
51011 7.24446774193548
51037 7.491192473118279
51670 7.407592165898617
54091 8.220840322580646
19073 9.107765322580645
27089 7.566437903225805
31159 9.200728225806452
36081 9.240693263898885
39147 10.40277718894008
40067 7.3481838709677385
45025 8.855904838709675
47013 8.703428739002934
48069 6.497995698924731
53043 4.383750322580647
17121 8.892740591397851
20139 9.05110258064516
22017 8.74174889112904
25009 8.424664416567104
28139 7.984771774193549
34007 8.473322783845575
42069 7.957674248223056
47121 9.298376344086021
48427 7.073347526881722
5061 7.843443010752688
53055 4.842881451612904
16013 3.49032620967742
17073 9.895304714640202
21231 8.339916129032261
28057 8.195530322580646
32011 3.685320645161291
35029 7.060427419354842
39125 10.362536774193545
55131 9.987083179723507
1053 7.343669534050179
13229 7.570449999999998
16059 3.6029856989247313
19069 9.149561290322579
26059 9.131250537634415
31007 5.112577419354838
40021 8.511085304659495
40059 6.5645258064516145
47005 7.940422580645164
48175 6.488841935483871
48203 7.898241935483872
48251 8.036554493087541
56019 3.963125806451613
15003 7.808271157772375
17171 9.430391935483872
18037 9.267544700460824
20017 8.234677419354838
20077 8.284778494623657
21021 8.52371382488479
29061 8.725398387096776
31085 5.745512903225807
36057 7.440772379032263
40001 8.521558064516128
48359 5.404603225806451
48403 6.933065591397848
51073 6.99911330645161
51820 7.442475483870969
6029 6.881228795129245
6071 10.154985601888294
18103 10.185100645161285
18163 9.787890388413423
20133 8.76004967741936
21103 8.720677419354839
21191 8.566233333333335
21203 8.456235483870966
28137 8.00851483870968
29155 8.737982795698926
29173 9.546455913978495
35039 4.285381362007169
39103 10.697779424585892
41011 4.106019429280396
47133 8.298542396313362
48047 6.646340322580646
48371 5.938537903225806
48457 6.938216129032256
51079 7.301296774193549
51127 7.130324731182794
1017 10.802874910394259
13159 11.518975268817206
18175 8.997644086021506
20051 6.763068817204301
20171 6.71825806451613
26065 8.891470211071288
26143 7.681192580645164
30047 3.770152822580643
31119 8.424491756272403
34001 6.265559373539043
45061 9.237736405529953
48335 6.097025806451611
48475 6.3212569892473125
19113 9.671036272401434
27057 7.667557603686639
28147 6.754431182795702
29187 8.592149853372435
36045 7.52743703225806
36091 8.023971741935483
37057 8.967261669829227
37083 7.694066935483869
38041 5.2091677419354845
42077 10.575348132427845
45047 9.378711520737324
47041 8.66232096774193
48119 7.95646935483871
48365 7.600647311827957
48387 7.572735483870967
49019 3.9257241935483864
51043 8.850625806451616
54049 8.690633154121876
55083 8.22118709677418
8017 5.327893548387098
17105 9.505157741935488
19123 9.743953456221197
19195 9.137559139784948
20041 8.824154301075275
39117 9.880031720430107
39143 10.040864731182793
42111 8.745847926267297
45057 9.11535391705069
45085 9.419417391304336
46013 8.10629193548388
1005 10.24547598566308
13003 8.843574193548386
13239 10.898409677419355
19169 9.216590967741938
22003 6.734583225806449
27067 9.563304301075267
27077 6.75020322580645
28061 7.683330645161292
37165 8.904963594470049
49027 3.955329032258065
51775 7.809601290322579
2188 7.808271157772375
15009 7.808271157772375
17127 8.513519354838708
19019 9.451873118279567
21043 8.133856221198155
22031 7.734685714285714
31117 5.25735483870968
34005 7.935500990379167
36005 9.68705461984965
40145 8.74989545454545
40147 8.669057816377169
4015 4.581994973743438
41017 4.731474489247315
55011 9.021230322580642
55013 7.703119892473119
8011 4.787054838709677
19001 9.10123010752688
20071 6.14463870967742
22111 7.667304301075276
28159 7.859387096774195
37185 7.74138387096774
40007 6.484402150537634
48295 6.186398387096775
48391 6.461682258064517
48411 6.049420967741936
8119 4.384017204301076
9013 7.564870856507226
2050 7.808271157772375
12077 7.359717741935482
13043 9.3058623655914
19131 8.94326129032258
19145 9.33607741935484
20103 9.304018145161294
20181 5.88834193548387
28127 7.377719354838709
29091 8.583348387096779
39115 9.754305645161297
45079 10.056562667633193
48299 6.324462903225805
51530 7.228509677419355
51660 7.885387390029319
13007 11.56039193548387
13039 6.043261290322579
13055 9.943533763440858
13269 11.322349462365587
16077 4.104635483870966
19111 9.974468914956013
21067 8.983522619984258
21111 9.260948133761199
30071 4.791590322580644
37163 8.513078592375358
46057 8.886441935483866
48363 6.947364516129034
50005 7.14909580645162
51033 7.289016129032256
6001 4.976119834229397
8083 4.0689728110599095
10005 7.128644309190496
1031 8.727549539170512
1091 7.902977956989246
17031 11.179171452347047
19197 9.163126451612907
29143 9.047522580645165
31047 6.653905990783407
35051 5.417631451612906
36007 7.875970322580647
42033 8.827077580645172
46105 4.90576129032258
47117 9.057236559139788
48323 6.366626523297493
13025 6.647972043010755
13133 10.722763594470043
13147 9.751316129032258
20123 7.961891935483867
24023 7.9800824884792645
26067 9.098836724565757
27007 7.602372580645168
27161 9.699309032258064
36055 8.603378763440851
55115 8.41423167155425
12051 5.766582949308756
19005 8.582843870967741
20025 6.6262709677419345
20037 8.88358152492669
27031 5.40362258064516
31109 10.044402266782923
36069 8.320625548387088
36097 8.02078129032258
37177 6.389164516129033
39015 9.070659139784949
40065 6.65502459677419
40121 7.9947593052109145
42075 12.940781893860564
5039 8.002190322580644
51760 7.699134995112419
54037 9.916011612903231
55087 9.443998064516142
8077 4.436003448275859
12087 4.78148161290322
17043 10.843046774193558
18139 9.96660451612903
19097 9.536734408602147
21233 8.779175806451612
23003 6.93786102150537
26089 7.282675806451614
27121 8.947029838709676
29229 8.494712096774194
31021 9.065612903225803
38051 6.919693548387098
38093 7.06545376344086
48149 6.885907373271886
5007 8.643250164581959
51067 7.800525806451616
54083 7.222449769585253
55139 9.631543823760818
8093 3.96457483870968
2240 7.808271157772375
13241 7.965674193548387
18167 9.455440668202764
21209 8.887717050691254
29115 8.887503225806451
35031 4.919236812144211
36023 7.840006182795708
37047 8.112902977667495
47091 7.844643870967743
51710 7.4945523695738805
51735 7.140215053763442
54063 7.319515053763439
13211 11.156632903225805
16019 4.863069585253462
18081 9.896849706744874
22073 7.723562903225821
24025 9.61588579513299
29203 8.601832258064517
34031 8.689692548387104
39065 10.049841013824887
51630 7.336728494623652
55081 8.730287813620071
56013 4.658365806451611
13267 8.589309032258065
17051 8.901780184331793
27131 9.733687344913148
28037 6.862337096774196
30011 4.351787096774194
30033 4.458129032258064
30063 3.980902741935483
34019 8.050096153846148
35006 4.4052129032258085
37147 8.040258669354836
46059 7.380798387096775
48049 6.270914784946237
48469 6.853535904628332
18021 9.34495913978495
20185 7.51708548387097
23019 7.397956661991578
26161 8.922758161290337
28069 7.7272870967741945
28153 7.360624193548387
30111 4.729575000000001
40025 5.091870967741934
4005 4.505037788018434
46071 4.847440322580646
48107 6.434172043010757
48275 6.069837096774194
49015 3.971310752688173
51510 8.454822241086584
53017 3.839052822580645
53071 4.669196236559141
55057 8.880807834101379
8087 5.943248387096774
12039 9.278678136200716
20149 9.881275000000002
22007 6.929361290322582
27059 8.767492338709674
45015 8.2383924014337
48177 6.726533870967741
48425 6.969982258064517
5013 7.858629032258062
1063 7.9398043010752675
17109 9.612535806451612
18125 9.405401612903228
20027 9.245974193548383
21033 8.310154838709678
21049 8.602882580645156
22015 8.748334604105578
22089 7.227971712158811
25021 8.515561066997522
26087 8.699528225806464
29169 8.713791039426521
37023 8.6335770609319
47125 8.356949710504551
50025 7.177045519713257
51840 9.028804516129034
12083 6.061992012288789
18009 9.89950887096774
18049 10.147027419354844
18053 9.94352318548387
19179 9.57873636363636
29087 9.278029032258067
31125 7.9735483870967725
38031 6.934290322580644
47129 8.633166451612906
47151 8.20448258064516
55141 8.567714990512346
6047 5.455526333113892
16043 4.348123655913977
17067 9.83965391705069
20055 7.086853494623656
30015 4.568093548387098
36053 7.651013104838703
37119 9.68278225114216
42079 8.498368300248153
47081 8.03096021505376
48327 5.669280645161289
48489 7.202181290322581
55047 9.509734946236552
55069 7.5892129032258095
55113 6.931674193548385
1025 7.6015394265232965
13301 10.343974193548386
13313 9.699504838709679
18017 10.198729032258065
27169 9.151940967741941
28135 8.09749516129032
30065 4.1036435483870966
31081 8.275498924731185
35053 4.686267204301077
37161 8.886723821339945
42039 9.331580645161283
42085 10.303797741935474
48053 6.579655645161292
48419 7.334499999999994
8053 3.5872935483870965
16065 4.803680107526878
16081 4.081290322580645
17035 9.023113978494624
17167 9.344105964698738
20085 9.718182795698922
20105 7.683658064516128
21237 7.932140322580646
26081 9.475587399193545
27093 9.726118817204297
28025 8.338047096774197
40077 7.535650537634409
48103 6.3775161290322595
48485 6.9630013077593675
49053 4.503927035330265
55009 9.046568399044212
29027 9.069454838709678
31075 4.914616129032257
37019 7.718251808406653
42017 8.770133701782095
2105 7.808271157772375
1085 8.383750000000006
18065 9.887239205955334
22029 7.208617419354838
28027 8.402221198156683
29023 8.51345096774194
34003 9.146220400072096
45013 7.177449838709683
47051 9.030260573476706
5035 8.470495322580648
51800 7.459172926267276
55021 9.731708064516127
55091 8.942530645161291
20061 9.136095967741932
28079 7.57614064516129
29177 8.758336290322578
31179 8.601645161290325
35001 6.287815264600461
37111 8.329350967741936
42099 11.557460322580637
45053 7.913101612903227
46019 4.440138709677418
47077 8.139864516129034
47115 9.039506451612905
55035 8.554541129032259
6111 6.886505649822855
13137 8.699174999999995
13149 9.807408602150536
17025 8.883243548387101
17145 8.754060752688172
26019 7.420043870967739
29035 8.303853225806451
31141 8.837470046082945
39057 9.950004700460822
41067 6.882979193548382
48273 6.85288
48277 7.810601612903221
5021 8.565610215053761
51790 7.476011827956989
8021 3.7253645161290323
8069 5.445976623950503
39039 10.391447311827957
39079 9.763741474654378
39153 11.029342485065722
40075 6.8121333333333345
48079 6.222796774193548
48109 5.447329032258065
48407 7.949745161290324
54051 9.524756630824369
55027 9.90172177419353
13091 10.508877419354842
17163 9.846085161290345
18155 9.155012903225808
19151 9.269724731182794
29051 9.123273548387099
42003 11.00714055528807
45071 9.270286290322584
48445 6.832868817204304
51027 8.497335023041476
54041 7.9149812903225785
8015 3.9248987096774197
1099 7.521779262672814
13265 10.261183870967741
26061 6.429291935483869
29069 8.795970000000002
29153 8.55001935483871
30061 3.749195322580647
35037 4.960345161290322
37053 6.724030414746543
38019 6.826458064516129
39041 10.203449400921661
39165 10.089706158357766
40037 8.281277726574498
45083 9.633115568022442
46099 9.11508686635946
47181 8.303060483870969
48099 7.044721561969437
48133 6.327387096774193
48201 10.089592144791972
49011 5.22426164874552
51025 7.362027096774191
56037 4.763357795698924
6035 4.032390143369176
8025 4.851967741935483
13253 9.911950537634409
18077 9.068237327188944
21055 8.423012903225807
22101 6.281797983870976
40017 8.273062736373749
47065 9.616095476003151
48303 7.1669643263757195
48309 7.9758394054396025
51095 6.995792961876834
54099 9.080551319648087
1071 9.57912873900293
13189 10.295735483870969
13257 9.048629032258061
18131 10.163326612903225
23005 8.56583059628546
25005 7.469263096774195
26029 7.3983223325062015
27079 9.708384946236556
33017 8.490246967741953
36047 9.41738932088287
37091 7.308874193548389
37153 8.724023460410555
4003 5.213024395161289
40135 8.433798207885305
42009 9.033782404692078
45009 8.658043548387102
45023 9.090372140762458
48269 5.808880645161291
54001 7.754463709677419
54059 8.379841013824882
12059 7.786126612903228
13115 9.865640822580648
27155 8.693187096774194
28075 7.831868760611205
28085 7.011769354838706
30093 3.535576612903226
35021 4.366919354838709
38003 7.387057258064522
38079 6.363479032258063
40005 7.731154838709676
42093 10.321693548387097
53041 4.019310403225806
8089 4.7262244239631315
13019 9.925040322580642
13023 11.085939784946238
17183 9.356324865591391
20007 7.444643548387097
20029 8.662020161290329
26073 8.556499569892473
27101 9.120709677419356
31107 7.760316129032253
36009 8.079639784946234
37043 7.858300000000002
39031 10.118622580645162
40081 8.016586635944698
41037 3.9443279032258074
45033 8.697816129032258
48305 6.582179569892473
48343 7.6609763440860235
48501 6.732404838709677
51017 6.807690322580647
1073 10.878257094795144
17007 9.997586635944701
18091 9.997099423963148
29105 8.694060752688173
37013 7.230024633431082
38035 7.881495698924736
48409 7.083157862903221
48467 7.8384509677419345
48473 8.25158655913978
5023 8.55922995391705
5131 8.518783126550867
13215 12.174203590992098
17119 9.932464727657326
19175 8.987805645161291
21011 8.174346236559137
21185 9.025387557603691
26039 7.756691612903227
27127 9.318269892473124
28113 6.843963709677418
29075 8.827874193548388
30027 4.047882258064516
31043 9.286758064516125
32001 3.8621606912442408
36037 8.989875483870971
41069 3.5691
45031 9.176708064516124
47149 9.184206385780108
55078 8.004987096774194
6083 5.103652943095325
9007 7.526686200716837
19161 9.115805645161291
21165 7.967012903225809
26095 6.472834408602148
27055 8.640739354838717
29101 8.655198924731186
29103 9.43865806451613
39019 10.483103225806447
40063 8.00132645161291
41057 3.425101491935488
48241 6.785483064516126
50023 7.426319694397283
5091 8.206698924731183
53023 4.1248274193548395
56003 4.276519354838709
1019 9.874549462365593
13125 10.313954838709677
13291 8.11170161290322
18099 10.1075505376344
18123 8.867296774193546
19011 9.609553456221198
20121 8.80612580645162
20193 6.330114516129035
22049 7.320828387096776
26025 9.01736021505376
40083 8.165071370967738
47137 8.166241935483871
48159 7.729173118279567
48259 6.791435483870967
51680 7.707412903225801
8009 4.935262903225805
17017 9.348337419354841
22095 7.577529325513196
26045 8.945962672811058
28029 7.166983870967742
28059 7.020390207373281
29111 9.719077419354837
30073 4.288167741935484
36033 6.953925345622123
38007 4.973577419354838
48483 6.20468387096774
19127 9.392330645161282
21087 8.55713306451613
22005 8.158198847926272
23001 8.263639055299551
26077 9.171365195246185
29059 8.596626881720429
29213 8.734550322580649
31185 8.664457258064521
37113 7.704965949820793
37197 8.816138248847924
40115 8.92415519713262
41047 6.1472673748609665
42021 9.210416205837172
46015 6.720570967741935
46017 6.938112903225807
46045 7.395627419354838
48143 6.504963709677419
48453 7.695219724770619
49005 4.7486361042183685
49045 4.2970498533724335
5083 8.14059247311828
5123 8.395505913978502
5149 8.166969354838708
55129 7.401785806451608
12029 6.268140860215055
13135 10.546920325435293
20099 8.834917338709682
26007 7.396792473118278
27069 7.2842903225806435
29186 8.75975483870968
29197 9.296620967741937
31121 8.12865806451613
37011 7.651760645161288
37151 8.663494930875586
38077 8.389141935483869
40013 7.97096158357772
45063 9.87556216216218
48081 5.955479032258065
8065 3.8252193548387092
8107 4.137478225806452
1045 9.240500691244234
13035 11.258434408602145
16083 4.533953225806456
19051 9.420785483870972
19089 8.803579569892474
21025 7.987964055299541
21151 8.472464685908312
21189 8.050564516129034
21225 8.92846209677419
22103 6.536466916729182
27019 9.92441171477081
29113 9.697993548387098
29221 8.924060000000003
31015 6.48048064516129
36015 8.221341348973603
37123 8.533120967741933
42029 10.205731090100103
44001 7.613869501466278
48191 5.984954838709678
48461 6.304100000000002
49035 5.285077328058433
56015 5.2442040322580645
13049 6.141808064516129
13173 8.46386774193548
21039 8.506634408602151
21053 8.312322580645162
21173 8.299215053763437
22083 7.72969569892473
29029 8.8078806451613
31093 7.469406451612903
35041 5.952541290322578
40027 8.351972788761698
42125 10.478500710770906
45043 7.782441013824891
5103 7.893419354838713
51610 8.929055913978493
6081 4.401990802368323
17009 9.34371612903226
19109 9.375752688172051
20073 8.279279569892473
4027 5.933047683284454
48493 6.959245747800584
50009 6.8277397849462345
5001 8.424208870967746
5059 8.361085253456217
51147 7.156229032258066
51185 8.103321994134898
26079 7.774132903225807
29099 9.522959216589857
34015 8.277659190988222
35017 5.416148790322581
38061 6.345692473118278
48059 6.205761290322581
48415 6.109981451612904
5069 8.524858602150537
55015 9.540545747800584
55023 8.723498924731187
12007 5.590904032258061
12111 4.944564149560123
21017 8.665265053763443
27039 9.536101290322579
27053 10.366830747653486
29045 9.789675268817208
31037 8.951236559139787
38087 4.6762354838709665
39129 10.05495136476426
4023 5.251723870967737
47163 9.151111745243997
48389 5.739385806451614
49003 4.868374193548393
1027 9.624148387096769
12086 6.165580763482398
17181 8.648272903225811
17195 10.073622043010744
19087 10.021506451612904
22047 7.669573732718893
28007 7.441283870967739
29043 8.85454539170506
36061 9.904796650985665
39021 10.083710967741935
40031 7.316837399193541
48073 7.317139784946237
48197 6.215448387096775
5041 8.095467096774192
51179 7.338201314217443
1133 9.114233640552992
13079 11.629833333333336
16021 3.7671067741935484
18033 9.90476917562725
18137 9.561204838709681
19031 9.89319741935484
22021 7.041483870967741
30091 6.208049999999997
30099 3.9946193548387114
48013 6.768296370967744
48023 6.075261290322581
48223 7.871274193548384
48503 6.335112096774194
53039 3.6584174193548398
6033 2.7556023225806467
13163 10.063983870967737
13223 9.454704567062828
18031 9.877438709677415
18071 9.3954435483871
19037 9.009408870967743
23011 8.00442341311134
38021 7.696325806451617
4001 4.176873790322582
40125 8.060601814516131
41039 5.007002760690166
45065 9.68077634408602
45073 8.999014838709677
47105 9.809670000000008
48215 7.648934513274332
51075 7.215788387096771
51191 8.473883870967736
9001 8.395232811059905
1035 7.513612258064513
12123 6.9375572580645155
17037 10.02001321044547
20177 9.415735708927238
22023 6.1108274193548375
23029 6.413342431761787
29161 8.842673870967745
30083 5.56921209677419
30105 5.044459139784943
31067 9.596851612903219
37187 6.954874193548384
48247 6.479861290322583
49013 4.084721505376342
5077 8.404942741935486
53007 3.597670207373275
55103 8.916742580645165
2282 7.808271157772375
12097 5.65713682140047
18173 9.75382082111437
21171 8.648119354838707
31027 8.50695322580645
31105 5.250625806451613
36017 7.297425268817211
39163 9.788036559139787
47143 8.951676881720434
48117 6.122649999999999
48169 6.095451612903226
48479 6.677395187731352
51041 7.530273421172194
51750 7.875927956989247
54047 8.09531814516129
6031 7.112378255675034
2198 7.808271157772375
1015 10.447277627471403
1131 7.7460556451612925
13057 9.829372208436732
13105 9.603934193548385
18149 10.213264976958518
22053 6.7347677419354826
26145 8.798959907834092
30103 4.49959677419355
31031 4.918454838709677
37195 8.516543972835317
42103 7.052216308243726
46079 8.980174193548391
47031 9.035278763440864
47047 7.869467155425224
51115 7.018024193548387
51690 8.05414322580645
13171 11.15324193548387
20083 6.801083870967742
27133 9.20538172043011
36093 7.9266032258064625
40111 8.161179354838714
41005 6.488021282258068
41063 3.717903118279568
46053 6.22258870967742
46085 6.192711290322581
54087 8.144083064516128
1097 8.367009677419345
19155 9.84486010752688
21167 8.588559999999996
21183 8.65515207373272
24029 8.658920645161288
29133 9.025781451612902
36027 7.434891670069428
37067 8.722328616024969
41031 4.197854677419356
46047 4.399891935483873
46101 9.169472580645163
48007 6.671487741935481
51171 7.778858781362007
5145 9.062731761786608
53061 5.70676836774194
56029 4.205040064516128
20019 8.20161935483871
22009 7.305142652329751
31083 6.832861290322581
36039 6.723023655913976
47111 8.779274193548385
48267 5.686709677419355
5067 8.810365806451614
5111 8.54460967741935
56031 4.465733870967741
56039 4.064094112903226
13069 9.414876702508959
13101 7.284625806451612
13237 11.629845806451609
17115 9.339198671726766
17139 9.16614758064516
17187 9.831131612903224
21095 8.118483870967749
22025 7.151369892473116
28071 7.869399354838706
34013 9.08423089093704
37009 7.697028494623654
38081 7.881393548387098
39007 9.016599870967736
45019 7.21566542694497
46119 6.551632258064516
17135 9.14066491935484
18075 10.054573732718886
20157 8.657058064516132
21073 8.709898240469206
21193 8.02592661290323
26069 7.701763082437275
28109 6.747964874551972
35013 10.283745239968539
37097 9.407987756598247
42095 9.705701233396573
45011 9.015358064516127
46061 8.525809677419353
48339 9.388821979223627
51580 7.247058064516129
9015 7.491040258064511
1043 10.063384767025093
1117 10.163841196236545
24041 7.983445161290322
26091 9.206520897615707
26163 9.43327454257011
31041 6.3288346774193585
31181 7.442177419354838
38023 6.446764516129032
39149 10.419581612903224
48417 6.153145161290323
1113 12.166793548387096
18015 10.012499999999998
20089 7.851309677419356
20175 6.739891612903227
31013 5.211809677419354
31115 5.914980645161289
34029 6.1709833032258095
37037 8.652626302729528
37087 7.851645161290326
40045 6.374485483870969
40049 7.861916845878138
4017 4.415755150884496
42091 9.769302369668223
45091 9.506511500701254
48015 7.431993010752688
51057 7.106021505376346
5139 7.8118580645161275
6039 5.448758765778398
6103 3.996012609970675
6109 3.9081463049853364
19053 8.698935483870969
21161 8.517725161290322
26153 6.4171387096774195
28117 8.22862580645161
35047 4.327643317972351
4019 6.563384044973893
51013 8.827641006014202
51720 8.331770967741935
12069 5.843755645161288
20005 9.481848387096777
21135 8.205600806451617
22123 8.210934408602148
24037 7.13071916508539
24510 9.86892151612903
26011 8.068898709677411
26047 7.298700806451617
27023 9.361382258064518
27037 9.968869032258057
31023 9.092090322580647
35061 5.646157347670251
36075 7.985986429365956
40029 7.870022580645163
40101 8.438065120967735
49025 3.8732177419354836
5051 8.303761774193546
54003 10.169475576036865
55127 10.24547228739003
1059 8.440074193548384
13111 8.25717741935484
13175 10.779057320099243
22081 7.704967741935484
27123 10.152906522251007
29183 10.215881584320142
36079 7.8123196943972895
39081 10.154342075736324
39155 10.264344926686226
48035 7.144073271889402
48141 13.31435311560809
48153 6.368888709677418
48437 6.439348387096773
51195 8.353352785923757
54053 9.4352247311828
54077 8.04675685483871
55109 8.927972580645163
6115 3.9074273271889437
46102 7.808271157772375
1103 10.360136678614099
12037 6.451084677419352
19047 9.013001935483869
26147 9.215605464121126
27045 8.886801075268819
30041 4.993205376344086
31177 9.425572258064516
36121 8.535402052785921
40131 8.882973271889416
41021 3.8848470967741937
51015 7.363251364764268
53033 5.817179224831389
54029 10.424402822580637
13121 10.60347906388359
16017 4.393388064516133
20067 6.762514516129034
21159 8.509905376344086
21169 8.589261290322579
25001 6.267337384792627
26117 8.867378660049637
29163 9.597242580645167
30109 4.8220161290322565
31137 7.028212903225805
50001 7.6045690322580635
5087 8.04535080645161
5133 7.681131451612904
51730 7.403545747800588
55005 7.882111612903229
55041 7.007975806451614
1007 8.917985483870966
17005 9.01409516129032
20081 7.079983870967741
21047 8.42862682512734
21059 9.301682608695648
27009 9.615990322580647
28115 8.142342473118276
32033 3.8268043010752684
39069 10.499635023041472
41019 4.274252565982407
42073 10.88971232718893
48115 6.600937096774192
48257 8.137071863799278
48395 7.316215483870967
51137 7.299723870967739
53075 4.548237354838711
54079 9.324716129032252
8125 5.583088709677421
12105 6.141490113112676
18107 9.51148422939069
19141 9.268742741935487
20053 7.61858870967742
25003 6.931600000000005
45007 9.653605210918093
48379 7.851929032258065
2195 7.808271157772375
19021 9.216889784946241
19067 8.981641935483877
21213 9.154983064516134
27001 7.475893548387089
37145 8.402444700460828
39095 9.786575920751833
40153 6.627462580645163
41059 4.579595118279567
44003 7.60240215053763
51059 8.608522718179536
51155 7.823663870967744
51177 7.29237043010753
54073 8.678570967741937
28107 8.012380645161292
29015 8.4250811827957
32013 3.97928556451613
38065 6.449054838709677
40043 6.692711827956989
40127 7.349090322580648
42041 12.287340487162595
42123 8.315337468982618
47103 9.779647311827947
47159 8.733125161290321
5003 7.927198617511523
51019 7.807098991935484
51021 7.737072580645161
8081 4.283462096774195
13031 8.76317365591398
13097 9.694989903225792
18181 10.033052822580636
19079 9.161641935483873
26013 6.539383870967742
27029 7.3829623655914
29179 8.386319354838708
31029 5.947570967741936
51047 7.403845967741937
53003 4.495860752688173
54061 8.75273508064517
55125 6.713648387096773
8101 5.152733255131965
12023 6.51373306451613
12033 7.197860381644698
13131 12.011337096774188
13311 8.454754838709675
19105 9.52499741935484
21029 8.9081811827957
26043 7.365672811059907
33019 7.5020719354838725
37021 8.493791301843316
40109 8.5248901619596
2261 7.808271157772375
13109 8.512838709677423
21035 8.107853763440858
22091 6.810062903225808
26151 8.677513440860208
26165 7.884542338709675
28111 7.241667741935485
29149 8.512147311827956
31155 9.76897483870968
36003 7.859471712158808
36051 8.364838709677423
41051 7.266480279192601
48505 6.694404301075269
54005 8.239095564516123
55071 8.747039388794562
13205 12.172598064516137
19033 9.145145454545451
21221 8.018165161290323
26111 8.546356027164693
27113 7.482348387096775
30029 4.070560101867573
36101 7.874271827957001
37107 8.340263655913974
39043 9.278456989247314
39083 9.866790591397855
39097 10.142801344086022
47095 8.55308387096774
48155 6.004964516129032
6059 8.149763174814348
13083 9.43015564516129
19081 9.230037903225803
19091 9.295516935483873
19099 9.424612186379935
20015 8.495400496277913
20063 6.475098387096776
20147 6.796777419354837
25013 7.94754459755716
27071 6.391520161290324
29065 8.694670967741938
31171 5.284238709677418
38033 4.82174193548387
47187 8.852791630340011
51117 7.721347311827957
8109 3.7783548387096766
2016 7.808271157772375
1009 10.22064229390681
13305 7.382510752688173
17049 8.951081451612906
17117 9.325798263027295
21201 8.409890322580644
26103 6.808790860215055
28141 8.134216935483874
29093 8.297380645161292
30049 3.595541705069123
31019 7.418236070381237
31073 6.620987096774194
32021 3.661967741935484
35033 3.919045161290323
39151 10.908791860465115
40097 8.858531899641577
48439 8.697542938465714
51029 6.914904032258066
51063 7.567916129032259
19007 9.184183870967743
24009 7.358952150537631
29049 8.880337096774193
29077 8.895585327783571
38009 6.4427569892473135
39141 9.734234155597722
41065 4.109234879032259
45087 9.24951684587814
48009 6.516443010752684
48123 6.63464451612903
5093 8.625404301075267
2164 7.808271157772375
12031 5.9951661197091175
16015 3.3809167741935475
19071 9.73004623655914
19075 9.394664516129032
19117 9.092151612903224
21147 8.282210483870971
21211 8.720610394265238
22035 8.06446774193548
24001 8.375425946704057
28001 7.1264863799283145
30095 3.920924301075269
32017 3.971958064516128
38071 6.869321505376345
40123 7.935153548387102
41055 3.942111935483871
42047 8.35784301075269
42059 9.437759139784946
47071 8.110468817204303
48037 7.996320430107528
48139 8.042591363163366
51109 7.1428666666666665
2290 7.808271157772375
13293 11.058497235023049
17165 8.73631146953405
18169 10.119848790322575
21009 8.85375387096774
22055 7.571526706676657
26057 8.901420000000003
30035 4.0790645967741925
33013 8.121930555555565
36049 6.8490456221198155
42011 11.798260931899645
46011 9.343557526881714
46023 7.025049462365593
46093 4.3433943870967715
5029 8.874954301075265
5105 8.57060322580645
51187 7.881191532258068
1095 10.33700250896058
31103 5.6395741935483885
37063 9.056798924731178
38091 7.462335483870967
41003 5.207130573476706
48125 5.922341935483871
48301 6.009983870967742
49055 3.7693612903225806
5033 8.525051612903221
8003 4.032761290322581
8071 4.069424731182795
12121 7.121341474654376
17055 8.735198924731181
18035 9.85554440860216
21083 8.295128315412184
25023 7.604865838709671
31051 8.839111290322583
35005 6.464685282258059
41009 5.159148225806447
47043 8.206636774193548
47169 8.906056451612907
48227 6.452822903225801
51087 7.630141179435479
5147 8.715151612903226
51540 7.409941397849463
6009 3.9345348064516106
6043 4.001946397849464
16009 4.388818548387097
18143 9.19781677419355
21239 8.854411290322581
23009 6.865485388994307
26075 8.81342962648555
28119 8.249154838709678
31123 5.589009677419357
37101 8.772119612903216
37117 7.474912365591395
39055 10.077373886328726
46107 6.692377419354839
47139 8.371586451612904
5063 8.609793548387096
51700 7.292019794721413
12133 7.631965437788022
13319 11.474696774193546
18127 10.4419456653226
27091 9.594093548387097
27149 9.007662365591399
29199 9.562796774193547
38073 7.739365591397849
39033 10.057922580645155
40053 8.297435483870968
42043 12.82933697270472
44009 6.769135138248843
48105 5.951403225806451
48129 6.045666129032259
48337 7.369088709677425
48423 7.750066483084181
51071 7.575382258064516
5109 7.811191397849464
51113 7.232549999999999
51121 7.766334274193547
54023 7.32535698924731
6099 5.519232669869598
1083 10.780376814516124
13065 7.035135483870968
17079 9.014779569892475
18105 8.897611342351725
19039 8.91843010752688
22013 7.690441290322582
29109 8.486124423963139
37105 8.749771215880891
39123 9.176311166253099
40011 7.408817419354839
5055 8.593212903225806
17087 8.509437903225807
18095 9.877005928509151
19085 9.264952258064515
21153 8.035540322580644
21177 8.638883512544803
29215 8.563743548387098
41035 4.557376419354835
48171 6.219063225806451
48381 6.425902447163515
51141 7.776739516129029
6053 4.455261637183495
8121 5.600224193548387
2090 7.808271157772375
12061 4.8376030107526935
13027 10.096745806451612
13243 11.164770967741935
13255 10.884352150537639
16063 4.050722580645161
19133 9.123150806451617
20129 5.963470967741935
26015 9.066087390029328
27049 9.424805161290333
27051 8.65790806451613
31173 9.027432258064515
46051 8.801403225806451
48003 6.382843548387097
48039 7.886832131562294
55051 6.463855913978497
56001 4.386895161290324
8075 5.5691881720430105
13157 10.131960410557193
17053 9.447100645161289
17071 9.86574731182796
17201 9.980987054880584
20155 8.283804743833018
25027 7.924968042010498
30079 4.675748387096775
36019 7.8898280135823375
36029 9.461122949699286
37015 7.311661290322578
40051 7.883713870967738
42067 10.93638258064516
48043 5.454156989247312
49037 3.948237096774194
51051 8.456561290322584
53067 4.678704417379858
12067 6.905488709677418
13321 12.300096774193545
20151 7.481445161290322
21015 9.342008211143684
24043 10.706963508064511
26149 9.558665654648944
26159 8.952497419354843
29057 8.307632258064515
39051 10.184255197132615
39175 10.504411290322578
40113 8.251040469208208
47135 7.839209677419356
48145 7.615335483870965
48317 6.59546129032258
51111 7.39728064516129
53057 4.9124594301075275
54007 7.57539569892473
16027 5.805246384872079
19185 8.923443010752688
21071 8.278811612903226
36105 6.740079166666676
37099 7.692969175627237
37139 6.952652580645165
46075 5.427703225806452
47075 8.170838709677417
48243 5.2051064516129015
48253 6.3729311827957
54019 7.790558602150532
55111 9.28455732009925
8035 6.050499841353784
12095 5.989384634564442
13045 9.40032874762808
13299 7.360975268817203
18027 9.401011059907837
18061 8.811759677419355
20159 7.976163440860215
22097 7.334069609507641
26085 8.159064516129028
27141 9.715580938416426
28067 7.826628341013825
34021 7.832566694595741
40119 7.922812903225808
47185 8.48758064516129
48019 6.462085806451612
48027 7.4601747394540885
48465 6.267383225806447
49031 3.8099258064516137
5047 8.371017204301076
51139 7.425245806451614
53009 3.61253789554531
8105 3.7704247311827945
8123 7.043364725596985
13187 8.558806451612906
16041 4.450374193548388
20059 9.055023225806448
20097 6.928925806451614
21155 8.516788172043011
29089 8.964938709677417
30057 3.593762795698927
31077 7.0175161290322565
42061 9.920634139784937
45081 9.345940645161287
48071 7.728550537634407
48369 6.298982258064516
51810 7.140711436950136
6021 3.8717558064516133
12011 5.9148174515235485
12049 5.917044623655913
12117 5.753512415603903
19163 9.895912491420734
21023 8.57667311827957
28047 7.039789964157716
28161 7.8460376344086065
30001 3.6009629032258053
31033 5.581420430107528
33015 8.50431495601173
34009 6.246863104838712
35043 5.611059907834099
38047 6.71705806451613
39169 10.836552419354849
42001 11.553486255259468
45051 8.023174238982282
47023 8.031140860215057
48029 7.772180389564587
6073 6.977663373977475
8091 3.7605258064516125
8097 3.8426161290322587
15007 7.808271157772375
13181 9.819167741935486
16035 3.9794090322580655
21121 8.370290725806447
22085 7.19471566820277
26021 9.216529502688159
26131 6.345796774193552
27003 9.814635522736104
27083 9.116444700460832
29185 8.21395806451613
42007 11.18508570524984
46109 8.491224193548387
48239 6.723741935483871
51165 7.669211035653658
55017 8.15293343108505
55039 9.724046451612896
56033 4.407024193548387
1013 7.92360358422939
12091 7.000964437450826
18097 10.063352246543785
21119 8.129340645161287
31057 5.7017870967741935
46083 9.147388856304985
47079 8.1124982078853
51053 7.312143778801845
55033 8.572805241935482
55065 9.608870322580644
18083 9.452312258064513
21157 8.26875215053763
25007 6.092462096774195
25015 7.742316935483874
26027 9.543806744868027
28045 6.509547004608295
36021 7.026256682027656
42019 10.705115102639313
48355 7.083195459976114
13231 10.871195967741935
20001 8.706169677419355
29073 9.003126451612903
31183 6.704006451612905
36063 9.534243945002649
37095 6.216954838709679
37191 8.778508560794046
39035 10.79300800665411
41015 3.625759354838713
42127 7.1622589861751065
42133 12.582973476702533
46005 8.254783333333336
47189 9.243740860215054
48205 5.266151612903226
48341 5.865988709677417
48497 7.95155953079178
53021 4.751380645161298
9005 6.999410373181517
19023 9.285660645161292
19167 9.407991244239632
28013 7.887896129032258
28129 7.720812903225807
28163 7.7768086021505365
29209 8.697317204301077
31011 7.6962290322580635
37169 8.310559139784948
39113 10.231169723803509
48147 8.022924014336915
48507 6.103893548387095
51590 8.302991935483883
51678 7.232674193548386
53077 4.251309713261652
8049 4.005216129032258
2180 7.808271157772375
1021 9.157405017921153
1037 9.55161720430107
13317 9.842289516129036
18001 10.213822580645155
18051 9.577826267281106
21019 9.399217121588086
27073 9.102568817204302
31061 7.1365225806451615
37073 7.1622258064516116
42083 8.029102956989252
46137 5.1198999999999995
48209 7.244669935483859
48297 6.631738709677418
48459 7.682182949308749
5049 8.560058064516129
53027 3.5041594758064507
55077 9.409652903225805
16005 4.510940909090903
17113 9.418794335169167
19061 9.45373784119107
21003 8.888737096774195
21223 8.867645161290325
30059 3.4338032258064515
37051 8.845320256166989
39121 9.857697849462367
41001 3.967627903225808
45035 8.08715329032257
47055 9.44005201612903
48451 6.141446838709666
51085 7.544979663394104
55085 7.010122350230417
6067 5.338859906380405
12093 5.192613978494626
13127 6.236088602150541
18109 9.367358312655089
18133 9.308539170506913
18177 10.23997969639469
23013 7.137444838709679
24033 8.52037089375555
27063 9.334075806451615
29223 8.120203225806454
40069 7.906488172043009
41027 3.864766209677417
42081 9.55460066740823
48001 7.481611436950145
5101 7.981130645161289
51035 8.041454838709674
53029 5.083792473118281
55025 9.980359963822744
56007 4.174734193548388
8033 3.8401032258064527
12079 7.848372903225804
13107 9.706965591397845
16051 4.8132145161290305
17095 9.808613911290331
19027 9.08359193548387
20165 6.883669354838712
29201 9.232603870967733
35007 4.004555913978496
38013 6.440435483870969
38037 5.576122580645163
39139 9.822842688172054
45077 9.08843571428571
48131 6.3711247311827925
48225 7.364523041474652
54071 6.97301935483871
54093 7.394936559139783
12053 6.02034413489737
31017 5.489193548387097
36119 8.930725690727616
54057 8.07308617511521
6077 5.439128521698784
1033 9.10598410138249
12125 5.876863440860215
13021 12.131861510263942
18183 9.963426267281104
21099 8.658261935483871
26033 6.798138479262673
27011 8.9127688172043
35003 4.392851612903226
38045 7.390585483870969
40055 6.462708064516131
44007 8.16762731640354
5045 9.374008516129033
53037 3.536161088709677
55095 8.199553225806458
1101 10.408645161290327
12103 6.4340865811739825
21229 8.513549462365594
22127 7.1449209677419345
27065 7.973420161290322
30007 3.595027419354838
32510 3.6374323271889417
38055 6.58738064516129
40151 7.170931182795698
45069 8.821874193548386
48011 6.095977419354839
48195 6.093035483870968
49017 3.7591177419354844
50015 7.276750691244234
51163 7.184916129032255
55059 10.211020276497706
16007 4.327535483870968
16061 4.023204086021507
17081 8.845919354838717
20167 7.009879032258061
21077 8.905496774193544
22051 7.30122334869432
28041 7.074637096774193
30009 4.0147098709677405
31167 8.627658064516128
35015 6.463694086021508
4007 5.150097379032263
47145 9.448409970674478
48017 6.2133548387096775
48271 5.8757419354838705
51740 7.618224661810603
6095 4.351280846774196
17003 8.935576612903226
18151 9.596112903225807
19101 9.767604032258067
20205 8.817270967741933
21113 8.789667025089614
21181 8.39564677419355
28031 7.569651612903227
33005 7.29506834677419
40129 6.376022580645162
48345 5.962351612903227
48353 6.029089677419356
51143 8.043209475806453
56021 5.066010445468512
12027 5.948601075268818
17083 9.82454462365591
17129 9.395186021505376
17143 9.909648924731197
20045 9.311968181818175
21179 8.647879569892478
24027 9.614358709677427
27025 8.613460967741936
27145 9.76890912124583
28105 8.210033870967743
29017 8.355039784946234
29119 8.572666129032259
35023 5.425811290322581
37173 7.608655483870971
38069 6.246704838709677
39091 9.931493255131953
46065 6.183350000000001
47039 7.947583870967742
48101 5.909674193548387
48233 5.978798156682025
48287 6.8876709677419345
48361 6.9897528417818755
50003 7.10735913978495
50021 7.686210806451615
12013 7.573678494623655
21227 9.129507392473117
26141 7.192941397849468
28011 8.366905645161292
29039 8.21262903225807
31079 7.954834331797224
40057 6.291064516129033
42031 9.222752580645155
42053 8.530188172043006
48033 6.144680645161291
48207 6.142293548387099
5089 8.569624999999995
5121 8.521735483870973
55137 9.090323041474655
56017 4.062316129032257
8007 3.701962096774194
2170 7.808271157772375
17065 8.834610752688175
17091 9.963050723025605
17125 9.546195698924736
19063 9.438158870967744
23017 7.1762259962049395
24015 9.36135806451614
46111 8.412235483870969
49007 4.106614838709677
51001 6.861645806451611
56009 4.6756838709677435
12057 6.708566088709675
16055 5.1179068258064575
16087 4.254103225806452
19137 9.244087096774193
19139 10.373006129032255
20113 8.492298156682027
21205 7.934206451612901
24019 7.631314695340501
29019 9.15806284760844
29147 9.055329032258067
31025 10.039896236559143
38063 7.184648387096774
39059 9.830014516129038
40071 8.200506744868044
48289 7.451900000000001
51077 7.86229741935484
51157 7.337033870967743
54105 8.26783064516129
55061 8.313324193548388
55097 8.610794239631336
6107 7.2363265508684975
13063 10.576139870967742
19077 9.077605376344083
22087 6.818511005692593
26129 7.907506451612905
27005 8.0170635483871
28073 7.355657258064517
29021 9.315355096774198
47053 8.399630184331794
50011 8.301694838709674
51023 7.675360887096777
12063 8.45783460410558
13119 9.721320645161283
13297 10.740741935483872
18121 9.352957258064519
19171 9.534422580645161
20093 6.654903225806452
22041 7.360123118279573
26031 7.223965725806454
31039 8.882683870967742
31049 5.892877419354839
31089 6.4234217741935495
39137 10.394302764976954
48051 7.080162580645157
48157 8.997509804753834
49009 3.8085741935483863
5009 8.433584331797235
51045 7.237570967741935
2158 7.808271157772375
13061 10.481487096774194
18119 9.050867741935491
19015 9.090802764976953
20195 6.417129032258063
20207 8.64989677419355
25011 7.530956989247318
29001 9.234647465437785
31129 7.948261290322582
47027 8.50065806451613
48165 6.847239784946237
48499 7.647896774193545
51830 7.006772043010755
53005 4.677537314734086
8079 3.605283870967742
1079 9.405675627240146
1087 10.758634946236564
13071 11.76969258064516
17147 9.282058870967742
19135 9.461400000000001
20173 8.883176092611842
24017 7.333236021505374
26119 7.509399999999998
31035 8.112467741935482
36001 7.740441419354835
4013 7.871764995069737
42117 8.084978709677413
8005 7.229617818740391
18005 9.744695913978502
21081 8.615700000000004
26041 6.849109677419354
26139 9.221574619598293
47009 8.896113479262686
47097 8.325889605734767
51169 8.968493548387102
1039 7.86098801843318
12035 5.028618387096774
13011 9.530113709677419
16069 4.5641648064516165
18161 10.166117741935482
19041 9.265953225806452
40019 8.021553958944287
4011 4.924580645161292
47109 8.019018433179724
48085 8.93178130305603
48185 7.834503763440862
48319 5.881770967741934
48495 6.294436559139786
8051 3.8218379032258065
8113 3.7377330645161275
1109 9.210395967741942
13013 10.370130286738357
16047 4.340990322580644
18101 9.102817204301077
22061 7.690320645161292
26083 5.487053225806452
27109 9.550561094819159
29033 8.737013978494627
29079 8.726408064516129
29131 8.883693548387097
31069 5.286335483870968
47035 8.45974838709677
49057 5.263148322580652
53051 4.397714709677418
54109 7.897064516129031
12047 7.131541935483869
13095 12.712815412186385
13235 11.068568817204298
13251 8.995936129032259
16067 4.428923225806451
19049 9.08778064516129
20033 6.779283870967742
22019 7.2998534457477895
27147 9.694820967741933
4009 5.416354838709673
42119 10.681156774193552
47037 9.256104347826103
47167 8.274191563275432
48441 6.452336757215618
54081 7.734454079696404
8023 3.880558064516128
17033 9.285624731182802
27173 9.127532258064516
29013 8.565301612903225
37065 8.144709447004612
37085 8.9190394265233
37149 8.72133225806452
46091 8.059951612903225
5081 8.019759677419355
5135 8.552638709677415
13017 10.318975483870958
13123 8.643477419354834
17193 9.137310967741938
20057 6.897667741935486
20127 8.604109677419354
23023 8.044537499999992
27081 9.107709677419356
36113 7.452510356536505
37049 7.23056758832565
41053 5.530592123655908
45001 9.363572043010752
46031 5.9533435483871
47173 9.394173387096775
48373 7.563337419354841
54101 7.025754838709678
6027 4.569805645161289
2068 7.808271157772375
19107 9.757181451612906
19189 9.268251612903226
21235 8.48061370967742
26135 7.650134193548386
27021 7.802511612903223
29081 8.616764516129034
37127 8.322271684587816
46037 8.311147311827956
47045 8.301876612903225
47063 9.588929569892464
48291 8.163161520737326
51065 7.098709677419354
6041 3.9103431085044043
8027 3.9699483870967742
8115 5.923941935483872
2130 7.808271157772375
22069 7.358781362007165
26105 8.083567741935484
28145 8.114547849462367
29067 8.541115053763443
42055 10.981309557945053
54097 7.654715053763438
6087 4.620806141439204
17021 9.200425806451616
17141 10.010061583577711
18003 9.97053400537635
22037 7.388336129032257
29107 8.806385714285714
36073 8.626359999999998
38103 6.305382258064515
42025 9.127212096774189
45067 8.57492741935484
54107 9.157010049627802
12099 5.010187517947721
13191 6.49174677419355
20011 8.618007741935482
21139 8.444640322580643
26053 6.4810806451612875
28055 7.82746129032258
30053 3.7036016774193556
46033 4.171964193548385
46041 5.612727419354838
46095 5.230438709677419
48067 7.6947451612903315
48093 6.316242741935484
48349 7.549165483870964
13295 9.764630272952854
18171 9.514312903225804
27125 7.506575806451613
35059 4.356774193548387
40141 6.779479354838711
46009 7.914004838709679
46025 8.488716129032259
48211 6.050641935483871
5075 8.681133333333333
8103 3.9281532258064518
2150 7.808271157772375
13145 11.302545161290324
18179 10.003091705069124
19143 9.234061290322577
19173 8.86053225806452
20031 8.7855311827957
21079 8.51380322580645
27119 7.774164193548392
29121 9.183263870967743
39173 10.2513047235023
42089 7.957531280547405
45045 9.53934649811105
47025 8.887864157706092
51089 7.979820276497694
51099 7.1577077419354795
54089 7.385548387096774
6091 3.812327451612904
13209 9.40942795698925
16025 3.472859032258065
17155 9.742104838709677
20009 7.428130241935482
20191 8.52458817204301
21163 8.672095967741935
21195 8.43321256366722
28149 7.439981182795698
29083 8.424108602150538
29195 8.810794758064517
37077 8.560140198511165
39001 8.854020430107525
48221 7.248235161290326
48293 7.346182258064519
50007 7.848491336405522
53025 4.237651814516131
1001 9.777060752688163
13233 9.205220322580642
13307 11.581022580645158
17011 9.850726451612907
18089 10.696900110283977
18129 9.512014285714287
30087 4.470340322580645
37089 8.440180406212667
37129 7.855732991202357
38043 6.390787096774195
39157 10.312946236559139
42045 9.620605734767013
48397 8.491401173020524
54039 9.012338709677413
9009 8.15740291858679
12127 5.1737795032828995
17151 8.477979032258066
18165 9.383585161290318
20179 6.345870967741938
22105 6.927140161290319
24031 9.484978214553628
31163 6.948119354838709
40003 7.790516129032258
46081 4.209396129032259
48075 6.103693548387098
48187 7.438597219132363
48401 7.5952858560794025
49023 4.05298548387097
55053 8.719541935483873
6057 3.5404518887096774
12003 5.800303225806456
17101 9.31275096774194
17153 8.767706451612902
20079 8.70480161290323
22059 6.935091397849462
26137 7.6010139784946205
36099 8.4105864516129
36103 7.238722540573029
37045 9.16135850439883
40089 7.522475000000003
41013 4.193713870967742
47033 8.32540258064516
47123 8.723999999999997
48031 6.489135483870968
48183 7.88598361290323
5025 7.961995161290323
51161 7.834997132616482
53013 4.061861612903226
53065 4.197455268817209
55079 10.344905452373208
55117 9.150502109181152
6045 2.9065759677419316
12005 7.064650787696921
17177 9.769917369727041
24011 7.963942293906806
40085 8.010660215053761
42121 9.301060080645165
48375 6.426109108159392
51003 7.331868475073317
51031 7.6847163978494555
6003 3.235210322580646
1049 10.007914746543785
1123 10.053237419354842
16037 3.381193225806452
17133 9.491740322580647
19157 9.593433548387097
20203 6.446674193548386
22067 7.961739919354838
26071 6.906661290322581
31065 6.5172193548387085
36025 6.43632511520738
39109 10.367168356374808
4021 6.981402279569888
41029 5.132613029110928
42129 10.396305774193552
48433 5.940041935483871
56035 4.5165225806451605
2122 7.808271157772375
13139 9.609377060931898
17189 8.915576612903228
18059 9.97119741935483
18079 9.49537741935484
21101 9.572358064516127
21145 8.43753965844402
29127 9.696100403225799
29151 8.972849999999998
40041 8.876059139784939
13085 9.006408602150538
18013 9.193849193548388
18093 9.026955161290319
20169 8.692953225806455
21031 8.671796774193549
27137 6.67294848484849
31165 4.640206451612904
36031 6.543974441687343
37055 6.137232616487453
37179 9.490188591660102
48447 6.026922580645161
49039 4.038789677419354
5125 8.996561136712744
