15.100967187096773 17039
14.311795383064513 18135
11.339950956989249 20013
12.917613776881716 26023
10.029824999999995 26035
11.931453333965852 26155
9.544534229390687 31001
10.671675935483872 32029
10.777971030465944 37001
14.203482238709688 39159
7.562579516129034 46063
11.303881083191861 47011
11.65749127047147 47073
10.064950182795691 51009
11.300420108504394 13047
10.18342987096774 13249
14.100424609318987 17157
9.840965640553003 22093
9.84527612442397 28133
7.921761290322582 31063
8.259691924731182 38057
14.272164878136198 39161
9.652490870967746 40033
10.359897782258061 47049
10.810985781096438 2275
12.214138806451606 16045
15.067548184587809 17001
14.029522066213918 18085
10.585864248847926 21133
12.507187282258066 21219
12.381933645161295 29207
10.765743508797662 36117
9.359904548387094 37121
7.65279564516129 48173
12.060513956989245 55135
9.99043572903225 16039
15.179466774193546 17175
11.622927611205437 24045
9.067126370967745 28091
11.703375483870966 29227
7.253047451612904 31135
14.755407377688174 34033
14.211923619915854 34041
10.069274800759006 36077
10.87965761430575 36109
11.628922100569268 41071
9.722287602400597 48061
8.194623238709676 48265
7.758290354838709 48399
10.283259311827956 12065
7.497774735144312 12119
10.803306297766747 13217
11.653819845161289 21207
8.738747317972349 22011
9.450753276881718 22113
8.65602940322581 28015
8.59551912903226 30055
11.087272417050707 36089
10.48732452688172 37103
13.752455537634406 39127
11.756868279569892 42035
14.887372432171711 9003
12.678804633064525 10001
11.017829849462375 13015
11.339490280376383 13067
10.071073122119815 13179
14.930519794448614 17019
15.415795778225812 17107
14.841707431451619 18023
12.324615107526885 21137
13.245663043010753 21187
13.544295822580647 29167
8.203477483870966 31071
7.950860225806451 31145
8.23363541935484 38025
7.961645064516127 46117
10.294872212523721 47019
8.956333637096774 48255
7.493635064516127 48383
9.688631749999997 5017
13.209484067448686 6069
10.810985781096438 2070
10.35164798924731 13279
9.240737107526881 13281
11.159421215053772 21115
8.847339463709678 22039
9.278405922580646 28101
9.839091112903224 37115
9.202738024193549 46035
8.067812645161291 46123
6.585258251612903 8067
10.770678296370967 27035
9.990754290322586 27115
12.052037859387916 31055
11.208408324731181 45055
9.20553304032258 54075
10.810985781096438 2110
9.982745500000002 13197
14.440392741935481 18045
10.767216588709681 20117
11.258983767741936 21175
11.56600693052109 26157
12.64551767096774 27047
8.497027268817204 28097
8.747756883870958 30081
7.78091315483871 32023
11.784643512903216 37159
13.213085804301071 39009
12.627702671726755 42013
10.22160401075269 46127
10.925558396654726 47113
7.845101972350226 48219
12.398433064516125 51685
4.528838462365591 8019
10.056388682027654 13285
8.576973190615831 22117
9.239335161290322 27167
7.6895035806451615 30025
11.310313381749197 37183
10.188803956989245 40099
7.748400967741934 46055
9.32558641191067 48347
13.110678958944282 5115
11.98071191129033 54065
4.600000193548387 8047
14.623942270967746 17045
11.917986529032255 21045
8.856019267281107 26009
12.486100209677424 29129
7.7185187634408585 48083
11.208663870967746 51520
9.54589824731183 53035
7.04324011669829 8013
15.351931483870965 16071
12.413181838709672 21105
12.694619946236553 29011
6.6684164193548385 30107
13.757547381720434 39029
12.452434048387092 40091
12.673200064516127 42057
9.876270139784943 47007
7.8081347419354845 48045
11.4643432516129 50017
6.34420964516129 56027
15.764380190092178 6075
10.689501395161292 13113
10.419400903225801 13165
9.855101467741935 13259
15.040891870967746 18055
11.58487884919355 23031
11.910494250000001 29181
13.669850892473116 29205
13.073334580645172 36087
11.391691880184334 37059
10.662145026881724 45037
8.801190645161292 46003
9.492410827060922 48245
12.366300559139784 54035
15.504913000000009 56041
10.310476666666668 13169
14.530882822580647 19055
9.25472503629033 23027
12.570758833436741 24003
9.40369277419355 28125
13.53280730107527 29137
7.085143069892472 30067
9.865405076612904 36095
10.33428748924731 37033
12.179975016649335 37035
14.010833841802924 39093
9.265192792626728 48249
10.468301336405528 51149
9.577845209677418 51640
5.44647716820277 8043
9.677341693548387 13141
10.49073531451613 13221
11.710133894428148 13275
14.83239227956989 17047
10.496532185483872 20115
12.295339790322583 21069
8.730922157706095 26101
10.504909754032264 27097
9.651960903225811 28003
13.11117390322581 29085
7.423813774193543 30003
11.95823962790698 31153
11.213769780058648 37061
10.912283554838705 40023
8.362701806451616 46069
10.870818467741934 49047
10.594598751612894 50019
9.854863348790323 6089
9.920499010752687 13263
8.379312296774195 26097
10.633979155425216 28033
13.18942366451613 29053
12.809567509677414 29117
9.424785967741935 37143
11.686842032258058 42051
11.038619316129036 47107
11.981550809523805 47165
8.185705324884799 48135
11.734642670506918 51069
8.883727978494626 1075
10.804122564516133 13287
7.607053580645163 23021
7.888921548387099 31111
14.77695001344086 39037
15.73264301903518 39061
10.48147670609319 47029
8.151292161290321 48429
10.610942296015178 51061
6.370836740143373 56025
9.115265464501872 6065
7.940681727598563 12075
10.127132909677417 13143
15.20784268258065 21037
12.761493862903226 21061
12.621129010752691 21141
9.085222006144392 22109
17.964559736910367 29189
9.529199012903227 37131
13.510869032258066 39111
10.117716701612904 40073
8.494172322580646 48127
10.048314983870966 5073
10.301179045161286 53001
14.16210360752688 55049
11.120253145161294 13195
10.30642632258064 13227
10.040737268817205 16079
13.98667511290323 17059
12.197906139784937 19121
11.351753967741939 21129
11.764639864055306 21199
10.35527516845878 27041
9.944818403225803 31059
6.460280143695013 31157
6.803173778225803 35035
9.080923102150539 38099
7.6517098064516125 48421
9.599117274193553 51005
10.919933086021505 5113
8.438227565092172 12001
10.603849741935488 13001
14.477205606156438 17097
15.19687861290323 17185
13.1513489139785 19181
10.612732009216591 24039
14.451341239089171 25025
13.447663134408607 27157
13.368892797235027 29009
18.562629374923944 29510
14.220479086635912 39099
7.830242130434777 46103
7.673512999999999 48137
9.78343268387097 5027
9.463845607526878 53015
10.510132190860217 55075
15.045376503225796 18011
14.805273311827953 39107
9.7594769483871 48021
8.068306709677419 48087
11.581347174573056 5031
10.774832490037957 12073
14.76590455483871 17149
15.484206323407772 18057
11.18059618637993 21013
15.156915898505133 21117
9.134276582047692 22057
7.602226741935482 30069
7.510749806451615 31113
5.364806225806452 35019
8.795498334987597 38101
10.21818387455197 45029
11.62135519354839 47057
13.178999596774197 55089
12.024256649769587 6063
6.316227493548376 8041
10.005935212903228 13099
14.813205790322577 17027
14.024017470046084 19065
11.378676975806453 19147
8.842516096774192 20141
12.017820594528366 36071
14.900605483575017 36085
8.371323516129033 38029
13.366237356507217 39085
10.791192881720429 40087
10.904845838709674 40117
14.449201864247316 42097
11.75807376523297 50027
10.54940472580645 13213
14.702366758064514 18159
11.539892677419356 20003
12.600894507765853 26099
6.758511129032258 30097
13.732770884792627 39047
8.053056451612903 40139
10.936593675115207 42015
11.203628537634401 47059
9.960296091397847 47069
13.263040721774193 55093
10.810985781096438 15005
9.305913838709674 1011
11.078345033333338 13059
14.440855774193551 17093
8.726829499051231 23025
7.4291433709677435 30013
10.243793989247308 40047
10.25440078064516 45049
12.133260099654368 47093
9.135297341935482 48057
12.21329519950373 51107
11.73063396774194 54085
8.70297693548387 1023
11.636374797653959 24035
9.911499956989244 26133
9.898194709677423 54055
11.05026189605735 13129
14.365920953405015 17103
14.955867012903225 17159
15.583396543778806 18063
14.51015556791169 19013
11.169270483870969 19093
9.902020764705885 27111
11.035164204933581 37027
7.97062064516129 38085
14.450631532258063 39135
9.114272354838715 48089
8.488984376344089 48193
10.810985781096438 2220
14.761342330645158 17023
10.812303978494624 19149
11.95848402688172 27043
11.86999935483871 27085
10.226878924731183 31095
13.28720960573476 39071
12.979878319354835 39145
10.145899532258063 42023
9.492640722580648 46135
9.359503364516137 48321
9.461798677419358 51007
12.80559359956576 53011
14.28656357951986 55133
10.131036634408606 6051
10.371716069077879 6097
6.669362548387097 8061
14.241168620071686 18039
14.777740872580635 18067
11.133803090322585 19059
8.157227612903228 20065
8.79198164516129 20119
13.994784629936705 24005
10.38446653456221 27017
12.518800382488465 27103
9.961693396774194 32019
7.751912806451613 38001
14.416518341153477 39003
13.103748207373267 39053
11.106016266129032 40107
8.752710419354838 46073
10.000861032258063 49041
22.248195865171407 49049
9.943806698924735 51036
11.59149972580645 54017
14.782486415110359 55105
11.021365570923543 1089
10.485633645161291 13273
14.812982800000006 17061
10.814217161290324 20197
12.030910009429281 37071
9.188483428571425 46029
10.832313903225808 47127
9.481258545314917 48041
8.989827010752693 48285
7.738065731182792 48307
11.156062561290323 5019
7.382346437788019 53031
10.063081820276496 54067
14.104427379354837 18141
13.279838705069125 21085
14.19826734677419 21215
10.829094811827952 27105
14.152502735483878 29219
9.407803849462365 30089
10.516457860780989 33009
9.507547362903226 37137
8.883978967741934 38095
14.380809199596749 39089
12.18464542444822 42005
11.835048032258067 47147
9.675695302052782 48217
10.01538334034072 48491
12.360558956989248 5129
12.500656793548385 5141
10.18731898387097 13037
9.02893427956989 30085
7.85964264516129 31009
9.154826580645159 31139
10.205659735483872 36123
11.12490083355926 37081
7.955841685483872 38089
12.720028725806447 40061
9.144871407258062 41061
13.452066883870973 42037
7.556723887096773 46121
9.744943935483873 46125
11.129776218637991 47021
10.769247443548386 47087
9.8069799233871 48097
9.984347604414255 48231
7.484603903225807 48431
12.963816992213586 54011
12.546782941935481 54103
10.810985781096438 2185
8.556618161290322 12041
8.04480224673987 12115
11.67411889247312 19009
7.614070258064519 20153
8.79817940322581 31175
11.164036022071318 36011
10.26617755760369 37193
9.080732419354831 38105
11.5257315483871 54033
11.603250738351255 6005
10.500204565756826 1115
14.9120293548387 17085
10.982241008064523 20111
11.946703677419356 21197
10.842227306451612 27033
8.968907129032262 27061
10.244885490322583 27117
11.119583811827948 27129
8.571178580645162 28019
8.873260251612907 28039
8.765091634408602 28103
11.92980178494624 37109
12.03313242872009 37155
13.71625557771261 39005
14.502476205278603 39023
8.90434077419355 48237
9.694893091680811 48367
19.907294933002486 49043
10.37315223655914 54031
7.607991783410135 56005
10.324340112903228 1077
7.230467416706776 12101
10.615377804634257 13051
14.52438327096775 18029
15.013122941935478 18153
7.187565032258066 20199
11.266382951612904 24047
9.238878942652335 28095
9.81328382078852 28121
15.710608397979017 34017
10.138117131720424 37069
8.510303118845494 38015
10.121600677419353 40095
10.626449548387095 47015
10.607945739784943 47141
9.709349695340507 51083
11.747027311827962 5117
12.687578116382053 6007
10.277420735483872 13053
13.985851318548391 19017
10.64343758064516 20049
9.419633709677418 22027
8.465432666666665 22125
11.563879516129031 27015
10.10557235483871 27159
12.548411567362418 27171
9.34870250537634 28077
9.154579645161292 28099
13.069064043010753 29041
8.433208935483865 30005
11.136579417562729 37125
14.004017419354824 39119
11.131162400537635 45027
9.478276553763443 48477
14.616477851906149 55101
9.242768156087411 6025
9.156475139784945 1041
9.08459088817205 1047
13.962963673118285 17199
9.442716002932544 22079
9.604629926994907 28081
13.104252021505376 29125
10.840178370470955 32003
10.36418298494624 37141
13.54474406182796 42087
17.12912619388439 42101
8.199712279569889 48357
9.298930451612902 51135
9.932565634408602 55031
9.59036650752688 1051
7.551541268817208 12017
13.484154838709678 17069
8.522719322580649 20163
10.82308274193548 31097
8.027605129032251 35045
9.005529766129031 40149
9.22813256891496 48481
10.810985781096438 2100
10.730627905376334 1055
10.88869131541217 13117
10.729899209677416 13155
13.990976983870965 18111
12.164169526881725 19187
9.083939412903227 27135
9.253223129032259 30019
9.406441580645161 37029
9.154393806451612 37189
8.454050580645161 38027
10.731008632616483 47155
10.993261912713503 47157
7.843618032258063 48151
8.018533820276497 48179
7.456888516129031 48235
8.202123612903224 48333
8.924790795698927 48405
10.187746834677421 51093
9.773937908602152 51197
5.337818951612905 8055
10.414378215053766 13271
14.796652198924727 17173
16.17542179677419 17179
13.625483629032257 18113
12.73373396029775 26115
10.793055032258067 37079
9.859405538709677 37181
13.845660283154114 39027
9.318409430107527 40093
8.208347193548386 46129
7.476847129032259 48229
13.244042872865267 6061
13.03214482375205 11001
7.797806165085386 12107
16.71221782580645 17161
15.305907164516125 18145
8.891647836158175 22071
11.451914495391698 26121
5.6742380322580654 35011
7.631283650537629 35025
8.97419080645161 46115
11.562568941457588 55073
10.810985781096438 2230
10.304325612903224 20201
9.55768643695015 22099
7.456026817204303 27075
8.92929861290322 27107
8.503403161290322 28005
7.032956709677419 31091
12.577950541168494 34025
5.38368287096774 35027
10.184026476539593 37171
12.278655018817204 40079
9.909202669354837 47171
13.453876548387097 5143
15.394246586848634 18019
8.365995419354839 20101
9.955576174193546 22121
13.17785283870968 27099
6.899216096774192 30037
6.698812548387095 31005
10.04901366129032 31169
11.523072669642834 32031
10.69380474780059 45089
7.56977364516129 48413
11.659828150537635 5127
11.036239113465877 53053
23.207919987356092 6019
9.053000417050697 6093
10.546937643758758 13153
13.638794048387087 18087
11.794399903225804 19129
12.896771279569894 21089
9.37052658064516 51049
5.896404967741936 8073
11.12105073502304 20161
12.832718354838713 21007
13.077932725806447 21123
9.235666834101382 28087
13.493566462049309 34035
4.5137995080645155 35028
9.21931324731183 51125
9.39347262903226 51595
13.588209471326158 54069
9.391152468387105 12113
10.631025822580645 13315
13.497198722580645 21005
13.83723872043011 21041
9.315397306451612 28009
13.157520473434552 34011
4.97500282795699 35055
13.816523176178654 39063
7.213444483870969 46007
8.607022741935484 48311
9.969720006451617 5011
10.192746306451616 51199
8.15846676497696 55003
10.115201967741932 13183
11.204574658064516 13247
14.84431610967742 17041
15.477222884408597 17057
10.451963286738353 26051
10.389323154121866 31053
9.723349082111431 33003
8.934747395161295 36041
11.38981844239632 37003
15.281217266935528 39017
11.137103812903224 47161
9.69474244758064 48091
19.163882395161295 49051
10.856838220430106 51105
13.90061694064516 55063
13.533343235023048 55123
7.131014774193547 56045
12.259460754032265 16011
13.758472483870978 17075
11.719229057071962 20125
10.47361246334311 26107
9.274433274193548 31099
12.741855110599053 36083
13.273128059553356 39077
13.145162247311823 39171
9.885382483870977 40137
10.623834709677418 47083
10.545032689249288 48113
8.78643406451613 48261
12.447994532258061 5065
11.234545021505383 5095
9.095306322580644 51091
10.061953580645165 6011
7.061183774193547 8095
14.767554709677416 18025
10.85351291202345 20035
13.986432268817206 21107
12.779694037634416 29055
10.771623449462362 33001
14.685214662756595 39011
12.618181846820303 40143
8.03401893548387 48065
8.319384989247316 48189
9.445311677419356 51175
8.839118051612905 1107
7.341907427419356 12043
9.924910824372756 13009
14.43080221636511 17089
11.738797524193549 19025
11.170111306451618 21051
8.349044440860213 30021
7.483942193548388 30077
11.060954954838714 31131
9.395834793548389 38067
9.418150435483872 41023
9.00644551612903 48315
10.504646473118282 5107
9.222387548387097 51159
8.843732080645161 55037
8.185882288530468 8014
10.527027612903227 13161
10.427377298387094 13193
11.550804903225803 19029
13.96812205376344 21027
11.929996967741934 27143
9.900317453310693 28151
11.268120774193548 29005
8.815339612903227 31003
11.323332483084185 34037
11.689745590186275 42049
10.320018774193548 45005
11.904729848387097 47131
11.599268099494749 51153
11.31924616129032 54013
13.150966032643606 6037
13.146345429701775 6079
11.016658411290326 13075
10.242350838709674 13289
13.966193648387106 17063
7.559107419354837 20187
13.699659428571435 27139
10.318804322580645 27151
8.975020362903217 28023
13.278096711693555 29031
13.215614075268814 29211
8.669395838709674 30051
9.511782815668209 32007
11.015574372208436 42065
11.866440239002936 44005
9.85270279032258 47175
7.193430358422938 12055
10.524151430107526 13005
10.215385367741932 13207
10.428434443548385 13261
14.868162983870969 17013
13.240798763440864 19083
9.1373358 22043
8.832595508960578 23007
10.28241374596774 27153
8.922804548387099 28051
13.249696596774196 29171
13.509689516129036 29225
7.5532726451612895 31087
11.985782243727595 37093
11.372947109181135 37167
9.764995638709683 42105
9.06997835944701 48161
9.66805365806452 51145
9.57297824193548 51620
5.741487612903227 8057
12.268137591397855 16031
14.052098021091807 17111
16.426099266129036 17131
14.723801527589144 17197
14.798035659110743 18157
8.986612483870966 22107
11.043741771261 26123
12.643466058467729 27013
8.992882548387097 27087
9.263106088709677 28083
9.002735774193546 37075
9.252414355816235 38017
7.1025301362007225 4012
22.08632514516129 49029
13.675165682795704 54009
6.721411741935482 8063
15.277749266129048 18043
16.561461451612903 19115
7.926195112903224 20039
13.851831001466277 21093
9.999211789247314 22045
9.614642341935483 25019
13.555784050691242 29007
11.14088137096774 31127
10.78671487096774 31133
12.200033650322572 34027
5.144359758064512 35057
8.57362260483871 38005
8.400813741935487 38039
10.444634251612902 47085
9.099831709677419 48313
12.177268096774197 50013
10.300377768817206 55119
8.121598700460837 8029
8.859096811827952 1065
9.818549419354838 1069
7.470236128110602 12085
9.853734754838705 13303
9.649268903225806 16033
8.427013043010751 16085
14.752025754838703 17123
11.893536637096776 21065
13.302026381720435 29175
9.25379964976959 37039
13.374542223790328 39167
13.895060853225802 42107
8.444641935483869 46089
9.83017805645161 47061
11.757290416422281 47183
8.816157913978492 48163
8.242951387096776 49021
18.35355706451613 49033
13.130084211884578 5119
8.19682477419355 53069
8.079315993548388 55007
10.810985781096438 2020
15.07810191935484 18117
16.328597318548365 19103
8.933301854838708 20069
14.431389051364803 20091
9.905368227342544 28089
12.044211175239774 37025
10.573273925078043 37133
11.48358976036867 41043
10.884553032258061 42113
10.323803354838711 5099
8.993136069892477 55099
12.988977943548388 55121
11.107049740435107 6017
7.913519161290322 6105
10.810985781096438 2060
10.234438566820277 13029
14.183760953917053 18041
7.536686741935485 20075
8.509439795698926 28155
9.218819712609974 33007
8.339832361290318 38059
11.783123556451612 41045
8.939074506641369 48005
7.608619903225808 48095
6.872810451612907 48111
7.552278387096773 48263
11.40450713978495 5097
11.72680354193548 53063
10.397636079032262 13077
14.976675822580646 17137
14.42592454032258 18073
15.022932580645161 19095
11.325055596774193 21063
8.579720774193547 32009
11.053352912903227 36107
9.44005501075269 37041
14.121283917562728 39101
8.360493000000002 46021
9.91470118181818 47099
12.54894307510468 26049
8.709046432258072 28043
6.7901572580645135 31161
8.211988548387096 32015
10.126989203686643 36013
14.190302138248843 39045
14.330387198156652 39133
9.376464677419353 46077
13.106761490322583 51600
14.715657632258074 55055
7.767143333333336 56043
9.359788741935482 16023
12.787563860215055 21143
13.14008113548387 29141
14.144901883870972 29165
7.263155096774193 30043
11.183734677419352 37007
10.707525126728104 37135
10.455995073732721 37157
13.325071884792624 39073
8.513753612903226 46049
8.956249980645161 48471
10.766050058064515 5057
9.393695322580644 51081
9.486662251612904 51183
15.63792487220847 6013
8.003260262672809 6015
11.11625940322581 6055
9.508017575268813 1067
8.750230693548387 1119
11.759384467741933 19159
12.351834122580646 21217
8.66596316129032 22115
11.270896022580647 45075
10.352528541087848 48121
8.625371080645163 48351
8.16183455483871 48463
12.973556967741933 5015
6.248438677419355 8111
9.759089835125447 1127
8.983305903225805 1129
7.872990490662134 12015
10.389740435483874 13283
8.646809103225802 16049
12.208374825806455 16053
14.053854731182797 18007
15.506848040322582 19045
12.140047241935486 21075
10.178152913978495 23015
13.952671227703986 29071
5.1714769748387 35049
13.694325872580647 39013
13.097979808467748 39087
11.950218177419355 40105
7.6843824032258095 41007
10.48010619544592 47119
8.07039680414746 53045
10.053886265654642 53073
10.84610784516129 54027
7.089620725806452 56011
5.137016309677421 8117
10.909767850000016 13073
10.950771709677417 13087
10.481718360215055 13225
11.778797967741937 20043
12.924669716129031 21097
8.68865654648957 22063
7.9167610107526905 26003
8.916905010752687 28021
13.576696962365604 29145
7.764175538123167 30031
12.271771767741935 40035
11.109161138849931 47179
9.803171911290324 48055
9.731947935483872 48063
8.589568815249264 48199
10.522693235023047 51167
12.437242526881715 54095
14.59380764516129 55043
12.766523262672827 6101
9.100589777419351 12019
10.818428247311825 13219
15.23839101075269 17169
11.080187053763439 20131
11.285547645161289 21057
9.575849591397846 28053
12.500375521505376 29217
11.838089992831547 47089
9.531503207373277 48331
10.055877891129024 48449
12.270104279569887 5137
10.634097178120623 51770
15.536128718858595 10003
14.05535738172043 19043
14.955523204301077 21149
9.30933635483871 22065
10.450566571428572 26109
7.228124430107524 31101
13.467138039542174 36059
9.2531366344086 37005
9.320670845161283 37199
12.455972741935497 42027
11.053066785923756 42115
10.947157055028468 45059
7.576024322580646 48435
8.76284014516129 49001
12.87630932258065 5005
12.544645669354828 5085
9.198686479708636 1003
7.418553441906938 12009
11.527947562800271 13245
14.193128038709679 18047
11.998291153225807 20087
7.528939258064518 20109
9.773958976858333 22033
7.630466311827961 22075
13.255394036502537 24013
13.009031459016386 24021
10.646729680107526 26063
8.839611967741934 28131
13.325686692082115 29159
7.829646247311829 30023
6.45575629032258 30045
6.623771209677419 31045
11.642344484306898 36065
9.38538200921659 37175
8.366628870967741 38083
8.50574343548387 40009
9.800309983870969 41049
7.461490483870967 48443
9.951081703225807 5043
12.11266886175115 51683
10.780993806451614 54015
8.475465620430105 6023
10.036066778592387 1121
15.340070308243728 17203
11.433845112903224 19165
9.958358626185948 32005
7.469278384408598 35009
9.017281129032256 38075
9.09965761935484 40039
7.276258762672804 4025
10.338950733870972 41033
11.44680695698925 45017
11.35820386021506 47001
7.860967974193547 48279
8.950572099462363 12089
11.006275338064523 13151
7.392740741935482 20023
11.83494603860393 26093
13.476015161290318 29139
10.84596065365025 36043
14.495584133870963 39025
10.6380456 45039
9.390868903225808 46039
8.573733316129035 48281
9.251010505376348 51103
11.17502672580645 54021
10.82090956989247 54045
12.777617138248843 55001
5.948219965437787 8037
9.50338278792037 1125
10.070916483870967 12129
10.112445204301078 13167
10.738774935483878 13177
10.690185707096774 13185
10.430381838709675 13309
13.03806529032258 16029
13.72424771691901 19153
8.858674096774193 20145
15.319136172043 21091
8.887168290322585 22001
9.451374792502184 37031
7.64690379032258 38011
9.781701526881726 46027
9.75436989247312 47153
10.1209755235732 48181
9.180574491935484 51119
10.746648401328272 51650
8.800632290322584 53047
8.484910496774186 53059
9.016856516129035 16003
10.924655623655914 16073
13.831159398617512 17077
12.282184602150537 29123
10.553910524193546 40103
11.998522960729316 42063
9.281880451612901 46067
11.16110433870968 47067
8.893964410138246 48025
7.8707154838709705 48393
8.616998019354842 48455
7.46597486635945 53049
9.549050995391706 54025
12.355188300586505 26037
12.24154860240509 26125
8.651391129032257 38053
15.314624627669236 39049
13.846608845161287 39067
17.927169610599076 42071
11.770762200390994 45003
8.871141354838711 46043
8.22959806451613 53019
11.394815032258066 55019
9.97530155645161 1029
8.867352935483874 1105
10.85342293176177 19193
8.141105903225805 20137
11.484151290322574 21109
11.701582258064516 21125
11.332876361290324 21127
12.048270339950374 26017
8.877517387096775 32027
11.362944172958143 36111
11.508961639784955 37017
13.173507021505376 39105
11.715730506912442 42131
11.772962921798623 45041
7.7267267741935495 48385
11.004421223446089 51550
11.680701806451612 54043
7.989493409015719 12081
14.114833073732749 34023
10.905269182795696 36035
12.409681544592024 36115
8.676095282258064 38097
13.175454973118276 39131
10.90434600716846 40133
14.52941750000001 42109
9.403000225806453 46097
8.380256327359618 48329
10.444451000000006 55029
12.358887741935481 56023
10.70240046774194 6049
5.412972829493091 8039
13.009952069975181 9011
10.810985781096438 2013
9.680151462365586 1111
9.352230870967741 12131
12.821091564516129 20021
8.8011775 20047
12.415429604838724 26005
9.400408623655915 28065
13.8058755983871 29037
15.57317916485652 29095
11.811508493796513 45021
10.897604842741936 47017
9.567631114858262 48167
10.95110453763441 5037
9.302789217741932 51133
10.01965907048985 1081
9.227486526881721 12045
10.17533188172043 13201
8.37654858064516 20135
9.647560833333333 28093
11.255016139784948 31147
14.38459955645162 39075
10.2878747562724 47177
9.166509080645167 48325
8.37768642069892 8031
7.071007767741934 8099
9.74310032795699 1061
10.501906599078339 27095
12.829765225806455 29025
13.328290767741935 29157
7.983201774193549 31149
8.721764467741936 38049
10.610343822580646 41025
9.587369080645159 46087
9.280511204301078 48077
9.173803908918414 48213
11.43520183064516 5053
9.879289672043015 55067
8.901092148387098 1057
8.272639242741926 12109
14.199364324220872 16001
14.850862024193544 17029
13.398417225806444 19191
9.597122752688172 20095
9.727628499999998 26113
9.804683407969637 28035
12.217658919354841 29063
7.503117483870967 30075
10.126730790322583 31151
12.421841553263347 33011
14.708693565113522 34039
12.316943779493108 36067
9.81739165232975 51173
13.787924367427237 6113
8.782495339873627 8001
7.8050732258064555 8085
10.810985781096438 15001
14.367240645161294 18115
8.097775048387097 20189
14.863366029953932 20209
14.008487981842082 25017
9.48532913647643 27027
8.708812290322582 28063
14.836661043255127 29047
9.558171431451616 40015
8.030540409867179 41041
11.075105806451619 47003
10.65252633064516 5079
14.520205899193552 55045
10.192238374193545 55107
10.698431688172047 13081
14.187634774193544 17099
11.068998879032263 19035
11.883227834101378 21001
9.358247794721404 22119
8.274192096774192 28157
11.934570701612902 29003
7.980294387096774 30039
8.701107548387096 48283
7.171504403225807 48377
9.14501156451613 51097
9.456508322580646 51101
9.337661580645163 51131
9.519549290322582 51181
14.789260964446749 6085
8.083473442673926 12071
11.74337588364849 13089
10.309477258064518 13103
9.984743379032254 13199
13.272346298387099 16075
14.836139387096775 19177
9.006667564516128 22077
9.497538193548385 26001
13.892325192903217 27163
11.38034731182796 27165
13.255834524193544 29135
8.901781655913979 30101
9.460809040322582 51193
9.216570645161294 1093
9.046932271889402 16057
14.85402470430108 17015
14.072435770609317 18069
11.570346919354835 19003
10.717777720430107 19119
15.88363147096774 19183
11.885122403225802 20107
10.80154347311828 21131
9.221375701612907 26055
8.277323903225806 30017
12.900381682795697 5071
6.873860592099132 8059
7.905183156429523 12021
10.975693878136198 13277
16.1688805548387 18147
10.019239967741937 20143
9.065275048387093 20183
9.140043564516128 28017
9.245109150537637 28123
8.68485808064516 48487
10.978212096774197 51570
7.538307431085044 8045
10.312051467741933 13033
10.658868602150534 13093
14.503473954838704 17191
16.05680470967742 19057
13.585608052419355 19125
9.94810484331797 26127
9.870619696068548 28049
10.210924483870965 28143
13.585313237536653 29097
9.780093274193549 31143
9.700447500000003 47101
9.727988000000003 51011
9.450747161290316 51037
10.94104130875576 51670
11.07722411290323 54091
11.995929903225802 19073
9.050671556451613 27089
10.022421709677413 31159
15.110497360335593 36081
13.483488334101368 39147
9.479021817204302 40067
11.081249719354842 45025
10.671779087976542 47013
7.894520612903228 48069
9.377493524193545 53043
14.374106991935482 17121
11.18780765806452 20139
9.856549033266113 22017
13.350543490242945 25009
9.380464766129029 28139
16.59245616941836 34007
12.339815980863875 42069
10.877412139784948 47121
9.4041553311828 48427
11.21047897849462 5061
8.633507782258066 53055
9.077972314516124 16013
15.658136947890823 17073
11.24726231612903 21231
9.2998985483871 28057
8.260668064516127 32011
8.140464048387098 35029
13.845011019354843 39125
13.445607701612897 55131
8.97000552329749 1053
10.198962854838712 13229
9.229864215053766 16059
12.999534817204305 19069
12.526101376344078 26059
5.8202946129032265 31007
13.224578659498203 40021
8.706033370967743 40059
10.714403877419358 47005
9.030237096774195 48175
9.043695898617518 48203
10.190809511520731 48251
7.083503725806451 56019
10.810985781096438 15003
14.919967370967745 17171
16.555364290322576 18037
10.560347032258065 20017
9.812088978494625 20077
12.769468695852538 21021
12.535707064516131 29061
7.49401593548387 31085
11.486301377016131 36057
13.259145096774196 40001
6.854816258064517 48359
8.687716139784946 48403
9.523390576612899 51073
10.03242854193548 51820
20.687575809442393 6029
9.928575130605836 6071
14.465931667741927 18103
16.466637196840047 18163
11.599388619354837 20133
13.63399593548387 21103
13.004208473118277 21191
11.789763612903227 21203
9.9102204 28137
11.657847650537633 29155
14.17463630107527 29173
5.050603060931899 35039
14.354770451612906 39103
8.684225965260548 41011
10.535456336405538 47133
9.313775693548385 48047
7.212045806451613 48371
8.287320425806449 48457
9.927116086021506 51079
9.728682688172038 51127
9.86616289247311 1017
10.162551258064518 13159
14.299046268817197 18175
8.746771913978499 20051
8.327960032258066 20171
12.726282868578227 26065
9.711779061290327 26143
9.065510310483871 30047
9.357643154121865 31119
12.576719613370775 34001
11.566464801843315 45061
7.6731592096774195 48335
7.415943602150537 48475
15.292813812903235 19113
9.667757354838708 27057
8.951811075268813 28147
12.902814739002924 29187
10.715814669677416 36045
13.122208258709671 36091
11.444212017077794 37057
9.590959758064507 37083
7.778559693548384 38041
16.6658536281834 42077
10.405534453917053 45047
10.589832435483872 47041
10.13040758064516 48119
9.124016005376342 48365
10.309329911290325 48387
9.219268403225808 49019
11.69594872043011 51043
11.628424788530472 54049
10.87222571290322 55083
6.673851161290324 8017
14.139930777419346 17105
14.44824874654377 19123
12.662978053763448 19195
10.506013430107524 20041
13.831966526881713 39117
13.253281191397853 39143
11.235520377880167 42111
11.133654304147468 45057
11.635748015427767 45085
8.894043673387094 46013
9.436416078853037 1005
10.672302892473118 13003
9.687367064516128 13239
13.203507091935494 19169
8.672735890322581 22003
11.094131284946227 27067
8.479739032258065 27077
9.296843330645164 28061
11.774502129032266 37165
10.939982967741932 49027
10.429703961290324 51775
10.810985781096438 2188
10.810985781096438 15009
13.207855911290316 17127
14.452808118279568 19019
11.742109769585255 21043
9.241424778801843 22031
7.085290870967745 31117
16.183442366157326 34005
15.480470087543939 36005
12.86292769208212 40145
11.546109749379651 40147
7.092799605401346 4015
11.732018290322582 41017
12.946531812903228 55011
10.194577215053767 55013
6.491295677419355 8011
11.74527851612903 19001
7.326434774193548 20071
9.57787871505377 22111
8.6662112 28159
9.425051166666664 37185
8.405776913978498 40007
8.204980258064518 48295
8.825362370967744 48391
8.018063435483873 48411
5.12327408064516 8119
14.071934343715244 9013
10.810985781096438 2050
9.610914596774196 12077
10.634221505376349 13043
13.132952182795698 19131
11.37621519354838 19145
12.720428372983857 20103
7.369798387096772 20181
9.39898491612903 28127
12.424477814516132 29091
13.656815814516131 39115
11.912034367524459 45079
8.26613026344086 48299
9.51861183870968 51530
11.327344252199405 51660
10.320515806451612 13007
8.967155609677416 13039
10.594821553763438 13055
10.082727580645159 13269
12.58267980645161 16077
15.355032765395897 19111
14.3038112234461 21067
16.071872331362904 21111
8.809863 30071
11.694807093841645 37163
9.318641387096775 46057
8.96126269892473 48363
10.614827345161293 50005
9.629685672811059 51033
15.701923654121865 6001
7.207759935483874 8083
11.94633308460136 10005
9.510076117511524 1031
8.798210268817206 1091
15.744742422267295 17031
12.456743516129025 19197
12.126385166666662 29143
8.540611562211982 31047
6.176513306451618 35051
11.49780855131964 36007
11.06142085322582 42033
7.728991225806453 46105
10.787283811827962 47117
8.630960318996404 48323
9.54924139784946 13025
10.057825769585254 13133
11.152264548387098 13147
9.418178096774191 20123
10.325507092165898 24023
12.280372712158803 26067
9.527196948387099 27007
12.720777251612903 27161
11.328729264112889 36055
11.392671935483872 55115
7.504047525345617 12051
13.490231645161296 19005
8.775139870967742 20025
12.420613483870968 20037
7.282858129032257 27031
10.840823459895374 31109
10.659064369032262 36069
10.3523956 36097
9.000813741935485 37177
13.20004047311828 39015
8.927405560483875 40065
12.086573451612912 40121
17.22286919562955 42075
10.601093752688174 5039
11.79082695894431 51760
12.733507503225802 54037
13.85749913064515 55087
10.480581948832018 8077
7.121613833333326 12087
15.143205354091952 17043
14.61383498064517 18139
15.107128602150544 19097
14.380168104838713 21233
8.222603279569894 23003
8.267029935483867 26089
10.3483692983871 27121
12.976168193548387 29229
10.238832451612904 31021
8.389869387096773 38051
8.31521837634409 38093
9.126558866359446 48149
13.544594187623408 5007
9.911558290322581 51067
9.785830161290319 54083
13.726981572777344 55139
4.726152600000001 8093
10.810985781096438 2240
9.278483870967746 13241
15.199722267281107 18167
13.597390709677432 21209
13.045235200000002 29115
6.204574246679316 35031
10.705200424731187 36023
10.868757486352354 37047
9.528888238709674 47091
11.249887537236182 51710
10.244179387096771 51735
9.62162216129032 54063
10.405191567741936 13211
12.220249792626726 16019
15.863353269794732 18081
9.529340961290329 22073
13.928433146576118 24025
11.905017645161289 29203
13.5791133816129 34031
14.006998410138262 39065
10.015154951612901 51630
13.049605394265228 55081
9.08496286129033 56013
10.405292296774192 13267
14.431236866359452 17051
13.352511034739445 27131
8.633322032258066 28037
7.33168358064516 30011
8.18390948387097 30033
9.721860777419353 30063
13.881629529776687 34019
5.06748230875576 35006
10.272647431451624 37147
8.523361774193551 46059
8.243906540322579 48049
9.41917308274894 48469
14.943339612903223 18021
9.159020499999999 20185
8.714313767180922 23019
12.845609328709632 26161
8.608358483870965 28069
9.106928669354836 28153
7.996116546370967 30111
6.726817774193551 40025
7.0882730311059925 4005
7.504774338709678 46071
8.028146075268818 48107
8.137289096774193 48275
11.12054707526882 49015
12.970850876061117 51510
9.364851411290326 53017
9.878068728494629 53071
13.066805009216594 55057
7.564777129032255 8087
10.569966111111109 12039
11.133546637096776 20149
10.211849623655915 22007
11.371339572580634 27059
10.58758506810037 45015
9.358013774193548 48177
9.122266806451611 48425
10.0975425 5013
8.760756774193549 1063
15.411215696774205 17109
15.929960637096771 18125
10.523116548387097 20027
13.099727677419354 21033
13.19562122580645 21049
9.862758153958953 22015
9.0439228114144 22089
14.203246079900774 25021
11.526302908602151 26087
13.003722831541223 29169
11.103987636200724 37023
11.702799945409424 47125
11.260022833333327 50025
11.947589206451616 51840
7.917156606758837 12083
14.385356161290334 18009
14.063948569892469 18049
14.387757540322584 18053
14.649077870967746 19179
11.435177924731187 29087
9.19573058064516 31125
8.385057935483871 38031
10.33137249032258 47129
10.340732406451613 47151
12.064732032258066 55141
19.0909843377222 6047
9.75175970967742 16043
15.294319235023043 17067
8.956111365591397 20055
7.980239016129034 30015
11.333011330645164 36053
12.483827924685011 37119
12.693334530397003 42079
10.028759881720433 47081
7.566301612903226 48327
9.471197135483866 48489
13.111953381720435 55047
9.883858651612902 55069
9.13853155376344 55113
8.753790358422938 1025
9.840878129032257 13301
11.085333474910398 13313
14.615729049853387 18017
13.317039435483867 27169
9.443702217741933 28135
7.240957725806454 30065
9.62700921505376 31081
5.278581150537636 35053
11.15238553349877 37161
11.796259475455818 42039
13.25803399032259 42085
8.756940375 48053
9.250610844086022 48419
5.867333709677419 8053
11.302860516129028 16065
9.117512677419354 16081
14.828638043010752 17035
15.47171652891053 17167
11.251011247311828 20085
9.297917935483873 20105
11.276767016129035 21237
13.6215570274698 26081
11.410878709677421 27093
9.138114116129035 28025
12.108215204301075 40077
7.496948193548387 48103
9.58001888927637 48485
8.530399685099846 49053
13.344875919354841 55009
13.518361141129025 29027
6.705162161290325 31075
10.097517741935476 37019
16.148290744416858 42017
10.810985781096438 2105
9.036855830645164 1085
14.382820992555837 18065
8.81273837419355 22029
10.340823 28027
12.137032370967733 29023
14.437763490178387 34003
9.737549999193538 45013
10.420276774193544 47051
10.846844470967751 5035
10.278280521889396 51800
13.919064897849456 55021
12.974590693548388 55091
10.87976166532259 20061
9.00340853548387 28079
13.608663137096771 29177
9.525147790322578 31179
6.047850666034137 35001
10.132239793548393 37111
15.57714685483871 42099
10.09956709677419 45053
7.319747193548388 46019
10.417286419354836 47077
10.134210069892468 47115
13.190630141935474 55035
10.685840671079648 6111
10.081872838709682 13137
9.920246634408603 13149
14.608112104838705 17025
14.036564575268818 17145
8.480857677419356 26019
11.738790258064514 29035
9.820838087557606 31141
14.89332159723503 39057
14.397708392059537 41067
9.534529206451609 48273
10.552583610215054 48277
11.771287806451607 5021
10.207002091397857 51790
5.142726951612905 8021
7.44216190720283 8069
13.633713652329757 39039
13.343161580645162 39079
14.758176716129038 39153
9.005429989247311 40075
6.987962838709679 48079
6.982251838709677 48109
8.58015991129032 48407
13.41108435483871 54051
13.918155753225818 55027
10.488051870967741 13091
16.79163782634411 17163
14.037060268817205 18155
11.487706580645161 19151
13.609986750537635 29051
14.199279508826823 42003
10.681592891129037 45071
7.698675419354839 48445
10.493973313364059 51027
10.972869761290319 54041
5.301554064516128 8015
8.828195368663591 1099
9.847734709677418 13265
8.206788735483872 26061
11.846574935483876 29069
12.754023774193548 29153
9.034026387096775 30061
6.2894401827957 35037
9.289084115207377 37053
8.828769032258062 38019
14.629102334562235 39041
15.099698113391977 39165
11.627386368663599 40037
12.101308556334713 45083
10.404641400153611 46099
9.491517250000001 47181
9.14268896774194 48099
8.16531933548387 48133
10.662154812443568 48201
25.318950373954568 49011
9.153008335483866 51025
9.98501091129033 56037
11.506237702508963 6035
6.226584096774192 8025
10.435595150537637 13253
14.01376241935484 18077
13.366152056451611 21055
9.428825735887104 22101
10.900455541713027 40017
11.014079628245495 47065
8.841694750948768 48303
10.304397392789394 48309
9.602795407624642 51095
12.326501612903224 54099
10.326561161290323 1071
10.060949767741933 13189
10.46303990967742 13257
14.352408088709678 18131
11.688991814271747 23005
13.286541629677425 25005
8.701142124069483 26029
12.679621177419358 27079
12.026352794838717 33017
15.136903824023674 36047
9.605649103225806 37091
11.293879615835774 37153
7.404460210685487 4003
13.169154745519718 40135
12.144508563049865 42009
10.748895524193545 45009
10.952915724340167 45023
7.619991032258066 48269
10.480180677419353 54001
10.853898041474661 54059
9.72023864516129 12059
10.912633667741925 13115
9.271748258064518 27155
9.023433933786075 28075
9.166005650537635 28085
7.84457511693548 30093
5.612010774193548 35021
8.287152080645162 38003
8.91665902419355 38079
10.768013854838712 40005
14.42537161290323 42093
8.778332687096777 53041
6.437910405529952 8089
10.978739747311831 13019
10.32131529032258 13023
14.587416592741944 17183
9.120662225806454 20007
9.850504250000004 20029
11.009864705376353 26073
10.4286931827957 27101
8.95822060215054 31107
9.697566738863285 36009
9.135061129032257 37043
14.069372116129026 39031
11.019862640553 40081
11.391736290322582 41037
11.589287086021503 45033
7.881869860215056 48305
9.640335537634408 48343
7.410735887096772 48501
9.185443741935483 51017
11.052093684939628 1073
14.280490142857147 17007
14.030122573732719 18091
13.09655059677419 29105
9.765070633431085 37013
9.224855019713265 38035
9.016229391129038 48409
9.529725561290327 48467
9.8008545 48473
12.503560050691247 5023
13.292381604218368 5131
10.611092227023727 13215
16.397851142252794 17119
11.854170120967748 19175
12.191807849462363 21011
14.645132407834101 21185
9.621901509677425 26039
10.82961950537634 27127
8.987810431451619 28113
11.964455129032258 29075
6.936058661290323 30027
10.6017869516129 31043
9.571799470046082 32001
10.461228415053762 36037
8.989583741935485 41069
11.715871161290321 45031
11.64412584002633 47149
10.600918080645163 55078
11.230939448713302 6083
14.657739753584233 9007
11.502181419354843 19161
11.669845967741935 21165
7.984972032258067 26095
13.421971367741936 27055
13.425529935483874 29101
13.763696483870971 29103
14.25032447465437 39019
11.05732657419355 40063
7.7387825604838705 41057
8.564497161290323 48241
11.346547258064504 50023
10.704194086021502 5091
8.567293967741934 53023
7.169423967741938 56003
10.56408284408602 1019
9.754672419354842 13125
9.456960591397847 13291
14.082682814516122 18099
15.498001658064503 18123
14.647337447004613 19011
12.418804947580655 20121
7.767671032258064 20193
8.988177722580645 22049
12.961742650951201 26025
10.78642649193548 40083
10.735925580645162 47137
9.916291301075267 48159
8.689393618279572 48259
10.45090594567063 51680
6.638305516129032 8009
15.187711832258062 17017
8.900262131964821 22095
12.443855283410132 26045
9.14928801075269 28029
9.318162857142875 28059
14.366650524193549 29111
8.04933108064516 30073
9.843856200460827 36033
7.824957774193546 38007
8.154713741935481 48483
13.914222383870971 19127
12.353397588709681 21087
10.060995193548386 22005
11.04363510483871 23001
13.306950109224651 26077
13.393622236559136 29059
13.582148909677421 29213
9.822233193548389 31185
9.21573228315412 37113
10.85721970967741 37197
12.82655949820788 40115
12.674708946607353 41047
11.996937238863282 42021
8.497975387096774 46015
8.628153967741934 46017
8.552735951612906 46045
8.703679314516126 48143
10.517124517904705 48453
24.68852567866005 49005
18.003839155425215 49045
12.721824397849469 5083
10.913711618279576 5123
12.715312784946239 5149
9.686071296774198 55129
8.422005236559139 12029
11.445457338852421 13135
11.910225399193546 20099
9.463596232974915 26007
9.317246967741932 27069
13.440167354838703 29186
13.803807467741935 29197
9.447891956989249 31121
9.136631445161292 37011
11.170440336405525 37151
8.931895247311823 38077
10.367711513196477 40013
11.691256992153432 45063
7.588956645161289 48081
5.307843935483872 8065
6.605072463709677 8107
9.595024096774196 1045
10.316635440860212 13035
11.741329218894009 16083
14.27076548387097 19051
13.222664559139789 19089
11.083572930875572 21025
12.705795726655342 21151
11.192195129032259 21189
14.392302766129037 21225
8.287864993248311 22103
13.308454825127335 27019
14.540645211981555 29113
12.611627787096772 29221
8.411803161290324 31015
10.794217567448689 36015
10.843661016129035 37123
15.869576525862055 42029
13.21660757478006 44001
7.921227677419355 48191
7.489109032258064 48461
25.84123387355445 49035
6.260204048387098 56015
8.80127969354839 13049
10.54962287096774 13173
12.638015268817202 21039
11.179409698924731 21053
12.484224419354845 21173
9.298535016129032 22083
13.218693524926683 29029
8.983059000000004 31093
6.935939709677419 35041
11.453058785639955 40027
13.103636090213259 42125
10.046830764976956 45043
10.153211758064517 5103
13.417247215053766 51610
15.306749722744003 6081
15.068870758064511 17009
11.774711069892476 19109
10.591629193548386 20073
7.80931590439883 4027
9.759355818181817 48493
9.882907215053761 50009
11.028600822580646 5001
11.665152248847921 5059
9.380191283870962 51147
10.023461557184756 51185
9.360160490322578 26079
15.41121961827957 29099
15.623223582181236 34015
6.623840403225804 35017
8.576761258064519 38061
8.075650752688178 48059
7.744635072580643 48415
11.475350696236566 5069
13.885028768328446 55015
13.797726736559142 55023
8.443668266129032 12007
7.526297157624633 12111
13.176740623655917 21017
13.356827632258067 27039
14.805075936778506 27053
14.553310505376345 29045
9.86550101075269 31037
7.616257354838708 38087
13.906040188585616 39129
7.9750998290322554 4023
11.700293152191895 47163
7.119720987096775 48389
23.15758714956011 49003
9.384542354838704 1027
7.692586946132778 12086
13.143525567741936 17181
14.994430736559144 17195
15.76818471612903 19087
10.1189882672811 22047
8.553506967741935 28007
14.345218419354833 29043
15.885870141353106 36061
14.04497459354839 39021
9.954019841733874 40031
8.90865363709677 48073
8.388330483870968 48197
10.1159808 5041
10.17654016248507 51179
9.726178004608293 1133
10.273866354838708 13079
9.072239612903228 16021
13.286309663082438 18033
14.047251107526879 18137
16.052746716129032 19031
8.815357268817202 22021
9.369449387096774 30091
7.2897976021505375 30099
9.69707023387097 48013
8.450465000000003 48023
10.024042347670264 48223
8.6218254516129 48503
8.91546616129032 53039
8.335214584946232 6033
9.993826830645162 13163
10.683966140916803 13223
14.59048072580646 18031
14.600525961290312 18071
13.597200798387101 19037
10.499594569198747 23011
8.50312207526882 38021
6.07617221572581 4001
10.99875018548386 40125
10.70353129519881 41039
9.931656451612904 45065
10.586459612903225 45073
12.145276061290325 47105
10.33071424750214 48215
9.64953684516129 51075
10.534852808933 51191
14.588848826574484 9001
8.88802489032258 1035
9.203695169354841 12123
13.996310084485415 17037
12.099260300075033 20177
8.856886467741939 22023
7.819382630272951 23029
12.90400916774193 29161
8.69334356451613 30083
9.16733465591398 30105
10.699452672811052 31067
9.466558215053759 37187
8.801720532258065 48247
13.2351706344086 49013
10.798222580645161 5077
8.83882137096774 53007
13.713257225806451 55103
10.810985781096438 2282
7.292089649881979 12097
16.248875642228732 18173
11.504646596774194 21171
9.421475854838707 31027
5.892679161290323 31105
10.577587021505375 36017
13.468893215053765 39163
10.312862575268825 47143
7.561270725806449 48117
7.679540000000002 48169
9.334773438392387 48479
11.19782113902773 51041
10.167781860215056 51750
10.17790710080645 54047
23.780333767025112 6031
10.810985781096438 2198
10.490620501560855 1015
8.753296467741936 1131
10.958631699751864 13057
10.515829799999997 13105
14.28432548847926 18149
8.737960488479267 22053
12.227961525345622 26145
7.94200829032258 30103
7.122981564516128 31031
10.570478405772505 37195
10.849865028673836 42103
9.651887881720429 46079
10.686175666666662 47031
10.237373941348972 47047
9.315295274193545 51115
10.292675445161292 51690
10.27126058064516 13171
8.666168709677418 20083
10.565998430107525 27133
13.126029284321088 36093
11.63166576451613 40111
13.559570862499987 41005
8.57950692473118 41063
8.286862370967746 46053
8.280219096774196 46085
11.52078368548387 54087
9.813208819750997 1097
12.346499467741934 19155
13.131024612903227 21167
14.106696981566827 21183
12.266510045161294 24029
12.423602475806456 29133
12.740012232339717 36027
11.019035359347905 37067
9.940095193548386 41031
7.073824999999999 46047
9.984234064516128 46101
8.624056954838705 48007
10.787868709677419 51171
12.47653860794046 5145
10.458670293333327 53061
6.819024890322583 56029
10.769971935483868 20019
9.040526605734767 22009
8.621966290322582 31083
10.586491926881727 36039
11.29226458870967 47111
7.694166758064514 48267
11.669567690322577 5067
11.125650078341012 5111
5.903985951612902 56031
8.638913064516133 56039
10.872040741935482 13069
9.517219935483872 13101
10.016405483870965 13237
15.576886037001895 17115
14.984823564516127 17139
15.906707858064516 17187
10.714386478005867 21095
8.95154347311828 22025
9.206584199999998 28071
14.727513079109064 34013
9.050562080645157 37009
8.58577761290323 38081
12.042887882580638 39007
10.017685025426946 45019
8.20599341935484 46119
14.626825616935479 17135
14.499340672811053 18075
9.956168559139785 20157
13.665506363636373 21073
10.906229354838699 21193
9.95472492831542 26069
8.70910492831542 28109
9.420917926829281 35013
11.865171689149555 37097
16.147769623339666 42095
10.760306376344086 45011
9.384254096774196 46061
9.592359156916354 48339
9.693349048387098 51580
13.105292574193548 9015
10.599283645161286 1043
10.477723309139769 1117
10.990437261290317 24041
12.593168771388507 26091
12.965526860126875 26163
8.293833782258066 31041
9.263706274193549 31181
9.318905225806455 38023
14.566021845161298 39149
7.9533398387096765 48417
10.44655241191067 1113
14.969236465437797 18015
9.394488258064518 20089
8.626591251612906 20175
6.46137847311828 31013
8.064424451612904 31115
12.283691627870937 34029
10.675640697270476 37037
9.558754756048394 37087
8.468928548387098 40045
10.235594792114686 40049
6.551556247658689 4017
16.58843030820972 42091
11.918477838008428 45091
9.551196967741932 48015
9.242262322580643 51057
9.96937013225806 5139
19.404589875175308 6039
10.836425563049854 6103
11.6618505601173 6109
12.149326817204303 19053
12.645740819354838 21161
8.3907076344086 26153
9.397166380645162 28117
4.974866087557604 35047
9.144051105608352 4019
13.270693132859497 51013
10.43223051612903 51720
7.149049276497688 12069
11.858615443548386 20005
12.109339258064512 21135
9.484214849462365 22123
9.845282538899422 24037
14.293260504677404 24510
10.671458741935483 26011
8.736351346774194 26047
10.495169846774196 27023
14.542750716808127 27037
9.901735397849462 31023
6.0729108781362 35061
11.055011835372639 36075
10.748384870967742 40029
12.99448421774194 40101
7.599267048387097 49025
11.843438046774192 5051
13.08450611059909 54003
14.590610753665688 55127
9.582798093189965 1059
9.64813254193549 13111
10.479585079404469 13175
9.387105016129029 22081
14.834258167647771 27123
16.501237398938326 29183
13.369534047538204 36079
13.688906255259472 39081
13.955000719061578 39155
9.257048350230415 48035
10.573382493888996 48141
7.997136548387097 48153
8.167307397849461 48437
10.48562658651027 51195
12.94305830107526 54053
10.499689923387093 54077
12.92473242396312 55109
12.381643532258071 6115
10.810985781096438 46102
10.84339695459976 1103
9.115575459677421 12037
11.385754045161299 19047
11.497571320605687 26147
13.263299166666666 27045
8.848018661290327 30041
10.90656326451613 31177
9.880684398826979 36121
12.582016670506903 40131
9.398712193548386 41021
9.967765320099254 51015
11.12090286170477 53033
13.384016270161291 54029
11.576108045066384 13121
10.08769006810036 16017
8.339646403225803 20067
11.142411236559138 21159
11.981716451612902 21169
10.902396437788012 25001
11.52874820099256 26117
14.155002529032252 29163
7.95197864516129 30109
8.814367989247312 31137
11.691353029032257 50001
12.527114483870964 5087
11.021346782258071 5133
10.70237017008797 51730
10.961898429032257 55005
8.926616161290324 55041
9.31294319354839 1007
14.553210903225812 17005
8.89547129032258 20081
12.524696500848892 21047
15.879834492286115 21059
11.555179695340499 27009
9.356549795698923 28115
8.574624516129035 32033
13.58974620276498 39069
9.627292533724338 41019
13.696776048387106 42073
7.749528846774192 48115
9.898023184587815 48257
9.220604632258066 48395
9.916678245161286 51137
9.010833683870965 53075
12.496213890322593 54079
7.1816805322580635 8125
7.620929970465014 12105
14.621283526881717 18107
11.0104027983871 19141
9.254754548387098 20053
11.041463285359804 25003
11.316534972704716 45007
9.789315516129033 48379
10.810985781096438 2195
11.273300220430109 19021
13.31666003870968 19067
12.407538508064519 21213
9.459127999999996 27001
9.979496465437778 37145
13.653857985014 39095
8.883497658064515 40153
10.170468630107516 41059
13.018726056244828 44003
12.872460203675978 51059
9.956615235483872 51155
9.83088599677419 51177
12.487682854838706 54073
9.635409327956989 28107
12.966660446236562 29015
9.025173854838712 32013
8.216932516129033 38065
8.745259408602148 40043
11.132107473118278 40127
16.80557163396971 42041
10.249407220843665 42123
10.654553691756272 47103
10.846756290322578 47159
9.56204448847926 5003
10.12571132862903 51019
9.713423951612903 51021
7.7726809999999995 8081
10.533921983870966 13031
10.666271280645152 13097
14.690056161290324 18181
12.630414574193546 19079
8.288625564516131 26013
8.882205666666666 27029
11.751238838709678 29179
7.2865362580645145 31029
10.188549036290322 51047
9.216531403225808 53003
11.269114747311843 54061
8.466428567741934 55125
6.749120188269803 8101
9.003511228494624 12023
9.590322706951405 12033
11.375307801075262 13131
9.801291748387094 13311
15.058725993548391 19105
15.089099412186377 21029
9.260834677419354 26043
11.58933188709677 33019
10.376690509216601 37021
11.567664428724385 40109
10.810985781096438 2261
10.429218204301074 13109
12.175426494623649 21035
8.280002790322582 22091
10.748687454301075 26151
9.334607012096779 26165
9.172821655913976 28111
12.039973559139783 29149
10.409441793548392 31155
9.55803297270471 36003
10.054972606451617 36051
14.616425005093388 41051
8.947647204301074 48505
11.100373088709677 54005
12.603979833616295 55071
11.042836064516125 13205
12.811998243401757 19033
12.056786387096773 21221
11.480937278438036 26111
8.968132890322575 27113
9.971858784380299 30029
9.957401112903218 36101
10.968562946236558 37107
13.289818546594983 39043
13.699303368279569 39083
14.087135889784943 39097
11.691733741935485 47095
8.07643370967742 48155
11.160345700975453 6059
10.453787258064514 13083
12.226620129032257 19081
11.978202459677421 19091
13.836536921146951 19099
11.469116444168737 20015
8.047671548387095 20063
8.562546268817204 20147
14.405538967115582 25013
8.888834903225804 27071
12.338826096774195 29065
7.424226838709678 31171
7.847388064516128 38033
11.232454688753288 47187
9.409487175627245 51117
5.379195838709677 8109
10.810985781096438 2016
10.52604173118279 1009
10.167233634408602 13305
14.801830629032255 17049
14.84696915632754 17117
12.58361622580645 21201
8.265109560483873 26103
9.38660077419355 28141
11.950545733870971 29093
6.996759366359449 30049
9.154725812316714 31019
8.324595612903227 31073
9.286680064516132 32021
4.810080322580643 35033
15.25562442685671 39151
12.859944408602146 40097
10.447846133008042 48439
9.42910375806452 51029
9.349451559139789 51063
13.469394245161293 19007
10.194239385304655 24009
12.885454822580641 29049
14.777241863163365 29077
9.09741930107527 38009
13.419404246679308 39141
9.510834314516128 41065
10.992752734767025 45087
8.985613688172045 48009
9.108253064516123 48123
11.164149572580646 5093
10.810985781096438 2164
9.779145487786714 12031
8.417839193548387 16015
11.312038838709679 19071
13.76574248387096 19075
12.77837755645161 19117
10.91751658064516 21147
14.005047064516134 21211
9.440343752688172 22035
11.12551305189342 24001
8.690088999999997 28001
6.885087860215054 30095
7.675229467741936 32017
8.747583655913981 38071
10.584116403225806 40123
9.381507741935483 41055
10.285034555555553 42047
11.994584824372755 42059
9.673467032258063 47071
10.545055713261657 48037
10.085547776274707 48139
9.516304236559145 51109
10.810985781096438 2290
10.057134460829495 13293
13.763796078853039 17165
14.169226967741945 18169
12.410727019354841 21009
9.634106540885222 22055
11.614467403225811 26057
8.456067516129034 30035
11.868604808243736 33013
9.852523811059903 36049
16.956425222580666 42011
9.806543413978495 46011
8.666131172043013 46023
7.289008387096772 46093
12.911049182795704 5029
12.314121731182794 5105
10.808519818548394 51187
10.799869231182791 1095
8.002710064516128 31103
11.01870481827956 37063
8.42702635483871 38091
10.959302860215061 41003
7.564088096774194 48125
7.029468677419356 48301
8.85627519354839 49055
13.205931005865105 5033
5.607553556451614 8003
5.461128510752689 8071
9.36815495852535 12121
14.139831422043022 17055
14.580480341935493 18035
12.69873670609319 21083
12.968916789032257 25023
9.686284758064517 31051
7.213405838709672 35005
10.498271325806455 41009
10.486516377419347 47043
11.256632903225807 47169
7.9366683483871014 48227
11.267184316028242 51087
11.526140612903227 5147
10.147217317204298 51540
11.41640660322581 6009
13.079154193548382 6043
9.05774548387097 16009
14.232196316129023 18143
13.901836625000001 21239
8.260163738140406 23009
12.40123145755517 26075
9.958978892473123 28119
6.643583 31123
11.084818469677423 37101
9.638803279569888 37117
13.551766350230405 39055
8.230804225806452 46107
9.963820432258066 47139
12.104033262096776 5063
10.59635031085045 51700
9.809185824884795 12133
10.07942397849462 13319
14.943775324596768 18127
11.50658670967742 27091
10.012844913978496 27149
14.109781516129033 29199
8.482709107526881 38073
13.673706064516118 39033
9.994144677419355 40053
17.545300108188584 42043
11.889075177419343 44009
7.550856129032259 48105
7.970163161290323 48129
9.3221082688172 48337
9.344758353265151 48423
9.834853185483869 51071
11.23472043010753 5109
9.922660467741936 51113
10.048874768145158 51121
9.998541204301075 54023
17.537629214481814 6099
10.776668772177413 1083
9.48688501612903 13065
14.825537021505378 17079
14.767637078043716 18105
12.195022645161297 19039
9.18532628387097 22013
13.602281658986179 29109
11.055338334987594 37105
13.08631165260545 39123
9.337017832258061 40011
11.628140591397855 5055
13.225433741935488 17087
14.872045511769825 18095
11.272228645161292 19085
10.975921951612902 21153
13.689138315412178 21177
12.554090895161293 29215
12.145832219354839 41035
8.131326077419356 48171
8.5497674160178 48381
9.50133873387097 51141
12.414375804717299 6053
6.740312596774193 8121
10.810985781096438 2090
7.194554392473121 12061
10.837363935483873 13027
9.946899854838708 13243
10.432867956989249 13255
10.938654129032257 16063
10.804317201612903 19133
7.537125967741933 20129
12.642848266862169 26015
13.4968572 27049
9.784526419354837 27051
9.941664193548387 31173
9.097478500000001 46051
7.360205451612903 48003
9.881431853257418 48039
8.371012634408604 55051
5.4458205000000035 56001
6.939097112903223 8075
11.27663696774193 13157
14.176092625806456 17053
15.998708225806448 17071
14.33284776246336 17201
10.105392588235299 20155
12.906012363465857 25027
8.296084709677418 30079
10.912385393887941 36019
11.56776624822309 36029
9.594327637096773 37015
10.361842129032263 40051
14.254718535483866 42067
7.156083365591396 48043
7.580418048387093 49037
10.535468637096772 51051
10.265685200790022 53067
9.104974177419354 12067
11.08127309677419 13321
9.250803881720433 20151
14.752440865102626 21015
13.695453456653228 24043
13.357639222011377 26149
12.420881245161288 26159
13.044685177419353 29057
13.223212953405026 39051
13.852645086021507 39175
11.221180090909096 40113
9.828991048387095 47135
9.66668969354838 48145
7.933799629032258 48317
9.260259827956993 51111
8.777449404301068 53057
10.604157946236555 54007
16.838353372636274 16027
12.70301951612904 19185
11.000150664516125 21071
10.095911831989222 36105
9.26705867741935 37099
9.43784099677419 37139
7.972242967741936 46075
10.673060091397847 47075
6.961398096774193 48243
8.294997166666665 48253
10.464031290322572 54019
13.814057846153844 55111
6.219698544156525 8035
7.744325658719017 12095
10.206784483870965 13045
10.009623103942657 13299
15.951174631336405 18027
14.573599478494623 18061
9.548689107526886 20159
8.93084391171477 22097
9.923993290322581 26085
12.242263815249258 27141
9.822635896313374 28067
15.221582170506908 34021
10.945609225806452 40119
10.280737397849455 47185
8.40598576129032 48019
9.806576371215877 48027
8.247588303225816 48465
9.116471258064514 49031
12.889882279569894 5047
10.403857219354844 51139
6.901868445468498 53009
5.454511935483871 8105
9.404749912023473 8123
9.851024459677417 13187
19.091716338709677 16041
11.754620341935492 20059
8.748784225806451 20097
12.684346209677427 21155
13.158837763440866 29089
7.729958720430109 30057
8.788015161290325 31077
12.986324344086013 42061
10.43528736129032 45081
8.963483440860216 48071
7.488405225806451 48369
10.674858366568913 51810
11.315181575268818 6021
7.296947930479884 12011
7.26554685483871 12049
7.756131561515383 12117
16.716413464653417 19163
12.798112462365594 21023
9.155087837992847 28047
8.961158462365596 28161
8.358350075268817 30001
6.409190623655913 31033
12.925568071358741 33015
11.543000650201614 34009
5.125851955069118 35043
8.326028741935485 38047
14.549800445564514 39169
14.774295471248234 42001
10.551251257155814 45051
10.309940924731182 47023
10.278671776396978 48029
9.608795141379812 6073
6.827781258064514 8091
6.140286298387094 8097
10.810985781096438 15007
9.810953887096774 13181
8.922711967741936 16035
11.465701451612905 21121
8.88422591705069 22085
13.049676385752672 26021
8.010317279569897 26131
13.394034462883784 27003
10.366282640552996 27083
12.83885417204301 29185
13.539364857685008 42007
8.812977895161287 46109
9.259688161290322 48239
10.807409860780984 51165
12.194594225806457 55017
13.536199027419356 55039
7.973158806451614 56033
9.036776476702506 1013
9.377584273013385 12091
16.48509298041477 18097
10.813227490322578 21119
7.34092006451613 31057
10.366980340175946 46083
11.3855320609319 47079
9.901501801843308 51053
12.3663357782258 55033
14.623120632258066 55065
15.414975441935477 18083
12.963341274193551 21157
10.694495233870969 25007
12.957503513440853 25015
13.56062409970674 26027
8.577068691244241 28045
11.579720490015356 36021
12.86189599560116 42019
9.174330198327347 48355
10.131296145161285 13231
11.492091380645157 20001
13.20920355483871 29073
8.521407387096772 31183
11.310403425700688 36063
8.991987516129031 37095
11.359776694789081 37191
15.387896698466687 39035
8.121910999999999 41015
10.887066725806445 42127
16.727617304301074 42133
9.127264354838713 46005
11.843941976958538 47189
6.819936451612903 48205
7.7641496451612895 48341
9.701900592375369 48497
11.273710084367242 53021
11.964241243516748 9005
13.564539193548383 19023
10.788863082949304 19167
8.84823798064516 28013
9.449950387096775 28129
9.335184209677418 28163
13.609318301075257 29209
8.964424129032258 31011
10.317393304659502 37169
15.35557838266924 39113
10.035764218637988 48147
8.39593498387097 48507
10.567716205645166 51590
9.587103258064515 51678
11.558542913978531 53077
5.342219580645161 8049
10.810985781096438 2180
9.424896318996419 1021
9.262451827956987 1037
9.91782609677419 13317
14.489897921658983 18001
15.598345852534564 18051
12.93134168486353 21019
9.833388322580644 27073
8.998134709677421 31061
9.4946854516129 37073
9.79634131182796 42083
7.738670548387097 46137
9.851229025806454 48209
8.850965588709677 48297
9.330490193548389 48459
12.459549580645161 5049
7.6734778689516 53027
13.123636393548392 55077
13.326427325513206 16005
15.404935499606616 17113
15.249227823821329 19061
12.061254048387097 21003
13.899742467741937 21223
6.506818580645161 30059
12.336938874288407 37051
13.887688892473124 39121
9.698516451612898 41001
10.579412442580647 45035
10.311825560483875 47055
8.141032887741947 48451
10.676899705469832 51085
9.094879504608294 55085
16.803115471863194 6067
7.423521881720437 12093
9.241678913978497 13127
15.28269433995037 18109
14.735421658986175 18133
14.216392394686912 18177
9.169213532258068 23013
12.323740486682444 24033
11.046188653225816 27063
11.819687887096778 29223
10.269437612903223 40069
8.81308037903226 41027
12.741822426028913 42081
8.933391548387094 48001
12.062006209677417 5101
9.609078843317969 51035
9.107004092165889 53029
15.513804437744955 55025
6.786538103225808 56007
7.070717354838709 8033
9.905594348387101 12079
10.406038005376347 13107
11.69505466935484 16051
15.846257493951617 17095
11.756341037634417 19027
8.730319887096773 20165
12.848911409677415 29201
5.257760827956988 35007
9.126992870967742 38013
7.935631612903226 38037
13.604068686021519 39139
10.938209201612906 45077
8.794322946236562 48131
8.844746917050692 48225
9.525015397849463 54071
9.877849333333335 54093
7.185788876099721 12053
7.8318190645161305 31017
14.231900027050468 36119
10.828895815668208 54057
16.40698487003945 6077
10.33199606451613 1033
8.61641904301075 12125
10.617527459677426 13021
13.830275400921668 18183
12.678173270967742 21099
8.289421262672816 26033
9.434716268817205 27011
5.55149458064516 35003
8.332190790322581 38045
8.529143338709677 40055
13.902240366735324 44007
13.02813364129032 5045
9.04609473387097 53037
11.378018651612901 55095
9.954324221836208 1101
7.771141982813334 12103
13.022165741935488 21229
8.882292749999996 22127
10.127976427419357 27065
6.971676741935484 30007
10.373925221198157 32510
8.264040338709677 38055
9.034814698924734 40151
11.541987732718901 45069
7.937400516129034 48011
8.085291951612904 48195
8.078455451612903 49017
10.867174921658984 50015
9.503473411290324 51163
14.703423402764976 55059
15.347842322580648 16007
8.781167698924733 16061
14.285614997067459 17081
8.893488967741932 20167
13.844672064516125 21077
8.922526303635433 22051
8.968764854838712 28041
6.7860101354838696 30009
9.533549064516128 31167
7.448104725806459 35015
6.623067735887102 4007
11.10607985630499 47145
7.124239967741936 48017
7.952003741935483 48271
11.30894320707595 51740
13.618955893481235 6095
12.76337075806451 17003
12.980273068100361 18151
15.22669557258065 19101
11.316733483870964 20205
13.766400379928308 21113
12.572157951612905 21181
9.693721096774196 28031
11.422463977822579 33005
8.227824387096776 40129
7.613552322580644 48345
7.790051696774195 48353
10.203807294354847 51143
5.51763038248848 56021
7.490870935483871 12027
15.13566465591398 17083
15.205337193548383 17129
16.128316909946243 17143
12.50184847360704 20045
13.474070283154116 21179
12.99341880175953 24027
11.703228032258068 27025
11.624786593993312 27145
8.900263399193548 28105
12.38592839784946 29017
13.37699089516129 29119
7.096581467741932 35023
9.121527974193548 37173
8.68896983870968 38069
13.968546246334311 39091
8.23215014516129 46065
10.11042465322581 47039
7.8317727741935474 48101
8.016442483870968 48233
9.42034386290323 48287
9.262117995391703 48361
10.904861975806455 50003
12.063042195161291 50021
9.875726225806451 12013
13.18289398252688 21227
8.771030462365587 26141
10.175005995967735 28011
12.871137021505373 29039
9.36854446313364 31079
8.329730193548388 40057
11.236918464516128 42031
10.437154118279567 42053
7.551783677419356 48033
8.124380806451617 48207
12.939255798387098 5089
11.906348588709674 5121
12.479063543778803 55137
7.473822919354838 56017
5.762693516129032 8007
10.810985781096438 2170
14.10115048387097 17065
13.855180064516134 17091
15.306301709677426 17125
11.306062306451617 19063
9.614755889943073 23017
14.50900606451613 24015
9.115623129032258 46111
12.71596165806452 49007
10.004843641935487 51001
6.335833233870965 56009
8.18539322358871 12057
10.701809730322585 16055
10.429961215053764 16087
11.40632317741936 19137
17.101928087096766 19139
10.175116193548384 20113
11.734742508064514 21205
10.892903645161287 24019
13.806688096774193 29019
11.54079863225806 29147
11.258161650537634 31025
8.539253967741937 38063
13.925333796774195 39059
10.79311917302053 40071
9.023895935483875 48289
9.353742980645167 51077
10.071392790322584 51157
11.901595177419358 54105
11.567959411290323 55061
12.187435232718887 55097
22.032344504135676 6107
11.261463102580649 13063
11.81089530107527 19077
8.582820618595822 22087
10.120262036866361 26129
9.762876038709676 27005
9.517098608870963 28073
12.380909512258063 29021
11.19848634331798 47053
11.639395432258057 50011
10.049057637096775 51023
10.061584865102631 12063
11.158170316129034 13119
10.999876307526863 13297
14.620740814516127 18121
14.190863188172052 19171
8.088225935483871 20093
9.17823469892473 22041
8.956692729838716 26031
9.820620666666668 31039
6.962402483870966 31049
8.379994750000002 31089
13.943493668202768 39137
9.310241980645161 48051
10.394663319185046 48157
9.573353387096777 49009
12.739751746543778 5009
9.442245935483871 51045
10.810985781096438 2158
9.700488806451613 13061
14.736412838709672 18119
12.57919284792626 19015
8.304929838709677 20195
11.059006612903225 20207
12.15884637455197 25011
13.624374894009222 29001
9.636348967741935 31129
11.097038774193551 47027
7.625011903225804 48165
9.509684170967743 48499
9.705546086021508 51830
11.196016232781162 53005
5.577168580645162 8079
10.27014779569893 1079
9.669661739247308 1087
11.005145877419357 13071
14.971733887096773 17147
13.728284043010756 19135
12.174349088969839 20173
10.430431058064517 24017
9.34138498709677 26119
9.642792403225807 31035
12.968836283870965 36001
10.234990338533615 4013
10.330228364516131 42117
7.794085716260673 8005
14.98711348817204 18005
13.222099709677419 21081
9.413732533724337 26041
12.598286877054159 26139
11.408794715437782 47009
10.99800059856631 47097
11.208661419354836 51169
9.137031548387096 1039
7.301205854838703 12035
10.960396564516133 13011
9.290726022580643 16069
14.12875516129032 18161
11.216871919354842 19041
10.192299967741933 40019
6.324382924731182 4011
9.917445400921652 47109
10.344572907894747 48085
9.314589897849457 48185
7.741786612903225 48319
7.320970419354838 48495
6.113560669354838 8051
6.8310494838709666 8113
9.396907133064518 1109
11.166169896057351 13013
10.88892306451613 16047
15.680444731182797 18101
9.499646380645164 22061
7.211428419354839 26083
14.208635045943296 27109
12.857030161290327 29033
12.706595983870965 29079
13.31396341935484 29131
6.554811967741935 31069
10.11193107603687 47035
25.173888710967656 49057
9.517448122580642 53051
10.297741790322581 54109
9.312948580645163 12047
10.99883813739546 13095
10.503754483870967 13235
10.291113703225811 13251
12.551062187096782 16067
12.698924916129029 19049
8.774617387096775 20033
9.687098120967754 22019
13.178826697580643 27147
6.969148551971329 4009
14.162956722580637 42119
12.163367319374869 47037
10.744195426799006 47167
8.627730235993205 48441
10.27059375901329 54081
5.219252193548387 8023
14.94263315591398 17033
10.151592088709675 27173
12.430240725806456 29013
10.128256617511505 37065
11.444397639187576 37085
10.90507211981567 37149
8.690860290322583 46091
10.814565209677417 5081
12.172944201612903 5135
10.696205929032258 13017
9.992909870967742 13123
14.466794445161295 17193
9.062483963133642 20057
10.53395233870968 20127
10.946007802419357 23023
9.912463967741939 27081
11.531366191850607 36113
10.017983622119818 37049
11.51379322849461 41053
10.376197849462367 45001
8.00382864516129 46031
11.327815830645159 47173
8.489661738709684 48373
9.72760194623656 54101
9.710529838709677 6027
10.810985781096438 2068
14.947577306451604 19107
12.131089903225806 19189
11.357294044354841 21235
9.757283316129032 26135
9.558576516129026 27021
12.153609408602147 29081
10.256471912186381 37127
8.824671204301076 46037
11.423674411290323 47045
12.051936857526888 47063
8.643055011520737 48291
9.69265061290322 51065
13.182553874486816 6041
5.154606612903226 8027
7.011353645161289 8115
10.810985781096438 2130
9.141556347670246 22069
9.428283060483864 26105
9.34424404301075 28145
12.900568397849462 29067
14.35374924731182 42055
10.446676715053764 54097
13.288596911910664 6087
14.961381974193541 17021
14.131423565982407 17141
14.0367473531586 18003
8.355222625806453 22037
13.636286317972356 29107
10.2203425483871 36073
8.45499606451613 38103
12.897528032258062 42025
11.128284774193547 45067
13.153803596774187 54107
7.041965016942698 12099
9.51878096774193 13191
12.021394651612901 20011
13.086723935483871 21139
8.543895050691242 26053
9.354588967741938 28055
9.858393438709681 30053
7.4568059677419365 46033
7.860761790322582 46041
7.698910193548387 46095
9.50949761751152 48067
8.335835475806453 48093
9.280095287096776 48349
10.869906660049624 13295
14.238681177419357 18171
8.930696467741935 27125
5.898183032258065 35059
9.091147619354839 40141
9.059113790322579 46009
9.139366322580647 46025
8.098718064516127 48211
11.72750401612903 5075
8.256602661290323 8103
10.810985781096438 2150
10.052036645161289 13145
14.286580806451612 18179
10.929529903225804 19143
11.560831655913978 19173
11.160134408602147 20031
12.74428635483871 21079
9.179693964516128 27119
13.398651961290316 29121
13.635316342165892 39173
12.315202049853365 42089
11.746369886951504 45045
11.179339903225806 47025
10.13475342857143 51089
9.601563767741931 51099
9.864442475806452 54089
10.552791709677416 6091
10.338382505376348 13209
8.531060387096773 16025
14.543265064516126 17155
9.228508278225805 20009
10.695494838709676 20191
14.134486677419353 21163
10.851992964346369 21195
9.284841037634408 28149
12.956976645161284 29083
13.07924508064516 29195
10.24786881637717 37077
12.856994311827961 39001
9.42026538709677 48221
9.207608475806456 48293
11.985721131797238 50007
10.637846294354837 53025
9.552373994623649 1001
10.453581470046082 13233
9.974363322580643 13307
14.581948612903215 17011
15.810960624483062 18089
15.334226889400925 18129
7.8807161451612915 30087
10.515301837514942 37089
10.3156955271261 37129
8.326299580645161 38043
14.42852737634408 39157
16.61998113149639 42045
10.197982542522 48397
12.213097749239191 54039
15.293268187915935 9009
7.267081043391384 12127
13.130481645161298 17151
14.727820290322576 18165
8.057114129032259 20179
8.280708251612902 22105
12.716822259714952 24031
8.658170516129031 31163
9.461334064516134 40003
6.869754812903223 46081
8.131195806451613 48075
10.113349739710795 48187
9.226142769230764 48401
13.78380901612903 49023
12.449606612903224 55053
10.11096437580645 6057
8.698186887096774 12003
15.15079718064517 17101
12.90830785483871 17153
10.987118510752683 20079
8.916500204301071 22059
9.126450935483865 26137
10.999028645161292 36099
12.442030033760787 36103
11.796470551319649 37045
10.906231241935489 40089
10.174478862903223 41013
11.054157393548389 47033
10.762807944700468 47123
8.576573193548384 48031
9.429817384516134 48183
10.633062048387092 5025
10.439929528673831 51161
8.690334322580645 53013
9.104708801075267 53065
14.442321335288318 55079
12.826981374689815 55117
8.006390532258063 6045
9.639772324081036 12005
14.394369880893299 17177
11.964321555555552 24011
9.805247860215053 40085
11.50152030846774 42121
8.570892286527501 48375
10.017727111436953 51003
10.240102145161288 51031
9.284935258064515 6003
10.576155195852525 1049
9.345541390322579 1123
8.517921000000001 16037
15.7603550483871 17133
14.391481270967741 19157
7.827209193548387 20203
9.333430266129035 22067
8.64439807096774 26071
8.218010612903225 31065
9.654919364055301 36025
14.86879317511521 39109
8.508115336774186 4021
11.545208405979531 41029
12.98953386354837 42129
7.738030967741935 48433
9.32998027419355 56035
10.810985781096438 2122
10.903603795698915 13139
14.437702798387093 17189
15.544439048387103 18059
14.528668758064505 18079
15.842747765395895 21101
13.315444502846299 21145
14.686847096774189 29127
13.284530580645159 29151
13.143214659498211 40041
10.283218989247313 13085
14.657015741935483 18013
14.872504361290321 18093
10.327423623655903 20169
13.121909322580647 21031
9.046235951124148 27137
6.11860664516129 31165
9.628732191067002 36031
8.904766924731183 37055
12.055235813532644 37179
8.173683193548388 48447
12.660852038709681 49039
12.494988798771129 5125
