17039 7.624127741935482
18135 9.22426169354839
20013 5.5938053763440845
26023 7.796186559139776
26035 5.875239296187683
26155 6.882451423149901
31001 5.711028315412189
32029 5.8865193548387085
37001 8.835856720430096
39159 9.655341935483872
46063 3.928903225806451
47011 10.093713921901525
47073 9.104332258064522
51009 7.401641935483871
13047 10.443471554252199
13249 11.485161290322582
17157 7.754765591397853
22093 8.862695852534564
28133 8.112941474654379
31063 4.897177419354838
38057 4.886113978494623
39161 9.515128673835122
40033 5.916625806451614
47049 8.623736290322578
2275 7.1674398689410985
16045 6.7931419354838685
17001 6.46771433691756
18085 8.94063786078099
21133 7.739746543778804
21219 9.61446612903226
29207 8.430691532258063
36117 7.12481451612904
37121 7.544234677419353
48173 5.385977419354839
55135 5.6278701612903195
16039 5.48596
17175 7.495711290322578
24045 7.879432258064526
28091 7.794074193548385
29227 5.536537419354838
31135 5.13181935483871
34033 8.725368548387094
34041 8.63745133239832
36077 6.321835673624287
36109 7.0421492286115
41071 11.981199051233403
48061 5.9026571267817065
48265 5.237639677419354
48399 5.0618258064516155
12065 8.97564516129032
12119 6.606550764006795
13217 10.997170471464017
21207 9.014223225806449
22011 8.429920276497693
22113 9.721583333333326
28015 7.7177854838709665
30055 4.182558064516128
36089 6.161347926267284
37103 7.7240075268817225
39127 8.977098924731184
42035 8.104673476702512
9003 7.700582387672805
10001 7.92397348790322
13015 10.619038709677419
13067 11.001090967741952
13179 9.272124193548384
17019 7.864451912978264
17107 7.513574193548387
18023 9.345743145161293
21137 8.882620967741941
21187 8.967453763440862
29167 6.402796774193549
31071 4.487799999999999
31145 5.043870967741935
38025 4.334964516129031
46117 3.7983419354838706
47019 8.155617647058824
48255 6.145220967741936
48383 5.296077419354839
5017 7.7317580645161295
6069 8.836819648093838
2070 7.1674398689410985
13279 9.980159677419353
13281 8.213748387096777
21115 7.78990161290322
22039 8.955574596774195
28101 8.369827741935485
37115 7.806216129032263
46035 4.3400470967741915
46123 3.9637380645161295
8067 3.3408025806451627
27035 5.107592338709677
27115 4.7587919354838695
31055 6.375128060380498
45055 9.269278279569901
54075 6.391085483870964
2110 7.1674398689410985
13197 11.238743548387095
18045 8.595420645161287
20117 5.364422580645162
21175 7.692358064516132
26157 6.563297766749378
27047 6.119678387096772
28097 7.795912903225804
30081 5.824846451612903
32023 4.074372258064515
37159 9.550873440860226
39009 8.790891182795697
42013 8.62577039848197
46127 5.282715053763439
47113 8.533466069295113
48219 5.591079723502301
51685 8.338688709677422
8019 3.517778494623656
13285 10.445866359446999
22117 7.3157897360703785
27167 5.23291935483871
30025 4.123709677419355
37183 9.200803432810082
40099 6.4179806451612915
46055 3.8749448387096783
48347 7.955908188585607
5115 7.606383284457472
54065 7.986166935483869
8047 3.8388903225806454
17045 8.230645806451612
21045 8.910148387096775
26009 5.115141705069127
29129 5.4318470967741925
48083 4.996029032258065
51520 8.581617741935483
53035 9.979960334528077
8013 5.965181356736244
16071 4.867109677419355
21105 8.622474193548385
29011 6.252929032258066
30107 4.183996774193548
39029 8.54561841397849
40091 6.587244086021512
42057 8.461186021505377
47007 8.931301075268816
48045 5.146945161290322
50017 6.0359083870967725
56027 4.074445161290323
6075 10.890238956550377
13113 10.729481612903228
13165 10.204349999999998
13259 11.239922580645162
18055 8.866252688172036
23031 6.586109596774194
29181 7.35234112903226
29205 5.995098924731184
36087 8.079795533498745
37059 9.261098156682024
45037 9.917916129032262
46003 4.141823548387096
48245 8.321540994623646
54035 8.192239784946237
56041 4.419843010752688
13169 11.12179731182796
19055 6.571224193548385
23027 5.325075806451612
24003 8.545825868486368
28125 8.016614516129032
29137 6.160529032258065
30067 3.989152688172042
36095 6.313434677419355
37033 8.411536559139785
37035 8.93904953173778
39093 8.178580998674311
48249 5.778588940092165
51149 8.751371889400923
51640 7.6588548387096775
8043 3.6549935483870946
13141 10.60456451612903
13221 10.49081693548387
13275 10.531042815249267
17047 8.422138709677421
20115 5.469008870967742
21069 8.288196774193553
26101 5.080724731182796
27097 5.243510080645162
28003 8.797365437788018
29085 6.133554838709674
30003 4.145685161290323
31153 6.330328582145525
37061 8.707519061583575
40023 6.495678709677418
46069 3.940998387096774
49047 4.171488709677419
50019 5.985461612903221
6089 6.158744287634402
13263 10.830388172043008
26097 4.5222964516129025
28033 8.195770869990227
29053 6.1084238709677425
29117 5.811674193548387
37143 7.656569892473116
42051 8.045572311827955
47107 9.865803225806449
47165 9.817212442396297
48135 5.550185714285713
51069 7.925383870967743
1075 9.790497849462364
13287 10.571882258064516
23021 4.765974193548384
31111 4.899586290322582
39037 9.605963978494618
39061 10.473358020924158
47029 8.34965448028674
48429 5.283880645161288
51061 7.600427703984823
56025 4.430295161290326
6065 11.463632478815043
12075 6.968633691756274
13143 9.973314838709676
21037 10.105729935483865
21061 9.245975806451618
21141 9.706677419354843
22109 7.457418894009212
29189 8.512314426973573
37131 8.48012129032258
39111 8.43187580645161
40073 6.170036290322581
48127 5.170090322580646
5073 7.361001612903225
53001 8.506572903225809
55049 6.791685483870967
13195 10.276284408602153
13227 9.736567204301075
16079 9.079412903225803
17059 8.289791935483876
19121 5.261078602150539
21129 7.927312903225806
21199 9.014632027649776
27041 5.019892114695341
31059 5.61326129032258
31157 4.794676539589445
35035 4.361138911290322
38099 5.990888172043014
48421 5.123019354838709
51005 7.0500865591397845
5113 6.960874731182799
12001 7.274383582949308
13001 9.666134193548382
17097 7.899684524562499
17185 8.651000806451615
19181 5.369423440860218
24039 7.579650230414748
25025 8.466447770398467
27157 6.5751000000000035
29009 6.763311520737329
29510 8.82326771150337
39099 8.463279815668194
46103 4.100167601683033
48137 4.6973419354838715
5027 7.5679032258064565
53015 10.344489919354832
55075 4.928696236559139
18011 9.721495483870962
39107 9.77168566308243
48021 7.272344193548386
48087 5.050751612903226
5031 8.192954269449721
12073 9.497939231499053
17149 6.726400000000001
18057 10.020100413564931
21013 8.637055555555555
21117 10.085474901652253
22057 7.750917251051892
30069 4.034767741935483
31113 4.377241935483871
35019 3.989064516129032
38101 4.762088585607939
45029 9.12465232974911
47057 9.286414193548383
55089 6.536905734767022
6063 6.694417972350236
8041 4.608550868486358
13099 10.247352258064511
17027 7.9244939516129005
19065 6.286299078341015
19147 5.5356120967741935
20141 5.1117
36071 7.663517190690077
36085 9.430159633027511
38029 4.2370967741935495
39085 7.747373915461634
40087 6.537053225806448
40117 5.844994838709676
42097 9.14118655913978
50027 6.253634946236556
13213 9.940754032258061
18159 9.43581370967742
20003 5.812691935483873
26099 7.544004569892494
30097 4.027432258064516
39047 9.405786175115201
40139 5.284776774193551
42015 7.274399308755763
47059 8.761066666666661
47069 8.014501075268816
55093 6.490233870967741
15005 7.1674398689410985
1011 10.835748387096775
13059 10.675934086021508
17093 8.283494516129027
23025 5.20767552182163
30013 5.068506011730206
40047 6.083552150537637
45049 9.473536774193551
47093 9.685245478110609
48057 6.205006451612902
51107 8.607334193548375
54085 7.482321505376346
1023 8.771103225806451
24035 7.97058387096774
26133 5.753789247311828
54055 7.388834072580643
13129 10.616917562724003
17103 7.625705734767028
17159 8.383602580645164
18063 9.923171121351768
19013 6.3222537351443275
19093 5.527588172043011
27111 5.129715180265656
37027 8.096649335863376
38085 4.072304838709678
39135 9.48666263440861
48089 7.554870967741935
48193 5.482646236559142
2220 7.1674398689410985
17023 8.276875806451612
19149 5.666848387096772
27043 5.869820967741939
27085 5.734617972350228
31095 5.582405376344087
39071 9.227507885304666
39145 8.710995806451601
42023 7.367669354838707
46135 4.819477225806454
48321 7.354422258064509
51007 7.955245161290324
53011 11.546614547146378
55133 7.245913690922721
6051 4.192277419354839
6097 7.321858618442479
8061 4.902209677419356
18039 8.582738172043017
18067 9.338568870967743
19059 5.591071612903225
20065 4.974167741935484
20119 5.217829032258065
24005 9.076878474525179
27017 4.887733640552994
27103 6.228703686635944
32019 5.189772580645162
38001 4.2606161290322575
39003 9.516289051808407
39053 8.946018433179725
40107 6.313591935483874
46073 4.110541935483871
49041 3.711807741935483
49049 5.452685282258064
51036 8.574891397849465
54017 7.46725
55105 7.391863582342961
1089 10.85161643835616
13273 11.160812903225805
17061 7.330127741935485
20197 5.378454838709677
37071 9.495748535980145
46029 4.360116129032257
47127 9.333148387096774
48041 7.239210752688177
48285 6.779153763440856
48307 4.858564516129031
5019 7.475368387096771
53031 7.069941935483869
54067 6.7167497695852525
18141 8.459371569892472
21085 9.079108755760371
21215 9.518862096774198
27105 5.4984424731182795
29219 6.9463167741935505
30089 7.0647559139784954
33009 5.774155687606108
37137 7.009588709677421
38095 4.747196774193549
39089 9.379450000000013
42005 8.666161460101867
47147 9.802795622119811
48217 6.512829912023463
48491 7.018935085175787
5129 7.098745161290327
5141 7.45608387096774
13037 10.624119354838706
30085 4.473791397849462
31009 4.277438709677419
31139 5.093091935483872
36123 6.985969032258063
37081 9.02558221740309
38089 4.460790725806447
40061 6.723962096774193
41061 5.6983928629032246
42037 8.428224301075266
46121 3.9425829032258064
46125 4.80443887096774
47021 9.319950537634414
47087 8.960946774193545
48097 6.722756048387098
48231 7.243469100169779
48431 5.098812903225808
54011 8.656242714126806
54103 7.858785806451612
2185 7.1674398689410985
12041 7.514420645161288
12115 6.483747632120803
19009 5.425160322580646
20153 5.1976
31175 4.787695161290321
36011 7.151711714770798
37193 8.037209677419353
38105 4.649445161290321
54033 7.386296920821114
6005 7.127212186379929
1115 11.396679652605448
17085 7.047539784946237
20111 5.4706842741935535
21197 8.107637096774193
27033 5.488293548387096
27061 4.729953958944282
27117 5.073794838709678
27129 5.56416827956989
28019 8.36536559139785
28039 8.196007741935485
28103 8.913793548387094
37109 9.273505555555559
37155 8.919760665972943
39005 8.853280938416423
39023 9.570813123167152
48237 5.71446451612903
48367 6.447506451612894
49043 4.736668238213402
54031 6.962243118279571
56005 5.139528110599079
1077 9.923069501466275
12101 6.684124723158392
13051 9.222418355293069
18029 9.917587096774197
18153 8.681827096774196
20199 5.33673870967742
24047 7.648660887096772
28095 9.513092114695338
28121 8.501420908004787
34017 9.677827011270875
37069 8.689997311827954
38015 4.724034634974537
40095 6.726541935483869
47015 8.774033333333332
47141 8.869297419354844
51083 8.155164516129037
5117 7.934839784946235
6007 8.408110436432624
13053 11.406400000000003
19017 6.172647580645161
20049 5.35736129032258
22027 7.937685806451616
22125 7.9444247311827985
27015 5.829027822580648
27159 5.199881720430109
27171 6.15471138519924
28077 7.898469892473118
28099 8.466859907834099
29041 5.915745161290325
30005 4.468424999999999
37125 8.852597670250901
39119 8.969597623089985
45027 8.943847580645167
48477 7.332060752688169
55101 7.240287390029327
6025 6.7939244536940695
1041 10.115615591397848
1047 10.427927526881726
17199 8.14022021505377
22079 8.368850928641239
28081 9.33198607809846
29125 6.37070430107527
32003 6.389571232695253
37141 7.749793548387096
42087 8.920051075268814
42101 9.659967683131693
48357 5.220662365591398
51135 7.99543629032258
55031 4.713528763440857
1051 10.90194172043011
12017 6.796102986857821
17069 8.15426612903226
20163 4.984724193548387
31097 5.4742370967741945
35045 4.944036950146631
40149 5.558738709677419
48481 7.925002052785924
2100 7.1674398689410985
1055 10.945179892473123
13117 10.114343942652328
13155 10.317701612903226
18111 8.361935483870969
19187 5.605780376344085
27135 5.012178064516127
30019 4.728467741935483
37029 7.658299999999999
37189 7.395158560794042
38027 4.455487096774194
47155 8.603655017921149
47157 8.25999584002336
48151 5.231890322580644
48179 5.167594930875574
48235 5.034474193548386
48333 5.262075806451613
48405 7.724102150537634
51093 8.382495564516134
51197 7.584845161290322
8055 3.2965596774193537
13271 10.109222580645165
17173 7.802355913978496
17179 7.735027096774188
18113 8.79869741935484
26115 7.991982795698919
37079 8.705204838709678
37181 8.489063225806458
39027 9.451814336917572
40093 5.682993548387095
46129 3.9151079032258065
48229 4.287270967741936
6061 8.288500759013264
11001 8.871912921247057
12107 6.54922182163188
17161 7.493723709677412
18145 9.90577129032258
22071 6.864676198286863
26121 6.130764900153608
35011 4.092135483870967
35025 5.55199157706093
46115 4.328880215053764
55073 5.591897013142171
2230 7.1674398689410985
20201 5.374216129032259
22099 10.067121114369499
27075 4.035569032258065
27107 5.4587043010752705
28005 7.1376376344086045
31091 4.182477741935483
34025 8.49070739905255
35027 3.6932999999999994
37171 8.106056744868036
40079 6.8876387096774145
47171 7.969937096774192
5143 7.069186794354845
18019 10.20682431761788
20101 5.145796774193549
22121 9.49244903225807
27099 6.338717888563049
30037 4.042096774193548
31005 4.37351258064516
31169 5.491935483870966
32031 6.371386837557611
45089 8.252843108504402
48413 4.850106451612903
5127 6.972031182795701
53053 11.94200665791447
6019 11.486854238936592
6093 6.151559677419353
13153 11.191370406732126
18087 8.565922580645159
19129 5.9905870967741945
21089 8.627200000000006
51049 7.6649161290322585
8073 4.690566129032259
20161 5.376502304147468
21007 8.447902150537631
21123 9.193183064516123
28087 9.58403110599079
34035 9.099805787476301
35028 4.061686290322581
51125 7.04769677419355
51595 8.554311290322582
54069 8.171737275985667
12113 8.240679225806451
13315 10.449993548387098
21005 9.18244709677419
21041 9.34868172043011
28009 8.166025806451614
34011 8.075415939278924
35055 3.515987634408601
39063 9.173553846153848
46007 4.027429516129032
48311 5.5355064516129024
5011 7.641589677419355
51199 8.155473502304142
55003 4.454496313364053
13183 9.35522365591398
13247 10.97996989247311
17041 7.871574838709676
17057 7.0370389784946275
26051 6.0377369175627225
31053 5.897535125448031
33003 5.58339677419355
36041 5.221064516129032
37003 8.601063594470045
39017 10.22284463709676
47161 8.518045161290328
48091 6.70745336021506
49051 4.586758870967742
51105 8.324560215053763
55063 6.345055483870968
55123 6.34042718894009
56045 4.409053225806451
16011 5.904678225806452
17075 8.018673835125448
20125 6.056377419354844
26107 5.999936656891497
31099 5.523959677419356
36083 7.347006605222739
39077 8.53400620347394
39171 8.572195340501791
40137 6.096822287390032
47083 8.498304301075267
48113 7.468981925727157
48261 5.529909677419355
5065 6.954861290322581
5095 7.913517204301075
51091 6.473545161290321
6011 7.792583225806452
8095 5.251259677419357
18025 9.186256989247308
20035 5.582293841642225
21107 8.792497043010753
29055 6.447021505376343
33001 6.243179784946234
39011 9.678870967741938
40143 6.756497271889388
48065 5.2131209677419355
48189 5.6381928315412235
51175 8.42035548387097
1107 9.876106451612905
12043 5.369458064516129
13009 10.857652329749111
17089 8.348399449252545
19025 5.508170967741937
21051 8.241369354838714
30021 4.3412774193548405
30077 5.181798387096774
31131 5.668149032258065
38067 6.08223677419355
41023 5.637183870967742
48315 7.7783588709677405
5107 7.959745698924735
51159 7.657180645161287
55037 4.5846322580645165
8014 6.991897849462365
13161 9.931794623655918
13193 11.414858870967743
19029 5.47296741935484
21027 9.087033333333338
27143 5.887262903225804
28151 8.05486179966044
29005 5.569798387096773
31003 4.76792688172043
34037 7.818337922895361
42049 7.108802953203084
45005 9.729284946236561
47131 8.564992580645164
51153 8.164961445783106
54013 7.19790806451613
6037 12.98440373246313
6079 8.545539805234329
13075 10.107106451612902
13289 10.900688709677418
17063 7.996149032258066
20187 5.300603225806452
27139 6.504130261136709
27151 5.039061290322584
28023 8.359095967741933
29031 8.385233064516147
29211 5.577745806451613
30051 4.932848387096774
32007 4.396975576036863
42065 8.126601985111673
44005 6.1256538123167115
47175 8.519164516129031
12055 5.603736320191152
13005 9.715030107526882
13207 11.192398709677427
13261 11.520895161290323
17013 7.408238709677419
19083 5.9016387096774165
22043 8.231561935483876
23007 5.105864157706093
27153 5.173761290322581
28051 7.768580645161294
29171 5.447072580645163
29225 6.715261693548382
31087 5.02298064516129
37093 8.931219354838712
37167 9.289585856079409
42105 7.029354838709676
48161 7.06379124423963
51145 8.036306451612901
51620 8.396109677419354
8057 3.224632258064517
16031 5.599072043010754
17111 7.962268672456584
17131 7.046969354838709
17197 8.621917232597594
18157 8.99976381865737
22107 7.32344408602151
26123 6.147279472140762
27013 6.266272177419357
27087 5.116841935483872
28083 7.92165080645161
37075 7.966103225806453
38017 5.479873509286412
4012 4.598362724014338
49029 5.002017741935484
54009 8.227684408602151
8063 5.151943010752688
18043 10.07984161290323
19115 6.564099999999998
20039 5.078874193548386
21093 9.421361143695016
22045 10.014950967741939
25019 5.205628387096773
29007 6.333722119815671
31127 5.46471935483871
31133 5.386425806451613
34027 8.584633419354834
35057 4.6543411290322565
38005 4.4823387096774185
38039 4.65156129032258
47085 8.428914193548387
48313 7.194072580645159
50013 6.407545161290322
55119 5.39266989247312
8029 3.400341013824884
1065 9.920006451612903
1069 10.28987375366569
12085 4.8946786175115236
13303 10.554256129032256
16033 4.1947967741935495
16085 4.331327956989247
17123 7.719314838709674
21065 8.160875806451612
29175 6.084455376344088
37039 8.32765714285714
39167 8.59000604838709
42107 8.949798790322596
46089 4.23348870967742
47061 8.637336290322585
47183 8.55749384164223
48163 5.3945989247311825
49021 3.7123185483870937
49033 4.332235483870967
5119 8.375742308998326
53069 9.35726129032258
55007 4.322437161290323
2020 7.1674398689410985
18117 9.10412419354839
19103 6.422189381720428
20069 5.434761290322579
20091 6.807210918114147
28089 8.560822734254993
37025 9.599408805579767
37133 7.583443392299691
41043 12.46726359447005
42113 7.315146774193549
5099 7.399427956989246
55099 4.823217204301071
55121 6.392450403225803
6017 6.836045311327837
6105 5.225133548387097
2060 7.1674398689410985
13029 9.338232718894012
18041 9.351004608294934
20075 5.309929032258063
28155 8.276043010752689
33007 5.105082111436948
38059 4.67754193548387
41045 6.262785080645162
48005 7.639842884250474
48095 4.733638709677419
48111 4.57300806451613
48263 5.124816129032259
5097 6.90586129032258
53063 10.160546052227355
13077 10.510380483870971
17137 7.173282903225806
18073 8.641528629032253
19095 6.095070967741935
21063 7.7179354838709715
32009 3.923887096774194
36107 7.182669677419354
37041 7.643527956989249
39101 9.364526164874553
46021 4.050151612903226
47099 9.249884457478014
26049 6.898735828613653
28043 7.792636129032257
31161 4.208006451612902
32015 3.642793548387096
36013 6.968443594470051
39045 9.354774654377884
39133 8.592292442396309
46077 4.388929032258065
51600 8.730877419354838
55055 7.177577419354838
56043 4.284577419354836
16023 3.960577419354838
21143 8.497236559139786
29141 6.1655780645161276
29165 6.954105322580637
30043 5.01662258064516
37007 9.050329569892472
37135 8.935025691244228
37157 8.402999231950846
39073 8.950887557603686
46049 4.129011290322581
48471 7.256331935483878
5057 7.390281935483871
51081 8.524984946236566
51183 8.50799741935484
6013 10.96948419665011
6015 7.959513824884792
6055 7.997506693548391
1067 10.226493010752693
1119 9.020305645161288
19159 5.385918870967742
21217 9.021163870967747
22115 7.893608870967742
45075 9.577082258064513
48121 7.350485943018629
48351 8.256793548387096
48463 5.092176774193549
5015 6.794803225806452
8111 3.002274193548388
1127 10.831053225806459
1129 8.730626451612904
12015 6.168357045840412
13283 10.330354838709676
16049 6.683928387096776
16053 6.496464516129037
18007 8.410601075268819
19045 7.427343010752688
21075 8.605937096774195
23015 5.75394695340502
29071 6.891361859582538
35049 4.977312774193543
39013 8.299596935483864
39087 8.839006048387098
40105 6.141680645161291
41007 8.366235483870968
47119 9.1734880455408
53045 8.496832718894009
53073 9.708261195445909
54027 7.335095161290324
56011 4.2794983870967735
8117 3.010990322580646
13073 10.39799983870967
13087 10.260861751152074
13225 11.295516666666675
20043 5.9028333333333345
21097 8.778470322580644
22063 7.8035290322580675
26003 4.374384623655913
28021 7.303230107526881
29145 6.63509704301076
30031 4.650162316715539
40035 6.214593548387098
47179 8.681071248246845
48055 6.9602862903225775
48063 7.417669892473116
48199 8.097357478005861
51167 7.88514377880184
54095 7.841690322580644
55043 6.767041935483874
6101 9.424967127496165
12019 7.384194086021504
13219 10.789293548387096
17169 6.726096774193551
20131 5.464963440860215
21057 8.98524838709677
28053 8.060530107526882
29217 6.15086021505376
47089 9.303553046594986
48331 6.8554488479262625
48449 7.3978870967741965
5137 7.192408602150537
51770 7.587946704067321
10003 9.15466141439203
19043 6.431317204301072
21149 9.20799247311828
22065 7.77973935483871
26109 4.930414285714285
31101 4.921378494623656
36059 8.068469406867827
37005 7.5506010752688155
37199 7.605170322580647
42027 8.471182934443288
42115 6.967716715542516
45059 9.44416850094876
48435 4.791929032258064
49001 3.6372177419354843
5005 6.905278494623658
5085 8.25611794354839
1003 8.146548074921958
12009 5.15881435912076
13245 10.75497721345231
18047 9.554973548387103
20087 6.040496774193549
20109 5.254341935483871
22033 8.9084278401122
22075 5.747930107526882
24013 9.353466298811533
24021 9.21691792702275
26063 6.098918010752691
28131 7.744306451612904
29159 6.094480351906158
30023 4.767756989247309
30045 4.247058064516128
31045 4.188551612903226
36065 6.89051787271142
37175 7.701557603686635
38083 4.38094193548387
40009 5.295750806451614
41049 7.167467258064514
48443 5.312977419354838
5043 7.405791612903228
51683 8.242918894009222
54015 7.01893440860215
6023 6.907938494623655
1121 11.0238426686217
17203 7.780423655913976
19165 5.475108870967745
32005 5.163400189753321
35009 5.2871322580645215
38075 4.916645161290321
40039 5.616327741935482
4025 4.155644546850998
41033 9.987920967741939
45017 9.63181075268817
47001 9.59100215053763
48279 5.4627019354838735
12089 7.358834139784946
13151 11.00101819354839
20023 5.299677419354839
26093 7.132743733474353
29139 6.466683064516131
36043 6.5778207130730095
39025 9.801290967741933
45039 9.325389032258073
46039 4.4398322580645155
48281 5.750770967741937
51103 7.591051612903226
54021 7.048227419354836
54045 7.584881003584224
55001 6.070115668202766
8037 3.04903732718894
1125 10.970708098833208
12129 8.647542741935482
13167 10.527679569892474
13177 11.10783483870968
13185 9.126478580645164
13309 10.103399999999999
16029 4.540885483870969
19153 5.50012571428571
20145 5.366885483870966
21091 9.3045
22001 9.635145161290321
37031 6.555561203138621
38011 4.168849999999999
46027 5.009010752688171
47153 8.886651612903226
48181 7.049562158808935
51119 7.72164677419355
51650 8.258141935483858
53047 4.090722580645162
53059 7.744772903225805
16003 4.762929032258063
16073 6.065680645161289
17077 8.082341013824884
29123 7.0600849462365565
40103 5.933316129032256
42063 8.62593534361852
46067 4.489791075268817
47067 8.74103387096774
48025 6.036015207373274
48393 5.034348387096775
48455 6.967892903225807
53049 8.372718433179722
54025 6.855745161290323
26037 7.014621114369499
26125 7.465051670166098
38053 4.5154000000000005
39049 10.030363096319883
39067 8.441518064516128
42071 10.98180131665572
45003 10.435531867057694
46043 4.301488709677419
53019 4.133404301075268
55019 5.622239919354835
1029 10.23064274193548
1105 10.188050537634409
19193 5.638646650124073
20137 5.118454838709678
21109 8.281516129032257
21125 8.742434739454094
21127 7.819387096774193
26017 6.48194516129031
32027 4.518403225806453
36111 6.954442415923136
37017 8.536727956989253
39105 8.84130537634409
42131 7.297583870967739
45041 8.9555339198436
48385 4.8152709677419345
51550 8.391613926042501
54043 7.922758064516133
12081 6.7130168734491384
34023 9.311857179723468
36035 6.517704731182798
36115 6.857337950664135
38097 5.931039516129033
39131 8.969963978494624
40133 6.390244444444454
42109 9.341099193548391
46097 4.381895806451613
48329 5.631836917562732
55029 4.816809318996417
56023 4.2142717741935485
6049 6.249137096774194
8039 4.668876958525342
9011 6.779143722084381
2013 7.1674398689410985
1111 10.307626881720429
12131 8.858142521994141
20021 6.38054623655914
20047 5.290998387096777
26005 6.80572620967742
28065 8.10908172043011
29037 6.612864677419354
29095 7.116712773545172
45021 9.343270471464018
47017 8.439609274193538
48167 8.266924780058662
5037 8.064324193548387
51133 7.47779193548387
1081 11.19481541218638
12045 8.136130107526881
13201 10.223333333333331
20135 4.998127419354839
28093 7.989243548387097
31147 5.514536559139787
39075 9.023136693548386
47177 8.593947670250895
48325 5.91712903225807
8031 6.994540972222228
8099 4.886024516129033
1061 10.041753225806445
27095 5.1647000000000025
29025 6.075875806451613
29157 7.743263870967739
31149 4.169590322580644
38049 4.60541935483871
41025 5.4951096774193555
46087 4.610078548387097
48077 5.829262365591398
48213 7.264974383301713
5053 7.808339516129035
55067 5.076967741935482
1057 10.282586451612902
12109 6.37911153225806
16001 7.937733406232918
17029 7.996549462365591
19191 6.1073458064516135
20095 5.65547634408602
26113 5.732849193548389
28035 8.368753320683107
29063 6.059667741935483
30075 4.12713870967742
31151 5.6725572580645185
33011 7.445427006751675
34039 9.516761559139793
36067 7.142054631336407
51173 7.482129749103943
6113 9.295483634933118
8001 7.3576061855670085
8085 3.2817364516129035
15001 7.1674398689410985
18115 9.706782258064516
20189 5.389433870967741
20209 7.09322364055301
25017 8.370100334753495
27027 5.438450620347394
28063 7.152046774193547
29047 7.09134237536656
40015 5.919527822580643
41041 9.9138916508539
47003 9.329541577060928
5079 7.614404032258066
55045 7.1905125000000005
55107 5.201601290322584
13081 10.783351612903225
17099 7.836468778801838
19035 5.606312096774191
21001 9.014820276497693
22119 7.960810557184753
28157 7.27201935483871
29003 6.002848387096773
30039 4.988003225806454
48283 5.228751612903226
48377 4.013816129032259
51097 7.989991935483868
51101 8.172525806451612
51131 7.310095698924731
51181 8.334006451612899
6085 9.905201742976079
12071 6.132394617178403
13089 11.144316240266937
13103 9.608443548387099
13199 10.48257096774193
16075 7.28714274193548
19177 5.885495161290323
22077 8.924996236559137
26001 5.501879354838713
27163 6.693195161290327
27165 5.773188172043011
29135 6.244170161290325
30101 5.0564720430107535
51193 7.637190322580643
1093 9.647852016129034
16057 10.917338248847924
17015 7.255930645161287
18069 9.10016272401434
19003 5.469093064516129
19119 5.59434193548387
19183 6.285486451612907
20107 5.921517741935484
21131 7.963705376344085
26055 5.231529032258066
30017 4.09865
5071 7.250358064516124
8059 6.041082421692379
12021 5.835128722934151
13277 10.528405017921143
18147 9.46703741935484
20143 5.352458064516128
20183 5.24155806451613
28017 9.014140322580644
28123 8.263752150537634
48487 5.332808064516132
51570 8.782676129032257
8045 3.3760293255131963
13033 10.404539784946238
13093 11.057388172043016
17191 8.233694838709681
19057 6.639947800586506
19125 5.550219838709679
26127 5.598006912442401
28049 8.537545413306464
28143 7.985908602150537
29097 6.601175806451614
31143 5.543090322580647
47101 8.580185483870968
51011 7.559915053763439
51037 7.93930430107527
51670 8.873190322580644
54091 7.159078225806448
19073 5.404662419354837
27089 5.59091935483871
31159 5.719259677419354
36081 8.950631177973856
39147 8.99291543778802
40067 6.052909677419357
45025 8.997615161290321
47013 8.993193841642226
48069 5.429183870967741
53043 7.204740322580646
17121 7.841417741935493
20139 5.76905806451613
22017 8.572025554435493
25009 7.742282238152112
28139 8.510606451612903
34007 9.2581885953772
42069 7.4494441224712835
47121 9.824660215053763
48427 5.566897634408597
5061 7.270944086021505
53055 8.752243548387094
16013 3.87819193548387
17073 7.517705210918113
21231 8.852207741935482
28057 9.295658064516132
32011 3.6514387096774192
35029 4.9872365591397845
39125 9.241783225806453
55131 6.628884331797238
1053 9.112551254480294
13229 9.300070161290321
16059 4.2605537634408615
19069 5.905668817204302
26059 7.679629032258059
31007 4.46663870967742
40021 6.563037992831543
40059 5.1453241935483875
47005 8.39819870967742
48175 6.044259677419354
48203 8.126496313364058
48251 6.755077995391708
56019 3.7876951612903222
15003 7.1674398689410985
17171 7.014393548387096
18037 9.52825852534562
20017 5.21190322580645
20077 5.743909677419356
21021 9.000746082949311
29061 5.888583870967742
31085 4.916741935483871
36057 6.847690927419351
40001 6.696759354838709
48359 4.548335483870966
48403 7.586376344086019
51073 7.948378629032258
51820 7.371332258064514
6029 11.298173381756024
6071 11.63665142057874
18103 9.15954064516129
18163 9.16170184331796
20133 5.9488161290322585
21103 9.326996129032258
21191 8.824321505376343
21203 8.613430645161294
28137 7.996698064516132
29155 8.395463978494625
29173 6.382196774193549
35039 4.031799641577065
39103 8.741239581516995
41011 10.534668734491316
47133 8.697143317972348
48047 5.624264516129032
48371 4.856212096774192
48457 7.722887096774193
51079 7.1043376344086
51127 8.396138709677418
1017 10.704814695340502
13159 11.10750215053763
18175 9.285034408602156
20051 5.116034946236558
20171 5.407332258064516
26065 7.094623815213055
26143 5.691558387096776
30047 6.48937862903226
31119 5.263946594982081
34001 7.926657971014498
45061 9.26978571428571
48335 5.1953161290322605
48475 5.1368161290322565
19113 6.618843297491042
27057 4.936465437788019
28147 7.47792365591398
29187 6.976071260997075
36045 6.064941032258063
36091 7.346324967741923
37057 9.366140891840612
37083 8.545663172043021
38041 4.307541935483871
42077 9.548512351443122
45047 9.640186175115213
47041 8.745812096774191
48119 7.015193548387096
48365 8.249124193548386
48387 7.116516935483871
49019 3.6166725806451607
51043 8.045748387096767
54049 7.544276164874548
55083 5.15186193548387
8017 5.043077419354839
17105 7.767008709677418
19123 5.890202304147464
19195 6.005508602150535
20041 5.41103440860215
39117 9.168494086021507
39143 8.779830322580642
42111 7.934365437788017
45057 9.343472350230414
45085 9.443382328190738
46013 4.485698669354838
1005 10.810626881720436
13003 9.732060215053759
13239 11.116193548387097
19169 5.638795435483863
22003 8.800151612903223
27067 5.434069623655914
27077 4.403979032258065
28061 8.236251612903228
37165 9.149769585253454
49027 3.885341935483871
51775 7.553765806451611
2188 7.1674398689410985
15009 7.1674398689410985
17127 8.397362903225806
19019 6.417507526881718
21043 7.920374193548395
22031 8.02107603686636
31117 4.337970967741936
34005 9.221641001697808
36005 9.024278618327177
40145 6.782526979472135
40147 6.099787593052106
4015 4.35178949737434
41017 8.494284139784957
55011 6.522014838709683
55013 5.077101075268815
8011 4.520958064516129
19001 5.354363763440861
20071 5.431925806451613
22111 8.167954838709674
28159 8.443311612903225
37185 8.372333333333335
40007 5.147866666666666
48295 5.108461290322583
48391 5.865829032258063
48411 5.2135467741935475
8119 3.5694483870967733
9013 7.584454393770868
2050 7.1674398689410985
12077 8.908693548387097
13043 10.099389247311828
19131 6.06806559139785
19145 5.667505376344083
20103 6.465736693548382
20181 5.382066129032258
28127 8.242299354838707
29091 6.776111693548389
39115 8.881817741935482
45079 9.708665313519381
48299 5.4745317204301065
51530 7.074574193548388
51660 7.5752219941348935
13007 10.355112903225805
13039 7.71438290322581
13055 10.317901612903231
13269 11.259048387096774
16077 5.44035
19111 6.485746920821116
21067 9.462844728560189
21111 10.33483340651919
30071 4.2904322580645164
37163 9.005110263929621
46057 4.37366935483871
48363 5.819063799283155
50005 5.77896096774194
51033 8.090694009216591
6001 11.349617724014342
8083 3.4282589861751123
10005 7.773999756542913
1031 10.305453917050695
1091 9.60974838709678
17031 9.157237525086938
19197 5.747328387096771
29143 8.563612903225804
31047 5.076633179723501
35051 3.8926524193548397
36007 7.115426510263912
42033 8.102050322580634
46105 4.009099999999999
47117 9.381860752688173
48323 5.289526881720429
13025 8.718781720430108
13133 10.830245161290328
13147 9.868990322580649
20123 5.300566129032259
24023 7.195537788018436
26067 6.978770471464016
27007 4.935071612903224
27161 6.225681290322578
36055 7.293310315860204
55115 5.408679765395895
12051 5.740180645161291
19005 6.206745161290325
20025 5.143577419354838
20037 6.23399794721408
27031 3.9361356451612903
31109 6.0508768526591075
36069 7.193340129032258
36097 7.063409032258064
37177 7.091274193548387
39015 9.120667025089604
40065 5.420640322580644
40121 6.457569727047143
42075 10.618625598335077
5039 7.6720720430107505
51760 8.76817634408602
54037 8.647575483870963
55087 5.873641532258066
8077 3.9246189098998876
12087 4.530028709677417
17043 8.902957601553164
18139 9.557222580645158
19097 6.9673795698924685
21233 8.641901612903222
23003 4.525779838709677
26089 4.763540806451613
27121 4.993414516129034
29229 6.7128645161290335
31021 5.610262365591397
38051 4.2143
38093 4.426541935483871
48149 7.2917953917050715
5007 6.955774193548399
51067 7.628750967741936
54083 6.351248847926264
55139 5.8707445318646725
8093 3.0809309677419354
2240 7.1674398689410985
13241 8.04406129032258
18167 8.724181566820288
21209 9.212287327188937
29115 5.7611129032258095
35031 4.347285768500949
36023 6.798541935483871
37047 8.061441191067006
47091 7.58838516129032
51710 8.43729111907605
51735 8.092229032258066
54063 7.0938688172043
13211 11.03057870967742
16019 6.334684639016897
18081 9.966932111436961
22073 8.387554435483855
24025 9.000208828522927
29203 6.592506451612906
34031 8.826666903225806
39065 9.332780645161293
51630 7.970026881720431
55081 6.2509767025089635
56013 4.473178709677421
13267 9.747055483870968
17051 7.734972350230413
27131 6.47194143920596
28037 7.151345161290322
30011 3.963961290322581
30033 4.018412903225807
30063 6.836337580645162
34019 8.892258436724564
35006 3.7459359447004617
37147 8.20659657258065
46059 4.02468064516129
48049 5.226264784946233
48469 6.490864516129035
18021 8.867909139784945
20185 5.5086
23019 5.094326016830294
26161 7.661536451612879
28069 8.5647
28153 8.384513709677423
30111 4.718074092741938
40025 4.375793548387096
4005 3.6854420506912406
46071 3.9056156451612893
48107 5.424430107526883
48275 5.221841935483871
49015 3.8429419354838696
51510 8.690092699490666
53017 5.319297983870968
53071 7.915028924731178
55057 6.258742857142858
8087 5.411910887096776
12039 9.779106810035847
20149 5.413851612903228
22007 9.590005913978496
27059 5.604233870967741
45015 8.607717347670249
48177 6.612942473118279
48425 5.891491935483869
5013 7.801735483870968
1063 9.597007526881715
17109 6.725485161290322
18125 9.178077419354844
20027 5.268529032258063
21033 8.457901075268815
21049 8.902504516129028
22015 8.484362463343098
22089 7.353527543424318
25021 8.119665558312638
26087 6.82636666666666
29169 6.449710752688174
37023 8.219062724014343
47125 9.297076592224988
50025 6.456189068100356
51840 8.061485806451612
12083 6.780233691756282
18009 9.155340322580642
18049 8.864990860215052
18053 9.147943145161298
19179 5.869475073313784
29087 5.719040860215054
31125 5.235661290322581
38031 4.48416129032258
47129 9.0027264516129
47151 8.74077548387097
55141 5.730768500948759
6047 9.765786043449642
16043 4.9382548387096765
17067 6.54046958525346
20055 5.667944623655916
30015 4.77311129032258
36053 6.7959687499999974
37119 9.785265817527312
42079 7.759162468982612
47081 8.624908064516127
48327 4.637929032258064
48489 5.8836238709677415
55047 6.112252150537633
55069 5.117363225806455
55113 4.81019946236559
1025 9.119286021505376
13301 10.385953225806452
13313 10.471027598566302
18017 9.17697536656891
27169 6.506708064516132
28135 7.819985483870966
30065 4.07190322580645
31081 5.638686021505379
35053 3.696086021505375
37161 8.4904905707196
42039 7.650307152875187
42085 8.279258172043008
48053 5.864635887096773
48419 8.019037634408601
8053 2.945888064516129
16065 5.986577956989248
16081 4.522996774193548
17035 8.138867741935487
17167 7.558853864881306
20085 5.605456989247312
20105 5.289990322580644
21237 7.7754419354838715
26081 7.140834677419347
27093 5.6039575268817226
28025 9.303214193548385
40077 6.467899999999998
48103 5.256564516129034
48485 5.865745684394072
49053 4.195568509984639
55009 5.776022700119484
29027 6.408903225806445
31075 4.234617096774194
37019 7.316808993157384
42017 9.45031621926462
2105 7.1674398689410985
1085 10.251682258064514
18065 9.223119354838714
22029 7.3862270967741885
28027 8.074801382488477
29023 7.903838387096776
34003 8.917332276085814
45013 8.459067500000002
47051 9.069086379928317
5035 8.329173225806459
51800 8.42812396313364
55021 6.542713172043012
55091 6.501548387096772
20061 5.330633467741932
28079 8.093029032258066
29177 6.361712903225809
31179 5.320866129032256
35001 6.161606493780306
37111 7.791836774193548
42099 9.702843548387099
45053 9.14162661290322
46019 4.042664516129033
47077 8.328244086021508
47115 9.211863440860213
55035 6.091167580645163
6111 9.062448088756291
13137 8.749760483870961
13149 10.30433978494624
17025 8.119013709677418
17145 7.908897311827958
26019 4.9487632258064504
29035 6.863746774193551
31141 5.611921198156684
39057 9.653789216589873
41067 13.317722983870976
48273 5.83815225806452
48277 6.781775268817196
5021 8.027256451612903
51790 7.29699623655914
8021 3.055508064516129
8069 5.6374295227574045
39039 9.07290788530466
39079 9.034437327188934
39153 8.898685567502978
40075 5.53375053763441
48079 5.128774193548387
48109 4.19201935483871
48407 7.201819354838709
54051 8.093313978494626
55027 6.5338629032258035
13091 10.501743548387097
17163 8.51207731182795
18155 9.471334408602148
19151 5.515493548387095
29051 6.506324946236563
42003 8.805488974482405
45071 9.445774193548383
48445 5.592554838709677
51027 7.666218894009219
54041 6.919837419354838
8015 2.877636129032259
1099 9.320370046082948
13265 10.507696774193548
26061 4.242485161290322
29069 8.34450419354839
29153 6.771604838709676
30061 8.054296774193547
35037 4.248924731182798
37053 7.3531193548387055
38019 5.038909677419354
39041 9.733560829493095
39165 10.07750439882699
40037 6.345840552995392
45083 9.382795184665708
46099 5.168120276497698
47181 8.71016129032258
48099 6.1246733446519555
48133 5.324276774193549
48201 9.402176655996076
49011 5.967808602150534
51025 8.315879354838708
56037 4.669349731182797
6035 5.779280286738357
8025 4.521983870967741
13253 10.146969892473118
18077 9.549203225806448
21055 8.30229193548387
22101 8.439735282258063
40017 6.5788541713014554
47065 10.001427380015752
48303 6.093896489563563
48309 6.785135483870972
51095 8.241418181818185
54099 8.304432258064521
1071 9.847226099706743
13189 10.325930967741934
13257 8.915204516129029
18131 8.808971774193546
23005 6.458168230694049
25005 6.810715587096781
26029 4.895204689826303
27079 6.2367344086021514
33017 7.097301548387102
36047 9.29335494906617
37091 8.240378709677424
37153 9.087917008797652
4003 4.193950403225806
40135 6.946024372759853
42009 8.148520821114369
45009 9.663890322580647
45023 9.458319941348972
48269 5.086593548387097
54001 6.686089516129033
54059 7.705951152073732
12059 9.655153225806448
13115 10.456464516129026
27155 4.747006451612903
28075 8.636648387096773
28085 7.598254301075271
30093 5.032302016129033
35021 3.790845161290324
38003 4.85288387096774
38079 4.749399999999998
40005 6.395873387096772
42093 8.927321774193548
53041 10.197695161290326
8089 4.426066820276497
13019 9.960359139784941
13023 10.727396774193547
17183 8.258463440860218
20007 5.507485483870968
20029 5.263728225806452
26073 6.3959726881720425
27101 5.2148247311827935
31107 4.73455505376344
36009 6.8785308755760415
37043 8.128982258064516
39031 8.893364193548383
40081 6.22061198156682
41037 6.0627532258064525
45033 8.893474731182797
48305 5.5055688172043
48343 7.455126881720432
48501 5.521672580645162
51017 6.692993548387098
1073 12.001548604789196
17007 7.6526866359447006
18091 8.402980875576032
29105 6.521786021505373
37013 7.552367448680355
38035 6.060352867383506
48409 6.006855443548391
48467 7.259585806451614
48473 8.087910215053759
5023 7.624100460829494
5131 7.269832630272955
13215 11.368254108338409
17119 8.530357641459535
19175 5.3496225806451605
21011 8.23808064516129
21185 9.890646774193542
26039 5.723354838709673
27127 5.428581182795701
28113 7.402734274193544
29075 5.766110322580647
30027 4.300833870967743
31043 5.572239516129033
32001 4.649861290322581
36037 7.3070023655914
41069 6.5918548387096765
45031 9.252199395161297
47149 9.456242725477292
55078 5.18236129032258
6083 8.08981040231968
9007 7.378023387096783
19161 5.5669798387096785
21165 7.933493548387095
26095 4.323773010752688
27055 6.222270967741936
29101 6.1341311827956995
29103 5.762243548387096
39019 8.56234838709677
40063 6.420593548387096
41057 8.675258870967744
48241 8.05410443548387
50023 6.0092670628183384
5091 7.590034408602153
53023 7.413212903225806
56003 4.168366666666667
1019 10.289027956989248
13125 10.430664516129031
13291 8.548788709677414
18099 8.734219086021506
18123 9.432076774193547
19011 6.230911520737326
20121 6.2063004032258045
20193 5.4016435483870975
22049 8.194389032258064
26025 7.368128205128201
40083 6.266317338709676
47137 8.68856451612903
48159 7.289888172043011
48259 5.865405913978495
51680 7.6328847198641805
8009 4.477019354838709
17017 6.974040000000002
22095 7.805826686217005
26045 7.090496198156683
28029 7.835802688172041
28059 7.593894354838713
29111 6.124237096774196
30073 4.937543548387098
36033 5.502983640553
38007 4.245896774193548
48483 5.092195161290322
19127 5.823509999999999
21087 9.065175806451613
22005 9.032413133640569
23001 6.0372453917050635
26077 7.401458121109222
29059 6.4302150537634395
29213 6.939502258064519
31185 5.652990322580648
37113 7.82528602150538
37197 8.72211198156682
40115 6.367928315412186
41047 13.214371857619586
42021 8.479304838709696
46015 4.074099193548387
46017 3.9585125806451624
46045 4.2341214516129035
48143 5.563073387096774
48453 7.2580660994376895
49005 5.206161538461538
49045 4.841141935483865
5083 7.207218279569891
5123 8.078698387096772
5149 7.3014193548387105
55129 4.990649677419355
12029 7.265451612903226
13135 10.72240847844701
20099 6.085968145161293
26007 5.427626164874553
27069 5.582541935483872
29186 7.420021774193547
29197 5.566571129032258
31121 5.463261290322579
37011 7.42721935483871
37151 9.12512361751152
38077 5.1699252688172015
40013 6.7715407624633395
45063 9.660963905841305
48081 5.04878064516129
8065 2.8407193548387095
8107 3.393832258064515
1045 10.252531797235022
13035 11.134581720430111
16083 6.04329723502304
19051 5.62231258064516
19089 6.068383870967743
21025 7.766212903225804
21151 8.719941086587443
21189 7.96383064516129
21225 8.528167741935482
22103 6.809427981995489
27019 6.290271477079795
29113 7.243843778801841
29221 6.6203180645161295
31015 4.206730967741935
36015 7.304822727272731
37123 9.053216666666668
42029 9.84444382647386
44001 6.7793275659824035
48191 5.020903225806452
48461 5.355619354838711
49035 6.24766529214852
56015 4.574920967741936
13049 7.751585483870968
13173 9.182791935483868
21039 8.518550537634408
21053 8.862032258064522
21173 8.448162903225809
22083 8.0106
29029 6.2783592375366535
31093 5.197362903225809
35041 4.961769032258066
40027 6.750694745057236
42125 8.273167796610187
45043 7.567369585253461
5103 7.836708602150541
51610 8.90580215053763
6081 10.264991588403396
17009 6.596185483870966
19109 5.678962365591399
20073 5.299430107526879
4027 5.7806896187683225
48493 6.625359237536656
50009 5.545192473118281
5001 7.749068951612903
5059 7.622578341013821
51147 7.73995161290322
51185 7.455385337243402
26079 5.473258064516129
29099 7.649154224270352
34015 8.97154126984126
35017 4.154197580645161
38061 4.560702150537634
48059 5.261912903225806
48415 5.273774193548387
5069 7.930035752688177
55015 5.887992375366568
55023 6.452986021505378
12007 7.210191935483869
12111 4.882930425219934
21017 8.956568279569895
27039 6.489254838709677
27053 6.944815007012641
29045 6.078168817204303
31037 5.625608602150538
38087 4.1709774193548395
39129 9.435797270471472
4023 4.455049032258065
47163 8.982504880066182
48389 4.626692903225807
49003 5.356588856304987
1027 10.311483870967738
12086 5.7768804521110715
17181 8.113634838709675
17195 7.586439247311835
19087 6.332685806451611
22047 9.893453917050694
28007 7.825168279569896
29043 6.97334377880184
36061 9.491769814068135
39021 9.54482258064517
40031 5.9591320564516135
48073 7.2064602150537675
48197 5.262151612903225
5041 7.52447096774193
51179 7.933354958183989
1133 10.189067741935482
13079 11.240164516129035
16021 5.182170967741935
18033 8.793059139784946
18137 9.540191935483868
19031 6.813510967741937
22021 7.932939784946237
30091 4.729704838709677
30099 4.872660215053763
48013 6.219121370967743
48023 5.239625806451612
48223 7.24488602150538
48503 5.4291435483870965
53039 7.3812752688172045
6033 5.632210752688169
13163 10.462542741935483
13223 10.466377419354847
18031 9.669404838709674
18071 9.488249354838711
19037 6.0432104838709675
23011 5.790163475546299
38021 4.553447311827957
4001 3.4612266129032263
40125 6.427530443548386
41039 12.188444711177798
45065 9.853713978494623
45073 8.800353763440858
47105 10.043679677419362
48215 6.367050356837007
51075 7.98532580645161
51191 8.02391612903225
9001 7.783430491551433
1035 9.477623225806452
12123 8.027436290322578
17037 7.873176497695848
20177 6.008016879219809
22023 8.452466129032258
23029 4.332413647642675
29161 6.4292280645161295
30083 4.58158870967742
30105 4.299531182795699
31067 5.630807373271889
37187 7.484368817204303
48247 5.380066129032258
49013 4.213318279569893
5077 8.027481451612907
53007 4.86760138248848
55103 6.549798064516133
2282 7.1674398689410985
12097 6.036511644374512
18173 9.303262756598242
21171 9.247896774193547
31027 5.019172580645162
31105 4.608132258064516
36017 6.622377688172043
39163 9.11086666666667
47143 9.417796774193546
48117 5.125687096774193
48169 5.164070967741935
48479 5.2615869381279685
51041 8.628672512494328
51750 7.614578494623657
54047 7.420602016129036
6031 12.784196296296304
2198 7.1674398689410985
1015 10.872900416233072
1131 9.72253064516129
13057 10.550492679900739
13105 9.956153548387094
18149 8.715753456221197
22053 9.323236405529952
26145 6.703993202764998
30103 4.198780645161291
31031 3.954358709677419
37195 8.910154668930392
42103 7.170811469534057
46079 4.614762365591398
47031 8.99287661290323
47047 7.8774114369501484
51115 7.645685483870965
51690 8.014074838709677
13171 10.962224731182793
20083 5.123138709677418
27133 5.342376344086021
36093 7.421284846211556
40111 6.420073225806456
41005 13.291604395161295
41063 5.314944623655912
46053 4.071005806451613
46085 3.9137414516129043
54087 7.456072580645163
1097 8.914916694963207
19155 6.2391472903225855
21167 9.105762580645157
21183 9.18029447004608
24029 8.227138709677416
29133 8.71820080645161
36027 7.557599755002041
37067 9.042235553243167
41031 8.50159569892473
46047 3.9767790322580643
46101 4.845475806451614
48007 5.724901935483867
51171 7.27956881720429
5145 8.031395781637716
53061 10.619805182795695
56029 4.223081935483871
20019 5.479593548387095
22009 8.203979928315409
31083 5.206300000000001
36039 6.653781720430105
47111 9.230147580645163
48267 4.68194193548387
5067 7.8482929032258095
5111 8.226859907834095
56031 4.196501612903226
56039 3.9210435483870976
13069 10.036602867383516
13101 8.20964677419355
13237 11.054634193548385
17115 7.776738994307396
17139 7.792412903225801
17187 6.930873548387097
21095 8.057265395894428
22025 7.552955913978493
28071 8.024048064516125
34013 9.453888156682027
37009 7.343060215053761
38081 4.765679032258066
39007 7.31250670967742
45019 8.240867552182152
46119 3.9639496774193548
17135 7.7324689516129075
18075 9.348245161290318
20157 5.326067741935485
21073 9.21365953079179
21193 7.859321774193556
26069 5.678934050179207
28109 7.380565232974913
35013 5.793697954366637
37097 9.356773240469192
42095 9.22871499051233
45011 9.87908870967742
46061 4.434376451612904
48339 8.258411919081473
51580 7.130848387096774
9015 7.310008129032248
1043 11.090273655913988
1117 11.502807661290323
24041 7.705551612903221
26091 7.802516970546995
26163 7.998799825489118
31041 4.752458064516129
31181 5.364970967741936
38023 4.757448387096774
39149 9.60560806451613
48417 5.25221935483871
1113 11.49710446650123
18015 9.265723041474653
20089 5.279191935483872
20175 5.41994129032258
31013 4.507098924731182
31115 4.384670967741935
34029 8.202853548387088
37037 8.89105533498759
37087 7.6736516129032255
40045 5.138819354838709
40049 6.367074551971324
4017 3.539191779396461
42091 9.749545497630365
45091 9.744152244039263
48015 7.851802150537638
51057 7.819933333333333
5139 7.995720322580645
6039 9.259723842917253
6103 6.685189442815251
6109 5.83757771260997
19053 5.328876344086022
21161 8.560879999999996
26153 4.486203655913978
28117 9.038908387096773
35047 3.897478341013829
4019 5.299819622540481
51013 8.871573810825597
51720 7.9489193548387105
12069 6.173858006912449
20005 5.94845564516129
21135 8.201508870967741
22123 7.903641935483872
24037 7.497221821631879
24510 9.134891999999988
26011 5.994292258064515
26047 4.840977177419355
27023 5.191100806451617
27037 6.882808624787769
31023 5.645654838709678
35061 5.0153189964157745
36075 6.606798442714132
40029 6.460419354838709
40101 6.748016733870969
49025 3.5178693548387097
5051 7.364789677419348
54003 8.644458755760363
55127 7.566566275659826
1059 9.588751254480286
13111 8.951068387096775
13175 10.711694292803958
22081 8.185062903225806
27123 7.029811678832131
29183 8.010245487954272
36079 7.749471477079796
39081 8.369984431977553
39155 8.279223519061574
48035 5.986269124423959
48141 5.812895792426383
48153 5.359979032258063
48437 5.42515376344086
51195 7.900684164222876
54053 8.774576881720433
54077 7.087950806451613
55109 6.285276958525345
6115 8.796435483870974
46102 7.1674398689410985
1103 11.345916845878138
12037 7.682510483870964
19047 5.492704645161286
26147 7.417072350230423
27045 6.254331720430105
30041 4.803239247311827
31177 5.992062580645162
36121 7.017734310850441
40131 6.645311751152082
41021 7.345735483870967
51015 7.224853846153848
53033 11.992616039652214
54029 8.385004032258069
13121 11.119381546489539
16017 7.760819354838709
20067 5.612879032258064
21159 7.902355913978498
21169 9.1548752688172
25001 5.653878744239631
26117 6.575759553349874
29163 6.667247096774195
30109 4.247803225806451
31137 5.319175268817204
50001 5.983304193548389
5087 6.7733935483871015
5133 7.191780645161291
51730 8.734112609970675
55005 5.371781612903226
55041 4.64417822580645
1007 10.662087903225808
17005 7.813015322580645
20081 5.69425806451613
21047 9.212470797962649
21059 9.357104908835906
27009 5.824314695340503
28115 8.854286021505377
32033 3.626531182795697
39069 9.012982027649771
41019 11.19299149560117
42073 8.664782488479261
48115 5.416002419354839
48257 7.461058602150531
48395 6.803127096774195
51137 7.362665161290327
53075 9.84080129032258
54079 8.47067419354838
8125 5.274141935483872
12105 6.397525115207385
18107 9.018321146953406
19141 5.703551612903227
20053 5.360417741935483
25003 6.845871877584784
45007 9.71814524400331
48379 7.231124193548386
2195 7.1674398689410985
19021 5.571710215053761
19067 5.937391612903226
21213 9.767451612903228
27001 4.537186559139785
37145 8.495106451612902
39095 8.703492837185701
40153 5.317277419354836
41059 7.6495016559139755
44003 6.849854425144742
51059 8.674981620405095
51155 7.584329354838707
51177 7.858399462365596
54073 7.892333870967738
28107 7.981794086021501
29015 6.005355913978494
32013 4.603836290322581
38065 4.843587096774195
40043 5.360252688172046
40127 6.360059139784948
42041 10.217881171823572
42123 7.112674193548385
47103 9.641152329749103
47159 8.988871612903226
5003 7.663342857142854
51019 7.517319354838707
51021 7.469951612903228
8081 3.7224556451612885
13031 9.929174731182787
13097 10.58082338709678
18181 8.971664919354845
19079 5.702605806451614
26013 4.2672725806451615
27029 4.90220752688172
29179 6.588285483870967
31029 5.223616129032258
51047 7.185700403225808
53003 8.297198387096776
54061 7.554393279569895
55125 4.57336129032258
8101 4.725772140762467
12023 7.68684220430108
12033 8.127859972739646
13131 10.456868279569893
13311 8.657716774193545
19105 6.7126535483871
21029 9.891757885304662
26043 4.785888018433179
33019 6.343071935483871
37021 7.8913775921658855
40109 6.770493963324832
2261 7.1674398689410985
13109 9.740991397849461
21035 8.543434050179215
22091 7.222483870967743
26151 6.667033602150537
26165 5.5075883064516145
28111 8.08920860215054
29149 6.821782795698924
31155 5.9063599999999985
36003 6.809763275434245
36051 7.0191363440860135
41051 13.316860403697417
48505 5.2209526881720425
54005 7.510795564516126
55071 5.738019524617993
13205 10.50142
19033 5.976078005865099
21221 8.59050322580645
26111 6.501508828522925
27113 5.473236774193546
30029 6.305134465195242
36101 7.019635806451621
37107 8.473968817204305
39043 8.183191577060924
39083 9.019615322580654
39097 9.658171236559141
47095 8.371670967741935
48155 5.188509677419352
6059 14.216924587074669
13083 9.916557258064515
19081 5.829262096774196
19091 5.614583870967744
19099 5.738208172043011
20015 5.663840446650126
20063 5.029537096774194
20147 5.100317204301076
25013 8.069737049796418
27071 4.455745967741934
29065 6.428688709677419
31171 4.204303225806451
38033 4.233383870967742
47187 9.39527358326068
51117 8.231969892473119
8109 2.9052258064516123
2016 7.1674398689410985
1009 11.06160896057347
13305 9.290392473118278
17049 8.053949193548387
17117 7.7648473945409435
21201 8.509464516129032
26103 4.391763844086022
28141 9.070368548387096
29093 6.6809540322580645
30049 5.137754838709674
31019 5.4670073313783005
31073 5.080341935483871
32021 4.308398387096775
35033 3.390987096774194
39151 9.018867591897981
40097 6.517143010752685
48439 7.1025704617330865
51029 7.41313629032258
51063 7.43694301075269
19007 5.436434258064516
24009 7.5547229390681
29049 6.360968548387095
29077 6.975219927159219
38009 4.875043010752689
39141 9.14533225806452
41065 7.993875403225808
45087 9.332517562724018
48009 5.5568666666666635
48123 6.374190322580643
5093 8.352829838709683
2164 7.1674398689410985
12031 7.545868487786677
16015 4.212832258064516
19071 5.692715053763442
19075 5.989954838709679
19117 5.282643709677421
21147 8.777758870967743
21211 9.461978853046585
22035 7.9171311827957
24001 7.538358204768582
28001 7.265284946236564
30095 4.008078494623657
32017 3.6695677419354844
38071 4.590463440860214
40123 6.4551500000000015
41055 7.725109677419353
42047 7.527239426523302
42059 7.8942591397849515
47071 8.543930107526883
48037 7.592671505376344
48139 7.148551821019778
51109 7.634066666666659
2290 7.1674398689410985
13293 10.813789400921657
17165 8.124422222222218
18169 9.08688185483871
21009 9.353006451612899
22055 10.427641635408861
26057 6.6791974193548445
30035 5.047020161290324
33013 6.82849964157706
36049 5.644445622119813
42011 10.133977598566343
46011 4.66761612903226
46023 4.287693225806451
46093 4.004685806451614
5029 7.87575537634408
5105 7.521904301075269
51187 7.432160887096777
1095 10.941543548387088
31103 4.013583870967742
37063 9.05252951612902
38091 5.110609677419354
41003 12.217041218637998
48125 5.064525806451612
48301 4.821583870967742
49055 3.444641935483871
5033 7.127433431085044
8003 3.1970177419354835
8071 3.3853806451612902
12121 8.034838709677414
17055 8.117627956989244
18035 9.13309795698924
21083 8.571194623655916
25023 7.007555645161299
31051 5.197399999999997
35005 5.3262600806451585
41009 10.682115806451613
47043 8.82875290322581
47169 9.27682741935484
48227 5.458439999999999
51087 8.631873336693554
5147 7.990264516129031
51540 7.371192204301081
6009 6.4052690322580625
6043 5.802854838709676
16009 11.27874838709677
18143 9.58786193548387
21239 9.331091129032258
23009 4.872022390891838
26075 7.268869354838708
28119 7.954249462365589
31123 4.719212903225807
37101 9.072736258064525
37117 7.918946774193545
39055 8.102442549923182
46107 3.935377741935484
47139 9.155592903225806
5063 7.470404838709679
51700 8.285942228739012
12133 9.386365898617509
13319 10.849494623655913
18127 8.86395715725807
27091 5.794428494623658
27149 4.910203225806451
29199 5.707349999999999
38073 4.9762903225806445
39033 9.040707940446646
40053 5.8764822580645175
42043 10.546653647642684
44009 6.240267511520736
48105 5.401670967741935
48129 5.045827419354839
48337 6.167246236559137
48423 7.507011801730926
51071 7.340168548387094
5109 7.102793548387098
51113 6.945129032258064
51121 7.515292137096768
54023 6.698304301075268
6099 9.988056966369255
1083 10.917058266129034
13065 8.457509677419358
17079 8.265639784946233
18105 8.974087408949014
19039 5.270989569892473
22013 8.211921290322577
29109 6.703201843317968
37105 8.850013647642676
39123 8.245221339950369
40011 5.76680516129032
5055 8.071136200716843
17087 8.072329838709676
18095 9.450843156059296
19085 5.710483870967741
21153 7.68582338709677
21177 9.201751254480286
29215 6.568996774193547
41035 7.526021451612903
48171 5.249576774193548
48381 5.495704560622924
51141 7.6706427419354855
6053 8.470936357960442
8121 5.187069354838708
2090 7.1674398689410985
12061 4.803586559139788
13027 9.671055483870967
13243 10.945595161290326
13255 10.822821236559138
16063 5.316358064516129
19133 5.4820282258064505
20129 5.108609677419355
26015 7.1181486803519105
27049 6.561322903225804
27051 4.895506451612904
31173 5.448138709677418
46051 4.413908064516129
48003 5.279027419354836
48039 8.412849335863376
55051 4.476390322580644
56001 4.0346012903225805
8075 5.014064516129033
13157 10.225570087976541
17053 7.772065161290327
17071 6.738324731182794
17201 7.570392501047329
20155 5.771984819734344
25027 7.894571399099785
30079 4.101616129032258
36019 6.000213582342961
36029 7.47105168124658
37015 7.994898387096774
40051 6.34082064516129
42067 9.227115483870964
48043 4.262636559139787
49037 3.451383870967742
51051 7.779436290322582
53067 11.30323159973666
12067 7.9861903225806445
13321 10.762861290322583
20151 5.589353763440861
21015 9.901833431085038
24043 9.20212510080645
26149 8.019119544592028
26159 6.9524559139784925
29057 6.289548387096774
39051 8.691205734767024
39175 9.233897311827963
40113 5.995754838709674
47135 8.291827419354837
48145 6.689358064516131
48317 5.49774516129032
51111 8.022892473118281
53057 8.77978612903225
54007 6.726594623655914
16027 8.915333481646279
19185 5.292074516129032
21071 7.827883870967744
36105 6.500308064516127
37099 7.666106810035846
37139 7.681653225806452
46075 3.781383225806452
47075 8.121479032258067
48243 4.00078064516129
48253 5.415313978494627
54019 7.146174731182795
55111 6.512145905707194
8035 5.394585827604446
12095 6.184087221443017
13045 10.19741764705882
13299 9.021079569892473
18027 9.245691244239632
18061 9.573224731182796
20159 5.588729032258062
22097 9.369721561969438
26085 5.5182822580645166
27141 6.121617595307922
28067 8.4457900921659
34021 9.273940008378714
40119 6.034612713472488
47185 8.682113978494616
48019 5.534510322580646
48027 6.603164019851119
48465 5.4149638709677435
49031 3.521067741935484
5047 7.152722580645159
51139 7.108814838709678
53009 5.876272350230417
8105 3.017694623655914
8123 6.814720942605764
13187 8.926712096774194
16041 4.642304838709678
20059 5.980771612903227
20097 5.296341935483871
21155 9.087690860215055
29089 6.07065376344086
30057 4.164890322580646
31077 4.830416129032257
42061 8.695317204301073
45081 9.5217335483871
48071 8.085153763440857
48369 5.275924193548386
51810 8.11583000977517
6021 7.82219408602151
12011 5.548395585738528
12049 6.166922043010754
12117 5.983631657914477
19163 7.452420727522307
21023 8.745867741935484
28047 7.344913261648747
28161 7.858396774193544
30001 4.3279387096774204
31033 4.86887204301075
33015 7.627575073313784
34009 7.601437399193548
35043 5.500958640552996
38047 4.218551612903226
39169 9.122611088709688
42001 9.792704628330998
45051 7.695070786006357
47023 8.250115053763443
48029 6.80834625418647
6073 10.98612411380356
8091 3.0318741935483873
8097 2.9634048387096765
15007 7.1674398689410985
13181 10.002420967741935
16035 10.327525806451614
21121 8.640966532258064
22085 7.667044700460829
26021 7.447339650537634
26131 4.202078494623656
27003 6.522830275942471
27083 5.106964516129035
29185 5.9556000000000004
42007 8.752226565464895
46109 4.508641935483872
48239 6.681450537634405
51165 7.36610169779287
55017 5.7166577712609925
55039 6.067504193548394
56033 4.056083870967744
1013 9.81665806451613
12091 8.372361762391803
18097 10.411250835253435
21119 7.787160645161289
31057 5.1880741935483865
46083 5.198931964809384
47079 8.505661648745518
51053 8.420212442396315
55033 6.038201612903226
55065 7.123225806451615
18083 8.907810967741927
21157 8.617457526881724
25007 5.502725806451617
25015 7.739441129032252
26027 7.941678592375363
28045 6.9718216589861735
36021 7.0744895545314925
42019 8.67449772727273
48355 6.026760971724413
13231 10.681777419354841
20001 5.852389032258064
29073 6.396165806451615
31183 4.561964516129032
36063 7.8511487572712655
37095 6.665577419354838
37191 9.14252828784119
39035 8.562501692463485
41015 8.724937634408597
42127 6.951949769585252
42133 10.463873727598578
46005 4.310790967741938
47189 9.66111382488479
48205 4.537093548387096
48341 5.150331451612903
48497 6.5788862170087965
53021 8.772825607940451
9005 7.134349209361158
19023 6.016825806451612
19167 5.724818894009219
28013 8.333127741935487
28129 8.435019354838708
28163 8.099118279569886
29209 6.991083333333333
31011 4.992980645161288
37169 8.326922939068103
39113 9.859696795277243
48147 6.915230824372764
48507 5.048063709677423
51590 8.30411189516129
51678 7.061538709677419
53077 6.6906713261648845
8049 3.1876268817204307
2180 7.1674398689410985
1021 10.605668817204299
1037 10.452675268817204
13317 10.209247580645165
18001 9.523714746543781
18051 8.915922580645162
21019 8.643669727047147
27073 4.764331182795697
31061 5.300533870967742
37073 8.137502150537633
42083 7.038941935483871
46137 3.8691258064516125
48209 6.784893677419352
48297 5.92867258064516
48459 7.523063133640559
5049 6.852703225806452
53027 8.350029233870966
55077 6.207145161290321
16005 5.717637390029327
17113 7.702553186467349
19061 6.948187096774192
21003 9.4338311827957
21223 9.519404838709681
30059 4.328483870967742
37051 8.947857305502843
39121 8.835820430107523
41001 5.50311177419355
45035 8.92472477419355
47055 9.691464919354834
48451 5.147434580645157
51085 8.502862412342205
55085 4.772809677419351
6067 10.292619212374065
12093 5.243340860215055
13127 8.272299784946238
18109 9.554328784119111
18133 9.104469124423964
18177 9.2571375711575
23013 5.343280967741939
24033 8.608665270790175
27063 5.572766935483872
29223 7.139897580645163
40069 6.50017741935484
41027 7.739133870967742
42081 8.237991879866525
48001 6.980218475073314
5101 6.8191903225806465
51035 7.671162211981569
53029 9.44530491551458
55025 7.016126318962902
56007 3.8467161290322593
8033 3.1747838709677425
12079 8.499975483870967
13107 10.265932258064515
16051 6.152082258064518
17095 7.198116733870962
19027 5.503891290322579
20165 5.266246774193548
29201 8.674677096774198
35007 3.373660215053763
38013 4.994070967741934
38037 4.279787096774194
39139 8.88741021505376
45077 8.872866589861774
48131 5.40248817204301
48225 6.797148847926271
54071 6.517446236559139
54093 6.5557462365591395
12053 6.65132793255131
31017 4.104758064516128
36119 8.293375553305374
54057 7.288558986175115
6077 10.334763912740776
1033 9.96943594470046
12125 7.312013978494623
13021 11.276117082111433
18183 9.039333640552995
21099 9.160370322580642
26033 4.689259562211986
27011 4.64074193548387
35003 3.375738709677419
38045 4.551675806451614
40055 5.274769354838708
44007 7.415668451155334
5045 8.169586064516125
53037 5.2067120967741936
55095 5.513908709677421
1101 11.389806302729529
12103 6.934861739820218
21229 9.10846344086022
22127 8.211326612903227
27065 4.919554032258062
30007 4.71568870967742
32510 5.554919585253455
38055 4.635556451612904
40151 5.466843010752686
45069 9.227720737327186
48011 5.089348387096774
48195 5.2667193548387115
49017 3.424982258064516
50015 5.949220737327189
51163 7.032696774193545
55059 7.37426451612903
16007 4.241406451612903
16061 8.242529032258064
17081 8.00875542521994
20167 5.216112903225805
21077 9.311267741935483
22051 7.015766461853586
28041 8.24949677419355
30009 3.925585161290323
31167 5.402709677419353
35015 5.1588997311827995
4007 4.090017741935483
47145 9.649813489736069
48017 5.144583870967741
48271 4.929277419354838
51740 8.523886576482832
6095 9.375120430107533
17003 8.489848387096778
18151 8.262556272401435
19101 6.075224999999999
20205 5.879038709677418
21113 9.272591039426526
21181 8.540014516129032
28031 8.432066935483867
33005 6.640846169354836
40129 5.155251612903225
48345 5.030083870967742
48353 5.173010967741934
51143 8.057573588709678
56021 4.650354654377882
12027 6.017863082437277
17083 7.854623118279574
17129 7.294495698924731
17143 7.74140141129032
20045 6.259205571847507
21179 9.351603225806453
24027 9.09997542521994
27025 5.636438387096773
27145 5.858361512791997
28105 9.04094475806451
29017 7.733933333333332
29119 6.627723387096773
35023 4.170516129032257
37173 7.691509677419354
38069 4.540774193548386
39091 9.409049560117305
46065 3.9117539516129045
47039 8.268529838709677
48101 5.101464516129031
48233 5.18068479262673
48287 7.2565201612903225
48361 8.600170506912438
50003 6.352897043010752
50021 6.245660806451614
12013 9.1369247311828
21227 9.779283736559146
26141 5.075628494623653
28011 8.099663709677419
29039 6.078177419354838
31079 5.667564285714284
40057 5.18725806451613
42031 8.058922258064515
42053 7.412668817204304
48033 5.201490322580645
48207 5.2805564516129015
5089 6.963066935483874
5121 7.445984677419354
55137 5.861185253456222
56017 3.827759677419354
8007 3.114812096774194
2170 7.1674398689410985
17065 8.183526881720429
17091 8.202007563959947
17125 7.141217741935485
19063 5.637408870967744
23017 5.310033586337753
24015 9.043567232597628
46111 4.276955483870968
49007 4.031269032258063
51001 7.31026806451613
56009 4.437005645161289
12057 7.150024002016153
16055 9.947306451612898
16087 5.577798924731182
19137 5.605034677419356
19139 6.866077741935482
20113 5.699395852534567
21205 7.9174362903225814
24019 7.646353405017916
29019 6.392341045606222
29147 5.685612903225806
31025 5.976146236559138
38063 4.854935483870968
39059 8.742572580645165
40071 5.820705571847506
48289 7.026244086021507
51077 7.475577419354837
51157 7.0099467741935495
54105 7.651812903225807
55061 5.428941129032257
55097 5.7128018433179735
6107 11.418922580645171
13063 11.023254064516115
19077 5.352821397849461
22087 6.4466924098671825
26129 5.903629032258062
27005 5.162528387096774
28073 8.159780241935485
29021 6.235693290322584
47053 8.548155299539173
50011 6.315677419354834
51023 7.355036693548388
12063 9.760265395894434
13119 9.715392258064517
13297 10.748714408602153
18121 8.649525
19171 5.943340860215056
20093 5.536883870967741
22041 7.721924193548388
26031 4.954862620967746
31039 5.551173118279571
31049 4.997338709677419
31089 4.361361532258063
39137 9.272370046082944
48051 7.034492903225807
48157 9.2448689728353
49009 3.772361290322581
5009 6.926328110599079
51045 7.096435483870967
2158 7.1674398689410985
13061 10.575148387096773
18119 8.963185806451618
19015 5.505310967741936
20195 4.919490322580645
20207 5.728264516129034
25011 7.254921684587815
29001 5.677533640552997
31129 5.392825806451613
47027 9.128875806451617
48165 5.584387096774195
48499 7.2559580645161255
51830 8.222509677419358
53005 8.365846364428947
8079 2.9250322580645163
1079 10.474452688172054
1087 11.07189677419355
13071 10.437229354838712
17147 7.702147580645165
19135 5.559300107526882
20173 6.194734781477594
24017 7.855260752688176
26119 5.46668
31035 5.6210483870967725
36001 7.411498193548389
4013 6.588832236934746
42117 7.288952580645162
8005 6.497542089093698
18005 9.690544086021518
21081 8.935432258064516
26041 4.710315835777129
26139 6.659947534996959
47009 9.127436751152086
47097 8.163039426523296
51169 8.626019354838707
1039 9.875702534562212
12035 5.700260483870968
13011 9.617575806451617
16069 8.994533548387098
18161 9.386062903225806
19041 5.567157258064517
40019 6.4774246334310845
4011 3.8405548387096755
47109 8.436029953917052
48085 7.496853777589136
48185 7.493132795698923
48319 4.857646774193547
48495 5.135872043010755
8051 2.927641935483871
8113 3.08213548387097
1109 10.305307258064506
13013 10.45624964157705
16047 5.683535483870966
18101 9.187939784946233
22061 8.355789032258066
26083 3.741353709677418
27109 6.829557478005858
29033 5.9239096774193545
29079 5.647772500000001
29131 6.323372903225805
31069 4.499928709677419
47035 8.869620967741927
49057 5.946593612903229
53051 6.320765161290321
54109 7.327872043010751
12047 7.971661290322578
13095 10.933099641577058
13235 10.742331182795699
13251 9.895083225806454
16067 6.062152258064513
19049 5.384292967741932
20033 5.232522580645162
22019 9.74220799120235
27147 6.391841129032259
4009 4.4673250896057315
42119 9.104353870967747
47037 9.838339931877357
47167 8.07813449131513
48441 5.46890305602717
54081 7.197419924098675
8023 3.054888709677419
17033 8.497306451612905
27173 4.990177419354839
29013 6.130431451612902
37065 8.645978110599083
37085 9.002004301075264
37149 8.217923963133638
46091 4.517432258064516
5081 7.506508064516128
5135 7.055039516129029
13017 10.261049032258066
13123 9.41284
17193 8.406505161290324
20057 5.3392447004608306
20127 5.225688709677421
23023 6.125614919354839
27081 4.824191935483871
36113 6.482956876061119
37049 7.314355760368655
41053 12.225742741935484
45001 9.663446774193552
46031 3.933045161290322
47173 9.29689919354839
48373 7.299586451612906
54101 6.3643505376344045
6027 4.297507526881724
2068 7.1674398689410985
19107 6.0477120967741955
19189 5.858790322580645
21235 8.853316129032256
26135 5.72274387096774
27021 4.823963870967744
29081 5.577598924731183
37127 8.761846594982071
46037 4.33265376344086
47045 8.316547580645166
47063 9.419716935483873
48291 7.5662695852534565
51065 7.489747580645161
6041 9.160295894428149
8027 3.1341129032258066
8115 5.102716129032258
2130 7.1674398689410985
22069 8.106335842293907
26105 5.327850806451611
28145 8.718679032258065
29067 6.761596774193549
42055 9.36279235364397
54097 6.597779032258067
6087 9.21093957816378
17021 7.662680322580645
17141 7.5563372434017575
18003 9.2261786626344
22037 7.595187741935485
29107 6.239547004608293
36073 7.090539999999998
38103 4.441840322580646
42025 8.199456182795704
45067 8.463040725806449
54107 8.453622828784134
12099 4.924970469991405
13191 8.619870967741937
20011 6.001386451612904
21139 8.420780645161292
26053 4.465950691244242
28055 7.971441935483871
30053 6.098839354838709
46033 3.8979096774193542
46041 3.8280790322580645
46095 3.8163958064516126
48067 7.562624884792624
48093 5.317732258064518
48349 7.069469677419355
13295 10.271958808932999
18171 8.462711290322577
27125 5.435317741935484
35059 3.843635483870967
40141 5.53139935483871
46009 4.55527483870968
46025 4.3225
48211 5.0648193548387095
5075 7.643120430107526
8103 3.5060258064516137
2150 7.1674398689410985
13145 10.721555483870972
18179 9.305376497695855
19143 5.6240241935483875
19173 5.49099623655914
20031 5.686778494623657
21079 8.917871774193548
27119 5.793054838709679
29121 5.901378709677421
39173 8.943460253456221
42089 7.75991515151515
45045 9.280482069165936
47025 8.913692114695344
51089 7.9402930875576105
51099 7.792101935483869
54089 7.089595161290323
6091 5.860977419354839
13209 10.068896774193547
16025 3.859306451612903
17155 7.737146774193548
20009 5.494104838709673
20191 5.890424731182797
21163 9.382218548387097
21195 7.805240577249579
28149 7.832221505376346
29083 6.016552688172042
29195 6.007356048387097
37077 8.672101488833732
39001 8.829333870967744
48221 6.097556774193552
48293 6.817564516129032
50007 6.095907926267267
53025 7.021676612903225
1001 10.949530376344084
13233 10.034176958525341
13307 11.392177419354836
17011 7.652254516129037
18089 9.15271204852496
18129 8.774111059907831
30087 4.259073387096775
37089 7.9262952210274875
37129 7.475455498533719
38043 4.26478064516129
39157 8.765663748079882
42045 9.663138530465908
48397 7.500575659824048
54039 8.142208642726724
9009 7.726251954258423
12127 5.584093976591487
17151 8.134395161290321
18165 8.495480645161289
20179 5.118156451612903
22105 7.12331306451612
24031 9.083007531882966
31163 4.999477419354839
40003 5.718577419354838
46081 4.073925806451613
48075 5.140406451612905
48187 6.961589321468285
48401 7.864901736972703
49023 4.038598387096774
55053 6.181623225806451
6057 6.332124193548387
12003 7.374454032258065
17101 8.630824516129035
17153 8.309527419354838
20079 5.916522043010757
22059 7.709543010752688
26137 5.390627956989246
36099 7.237911935483872
36103 7.13620388699661
37045 9.110505131964802
40089 7.049630645161291
41013 7.8775209677419324
47033 8.403738709677421
47123 9.347127649769588
48031 5.811267741935484
48183 7.890517290322572
5025 7.741032258064515
51161 7.537291039426521
53013 7.016439032258063
53065 5.43414811827957
55079 7.148386879548155
55117 5.938465508684866
6045 5.753328870967741
12005 8.585054538634646
17177 7.26450893300248
24011 7.930571684587812
40085 6.49984623655914
42121 7.87815625
48375 5.508809108159399
51003 7.308514809384165
51031 7.777619086021498
6003 4.663025806451612
1049 10.444865668202764
1123 10.354113870967742
16037 3.7673258064516135
17133 8.044672043010753
19157 5.906190967741935
20203 5.4448709677419345
22067 7.967766129032261
26071 4.542935483870968
31065 5.097583870967743
36025 6.108508525345628
39109 9.641887864823348
4021 6.265995096774179
41029 8.744578599527925
42129 8.837561064516148
48433 5.154119354838709
56035 3.7367935483870975
2122 7.1674398689410985
13139 9.717045071684597
17189 7.810404032258066
18059 9.943484516129029
18079 9.624696774193545
21101 9.083560703812315
21145 8.54578842504744
29127 6.39141774193548
29151 6.373686290322581
40041 6.451030824372759
13085 9.385397849462363
18013 9.201591129032257
18093 9.066311290322586
20169 5.574858870967741
21031 9.321557419354837
27137 4.701725752688173
31165 4.141345161290323
36031 5.37716203473945
37055 6.558990322580646
37179 9.557134067663242
48447 5.191745161290323
49039 3.912649032258064
5125 8.057887096774195
