17039 14.420432903225807
18135 14.733558870967745
20013 12.004637634408606
26023 13.839979301075275
26035 9.07773665689148
26155 11.11974079696395
31001 8.557344444444453
32029 5.2575258064516115
37001 10.181045340501791
39159 13.339514838709675
46063 4.892258064516128
47011 11.094270118845493
47073 10.856745409429276
51009 8.603221505376343
13047 11.56471818181818
13249 12.770066129032259
17157 14.250935842293902
22093 8.617732718894018
28133 10.485846082949308
31063 6.704206451612903
38057 4.278231935483872
39161 15.463061290322573
40033 9.63768709677419
47049 9.69243951612903
2275 9.531378341123043
16045 6.949922580645161
17001 13.938558422939051
18085 15.540394397283526
21133 10.365845161290322
21219 11.808900000000005
29207 12.65673064516129
36117 9.856568914956014
37121 9.327941935483869
48173 7.472067741935484
55135 10.003919354838708
16039 5.609778064516129
17175 13.920591935483866
24045 9.786369439728357
28091 8.721065053763445
29227 11.813470967741935
31135 6.0135645161290325
34033 11.036792473118275
34041 10.889686395511923
36077 8.696659392789373
36109 9.56658036465638
41071 5.693542504743825
48061 8.147345161290328
48265 8.156885806451616
48399 7.949075806451614
12065 10.978798924731182
12119 7.910508828522927
13217 11.53244367245659
21207 10.955506451612903
22011 8.350081566820277
22113 8.48957204301075
28015 9.965182258064518
30055 5.076225806451612
36089 7.669464516129034
37103 9.022118279569892
39127 11.737096774193553
42035 10.68394838709677
9003 8.99919561491938
10001 9.723144758064526
13015 11.623396344086027
13067 11.892810456989263
13179 9.551971198156675
17019 14.557115303825968
17107 14.559632258064505
18023 15.115216129032264
21137 10.974520967741942
21187 11.75614731182796
29167 12.284514516129034
31071 7.274109677419355
31145 6.692406451612902
38025 4.773458064516128
46117 6.0714225806451605
47019 9.790477039848195
48255 8.96949838709677
48383 7.295090322580648
5017 10.033550806451613
6069 4.6505932551319615
2070 9.531378341123043
13279 10.816101612903225
13281 10.030602150537636
21115 10.674261827956991
22039 8.531361290322582
28101 9.698265806451618
37115 9.560946236559142
46035 8.112836290322583
46123 6.465616129032258
8067 4.287637741935484
27035 6.718820060483876
27115 7.261136290322582
31055 11.399445037220874
45055 10.253529247311832
54075 8.068420967741934
2110 9.531378341123043
13197 12.865545161290326
18045 14.33974774193548
20117 10.999923387096779
21175 10.438479999999998
26157 10.04925657568238
27047 9.85665129032258
28097 9.865152688172044
30081 5.20432129032258
32023 4.736465483870972
37159 10.43112967741936
39009 11.226460000000008
42013 12.655971821631885
46127 10.92782365591398
47113 11.62147108721625
48219 7.792880645161293
51685 9.83007258064516
8019 3.7238430107526885
13285 12.158754838709672
22117 8.418586510263939
27167 7.542051612903228
30025 4.804348387096775
37183 10.47959941348971
40099 10.945093548387092
46055 5.953380645161291
48347 9.42272084367246
5115 11.517117888563043
54065 10.345216129032256
8047 3.7889483870967733
17045 13.852292903225813
21045 11.018787096774192
26009 8.481647465437788
29129 11.924606451612899
48083 8.000774193548388
51520 10.074163709677418
53035 3.6887896057347622
8013 5.343284772296019
16071 4.118216129032258
21105 12.427480645161294
29011 12.480306451612906
30107 4.001922580645163
39029 10.854293010752684
40091 12.442144086021509
42057 11.094250537634409
47007 10.031035483870967
48045 7.388480645161289
50017 7.326467096774197
56027 3.373382258064516
6075 7.98448291639235
13113 11.82265258064516
13165 10.710650000000003
13259 12.790956451612898
18055 12.40062437275985
23031 8.402312580645159
29181 12.52689435483871
29205 12.855550537634405
36087 9.616722332506196
37059 9.926292165898614
45037 10.753039247311825
46003 7.569361290322582
48245 8.760724283154135
54035 10.45734892473118
56041 3.2638763440860203
13169 12.019778494623662
19055 12.339758064516136
23027 8.100460887096773
24003 10.518338492555795
28125 9.97788064516129
29137 12.921796774193547
30067 4.1352795698924725
36095 8.562324596774195
37033 9.775763978494627
37035 10.315769510926133
39093 12.534217543084406
48249 8.655155760368661
51149 8.69821290322581
51640 8.68786935483871
8043 4.586356451612905
13141 11.150419354838707
13221 10.911391935483872
13275 12.338439589442814
17047 14.136245161290319
20115 10.851240322580642
21069 10.915438709677417
26101 8.855426164874554
27097 7.573037096774189
28003 11.38480599078341
29085 12.341854838709676
30003 3.7193941935483883
31153 11.595828207051778
37061 9.316173313782997
40023 10.543745161290323
46069 6.5939129032258075
49047 4.159528494623655
50019 6.00457419354839
6089 5.541705712365588
13263 12.411424731182802
26097 7.602188387096769
28033 11.87348592375366
29053 12.902600645161282
29117 12.331776774193546
37143 8.475727956989244
42051 10.731302688172047
47107 11.007460645161299
47165 11.38751121351766
48135 7.8158670506912475
51069 9.880930645161293
1075 10.719815053763439
13287 11.386119354838709
23021 7.417912096774194
31111 6.469979435483872
39037 14.663396505376333
39061 13.548654984016268
47029 9.876469175627234
48429 8.30110752688172
51061 9.302778178368108
56025 2.8346406810035853
6065 9.38013788577939
12075 7.888032974910397
13143 11.527218709677422
21037 13.063528129032251
21061 11.828516129032261
21141 11.847990860215052
22109 7.979795238095242
29189 15.955882946993002
37131 8.854195483870969
39111 11.101776612903231
40073 10.554951612903226
48127 8.043954838709675
5073 9.669740322580648
53001 6.533945161290323
55049 11.546003763440861
13195 10.917978494623663
13227 10.871580107526881
16079 8.56667096774193
17059 13.688612903225808
19121 10.745503225806454
21129 10.49336021505377
21199 10.646995391705065
27041 8.138626523297495
31059 9.449943548387099
31157 3.967977712609971
35035 6.233075403225807
38099 6.070965591397852
48421 6.872935483870967
51005 8.223574731182792
5113 9.941232849462363
12001 7.876173732718883
13001 10.542303225806455
17097 13.485925448028668
17185 14.361396774193542
19181 10.945902419354837
24039 9.423439631336405
25025 8.059711385199243
27157 10.264906451612902
29009 12.171047926267299
29510 16.451186092513705
39099 11.26411156682029
46103 5.842661009817675
48137 7.583590322580643
5027 9.62563612903226
53015 4.624417876344088
55075 8.580086290322582
18011 14.805816451612909
39107 15.499735125448025
48021 9.368725806451618
48087 7.876267741935484
5031 11.764799240986717
12073 11.029478747628104
17149 13.920084516129036
18057 15.062574358974334
21013 10.258578494623654
21117 13.082182061369023
22057 8.016327910238438
30069 4.222599999999999
31113 6.364570967741936
35019 6.389367741935485
38101 4.25769434243176
45029 9.910044086021507
47057 10.430648387096776
55089 11.592077240143375
6063 4.344697695852537
8041 5.234608238213395
13099 11.898844516129033
17027 14.731654435483872
19065 11.54756405529955
19147 9.890757258064518
20141 7.9144
36071 9.51198052266232
36085 10.222041136430898
38029 5.095390322580645
39085 12.15052708565072
40087 11.156212365591395
40117 12.198587096774196
42097 12.303501612903222
50027 9.290505734767024
13213 11.011669758064514
18159 15.100309677419357
20003 12.35667419354839
26099 12.223995430107498
30097 4.078122580645161
39047 12.34261382488479
40139 7.125549032258066
42015 9.765576497695854
47059 10.174116774193541
47069 11.288934946236553
55093 10.085306048387102
15005 9.531378341123043
1011 13.185125806451612
13059 11.049364946236546
17093 14.454667096774202
23025 7.806114800759008
30013 4.604858225806451
40047 10.827915860215052
45049 10.389165161290322
47093 10.105429694700467
48057 8.887642580645164
51107 10.128030421836236
54085 10.333075268817202
1023 9.726295161290317
24035 10.229125219941347
26133 9.20470483870968
54055 8.710180443548394
13129 11.616063082437277
17103 13.478184229390678
17159 14.049649032258067
18063 14.477810138248849
19013 11.662955772495769
19093 10.509111827956986
27111 7.8145258064516225
37027 9.785548197343457
38085 5.003682258064517
39135 13.81577123655915
48089 8.995045161290323
48193 8.444867741935482
2220 9.531378341123043
17023 13.755388709677414
19149 11.285319892473119
27043 9.624224731182787
27085 8.923613824884795
31095 10.102931182795702
39071 11.836460931899643
39145 10.95266661290323
42023 10.009917741935485
46135 9.404280000000002
48321 9.04032193548386
51007 8.604327419354837
53011 5.962474565756829
55133 12.420772918229538
6051 4.958862365591397
6097 6.807824731182806
8061 5.884825806451612
18039 15.72402249103943
18067 15.379313387096769
19059 9.853864516129029
20065 7.010014516129035
20119 7.433179032258066
24005 11.32186618932769
27017 6.741556221198156
27103 9.681740552995398
32019 5.333362258064517
38001 4.96244193548387
39003 14.846438123167145
39053 10.867630414746548
40107 12.015164516129044
46073 7.421712903225805
49041 4.0167954838709665
49049 4.0862599420362855
51036 8.498288172043006
54017 10.284488709677422
55105 12.609329202037339
1089 12.51379460892622
13273 12.702790322580643
17061 14.531870967741936
20197 11.491330645161295
37071 10.625029181141466
46029 7.3036972350230425
47127 11.231508064516127
48041 9.361780952380943
48285 8.896370430107526
48307 7.945406451612901
5019 9.978408387096769
53031 3.6878350230414765
54067 8.832162672811062
18141 15.39628907526883
21085 12.38813410138249
21215 12.237150000000002
27105 10.135462903225813
29219 14.17834645161291
30089 7.2054591397849475
33009 7.301241935483874
37137 8.628678225806445
38095 5.165922580645163
39089 12.450311189516126
42005 11.043074023769105
47147 11.446176728110615
48217 9.90871319648094
48491 9.470463102573373
5129 11.679696774193548
5141 11.851561935483872
13037 12.266891935483867
30085 5.679953763440862
31009 6.507412903225805
31139 9.12655322580645
36123 9.353072258064513
37081 10.19367812415287
38089 4.939653306451614
40061 12.03323064516129
41061 5.01638427419355
42037 11.482543655913977
46121 5.980345161290325
46125 9.67316935483871
47021 11.191960931899649
47087 10.52952016129032
48097 10.862265322580647
48231 10.64729151103566
48431 7.447764516129034
54011 10.698810233592885
54103 10.64998322580646
2185 9.531378341123043
12041 7.950712258064515
12115 7.951689190116686
19009 10.487575268817203
20153 6.381935483870966
31175 7.6358983870967725
36011 9.724997453310689
37193 9.342462211981559
38105 5.715748847926273
54033 10.097914076246333
6005 5.569580286738348
1115 12.29438660049628
17085 12.750767741935492
20111 11.56672177419355
21197 10.461424193548389
27033 9.425502419354839
27061 7.524856891495604
27117 9.938387741935484
27129 8.921616129032257
28019 10.027437634408598
28039 9.158902580645156
28103 10.35504516129032
37109 10.431473476702514
37155 10.481444953173774
39005 12.293056011730217
39023 13.355171994134897
48237 9.298984946236558
48367 10.02293837011884
49043 3.4647481389578174
54031 9.052056989247314
56005 4.570278341013826
1077 11.816528152492669
12101 8.05764328358208
13051 9.54923203089505
18029 13.060632903225807
18153 13.280079999999993
20199 6.454909677419354
24047 9.315923790322563
28095 11.004445878136197
28121 9.975248267622456
34017 10.22826579867859
37069 9.594154569892467
38015 4.736653361629888
40095 11.116743548387097
47015 10.544150537634408
47141 10.379481935483872
51083 9.203568100358414
5117 10.584045161290323
6007 4.481222770398481
13053 13.384321290322587
19017 11.326470967741939
20049 11.693096774193547
22027 9.36805870967742
22125 8.551131182795697
27015 9.362068145161288
27159 7.350455913978493
27171 9.11599108159393
28077 8.992053763440863
28099 10.043531336405533
29041 12.638703225806449
30005 4.337661290322582
37125 10.555090501792126
39119 11.904933276740225
45027 10.154069623655916
48477 9.12837150537634
55101 12.523146774193547
6025 8.794442559833511
1041 11.055050537634413
1047 11.483660860215043
17199 13.865903870967736
22079 8.639897849462365
28081 11.3898935483871
29125 13.152698924731185
32003 6.113237441213463
37141 8.800787096774195
42087 11.69746612903226
42101 12.054860828292943
48357 7.4133623655914
51135 8.66355322580645
55031 6.967585483870965
1051 12.467104946236564
12017 8.232273596176821
17069 13.26621774193549
20163 7.40854193548387
31097 11.313417741935483
35045 5.777658846529818
40149 8.89578629032258
48481 9.232141348973604
2100 9.531378341123043
1055 12.354250752688188
13117 11.29799921146954
13155 11.066525806451617
18111 14.666198387096777
19187 10.3182564516129
27135 6.506763870967742
30019 5.561287096774196
37029 8.331209677419354
37189 9.15438312655087
38027 4.960435483870968
47155 9.820233691756277
47157 12.112498233834389
48151 7.784633870967742
48179 7.319688018433178
48235 7.5218967741935465
48333 8.213329032258065
48405 8.86123440860215
51093 8.418957661290316
51197 8.678692473118282
8055 4.739840322580644
13271 11.064840860215055
17173 14.373722580645165
17179 14.75494268817203
18113 15.543192903225792
26115 12.854294458229939
37079 9.229721774193546
37181 9.34380322580645
39027 12.488413261648741
40093 9.391556989247311
46129 5.713054838709679
48229 6.360858064516128
6061 4.735176815939284
11001 10.07780711839972
12107 7.163045730550279
17161 14.132748951612909
18145 13.695414516129034
22071 7.899430399125169
26121 11.179319662058361
35011 6.714306451612904
35025 7.984763082437281
46115 7.054278494623656
55073 9.36461314217443
2230 9.531378341123043
20201 10.224275806451613
22099 8.46685278592375
27075 6.127381720430109
27107 6.885594301075266
28005 8.530546236559138
31091 5.75873870967742
34025 9.308691021881332
35027 5.646110322580644
37171 9.023429618768331
40079 11.224080645161282
47171 9.517992741935489
5143 12.141275907258082
18019 12.781907692307694
20101 7.143629032258063
22121 9.135465161290321
27099 10.02423401759531
30037 4.0629
31005 5.387351612903227
31169 9.442459677419354
32031 4.765610685483878
45089 9.8866724340176
48413 7.595625806451612
5127 10.503987096774194
53053 4.362964821830445
6019 7.7481778456800425
6093 5.258091013824889
13153 12.185556521739125
18087 15.16962782258065
19129 11.332280645161292
21089 10.795129749103939
51049 8.563746774193547
8073 5.170261290322582
20161 11.139519124423963
21007 12.765703225806456
21123 12.00612822580645
28087 10.893074654377878
34035 10.280767599620477
35028 4.501120967741934
51125 8.281009677419355
51595 8.74004677419355
54069 11.108448387096779
12113 9.25711638709678
13315 11.319635483870965
21005 11.62838129032258
21041 12.224309677419354
28009 11.53654677419355
34011 10.195974952561667
35055 4.585122580645164
39063 13.931245905707202
46007 5.628572580645162
48311 8.542090322580647
5011 9.531418064516128
51199 8.425526958525344
55003 6.8842571428571455
13183 9.776459139784945
13247 11.620928602150544
17041 14.276214838709679
17057 14.135548924731177
26051 9.139514336917557
31053 10.586663082437273
33003 7.32375953079179
36041 7.221015322580645
37003 9.905229953917052
39017 13.736547419354824
47161 11.402529677419356
48091 9.545971774193555
49051 3.476907258064517
51105 10.522226344086016
55063 10.604214967741926
55123 10.619994470046084
56045 4.040219354838709
16011 5.499220967741937
17075 14.254850179211466
20125 12.755502233250628
26107 9.872337829912027
31099 7.956495161290322
36083 10.139203725038412
39077 12.433263027295293
39171 14.394931182795702
40137 10.209309090909091
47083 11.167925806451615
48113 11.03295210683576
48261 8.236867741935484
5065 12.318964516129036
5095 10.550221505376346
51091 7.985848387096775
6011 4.394267741935483
8095 5.410500000000001
18025 12.934344086021506
20035 11.49834252199414
21107 12.95659543010752
29055 13.469045698924731
33001 7.886997849462358
39011 15.021894428152486
40143 13.140965566820233
48065 7.282835483870969
48189 7.754316845878138
51175 8.536730322580647
1107 11.041593548387098
12043 6.914126612903227
13009 11.576536200716848
17089 14.35505106215575
19025 10.28914677419355
21051 10.946813440860216
30021 5.235723655913979
30077 4.765082258064515
31131 11.502323870967736
38067 6.227563870967742
41023 4.57043548387097
48315 9.764228225806454
5107 10.80745430107527
51159 8.761609677419354
55037 7.577493548387097
8014 6.564945878136197
13161 10.853627956989246
13193 12.5685129032258
19029 10.65209419354839
21027 12.998962903225813
27143 9.16053387096774
28151 10.222571816638377
29005 11.744288709677418
31003 8.410174193548388
34037 9.727560503540525
42049 10.560673648341664
45005 10.61397419354839
47131 12.134091612903223
51153 9.663677846871375
54013 9.995130645161284
6037 9.883501036994181
6079 6.445487218502738
13075 11.024412903225807
13289 11.842061290322583
17063 14.198091935483866
20187 6.793545161290324
27139 9.518794162826422
27151 8.378958064516132
28023 9.393101612903227
29031 13.319018548387094
29211 12.178203225806445
30051 4.8487
32007 4.497686175115211
42065 11.041424317617867
44005 5.966595601173021
47175 10.00473870967742
12055 7.5444974910394365
13005 10.415969892473116
13207 11.945136129032255
13261 12.745706854838708
17013 14.63106129032258
19083 10.757933333333327
22043 8.589352258064515
23007 7.091449103942655
27153 7.758756048387094
28051 9.851361935483872
29171 11.876811290322582
29225 12.00373427419355
31087 6.36071935483871
37093 10.661154838709681
37167 10.562918362282883
42105 9.437498064516127
48161 9.67081198156682
51145 8.618083870967741
51620 8.552595161290322
8057 2.656702258064516
16031 5.1075096774193565
17111 13.39450899503723
17131 14.06880161290322
17197 14.997893930390454
18157 15.1977218831735
22107 9.132230107526883
26123 10.537031085043997
27013 9.80196512096773
27087 7.211275806451611
28083 10.340394354838704
37075 10.035341935483878
38017 7.281794868035187
4012 5.273391899641579
49029 3.649216129032257
54009 11.077358064516122
8063 5.543261290322581
18043 12.913805645161299
19115 13.86616451612904
20039 6.669820967741936
21093 12.895876539589445
22045 8.390439784946231
25019 6.157494838709677
29007 13.07625806451613
31127 11.64732419354839
31133 11.286683870967739
34027 9.820096129032278
35057 5.24982822580645
38005 4.833762903225806
38039 5.3659451612903215
47085 11.061938064516134
48313 9.194094354838708
50013 6.692545161290322
55119 8.738419354838706
8029 3.9960285714285715
1065 11.117169354838714
1069 11.493612463343117
12085 6.52231004608296
13303 11.045372903225802
16033 5.303306451612903
16085 5.126200000000001
17123 14.104816774193552
21065 10.433754032258072
29175 12.828118279569896
37039 10.173317972350233
39167 11.104179233870969
42107 12.430541209677434
46089 5.754532258064517
47061 10.48364919354839
47183 11.909214369501465
48163 8.612526881720425
49021 3.920765322580645
49033 3.345487096774193
5119 11.065618947368412
53069 4.402832258064516
55007 6.706757419354835
2020 9.531378341123043
18117 12.527172580645155
19103 13.356423655913963
20069 7.45588387096774
20091 12.303108436724562
28089 10.249172657450076
37025 10.700291717523978
37133 8.942796982310098
41043 5.681338248847933
42113 9.909319354838704
5099 9.746055913978488
55099 7.7971811827957
55121 10.171277419354833
6017 4.674512985746437
6105 5.753403225806454
2060 9.531378341123043
13029 9.551947926267275
18041 13.522925806451603
20075 6.9473032258064515
28155 10.11808817204301
33007 6.2081463343108485
38059 4.565613161290323
41045 6.406204435483869
48005 9.1157045540797
48095 7.787609677419356
48111 6.412990322580645
48263 7.439309677419354
5097 10.0503311827957
53063 9.201563809523819
13077 11.824909677419353
17137 14.429581290322576
18073 14.866956854838705
19095 12.458250806451613
21063 10.225793548387093
32009 4.832316129032258
36107 9.792225161290329
37041 8.540343010752686
39101 13.192951612903235
46021 5.555670967741936
47099 11.085150733137832
26049 11.086360896330953
28043 10.253751612903221
31161 4.838990322580645
32015 4.155206451612904
36013 10.038682304147454
39045 12.321932718894006
39133 11.928438433179709
46077 8.004783870967742
51600 10.04924580645161
55055 12.175354032258065
56043 3.761219354838709
16023 5.078070967741935
21143 12.412106451612901
29141 12.927034193548392
29165 12.828189838709683
30043 5.190126881720431
37007 10.58345430107526
37135 10.166181682027638
37157 9.5763380952381
39073 11.531301382488474
46049 6.318077419354841
48471 9.154920000000006
5057 9.893808387096774
51081 8.729700000000005
51183 8.461396129032261
6013 7.335929575062039
6015 8.02823087557604
6055 7.7753158064516095
1067 12.128366666666658
1119 10.29326048387097
19159 11.455108064516129
21217 11.389720645161281
22115 8.348388172043007
45075 10.226516129032257
48121 11.281590251942514
48351 8.4139064516129
48463 8.210350967741938
5015 11.772184516129034
8111 3.8988548387096778
1127 11.805672043010764
1129 9.80511612903226
12015 7.820626910016992
13283 10.904212903225803
16049 5.47660129032258
16053 6.31952258064516
18007 14.633499999999996
19045 13.573499731182807
21075 12.252140322580646
23015 8.39159569892473
29071 14.300220872865255
35049 5.0280952258064495
39013 11.196217903225795
39087 10.778513306451616
40105 12.779004838709676
41007 4.568683602150536
47119 10.975593548387097
53045 3.4490663594470057
53073 6.760228083491463
54027 9.60399741935484
56011 4.5019741935483895
8117 3.42817806451613
13073 11.062394999999979
13087 11.926935944700455
13225 12.406968817204298
20043 12.45923440860215
21097 11.301097419354837
22063 8.747702466793179
26003 7.150797849462363
28021 9.132920430107527
29145 12.64232311827958
30031 5.011388563049849
40035 12.572637419354841
47179 10.090407152875166
48055 9.544919758064518
48063 10.126031182795698
48199 8.584348680351894
51167 9.587143317972359
54095 10.688866666666668
55043 11.785832526881729
6101 4.9511255453149055
12019 7.484630000000001
13219 11.123121505376341
17169 13.854654838709672
20131 11.75520430107527
21057 10.745398387096774
28053 10.1797688172043
29217 12.580595698924732
47089 10.300613978494626
48331 9.318315207373272
48449 10.171592338709681
5137 11.901674193548383
51770 8.28198008415147
10003 11.427103995037205
19043 11.695680107526881
21149 13.595545161290321
22065 9.618795483870965
26109 8.444389861751148
31101 5.846397849462365
36059 9.691778309631108
37005 8.803464516129027
37199 9.341030322580643
42027 11.280392611862641
42115 9.804572727272724
45059 10.425066413662233
48435 7.576441935483872
49001 3.8855887096774184
5005 12.217477419354841
5085 10.883570967741933
1003 9.538891779396453
12009 7.138001056237505
13245 11.237087371310906
18047 13.18188838709677
20087 12.399465322580646
20109 6.730248387096774
22033 9.279074894810647
22075 7.244852688172044
24013 10.735742105263155
24021 10.471052194606044
26063 9.202915322580647
28131 8.984262365591393
29159 12.815453372434014
30023 5.438512903225806
30045 3.8674290322580642
31045 4.28928064516129
36065 9.228072711421083
37175 9.862500000000002
38083 4.131801612903226
40009 8.298179838709679
41049 5.469035483870969
48443 7.186009677419355
5043 9.739687741935485
51683 9.79270046082949
54015 9.502287096774191
6023 8.30670118279569
1121 12.103503519061569
17203 14.416870609318995
19165 10.48052661290323
32005 5.301723719165085
35009 7.075560215053764
38075 4.12110806451613
40039 8.962165806451615
4025 4.657077649769584
41033 6.50830342741936
45017 10.278998924731184
47001 9.930341397849459
48279 7.6281025806451614
12089 7.885879032258068
13151 11.735078193548393
20023 5.971151612903225
26093 11.819688789000574
29139 13.393896774193554
36043 8.847778947368417
39025 12.694919999999998
45039 10.218838064516126
46039 8.018864516129035
48281 8.480544516129035
51103 8.605856989247311
54021 9.879616129032256
54045 10.109506451612912
55001 10.49525161290323
8037 3.302075345622119
1125 11.849716746739881
12129 9.833697580645158
13167 10.998637634408603
13177 12.642041290322567
13185 10.544931999999992
13309 11.014149999999999
16029 4.164714516129032
19153 10.90120529953916
20145 8.009232258064516
21091 13.762444086021507
22001 8.537983064516126
37031 8.517817611159542
38011 4.970377419354838
46027 10.32036559139785
47153 10.3188688172043
48181 11.088199503722068
51119 8.508250000000002
51650 8.470372485768511
53047 4.2782803225806445
53059 3.923934193548385
16003 5.132737096774194
16073 5.817527956989247
17077 13.848349999999996
29123 13.291072043010756
40103 11.55484032258064
42063 11.715129733520337
46067 8.572615053763442
47067 10.754432258064517
48025 8.871607373271893
48393 7.2272322580645145
48455 8.949721290322579
53049 4.439509216589859
54025 8.374278341013826
26037 11.450929178885639
26125 12.20077540561179
38053 4.815565322580644
39049 13.095702805542967
39067 11.31624387096775
42071 14.336617544437148
45003 10.903708504398839
46043 7.847509677419355
53019 4.861561290322581
55019 9.437056451612909
1029 11.7684564516129
1105 11.13889892473118
19193 11.369748511166236
20137 6.929332258064514
21109 10.381613978494626
21125 10.526063027295287
21127 10.39895935483871
26017 10.206688957816384
32027 4.495300000000001
36111 8.89405398078242
37017 9.840818817204294
39105 10.954940860215046
42131 10.271377419354838
45041 10.500266373411531
48385 7.788870967741935
51550 8.453201730920545
54043 10.445901935483866
12081 7.921136807278721
34023 10.077897271889382
36035 9.144090107526884
36115 10.776279506641373
38097 6.281743387096773
39131 11.3515435483871
40133 11.481053405017922
42109 12.247799193548396
46097 8.356912903225803
48329 7.956637992831536
55029 8.896792473118282
56023 3.5868012096774193
6049 4.2878080645161285
8039 5.254440552995396
9011 8.357426253101739
2013 9.531378341123043
1111 11.6744806451613
12131 9.574621407624633
20021 12.875162365591398
20047 7.841406451612903
26005 12.746343951612893
28065 8.950686021505375
29037 12.009906451612892
29095 12.486387145404471
45021 10.436021091811414
47017 11.36767620967742
48167 9.035746285434994
5037 10.926948924731178
51133 8.806280645161284
1081 13.308977060931895
12045 8.919722580645159
13201 11.936215053763439
20135 7.255864516129034
28093 11.359126344086025
31147 11.77531397849462
39075 12.136019758064517
47177 10.375554480286738
48325 8.939865322580644
8031 7.320107280465935
8099 6.194670322580643
1061 10.787400000000005
27095 7.7317142857142835
29025 12.45797419354839
29157 13.764645161290316
31149 6.786735483870968
38049 4.233776612903225
41025 4.964348387096776
46087 8.981770967741932
48077 9.529045161290325
48213 10.006821252371921
5053 10.027370967741941
55067 8.497205913978492
1057 11.002870967741936
12109 7.130019516129037
16001 7.563044286495346
17029 14.170065591397847
19191 10.922731612903227
20095 9.785640860215057
26113 8.659602419354837
28035 9.414609487666032
29063 12.59305322580645
30075 3.977883870967742
31151 10.237727419354837
33011 9.066984733683425
34039 10.203720639187583
36067 9.916891451612845
51173 8.99016164874552
6113 5.743169000786786
8001 7.1559190887928
8085 4.135883225806452
15001 9.531378341123043
18115 12.745358064516129
20189 7.270691935483871
20209 12.676260368663572
25017 8.556254301075258
27027 7.516007022332503
28063 8.855129032258061
29047 12.77523951612901
40015 9.772500806451617
41041 5.201457305502847
47003 11.16692043010753
5079 9.930005645161286
55045 12.358014516129042
55107 8.409194193548382
13081 11.701223118279572
17099 13.922891589861772
19035 10.592396774193547
21001 11.106158986175112
22119 9.468202639296186
28157 8.56749516129032
29003 12.594604032258063
30039 4.901648387096775
48283 8.310654838709677
48377 6.118851612903226
51097 8.534795161290322
51101 8.589499999999997
51131 8.68614408602151
51181 8.308995161290323
6085 6.165046219216113
12071 7.582015351729456
13089 11.931147119021135
13103 9.912491935483862
13199 12.088044354838713
16075 7.33496693548387
19177 12.509212903225805
22077 8.519235483870965
26001 8.15509419354839
27163 10.214514064516125
27165 9.478006451612906
29135 12.908226612903222
30101 5.002291397849461
51193 8.961944354838709
1093 11.004947983870968
16057 6.878191244239627
17015 13.113723655913978
18069 15.702324731182776
19003 10.953524193548384
19119 10.763530107526885
19183 13.389929677419358
20107 12.687414516129031
21131 10.747894623655919
26055 8.713265120967739
30017 4.663917204301073
5071 11.589969354838713
8059 6.212689107059389
12021 7.420254485196651
13277 11.174374193548385
18147 14.333219354838706
20143 9.536395161290324
20183 7.882014516129034
28017 10.789223387096765
28123 9.575241935483874
48487 8.442574193548388
51570 8.864725806451613
8045 3.3202291202346053
13033 10.992038709677413
13093 12.103181720430106
17191 13.986192903225806
19057 13.83680351906158
19125 11.28107983870967
26127 10.031971889400923
28049 10.159596169354852
28143 11.044967741935482
29097 12.831101759530798
31143 9.425745161290324
47101 10.624717741935482
51011 8.675674193548389
51037 8.798140860215051
51670 8.776043317972354
54091 9.904741935483871
19073 10.369062903225805
27089 6.372024999999997
31159 10.147062096774196
36081 10.063555074979524
39147 13.30928156682028
40067 10.018979569892469
45025 10.530767741935488
47013 9.640992668621703
48069 7.4570688172043
53043 6.3725169354838735
17121 14.300890053763446
20139 12.165894193548382
22017 9.985762207661315
25009 8.071636320191143
28139 11.526428225806454
34007 11.543261722123486
42069 10.517914051394206
47121 10.748252688172045
48427 7.581021290322578
5061 9.972735483870968
53055 5.528485483870965
16013 4.889066935483871
17073 13.980278660049631
21231 10.547914193548394
28057 11.093950322580644
32011 4.193590322580644
35029 6.618538172043008
39125 15.296828387096776
55131 11.56862004608294
1053 9.864273476702497
13229 9.842410483870971
16059 6.701062365591398
19069 10.495972043010756
26059 13.160830913978497
31007 3.7768322580645175
40021 12.770558781362011
40059 7.848506451612902
47005 11.119332258064519
48175 8.859864516129033
48203 9.839384331797227
48251 10.303233410138256
56019 3.3317612903225813
15003 9.531378341123043
17171 14.277580645161288
18037 13.878171889400923
20017 11.074638709677421
20077 10.243352688172044
21021 11.233224884792621
29061 12.335056451612902
31085 6.172225806451614
36057 9.555374596774191
40001 12.669225161290317
48359 6.456787096774194
48403 8.558390322580646
51073 8.405908467741934
51820 8.61126967741935
6029 8.813537026276437
6071 9.480220509659935
18103 15.555148064516136
18163 15.130851349572074
20133 12.698260645161296
21103 11.98243870967743
21191 11.654646236559143
21203 10.492324999999996
28137 11.22560967741936
29155 12.16072311827957
29173 13.562833333333337
35039 4.677008960573477
39103 12.555427724498685
41011 6.348111910669972
47133 10.133848847926263
48047 8.246587096774196
48371 6.807556451612902
48457 8.492038709677422
51079 8.701894623655914
51127 8.515329032258064
1017 12.460454838709673
13159 11.585983870967736
18175 12.177649999999995
20051 7.588985483870977
20171 7.115335483870967
26065 11.849551533253688
26143 8.476409354838715
30047 5.781896774193548
31119 9.37985734767025
34001 9.497176718092563
45061 10.444863594470046
48335 7.577320967741935
48475 7.247755913978494
19113 12.875244516129039
27057 7.336177419354841
28147 8.572337634408603
29187 13.676872727272725
36045 8.196729935483878
36091 10.77222632258063
37057 10.25619165085389
37083 8.956991129032257
38041 4.7982499999999995
42077 12.351629711375226
45047 10.614167972350236
47041 10.408230645161284
48119 10.495830645161288
48365 9.619654838709671
48387 10.067784677419358
49019 4.526474193548386
51043 9.806591397849465
54049 10.323497132616481
55083 9.120913548387101
8017 5.681519354838709
17105 13.962911935483865
19123 11.820308755760372
19195 9.906680645161288
20041 10.652220967741938
39117 12.678105913978492
39143 13.094220645161299
42111 10.882323195084492
45057 10.429335253456212
45085 10.433546844319778
46013 6.627532258064515
1005 13.035222222222224
13003 10.464140860215055
13239 12.609319354838705
19169 10.680538225806467
22003 8.426231612903226
27067 8.696308870967735
27077 6.203517741935483
28061 9.452453225806453
37165 10.759110599078333
49027 4.153564516129032
51775 8.287152258064514
2188 9.531378341123043
15009 9.531378341123043
17127 12.92539919354838
19019 12.052990860215056
21043 10.353034562211986
22031 9.183049308755765
31117 5.884458064516131
34005 11.13833814374644
36005 10.070865819773477
40145 13.137167595307924
40147 12.781858064516133
4015 4.665563983495876
41017 5.445043951612907
55011 10.10987225806451
55013 7.6247973118279555
8011 5.812941935483871
19001 10.687599999999996
20071 6.686093548387096
22111 9.494645161290325
28159 10.044003225806454
37185 9.014275268817201
40007 7.258555913978493
48295 7.42705806451613
48391 8.926591935483868
48411 8.105287096774195
8119 4.354235483870968
9013 8.333354849833142
2050 9.531378341123043
12077 9.544812903225809
13043 10.695099999999998
19131 10.250346236559146
19145 11.248166666666663
20103 12.590812499999993
20181 6.242770967741936
28127 9.225749032258065
29091 12.619522983870967
39115 11.475252419354835
45079 10.448032185574478
48299 8.285420430107525
51530 8.293603225806454
51660 9.189311730205274
13007 12.391406451612903
13039 8.155823225806456
13055 11.743238172043013
13269 12.562484946236559
16077 4.827193548387097
19111 13.851479765395904
21067 11.57052596380804
21111 13.162085289646996
30071 4.1058145161290325
37163 9.778453372434013
46057 7.792100000000001
48363 9.232004659498203
50005 6.212760322580655
51033 8.856872350230418
6001 7.1532317562723895
8083 4.559972811059908
10005 9.601339866098584
1031 11.163818202764972
1091 10.560476881720431
17031 15.17188387096767
19197 10.259683870967741
29143 12.348751075268812
31047 7.136676958525345
35051 5.424108064516128
36007 9.854815190615811
42033 11.313863064516125
46105 5.303977419354839
47117 11.098232258064517
48323 8.135053405017917
13025 9.077963440860216
13133 11.184068202764985
13147 10.784560645161296
20123 8.638959677419356
24023 9.458864055299543
26067 11.576039454094294
27007 7.2370958064516095
27161 9.728048387096774
36055 10.138176478494628
55115 9.532585043988282
12051 6.804668663594468
19005 11.020231612903222
20025 7.643135483870968
20037 12.883356011730205
27031 5.382072580645161
31109 11.197713687881409
36069 9.787516645161295
36097 9.34097612903226
37177 8.223796774193548
39015 11.73983727598565
40065 8.727645564516118
40121 12.136730769230766
42075 14.47166201873049
5039 9.684445161290325
51760 8.852585190615837
54037 10.342639999999994
55087 10.548837338709692
8077 4.627297897664071
12087 7.032827311827955
17043 15.066767607526822
18139 13.653941935483868
19097 13.111002150537637
21233 13.490545967741935
23003 8.263051478494619
26089 8.437103225806453
27121 8.310462903225808
29229 12.306195967741933
31021 10.591927956989243
38051 5.389838709677418
38093 5.32756827956989
48149 8.94461889400922
5007 12.557466425279785
51067 8.537983870967746
54083 8.747184331797234
55139 10.801083162863888
8093 3.7592058064516123
2240 9.531378341123043
13241 10.052641290322578
18167 13.468802880184342
21209 11.538404838709686
29115 12.42576387096774
35031 5.3019990512334
36023 9.26817258064516
37047 9.60381166253101
47091 9.366372903225804
51710 8.490319872560717
51735 8.399640860215055
54063 8.420837634408601
13211 11.345126451612899
16019 5.648624884792627
18081 13.849440615835782
22073 9.634032725806458
24025 11.646566553480456
29203 12.6333935483871
34031 9.69136458064518
39065 13.827162672811063
51630 9.184337096774193
55081 10.353038351254463
56013 3.5037361290322577
13267 10.361785806451618
17051 14.414607373271894
27131 9.858201985111661
28037 8.696427419354839
30011 4.56996129032258
30033 4.519635483870967
30063 5.646054193548383
34019 10.82919813895782
35006 4.685893548387098
37147 9.03602832661291
46059 6.821003225806455
48049 8.261658602150531
48469 9.102658064516119
18021 13.09895000000001
20185 8.33181129032258
23019 7.92681206171108
26161 12.433451451612896
28069 9.855598387096775
28153 9.261436290322582
30111 4.582365524193546
40025 6.138103225806453
4005 4.70606877880185
46071 5.8126193548387075
48107 7.829526881720431
48275 7.982112903225807
49015 4.216058064516129
51510 9.908941850594243
53017 4.243321774193547
53071 6.16558440860214
55057 10.492916589861746
8087 5.084189112903227
12039 10.937136559139788
20149 11.45108870967742
22007 8.466322580645159
27059 8.77973104838709
45015 9.399321577060926
48177 9.194210752688177
48425 9.165998387096769
5013 9.60207419354839
1063 11.119050537634411
17109 13.88964161290322
18125 14.433820967741942
20027 10.338809677419356
21033 12.571958064516126
21049 11.022099354838709
22015 9.914755982404692
22089 7.998004466501246
25021 7.6439989330024725
26087 10.723264784946226
29169 12.646627956989246
37023 9.940552867383513
47125 11.584222332506226
50025 9.741249784946245
51840 10.003105806451615
12083 7.748616641065039
18009 15.225248387096782
18049 15.32735860215054
18053 15.237287298387082
19179 12.053573900293252
29087 12.176129032258062
31125 8.756048387096774
38031 5.00949677419355
47129 9.443688387096774
47151 9.527608387096778
55141 9.925269449715373
6047 6.235243317972354
16043 4.865483870967743
17067 13.979291705069125
20055 7.43460994623656
30015 4.651096774193547
36053 9.317240322580655
37119 10.891592773085977
42079 10.886771929280423
47081 10.732530107526884
48327 7.663932258064516
48489 8.253026451612905
55047 10.764574731182792
55069 8.390875483870962
55113 7.481090860215054
1025 10.128330107526882
13301 10.951214516129038
13313 11.486216666666678
18017 15.592599413489733
27169 10.4556664516129
28135 10.570934677419352
30065 4.178327419354839
31081 8.960322580645158
35053 5.026772580645166
37161 10.057079156327543
42039 10.612753436185129
42085 10.952995698924727
48053 8.543012096774197
48419 9.204087096774192
8053 3.8466032258064513
16065 5.4332790322580635
16081 4.469200000000001
17035 14.177259139784942
17167 14.878442604990845
20085 12.042853763440858
20105 8.565532258064518
21237 10.553274193548388
26081 12.411413432459671
27093 8.709156451612898
28025 10.873389677419345
40077 11.46284516129032
48103 7.259009677419356
48485 9.3751110723627
49053 4.26659078341014
55009 10.404495519713276
29027 13.032285887096778
31075 5.200545161290322
37019 8.861235288367556
42017 11.478260861718944
2105 9.531378341123043
1085 11.331801612903224
18065 14.2761081885856
22029 8.85377548387097
28027 10.779145622119811
29023 12.587838709677417
34003 9.811319589115119
45013 9.659430080645178
47051 11.11235125448029
5035 11.524850645161294
51800 8.463968663594477
55021 11.291846236559143
55091 10.006093548387101
20061 10.935205645161293
28079 9.704250322580654
29177 12.39257580645161
31179 9.924712903225807
35001 5.515596774193559
37111 9.563688709677427
42099 12.321220322580647
45053 10.184633064516131
46019 5.115895161290323
47077 11.12802043010753
47115 10.896916666666664
55035 9.890352096774194
6111 8.783442500466178
13137 10.295408064516122
13149 11.766470967741927
17025 14.02014193548387
17145 14.026291935483874
26019 8.569474838709679
29035 12.654898387096775
31141 9.696487557603687
39057 13.39188414746544
41067 6.471384925558334
48273 8.709666451612906
48277 10.47448172043011
5021 12.068170430107523
51790 8.606298387096771
8021 4.398962903225805
8069 4.442583110914712
39039 14.88736917562724
39079 11.165855760368672
39153 12.51728919952207
40075 9.013154838709678
48079 7.516277419354839
48109 6.465774193548387
48407 8.953317741935484
54051 10.965386379928317
55027 11.38952758064515
13091 11.387452150537639
17163 15.922899677419352
18155 12.416901075268816
19151 10.139792473118277
29051 13.35132086021506
42003 11.232216851227863
45071 10.318258467741936
48445 7.878355913978493
51027 9.83064976958525
54041 9.68810129032258
8015 3.8156090322580636
1099 10.094397235023047
13265 10.921187096774194
26061 6.638836451612899
29069 12.151518709677413
29153 12.332087096774194
30061 6.260933870967742
35037 6.3896096774193545
37053 8.343049308755756
38019 5.563564516129033
39041 13.051245806451618
39165 13.523681231671567
40037 12.432435944700462
45083 10.53832370266481
46099 10.089540092165905
47181 10.84590161290323
48099 8.887591511035659
48133 8.336581290322579
48201 10.390031207420098
49011 4.388136977299883
51025 8.765128387096775
56037 2.8723396505376337
6035 4.4237695340501775
8025 5.609699999999999
13253 11.476110752688166
18077 12.340560829493088
21055 12.994179838709684
22101 7.960538104838707
40017 10.898627697441624
47065 11.271077380015726
48303 8.246699051233396
48309 9.973384250474385
51095 8.388975659824048
54099 10.636386510263922
1071 11.591805571847509
13189 10.952357419354838
13257 10.400227096774191
18131 15.092017741935475
23005 8.633648435972608
25005 6.834221754838711
26029 8.299139950372213
27079 9.59884731182796
33017 8.433692516129026
36047 10.320675810696075
37091 8.73614
37153 10.728285630498537
4003 6.263779737903223
40135 12.419430107526882
42009 11.535017008797654
45009 10.34436370967742
45023 10.335090322580648
48269 7.5691258064516145
54001 9.394396774193545
54059 10.26470184331797
12059 10.148855645161287
13115 11.893492096774201
27155 7.478601612903226
28075 9.797135823429548
28085 8.919030107526881
30093 6.076609677419349
35021 5.712251612903226
38003 5.791918387096778
38079 4.984865322580646
40005 11.351043548387096
42093 11.989822580645164
53041 4.04483303225807
8089 5.728199539170511
13019 10.823083333333335
13023 11.70412903225806
17183 14.463671639784948
20007 8.777867741935486
20029 9.432451612903225
26073 9.9761105376344
27101 9.732966666666664
31107 8.600912903225806
36009 9.552270046082945
37043 10.082333870967746
39031 11.957813870967748
40081 11.412452534562215
41037 4.5826532258064505
45033 10.52977258064516
48305 7.837977419354836
48343 9.945116129032264
48501 7.858850000000001
51017 7.978790322580645
1073 13.030402018602839
17007 13.144935483870952
18091 14.638733870967753
29105 12.506228494623656
37013 8.77976568914956
38035 6.69479534050179
48409 9.083136491935488
48467 10.20543193548386
48473 9.624668817204302
5023 11.678467741935483
5131 12.041848635235736
13215 13.40353329275714
17119 15.83147387625597
19175 10.919559677419354
21011 10.66576344086021
21185 12.38390921658987
26039 8.30779096774194
27127 9.189170430107522
28113 8.658215322580645
29075 12.242025806451611
30027 4.088996774193548
31043 11.251130645161288
32001 5.064996774193552
36037 9.993322365591402
41069 4.415103225806452
45031 10.621805645161292
47149 11.481689795918376
55078 9.14097258064516
6083 8.619901087350494
9007 9.25661048387097
19161 10.40706774193548
21165 10.385164516129036
26095 7.053855913978494
27055 10.648076129032257
29101 12.265274551971318
29103 12.592980645161289
39019 11.424812903225803
40063 11.8361
41057 4.561036290322583
48241 8.472075403225803
50023 6.527582682512728
5091 9.942897849462366
53023 6.170364516129033
56003 3.834603225806453
1019 12.219100537634416
13125 10.965029032258066
13291 10.127168817204302
18099 15.40635967741936
18123 13.720146451612896
19011 12.212846082949298
20121 12.08135403225807
20193 6.621256451612906
22049 9.033006451612906
26025 13.047780066170375
40083 11.141302016129035
47137 10.105958064516125
48159 10.169680645161291
48259 8.725069892473115
51680 8.796917657045842
8009 6.125704838709676
17017 14.14695096774194
22095 8.287658944281524
26045 11.970008986175118
28029 9.181816666666668
28059 9.112252534562217
29111 13.409829838709683
30073 4.750682258064514
36033 6.674413364055304
38007 4.849116129032258
48483 7.686280645161288
19127 11.11765516129032
21087 11.380827419354844
22005 9.049900691244241
23001 8.449070506912435
26077 13.674195132993821
29059 12.291760215053765
29213 12.321560322580645
31185 9.474770161290321
37113 10.109569534050182
37197 9.479425345622115
40115 12.712129390681007
41047 6.0508523359288215
42021 12.57614562211981
46015 7.059708064516131
46017 6.9581193548387095
46045 6.106390322580643
48143 8.683416532258063
48453 9.733338709677442
49005 4.0481447890818885
49045 4.265736363636364
5083 11.275558602150534
5123 10.876230107526883
5149 11.078955376344094
55129 7.478775483870968
12029 7.931803225806451
13135 11.586992977447888
20099 12.74799838709677
26007 8.059049103942659
27069 6.372049999999999
29186 14.10225080645162
29197 12.098912903225806
31121 8.855983870967743
37011 9.224202580645162
37151 10.456430645161312
38077 7.135195161290321
40013 11.069143988269799
45063 10.44698295553618
48081 7.707951612903224
8065 3.4709612903225815
8107 2.8329509677419367
1045 11.639385253456224
13035 11.681484946236553
16083 5.732310138248847
19051 11.991329032258065
19089 10.572956989247315
21025 10.887155760368664
21151 10.876522410865864
21189 10.748906451612903
21225 13.756176612903223
22103 8.245646286571661
27019 9.290142444821738
29113 14.49118525345622
29221 13.538892903225802
31015 7.42058387096774
36015 9.552819208211153
37123 10.540352150537629
42029 12.593165350389338
44001 6.725618475073317
48191 7.575851612903225
48461 7.2569209677419355
49035 4.353560742544119
56015 3.4692025806451614
13049 8.11821129032258
13173 10.276225806451615
21039 12.525175268817204
21053 10.551087096774197
21173 10.709215591397859
22083 9.548096774193544
29029 12.912952199413493
31093 8.327032258064515
35041 7.020485806451615
40027 11.483337877211259
42125 11.014276817933277
45043 9.365548156682026
5103 9.673980107526884
51610 10.111274193548386
6081 6.991541057574523
17009 13.725730645161295
19109 9.836984408602145
20073 11.372580645161289
4027 8.198732082111425
48493 9.452279178885632
50009 6.130758064516128
5001 10.344560080645165
5059 10.217139170506922
51147 8.654141935483878
51185 9.022476832844571
26079 8.456453548387096
29099 15.155972734254984
34015 11.416668970814126
35017 5.582678225806452
38061 4.217351612903225
48059 8.105083870967743
48415 7.586951612903222
5069 10.209873252688187
55015 10.623428152492673
55023 11.128690322580644
12007 7.575380645161291
12111 6.69860322580644
21017 11.203214516129036
27039 9.967365806451607
27053 9.811061387420402
29045 13.271272043010752
31037 10.00098279569892
38087 4.9525387096774205
39129 12.336646650124065
4023 5.555782580645159
47163 10.521969478908176
48389 6.858630967741934
49003 3.997658944281524
1027 11.507130645161292
12086 6.842619168015945
17181 13.288232258064518
17195 13.573002867383527
19087 13.433707096774196
22047 8.821082488479265
28007 9.664731720430108
29043 12.285883410138256
36061 10.197490546594933
39021 13.369320645161295
40031 9.632482258064522
48073 9.424745698924736
48197 8.192506451612903
5041 10.096016774193547
51179 9.28343333333332
1133 11.686382949308761
13079 12.330261290322582
16021 6.709862903225806
18033 15.453361290322583
18137 12.774952688172048
19031 13.582725806451615
22021 8.940093548387095
30091 5.724782258064517
30099 4.475011827956992
48013 9.228847177419356
48023 8.269699999999998
48223 10.344136559139786
48503 8.72239838709677
53039 4.159308602150539
6033 4.374862451612899
13163 10.961466935483863
13223 11.661998302207135
18031 12.985868279569889
18071 12.0967864516129
19037 10.955894354838712
23011 8.578702393340274
38021 6.022490322580646
4001 5.001614717741935
40125 11.302426814516126
41039 5.762548499624903
45065 10.670441935483874
45073 10.527167956989253
47105 10.79361580645161
48215 8.359104824436185
51075 8.557175483870962
51191 9.600362034739458
9001 10.146916528417789
1035 10.257678064516135
12123 8.831615322580644
17037 13.629026574500768
20177 12.390432858214556
22023 8.18491129032258
23029 6.625855334987592
29161 13.067284838709684
30083 5.825245967741936
30105 4.956122580645159
31067 10.941602304147462
37187 8.529190322580645
48247 7.81282258064516
49013 3.8628483870967725
5077 10.776452419354834
53007 3.732768663594468
55103 10.928706451612902
2282 9.531378341123043
12097 7.6970514555468075
18173 14.891713782991204
21171 10.959760483870971
31027 9.686116129032259
31105 3.90858064516129
36017 9.140562903225806
39163 11.285947311827957
47143 10.288853763440864
48117 7.027149193548385
48169 7.48766129032258
48479 7.809085034373348
51041 8.86255574738755
51750 8.52376559139785
54047 9.28210080645162
6031 8.861914217443259
2198 9.531378341123043
1015 12.208988033298674
1131 10.588529032258064
13057 11.490182506203473
13105 10.751643870967742
18149 15.08832580645161
22053 8.312338248847926
26145 10.58099930875577
30103 4.295790322580644
31031 5.595495161290322
37195 9.377855348047541
42103 9.574363978494613
46079 9.00065806451613
47031 10.937132795698922
47047 11.491607624633435
51115 8.481985483870966
51690 9.111800645161292
13171 11.862735483870969
20083 7.480019354838708
27133 10.383877419354842
36093 10.511328357089273
40111 12.578214193548384
41005 6.111917338709688
41063 5.035315053763439
46053 6.922545161290325
46085 6.535900000000001
54087 10.06442016129033
1097 10.464232258064508
19155 11.24944225806451
21167 11.40319935483871
21183 12.9539069124424
24029 10.504576129032259
29133 12.615733870967743
36027 9.52217452021234
37067 9.65428144294137
41031 5.079512903225806
46047 4.052217741935484
46101 9.566540322580648
48007 8.924992258064519
51171 9.172326523297492
5145 11.138850124069489
53061 4.593115935483867
56029 3.960954193548386
20019 12.082790322580646
22009 8.542840860215053
31083 7.413303225806453
36039 8.657196774193542
47111 10.930721774193545
48267 7.682129032258064
5067 11.333123870967743
5111 11.360341013824888
56031 2.8694893548387106
56039 4.089120967741935
13069 10.785437992831545
13101 9.166300000000001
13237 11.519146451612901
17115 14.784536148007607
17139 14.364438709677414
17187 13.998553548387093
21095 10.362774193548404
22025 8.758205376344087
28071 10.925904838709677
34013 10.092057142857177
37009 8.98521075268817
38081 6.3608016129032245
39007 11.154708129032263
45019 8.940288425047429
46119 6.288203225806451
17135 14.782164516129022
18075 15.303763133640556
20157 9.35380860215054
21073 11.670863343108511
21193 10.805825806451614
26069 8.416698207885304
28109 8.577440860215052
35013 7.04741856805665
37097 10.299872434017596
42095 11.811202514231502
45011 10.585130645161293
46061 8.423183870967742
48339 9.789171405139413
51580 8.2728
9015 7.501288167741928
1043 12.261358602150542
1117 12.518799260752708
24041 10.089267741935489
26091 12.767080645161284
26163 12.651928207297699
31041 6.994420161290321
31181 8.154867741935483
38023 5.102229032258064
39149 14.463142580645156
48417 8.095090322580646
1113 13.765206451612903
18015 15.540636405529952
20089 8.542779032258064
20175 7.406367741935484
31013 4.341117204301076
31115 6.850274193548386
34029 9.038121935483892
37037 10.2508476426799
37087 9.820153629032259
40045 7.794059677419354
40049 10.90879713261649
4017 5.097232778355879
42091 12.09438431432503
45091 10.729047966339419
48015 9.29911397849462
51057 8.706994623655913
5139 9.681031290322581
6039 6.996250490883577
6103 4.954523460410558
6109 5.513613782991201
19053 11.419890322580644
21161 11.238655483870966
26153 7.39945698924731
28117 11.297474193548387
35047 4.890175576036866
4019 6.072605942979519
51013 10.071488080918526
51720 9.933964516129032
12069 7.482587557603684
20005 12.403377419354841
21135 10.780547580645157
22123 9.792633333333331
24037 9.310076660341556
24510 11.43795983870964
26011 9.044644516129033
26047 8.084655241935483
27023 8.751728225806454
27037 9.98788251273344
31023 9.925683870967742
35061 5.390523835125449
36075 9.251106785317015
40029 11.424188709677418
40101 12.774150201612892
49025 3.984067741935485
5051 10.396449516129033
54003 10.579303917050687
55127 12.527135043988265
1059 11.323171326164871
13111 10.262831612903225
13175 11.307307692307688
22081 8.955390322580648
27123 10.328403437720743
29183 15.443132503062497
36079 9.712928522920212
39081 11.158015427769989
39155 11.306672961876846
48035 9.16008156682027
48141 7.727511721097995
48153 7.6090629032258095
48437 7.5134139784946194
51195 9.954061583577719
54053 10.742341935483879
54077 9.652162903225802
55109 9.94559792626728
6115 4.743298502304143
46102 9.531378341123043
1103 12.714696176821985
12037 8.832101612903225
19047 10.444766451612905
26147 11.097610138248816
27045 10.381279032258066
30041 4.777905913978492
31177 10.641812903225809
36121 9.6075651026393
40131 13.096328571428565
41021 5.283977419354838
51015 8.533816625310179
53033 4.410541429267904
54029 10.665482661290316
13121 11.98200183428208
16017 8.6904806451613
20067 7.336864516129032
21159 10.673835483870967
21169 11.128861290322579
25001 6.282959274193545
26117 10.766808188585607
29163 13.921580645161292
30109 5.102616129032258
31137 7.7140387096774194
50001 7.876795806451616
5087 11.282898387096775
5133 9.932697580645163
51730 8.811786217008798
55005 8.457143870967744
55041 7.765246774193546
1007 11.520448387096776
17005 14.783446774193544
20081 7.526819354838711
21047 11.940218675721553
21059 14.1699218793829
27009 8.671759498207882
28115 11.052848924731183
32033 3.9720999999999993
39069 14.204779723502305
41019 5.85775454545455
42073 10.853653110599062
48115 7.773910483870969
48257 10.591899641577058
48395 9.277221290322583
51137 8.7919335483871
53075 6.960199999999992
54079 10.54693935483872
8125 5.3021532258064505
12105 8.175729241726012
18107 14.221152688172042
19141 10.573404032258068
20053 8.508012903225806
25003 8.45465669975186
45007 10.837908933002478
48379 10.373362903225802
2195 9.531378341123043
19021 10.318027956989251
19067 10.556407096774192
21213 11.565851612903217
27001 6.573250537634407
37145 9.6856133640553
39095 13.54588912877822
40153 8.107158064516126
41059 5.982046236559143
44003 6.463454921422673
51059 9.99118500875218
51155 8.513369677419355
51177 9.000416021505373
54073 10.69724032258064
28107 10.939371505376347
29015 12.702129032258064
32013 4.938465322580646
38065 3.8017570967741934
40043 8.506340860215051
40127 10.747564516129028
42041 12.452969256089519
42123 9.90434665012407
47103 11.321881362007163
47159 10.656564516129036
5003 9.64905760368664
51019 8.53393427419355
51021 8.604495161290322
8081 2.985458064516128
13031 10.407764784946242
13097 11.744452903225794
18181 15.339416532258065
19079 10.486494838709678
26013 6.748912903225805
27029 6.955476344086021
29179 12.74059516129033
31029 6.06158387096774
51047 8.937916532258068
53003 6.565893010752694
54061 10.316880241935468
55125 7.328105806451612
8101 5.659082463343103
12023 8.076017204301069
12033 9.277616174466162
13131 12.36066182795699
13311 10.217500000000001
19105 12.90190580645161
21029 13.07081146953404
26043 7.788607373271892
33019 9.24909193548387
37021 9.760054896313376
40109 11.287996399411023
2261 9.531378341123043
13109 10.286694623655915
21035 11.89567347670251
22091 8.38971129032258
26151 9.853423924731183
26165 8.772126612903229
28111 9.185760215053765
29149 12.63067311827957
31155 10.7850470967742
36003 9.274844416873451
36051 9.501279784946231
41051 6.543725165063179
48505 7.443104301075271
54005 10.067717741935482
55071 10.181958913412569
13205 12.374765161290322
19033 10.135537243401762
21221 11.884957419354848
26111 10.075810696095077
27113 6.599287096774193
30029 6.431570288624787
36101 9.16685806451613
37107 9.224900000000007
39043 12.564647670250878
39083 12.293097580645165
39097 12.989805376344085
47095 12.11367903225807
48155 7.960474193548386
6059 10.228824370912285
13083 11.387323387096771
19081 9.947287096774193
19091 10.140775000000001
19099 11.157311111111106
20015 11.348778411910663
20063 6.953740322580644
20147 7.317531182795698
25013 8.541913560914509
27071 6.470279838709681
29065 12.753833064516135
31171 6.108719354838708
38033 5.092354838709676
47187 11.392757018308625
51117 8.976827598566313
8109 4.073909677419354
2016 9.531378341123043
1009 12.094899641577063
13305 9.857522580645163
17049 14.302930241935478
17117 14.911696277915619
21201 11.243483870967742
26103 7.0341641129032455
28141 11.110690322580643
29093 12.949304838709676
30049 4.681229953917051
31019 8.028543695014664
31073 7.18736129032258
32021 4.812167741935484
35033 4.678274193548388
39151 12.24134249812455
40097 12.818506451612905
48439 10.758138754856823
51029 8.507975806451615
51063 8.346822580645162
19007 11.656018064516134
24009 9.50275931899641
29049 12.73658467741936
29077 12.27385416233088
38009 4.580292473118282
39141 11.729181783681204
41065 4.598377822580648
45087 10.270698207885314
48009 9.046002150537639
48123 9.023388387096768
5093 11.803580645161295
2164 9.531378341123043
12031 7.739660712287894
16015 5.064935483870967
19071 11.438645161290324
19075 11.138092741935484
19117 11.242649193548388
21147 10.051137903225811
21211 12.054481720430104
22035 9.820139784946237
24001 9.865365077138852
28001 8.865324014336913
30095 4.026701075268817
32017 3.7843403225806465
38071 5.111997849462368
40123 11.27848
41055 5.048048387096775
42047 10.351985663082434
42059 10.78287849462366
47071 11.08511774193548
48037 9.977899641577066
48139 10.510386888657655
51109 8.545827956989246
2290 9.531378341123043
13293 12.115794009216584
17165 13.663791039426517
18169 15.574012903225796
21009 11.374496774193563
22055 8.764704051012751
26057 10.53178677419354
30035 4.947325000000002
33013 8.67320322580646
36049 7.664601843317973
42011 13.756565985663052
46011 8.990071505376346
46023 7.690324731182791
46093 5.594095483870967
5029 11.41820268817204
5105 10.760395698924732
51187 9.320239516129037
1095 12.416084050179192
31103 6.580335483870969
37063 10.303624569892447
38091 5.77349064516129
41003 5.746996953405015
48125 7.466316129032257
48301 6.958445161290323
49055 4.430103225806452
5033 11.953317302052781
8003 4.521043548387098
8071 4.85522043010753
12121 8.490769585253455
17055 14.053337365591391
18035 14.869124301075274
21083 12.315350896057335
25023 6.838276806451612
31051 10.38140967741935
35005 7.190758467741934
41009 5.117597741935484
47043 11.008445806451611
47169 10.94910322580645
48227 7.679097419354837
51087 8.7995210685484
5147 10.870430645161296
51540 8.550234139784946
6009 5.769226451612905
6043 5.311663440860216
16009 7.218382258064516
18143 12.163216774193549
21239 11.610405645161288
23009 7.503377229601518
26075 12.436136587436318
28119 10.835888172043015
31123 4.445196774193549
37101 9.70995522580645
37117 8.793349462365592
39055 11.80013087557604
46107 6.128990322580645
47139 10.531691612903224
5063 11.831220967741938
51700 8.456782331378301
12133 9.788814285714281
13319 11.573481720430111
18127 15.022225000000002
27091 9.68005483870968
27149 8.04324516129032
29199 12.393911290322581
38073 6.201584838709677
39033 12.820051364764282
40053 10.676519354838705
42043 13.367697965260547
44009 6.093585714285711
48105 7.504874193548388
48129 7.484895161290322
48337 10.048113978494627
48423 10.017239496459501
51071 8.466506451612904
5109 9.987549462365594
51113 8.698530645161291
51121 8.402135282258078
54023 8.915083870967743
6099 6.974224159231298
1083 12.362486088709677
13065 9.202758064516134
17079 14.075973118279569
18105 11.124560665972936
19039 11.04886666666667
22013 9.112364516129036
29109 12.295838248847923
37105 10.40428734491316
39123 12.82404739454094
40011 9.508796129032257
5055 11.990945878136195
17087 13.216843548387102
18095 14.860583696599821
19085 10.559944516129027
21153 10.765924193548384
21177 12.603571326164873
29215 12.489899999999995
41035 4.9385661290322584
48171 8.151561935483869
48381 7.447399777530588
51141 8.67930241935484
6053 5.6634005306971895
8121 4.985896774193549
2090 9.531378341123043
12061 6.830937741935481
13027 11.423930322580649
13243 12.365509677419357
13255 11.810969623655915
16063 5.700174193548386
19133 10.740712096774198
20129 6.896864516129032
26015 12.571734310850433
27049 10.174608709677418
27051 7.825788709677418
31173 10.684772580645163
46051 7.424467741935484
48003 7.68558709677419
48039 9.567154838709671
55051 7.159263440860212
56001 2.5430920967741946
8075 4.661962365591398
13157 10.996601173020519
17053 14.107087096774194
17071 13.868139784946237
17201 13.185999329702536
20155 9.99076982922201
25027 8.436086177794449
30079 4.873748387096774
36019 6.49385925297114
36029 11.091758529250946
37015 8.733490322580646
40051 10.596703225806456
42067 11.943086451612906
48043 6.330288172043011
49037 4.82386612903226
51051 9.91067096774194
53067 4.315197366688604
12067 8.413462903225808
13321 11.823525806451617
20151 8.446779569892474
21015 12.928706891495601
24043 10.796557258064501
26149 14.54186129032258
26159 13.145367956989244
29057 12.186930645161292
39051 13.789746953405022
39175 13.4995817204301
40113 12.505400586510266
47135 10.725088709677419
48145 9.574029032258066
48317 7.77085806451613
51111 8.758851612903227
53057 4.782071290322579
54007 9.34742365591398
16027 8.000176974416016
19185 11.475733333333325
21071 10.900842903225804
36105 8.775749999999992
37099 9.9761964157706
37139 8.398716451612904
46075 6.227019354838709
47075 11.581925806451611
48243 6.092296774193549
48253 8.159149999999999
54019 9.25937043010753
55111 11.038557816377178
8035 5.960720518244322
12095 7.5302674925978
13045 11.595536812144218
13299 9.524388530465954
18027 13.694890783410134
18061 13.055311290322576
20159 8.96531397849462
22097 8.5526117147708
26085 9.292673387096771
27141 9.128383577712611
28067 9.50219861751152
34021 10.431834059488896
40119 11.743264326375716
47185 10.167988172043016
48019 8.494960645161289
48027 9.28884848635236
48465 7.957533548387096
49031 3.8596838709677415
5047 11.50279032258065
51139 8.914958064516133
53009 3.6783279569892486
8105 4.203992473118279
8123 6.025810427314637
13187 10.386248387096776
16041 3.542699999999999
20059 12.230547096774186
20097 7.7866354838709695
21155 11.556061290322573
29089 12.872819354838708
30057 5.206796774193549
31077 8.038
42061 11.844587634408605
45081 10.479987741935481
48071 8.731291397849466
48369 7.119898387096774
51810 8.440514695340495
6021 4.670469354838711
12011 6.497988812438548
12049 7.931753225806458
12117 7.296367179294821
19163 14.001013177762527
21023 11.483041935483865
28047 9.06227620071685
28161 10.526192473118273
30001 6.041626881720432
31033 4.638515053763439
33015 8.603261827957008
34009 9.327189717741934
35043 5.215997350230418
38047 5.076729032258065
39169 12.479132056451615
42001 11.051362833099569
45051 9.506073103134922
47023 11.273227956989246
48029 9.7879166754803
6073 9.672421520810852
8091 3.9468580645161304
8097 3.3763475806451604
15007 9.531378341123043
13181 10.663979032258062
16035 6.178406451612904
21121 10.706965322580647
22085 8.50344976958525
26021 13.86036122311827
26131 6.748572043010751
27003 9.596470851146503
27083 9.320425806451615
29185 12.325156989247308
42007 10.485154395951936
46109 7.059517741935483
48239 8.909226881720434
51165 9.029857724957562
55017 9.459456011730206
55039 10.912757741935486
56033 3.9434118279569916
1013 10.743325448028678
12091 9.303181667977963
18097 15.115723718317946
21119 10.889327096774197
31057 5.962699999999999
46083 10.257005865102638
47079 11.52882508960574
51053 8.719954377880189
55033 9.626569354838715
55065 12.177659354838712
18083 13.990670645161298
21157 12.495968279569883
25007 6.135934677419355
25015 8.569234121863797
26027 14.718442228739
28045 8.623402764976957
36021 9.026149093701992
42019 10.748810557184768
48355 9.070266228594196
13231 11.92869838709677
20001 12.638134838709684
29073 13.36483096774194
31183 7.7877967741935485
36063 11.024171020624015
37095 8.214967741935485
37191 9.406709218362288
39035 13.133485086069747
41015 6.948591935483873
42127 9.704394470046086
42133 12.351908817204302
46005 7.551660752688173
47189 11.30524470046083
48205 6.450493548387097
48341 6.961987096774194
48497 10.301260410557179
53021 6.848787096774196
9005 8.856802764073365
19023 10.943037419354843
19167 11.137844700460835
28013 10.371230967741932
28129 9.440878494623659
28163 9.92946720430108
29209 12.311836021505378
31011 8.613762903225807
37169 9.121712186379929
39113 13.756433923677033
48147 10.64952759856631
48507 8.190582258064522
51590 9.62654435483872
51678 8.262435483870968
53077 4.989260594982077
8049 3.1926064516129036
2180 9.531378341123043
1021 11.660949820788527
1037 11.802593548387097
13317 10.752989516129036
18001 15.81085714285715
18051 14.606798156682038
21019 10.758060794044662
27073 8.288888172043015
31061 7.704329032258067
37073 8.545737634408603
42083 9.67905053763441
46137 5.588322580645161
48209 9.534031612903233
48297 8.770775806451615
48459 10.006554838709675
5049 12.571709677419351
53027 3.880699395161293
55077 10.772747741935481
16005 5.213345601173018
17113 14.382373013375304
19061 12.731002233250623
21003 11.246250537634419
21223 12.279701612903233
30059 3.9277216129032255
37051 10.51110227703983
39121 11.463284946236556
41001 5.274226344086023
45035 9.465217290322572
47055 11.333257258064517
48451 7.924547999999998
51085 8.731769705469848
55085 7.712990552995388
6067 5.910543006003852
12093 6.878351881720431
13127 8.650987741935484
18109 13.12585880893301
18133 13.410117050691259
18177 13.987397343453514
23013 7.917182580645167
24033 9.905475081385024
27063 9.712702419354839
29223 12.940290322580639
40069 11.11074731182796
41027 4.148296774193548
42081 10.902984760845394
48001 9.349639296187686
5101 11.549193548387093
51035 8.635922580645161
53029 4.742572964669742
55025 12.071902683147423
56007 2.1741154838709678
8033 4.1909967741935485
12079 9.567280645161285
13107 10.807625806451618
16051 5.687792741935484
17095 14.111108467741937
19027 10.450574193548386
20165 7.691940322580647
29201 12.888337096774189
35007 4.789690322580644
38013 3.9948729032258066
38037 4.606144193548387
39139 12.455106451612904
45077 10.595250691244251
48131 8.212503225806454
48225 9.009053917050693
54071 8.430896774193547
54093 8.999496774193542
12053 8.075186510263933
31017 6.489235483870969
36119 10.002413264863295
54057 9.594862672811058
6077 6.962996983058716
1033 11.875443548387107
12125 7.6900387096774185
13021 12.160438049853381
18183 15.718519354838707
21099 11.67335677419355
26033 7.427157142857134
27011 7.7086215053763425
35003 4.439719354838709
38045 5.691164516129032
40055 8.454540322580646
44007 7.138861473347052
5045 11.352357161290312
53037 3.815440725806451
55095 8.735955161290322
1101 12.676651066997511
12103 7.718579825489163
21229 11.573241935483878
22127 8.69286693548387
27065 7.606960483870969
30007 4.899641935483872
32510 5.052915437788019
38055 3.9217219354838715
40151 8.788059139784947
45069 10.748710599078336
48011 7.307454838709677
48195 7.258112903225804
49017 3.944506451612904
50015 5.251741474654379
51163 8.21680080645161
55059 12.654702580645175
16007 3.542382258064516
16061 5.963189247311828
17081 14.162910850439875
20167 7.876275806451612
21077 12.242127419354839
22051 7.867530133128507
28041 9.010214516129029
30009 3.896196129032259
31167 9.703625806451614
35015 7.403113440860213
4007 5.066412298387092
47145 10.041333137829913
48017 7.256503225806452
48271 7.915416129032258
51740 8.493450052029138
6095 7.463437735215056
17003 12.88896532258064
18151 14.535158064516123
19101 12.650874193548388
20205 12.458339516129026
21113 11.453260931899631
21181 11.026925806451613
28031 9.200524999999997
33005 9.75819314516129
40129 7.996867741935483
48345 7.481303225806451
48353 7.756190322580641
51143 9.23258709677419
56021 2.900501213517666
12027 7.807352329749105
17083 15.141030645161287
17129 14.487022580645155
17143 14.686834206989243
20045 12.312731671554257
21179 12.201947311827952
24027 10.598278064516126
27025 9.033547096774193
27145 8.856373859844268
28105 10.661041935483874
29017 13.185784946236554
29119 12.418908870967746
35023 6.2044241935483875
37173 9.915721935483871
38069 4.572348225806451
39091 13.696278299120252
46065 6.403332258064514
47039 10.915743548387093
48101 7.748583870967742
48233 7.213490322580645
48287 9.150774999999994
48361 8.720465745007692
50003 9.688659139784953
50021 11.03968322580645
12013 9.684111827956993
21227 11.928574059139796
26141 7.7794623655914
28011 10.51680322580645
29039 12.162321505376347
31079 8.621241013824894
40057 8.455541935483872
42031 10.63938645161291
42053 10.140573118279569
48033 7.517758064516129
48207 8.050185483870969
5089 12.119920967741937
5121 12.339574193548387
55137 10.428522119815673
56017 3.46468064516129
8007 4.169383870967743
2170 9.531378341123043
17065 13.877591397849464
17091 14.644502780867647
17125 14.26962043010753
19063 9.738974193548383
23017 7.176906072106262
24015 11.350951273344656
46111 7.871151612903225
49007 4.0425187096774176
51001 9.001179032258063
56009 2.9068702419354837
12057 8.43987913306453
16055 9.553641806451614
16087 5.838681720430109
19137 10.945952419354835
19139 14.041260322580653
20113 10.245947004608286
21205 10.395822580645163
24019 9.973112186379923
29019 13.123753170189088
29147 11.95718516129032
31025 11.538714516129032
38063 5.369774193548387
39059 11.61444903225807
40071 11.785564222873907
48289 9.24678064516129
51077 8.721948387096774
51157 8.903551612903223
54105 10.281612903225808
55061 9.608794354838711
55097 9.996271889400923
6107 9.316894995864343
13063 11.866957032258048
19077 10.491055913978492
22087 7.720607969639475
26129 8.58220599078341
27005 7.991422258064514
28073 9.149037500000004
29021 12.974753806451579
47053 11.70328663594471
50011 6.068384838709677
51023 8.259338306451617
12063 10.450135777126109
13119 10.749319354838713
13297 11.36292924731183
18121 13.64480483870968
19171 11.504912365591405
20093 7.312032258064514
22041 9.205570967741945
26031 7.9427689516129
31039 10.27052688172043
31049 5.299687096774194
31089 7.440025806451607
39137 14.581244239631328
48051 9.193159999999995
48157 10.310500042444811
49009 3.0536809677419354
5009 11.99108663594471
51045 8.118474193548387
2158 9.531378341123043
13061 12.189767741935485
18119 12.210087741935485
19015 10.505519354838711
20195 7.099680645161289
20207 12.328245161290328
25011 8.977452043010752
29001 12.34271105990784
31129 8.76929193548387
47027 10.699819354838711
48165 8.008979569892471
48499 10.060168387096773
51830 8.396591397849463
53005 6.5084436791630305
8079 3.9113645161290327
1079 12.170051612903224
1087 13.289231182795707
13071 11.570443548387104
17147 14.485283064516134
19135 11.580188172043005
20173 11.585012721123837
24017 9.411551612903212
26119 8.037471612903223
31035 8.894535483870968
36001 10.279667440860223
4013 7.560682990562088
42117 9.428473225806444
8005 6.970332938336632
18005 12.525504516129034
21081 11.798117741935485
26041 7.775881524926683
26139 12.293389713937907
47009 10.190489285714296
47097 11.753861290322579
51169 10.46683602150538
1039 10.602728110599086
12035 6.868587580645165
13011 10.687597580645157
16069 6.630126774193547
18161 13.465548387096776
19041 10.026639516129032
40019 10.837340469208215
4011 5.361002150537634
47109 11.293403225806447
48085 11.28085405348049
48185 9.266638709677414
48319 7.9192725806451625
48495 7.212674193548383
8051 3.6503620967741934
8113 4.046331451612904
1109 11.82916370967741
13013 11.20380788530466
16047 5.8393500000000005
18101 12.883847311827958
22061 9.32126225806452
26083 6.023633870967741
27109 10.36998084066471
29033 12.434832258064516
29079 12.183301612903225
29131 13.156969032258065
31069 4.891270967741936
47035 9.658197235023037
49057 4.5664919354838736
53051 7.391926451612895
54109 9.505882795698923
12047 8.621109677419355
13095 12.553575507765835
13235 11.675390322580647
13251 10.54646967741936
16067 5.658336774193551
19049 10.69192301075268
20033 7.888225806451612
22019 8.636734164222855
27147 9.860187903225805
4009 5.480540860215052
42119 11.98298354838711
47037 11.6163171909437
47167 11.677987344913145
48441 8.215246179966035
54081 9.223642884250468
8023 4.426140322580644
17033 13.676653225806447
27173 8.800975806451614
29013 12.311258064516137
37065 9.16099400921659
37085 10.259487933094384
37149 9.989635483870973
46091 6.5168322580645155
5081 9.978128225806454
5135 12.46445887096774
13017 11.050651612903229
13123 10.596343870967736
17193 14.036213548387094
20057 7.689058525345621
20127 11.120645161290325
23023 8.686432258064528
27081 9.19261935483871
36113 9.982452122241087
37049 8.914163287250393
41053 5.7151150537634425
45001 10.563717741935482
46031 5.216385483870968
47173 9.862543548387096
48373 8.816588064516138
54101 8.488405376344087
6027 5.291234408602147
2068 9.531378341123043
19107 12.337995161290321
19189 9.74531827956989
21235 10.315922177419356
26135 8.225468387096768
27021 6.907288064516128
29081 11.982796774193549
37127 9.321669713261647
46037 6.916318279569892
47045 11.902571774193554
47063 10.673799193548389
48291 8.821642396313365
51065 8.494489516129033
6041 8.713247976539554
8027 4.313187096774193
8115 5.3482161290322585
2130 9.531378341123043
22069 8.620341218637996
26105 9.471557661290317
28145 11.352567741935486
29067 12.247964516129032
42055 11.106382676224616
54097 9.27631129032258
6087 6.343350000000007
17021 14.683439032258065
17141 13.300976832844572
18003 16.29891152553765
22037 8.662813548387097
29107 12.259370046082948
36073 9.816345483870967
38103 4.49200935483871
42025 11.37465779569893
45067 10.11487217741936
54107 10.89371550868486
12099 6.208351392744343
13191 8.942240322580643
20011 12.891605161290318
21139 12.860122580645166
26053 7.066453917050688
28055 9.826622580645159
30053 7.714997419354836
46033 4.0825774193548385
46041 5.5813870967741925
46095 6.051512903225809
48067 9.782056682027651
48093 8.39689274193548
48349 10.045201290322577
13295 11.521080893300253
18171 14.558887096774196
27125 6.690903225806452
35059 5.537206451612904
40141 8.93733806451613
46009 8.538682258064515
46025 7.310532258064517
48211 7.470306451612904
5075 11.99439892473118
8103 4.05491129032258
2150 9.531378341123043
13145 12.559956774193548
18179 15.808944700460833
19143 10.360124193548385
19173 11.314418279569894
20031 12.022189247311832
21079 11.055363709677419
27119 6.805055483870965
29121 12.621041935483873
39173 13.65681589861749
42089 10.516504594330415
45045 10.736441383318754
47025 10.122054480286737
51089 9.033152073732719
51099 9.1422
54089 8.69266370967742
6091 4.296970967741935
13209 10.877264516129028
16025 4.769709677419354
17155 13.996701612903225
20009 8.19357661290323
20191 11.24097795698925
21163 13.240817741935478
21195 10.496532767402377
28149 9.626198387096775
29083 12.456411290322578
29195 12.75487177419355
37077 9.7327382133995
39001 11.286575806451618
48221 9.549043870967742
48293 9.613812903225803
50007 6.531622488479252
53025 5.7650455645161305
1001 12.245466666666667
13233 11.664282027649778
13307 12.693556451612903
17011 13.796288387096771
18089 15.336469313482205
18129 14.51514377880184
30087 4.054073387096772
37089 9.872656869773
37129 8.648526392961871
38043 4.617201935483871
39157 11.774591090629803
42045 12.311922871863823
48397 10.86698973607038
54039 10.383393365794255
9009 9.76489337770948
12127 6.970569055095617
17151 13.132853225806453
18165 13.864412903225807
20179 6.85634516129032
22105 8.346608387096781
24031 10.224800555138767
31163 7.792603225806451
40003 9.753640860215055
46081 4.77512129032258
48075 7.8810935483870965
48187 9.807848164627378
48401 9.79071563275434
49023 4.057376935483871
55053 10.038970322580642
6057 3.9868702903225826
12003 7.631712096774195
17101 13.919283870967737
17153 12.941849999999997
20079 10.994659677419355
22059 8.666887096774193
26137 8.158521505376337
36099 9.877457419354847
36103 9.330796874373853
37045 10.350881964809373
40089 9.993206854838707
41013 5.006659677419356
47033 11.668237419354837
47123 10.739604147465439
48031 8.512445161290321
48183 10.036905806451616
5025 9.68649193548387
51161 8.273893727598564
53013 5.903467741935485
53065 6.2507005376344065
55079 12.504480981861665
55117 10.5661205955335
6045 5.172635483870962
12005 9.22031860465116
17177 12.903607444168737
24011 10.015894982078853
40085 10.715844086021505
42121 10.541616532258065
48375 7.469229506641365
51003 8.519342521994137
51031 8.835954032258067
6003 5.007690322580647
1049 12.076507142857146
1123 11.990526129032256
16037 5.388019354838711
17133 15.414772580645156
19157 11.653084516129038
20203 6.93827741935484
22067 9.670050806451613
26071 7.266097419354839
31065 7.128393548387097
36025 8.35540829493088
39109 14.105626881720422
4021 6.714221720430097
41029 6.353165774980324
42129 10.9760523870968
48433 7.699941935483871
56035 4.047741935483871
2122 9.531378341123043
13139 10.914841487455185
17189 14.38456209677419
18059 14.593411612903246
18079 12.401208602150536
21101 14.689500586510277
21145 12.805824478178359
29127 13.693854838709683
29151 13.081060483870974
40041 12.595410752688164
13085 10.710151612903227
18013 11.897112903225798
18093 11.878094193548387
20169 9.983808870967747
21031 12.24390258064516
27137 7.550370087976535
31165 3.5533922580645165
36031 6.953070719602973
37055 8.233634408602153
37179 10.785547521636504
48447 8.188203225806454
49039 3.907557741935482
5125 10.637717357910907
