12.01619806451613 17039
12.836289516129037 18135
11.090211827956983 20013
11.201276881720437 26023
8.6146275659824 26035
10.35558121442125 26155
10.22695878136201 31001
14.835693548387098 32029
9.367544086021502 37001
12.364106129032244 39159
6.327274193548387 46063
11.029046010186763 47011
10.851953349875933 47073
9.567218279569884 51009
10.8549495601173 13047
9.615393548387097 13249
11.955215412186375 17157
9.64932903225806 22093
12.378590783410143 28133
8.475087096774194 31063
7.925596774193546 38057
12.481748028673834 39161
9.869167741935488 40033
10.68919758064516 47049
9.62458081350857 2275
10.385547311827958 16045
11.254124731182802 17001
11.836885738539891 18085
10.179550230414748 21133
11.340244354838708 21219
11.612283064516133 29207
10.03020117302053 36117
9.224416129032253 37121
7.679951612903227 48173
8.411754301075272 55135
12.312632903225802 16039
11.670045161290323 17175
8.62222241086588 24045
10.559854301075267 28091
10.94873870967742 29227
7.829735483870967 31135
9.4170755376344 34033
10.01897419354839 34041
8.592335294117653 36077
9.622604488078542 36109
5.201684060721059 41071
8.542738222055513 48061
9.266962580645155 48265
8.464295967741938 48399
7.7851752688172 12065
6.584870797962651 12119
10.969397518610426 13217
10.897643225806457 21207
11.343870506912443 22011
9.347303225806453 22113
11.975287096774192 28015
6.608987096774194 30055
8.323489861751156 36089
7.762152688172042 37103
11.92351129032258 39127
9.604005734767027 42035
8.850244729262672 9003
8.893010584677425 10001
10.862360645161294 13015
11.08980798387097 13067
7.953240783410137 13179
12.189293548387091 17019
12.072981854838716 17107
12.52017096774193 18023
10.978107526881718 21137
12.31781182795699 21187
10.894069354838715 29167
8.681651612903226 31071
8.473961290322581 31145
7.184858064516128 38025
7.338616129032259 46117
9.834691840607215 47019
9.711020161290326 48255
7.766709677419358 48383
12.82590887096774 5017
5.560754838709679 6069
9.62458081350857 2070
8.657899462365593 13279
9.169656989247313 13281
10.778190860215055 21115
10.693065725806452 22039
12.033039354838708 28101
9.396227956989245 37115
9.223173387096772 46035
7.593711290322583 46123
3.94826774193548 8067
8.859119354838716 27035
8.790065725806448 27115
11.232942638544234 31055
9.569627526881712 45055
9.295591129032251 54075
9.62458081350857 2110
9.809082258064516 13197
12.21870064516129 18045
10.349541129032255 20117
10.747054838709685 21175
9.85172158808933 26157
10.279150322580637 27047
12.047396774193553 28097
10.077876129032251 30081
5.050593548387095 32023
9.824600537634396 37159
11.859235698924744 39009
10.460138140417458 42013
10.444754838709672 46127
11.688320430107526 47113
7.751754377880186 48219
9.87552741935484 51685
4.890017204301074 8019
10.599152073732718 13285
10.032765689149558 22117
9.147240322580647 27167
6.35403870967742 30025
9.508529118509557 37183
11.090174193548386 40099
6.931283870967745 46055
11.85133076923076 48347
12.133234310850442 5115
10.240309677419349 54065
5.054509677419355 8047
12.186977419354841 17045
10.910098709677426 21045
7.896928571428571 26009
10.595343548387097 29129
8.728118279569895 48083
10.303772580645166 51520
5.302379091995214 53035
6.328048007590147 8013
7.00196451612903 16071
11.666429032258067 21105
10.915362365591397 29011
6.413732258064515 30107
12.16844072580645 39029
11.640306989247307 40091
10.2757064516129 42057
10.603659139784948 47007
7.782348387096772 48045
7.288956774193551 50017
6.072683870967741 56027
6.304798337722177 6075
10.913452258064519 13113
9.080667741935484 13165
9.58643064516129 13259
12.123525089605737 18055
8.414930967741943 23031
10.841892741935483 29181
10.907935483870963 29205
9.502379255583115 36087
9.741799078341016 37059
10.373388172043013 45037
8.740835483870969 46003
11.26807974910394 48245
11.751783333333332 54035
5.50868817204301 56041
10.789529569892478 13169
10.758654838709678 19055
6.944246774193549 23027
9.920391842431773 24003
12.382485483870969 28125
10.967716129032262 29137
8.357199999999999 30067
8.420607661290322 36095
9.445745698924734 37033
9.832177107180014 37035
11.897509677419354 39093
9.259999078341014 48249
8.958566820276499 51149
9.313488709677419 51640
5.122988709677414 8043
10.48292258064516 13141
10.453641935483871 13221
8.814322287390027 13275
11.686 17047
10.58839516129032 20115
11.551787096774195 21069
8.471767741935485 26101
9.11864798387096 27097
11.535076497695849 28003
10.883588172043007 29085
7.00612258064516 30003
11.19325723930983 31153
8.498114956011726 37061
11.771387741935479 40023
8.021567741935485 46069
4.811408602150539 49047
7.3414587096774175 50019
9.048213709677412 6089
10.3451688172043 13263
7.206702580645161 26097
12.174814076246317 28033
11.139256129032262 29053
11.029349032258065 29117
7.236346236559138 37143
11.351633243727607 42051
11.07764161290323 47107
11.648874577572965 47165
7.737569815668199 48135
10.060269585253446 51069
12.186429032258067 1075
8.660743548387096 13287
6.036250000000001 23021
8.273161693548392 31111
13.087472043010736 39037
13.649448823016582 39061
9.995139426523302 47029
9.330198924731183 48429
9.576095445920313 51061
6.444301863799282 56025
9.989672434664932 6065
6.718424014336921 12075
10.658886451612906 13143
13.533287096774215 21037
11.662870161290327 21061
11.596573118279574 21141
7.812886482334868 22109
12.878931690711635 29189
8.570947741935488 37131
11.771276612903227 39111
10.569712096774191 40073
8.488990322580648 48127
12.843819354838708 5073
6.164787741935487 53001
9.533576881720434 55049
10.414682795698925 13195
10.143956989247311 13227
6.995843010752689 16079
11.643609677419356 17059
10.882096774193549 19121
10.46106559139785 21129
10.84637096774193 21199
9.21327526881721 27041
10.38401612903226 31059
6.421252639296189 31157
5.617287903225806 35035
8.098804301075267 38099
7.2557580645161295 48421
9.730763978494629 51005
12.33887688172043 5113
6.926093202764974 12001
8.310766451612903 13001
11.193065528146779 17097
12.019296774193549 17185
11.0723620967742 19181
8.257982949308754 24039
9.930905139152424 25025
9.842931720430107 27157
10.737441935483874 29009
13.107625806451644 29510
12.016832258064532 39099
6.912276718092558 46103
8.468935483870967 48137
12.976447096774205 5027
4.501897043010753 53015
7.7519786021505395 55075
12.7914464516129 18011
13.120656989247305 39107
10.382194516129031 48021
8.103493548387096 48087
11.915626565464898 5031
8.023586954459205 12073
11.361139354838715 17149
13.104748966087667 18057
10.462268817204306 21013
13.534111172305279 21117
8.152113323983162 22057
6.632035483870968 30069
7.992729032258066 31113
4.8704 35019
7.143826302729533 38101
8.267609318996415 45029
11.056396774193555 47057
9.832908243727601 55089
7.919350691244238 6063
5.978550645161301 8041
9.041699354838707 13099
11.921409274193547 17027
10.358209216589858 19065
10.47576693548387 19147
9.67210322580645 20141
9.063321192323397 36071
10.3768848179935 36085
7.500209677419355 38029
11.511876974416003 39085
10.861653225806448 40087
11.087993548387098 40117
10.143575403225823 42097
7.5460801075268815 50027
10.40619112903226 13213
12.614762096774191 18159
10.978856451612899 20003
10.741199372759858 26099
7.0039451612903205 30097
12.315581105990786 39047
7.4500477419354825 40139
9.486269585253464 42015
10.345598709677418 47059
11.405991935483867 47069
9.921561693548389 55093
9.62458081350857 15005
9.99831182795699 1011
10.644342580645167 13059
12.126705483870968 17093
6.513218785578751 23025
7.588758504398829 30013
10.455092204301083 40047
8.509620645161291 45049
11.612404925115204 47093
9.746558709677416 48057
10.208227344913162 51107
11.206992473118278 54085
11.065450000000002 1023
9.268266862170094 24035
8.62696827956989 26133
9.794214717741928 54055
10.779046236559141 13129
11.06177168458781 17103
11.815329677419358 17159
12.97851121351766 18063
10.883225297113755 19013
10.414699999999998 19093
8.967011764705891 27111
9.433355407969641 37027
7.261275806451614 38085
12.834144623655916 39135
10.500265161290317 48089
10.068306451612903 48193
9.62458081350857 2220
12.180915322580645 17023
10.739808602150536 19149
10.350283333333334 27043
9.790200921658982 27085
10.43099677419355 31095
12.212430107526878 39071
11.993554516129024 39145
9.648893548387097 42023
9.82844516129032 46135
10.464708709677414 48321
9.139770967741935 51007
5.8405285669975235 53011
10.359463653413332 55133
7.869659139784945 6051
5.670485141739982 6097
6.410190322580646 8061
11.568601881720419 18039
12.454076290322583 18067
10.27628322580645 19059
8.981514516129035 20065
8.191603225806452 20119
10.239193201688263 24005
8.583693087557604 27017
10.412197235023038 27103
14.040699032258075 32019
6.7455193548387085 38001
12.558977126099688 39003
11.939491705069127 39053
11.305334677419353 40107
8.655367741935484 46073
4.181397419354839 49041
4.9597954032258 49049
8.836167741935483 51036
11.160341935483867 54017
10.34823259762309 55105
12.041460804242151 1089
9.098338709677423 13273
11.735938709677425 17061
10.508724193548389 20197
9.933017816377191 37071
9.138528571428573 46029
10.91319193548387 47127
10.674251766513057 48041
10.349500000000003 48285
8.931215053763438 48307
13.823843225806453 5019
4.879846082949311 53031
10.072371889400927 54067
11.49920812903226 18141
11.958374654377883 21085
12.51199274193548 21215
10.27800913978495 27105
11.819157419354841 29219
6.807988172043013 30089
7.236565534804759 33009
7.0141467741935495 37137
7.568851612903227 38095
12.243926915322575 39089
11.591622750424445 42005
11.45486820276497 47147
11.494816129032262 48217
10.70317680318955 48491
10.72502688172043 5129
11.65937419354839 5141
9.05290322580645 13037
6.719881720430107 30085
8.009248387096777 31009
9.916022580645162 31139
9.738883870967747 36123
9.559996177825957 37081
7.022016532258062 38089
11.561077419354836 40061
6.550889274193553 41061
9.78855311827957 42037
6.945791935483871 46121
9.938240322580642 46125
11.030369534050179 47021
10.942634677419354 47087
11.8360060483871 48097
12.056561460101857 48231
7.720912903225806 48431
11.916110901001115 54011
11.4850064516129 54103
9.62458081350857 2185
6.859062580645156 12041
5.517114962251192 12115
10.738027956989248 19009
8.409109677419355 20153
9.164640322580645 31175
9.761653989813242 36011
9.376874884792622 37193
7.067839170506917 38105
10.916331378299125 54033
9.107460573476704 6005
12.043938709677427 1115
10.41216451612903 17085
10.726040725806456 20111
10.821640322580647 21197
9.939957258064513 27033
8.119848093841641 27061
9.96416064516129 27117
9.74103333333333 27129
12.28414946236559 28019
10.149420000000001 28039
11.936327956989247 28103
9.869480107526874 37109
8.831780645161297 37155
12.071097947214083 39005
12.483309164222879 39023
10.494287096774196 48237
11.892755857385398 48367
4.993739702233254 49043
9.340997849462363 54031
7.8087599078341015 56005
11.615127712609972 1077
6.348300842561361 12101
8.01087678328034 13051
13.1079029032258 18029
12.238330967741936 18153
7.76743870967742 20199
8.25116854838709 24047
12.002644444444453 28095
12.15861971326165 28121
10.508133346288357 34017
9.16207365591398 37069
7.729958573853993 38015
11.600942741935485 40095
10.763664516129033 47015
10.862250537634406 47141
9.532441935483872 51083
12.580749462365594 5117
8.751945730550293 6007
10.171207096774193 13053
10.57612862903226 19017
10.719083870967742 20049
12.742812903225806 22027
10.024859139784947 22125
10.087478629032258 27015
8.988027956989246 27159
10.09777533206831 27171
10.944397849462366 28077
12.144396774193545 28099
11.031022580645159 29041
6.467029838709675 30005
9.265203942652336 37125
11.975208488964347 39119
8.867670967741939 45027
10.532544623655912 48477
10.517833284457476 55101
7.0680028095733665 6025
10.050622580645161 1041
11.442614838709686 1047
11.319816559139776 17199
11.33047077223852 22079
11.818567572156189 28081
11.144335483870968 29125
7.01427027886335 32003
7.576637849462366 37141
9.892681720430103 42087
10.338820211693573 42101
7.572475268817204 48357
8.972829838709675 51135
8.325286827956988 55031
11.396427741935481 1051
6.7004927120669056 12017
11.648343548387096 17069
9.359411290322578 20163
10.605887096774197 31097
5.211294623655909 35045
8.874322580645162 40149
10.724249560117308 48481
9.62458081350857 2100
11.712219999999993 1055
10.408850107526888 13117
8.51471451612903 13155
11.929455645161294 18111
10.911922849462371 19187
7.461054838709681 27135
6.7390709677419345 30019
7.253366129032257 37029
9.093628039702233 37189
7.554554838709678 38027
10.45521344086022 47155
12.12012720770691 47157
8.14212258064516 48151
7.847229953917056 48179
7.945690322580645 48235
9.46428064516129 48333
11.433773118279564 48405
8.032548387096774 51093
9.477516666666665 51197
4.466812903225806 8055
8.481101075268816 13271
11.705025268817208 17173
12.293139677419353 17179
11.706862258064513 18113
11.334728535980151 26115
8.641610483870968 37079
9.243788709677414 37181
12.52465878136201 39027
9.584940860215053 40093
7.655341935483872 46129
6.28909677419355 48229
8.66743005692598 6061
10.30334301675976 11001
6.39763927893738 12107
11.627854596774185 17161
12.899988387096782 18145
8.788057535994144 22071
10.331471735791096 26121
5.518916129032258 35011
7.76865967741936 35025
9.019658064516129 46115
8.395597968936674 55073
9.62458081350857 2230
10.305062903225807 20201
9.686604692082124 22099
7.542309677419358 27075
8.734334408602153 27107
10.228069892473119 28005
7.403832258064517 31091
9.646724565756823 34025
5.044023225806448 35027
9.397272434017598 37171
11.649183870967745 40079
9.62564516129032 47171
10.916720060483874 5143
13.418350248138958 18019
8.568300000000002 20101
10.349395483870966 22121
10.134202639296186 27099
6.575151612903225 30037
7.313354838709678 31005
10.270461290322581 31169
14.281644239631376 32031
8.147086217008802 45089
8.21085806451613 48413
11.764421505376346 5127
5.098453488372077 53053
8.35410721348681 6019
10.175609907834106 6093
9.901425245441795 13153
11.518122177419349 18087
10.952383225806456 19129
12.0275982078853 21089
9.288553225806448 51049
5.919116129032256 8073
10.399230414746542 20161
11.592131182795699 21007
11.874220967741932 21123
12.138618202764976 28087
9.876601518026563 34035
4.908979838709677 35028
9.242176344086023 51125
8.782379032258065 51595
12.05886057347671 54069
9.007761548387089 12113
8.619597580645163 13315
11.994696774193548 21005
12.680627956989252 21041
11.581290322580642 28009
8.925703130929802 34011
4.392011827956991 35055
12.03097022332506 39063
6.54267258064516 46007
9.245661290322579 48311
13.52335354838709 5011
8.040773041474662 51199
7.379984792626727 55003
8.016032258064516 13183
10.922195483870969 13247
12.04880967741935 17041
11.735327150537639 17057
8.74509283154122 26051
10.85704551971326 31053
7.266801466275658 33003
7.483170967741935 36041
9.646135944700463 37003
13.383418749999976 39017
10.744580000000001 47161
10.670936962365586 48091
4.6080895161290325 49051
10.344265591397852 51105
9.385993290322578 55063
9.206175115207378 55123
6.6314161290322575 56045
7.64811733870968 16011
11.893702508960567 17075
11.331076674937965 20125
9.161046041055712 26107
9.61727741935484 31099
8.766468894009215 36083
11.745879404466496 39077
11.509844802867388 39171
10.276619941348967 40137
10.742436559139787 47083
13.037346271114048 48113
8.270532258064515 48261
10.904307258064515 5065
12.393639784946233 5095
9.113019354838709 51091
6.694818064516127 6011
7.401164516129031 8095
12.695156989247309 18025
10.442354545454545 20035
11.864097043010757 21107
11.126928494623655 29055
7.740686021505379 33001
12.8829219941349 39011
12.239709124423916 40143
7.817712903225805 48065
8.049343010752688 48189
8.30952 51175
12.301229032258066 1107
4.956249193548383 12043
10.639501433691752 13009
11.89219150275377 17089
10.696084677419353 19025
10.404033333333334 21051
6.51914623655914 30021
7.583408064516129 30077
10.754647096774201 31131
8.13686064516129 38067
6.624312903225808 41023
12.387852419354836 48315
12.399015591397841 5107
8.593690322580645 51159
7.042979032258065 55037
7.245976344086021 8014
8.438202150537636 13161
9.739774999999998 13193
10.764135483870966 19029
12.484318279569898 21027
10.014496774193555 27143
12.658582852292026 28151
11.279225806451615 29005
9.46571182795699 31003
9.228913375295042 34037
10.674156019990921 42049
8.99537311827957 45005
11.579098387096776 47131
9.718958997279433 51153
11.04096290322581 54013
10.973869279803992 6037
6.449922519780897 6079
8.541957258064519 13075
9.921304838709677 13289
11.992311612903228 17063
7.42019677419355 20187
10.717840860215043 27139
9.38790322580645 27151
11.34166129032258 28023
11.526063911290333 29031
10.669687096774187 29211
6.686216129032258 30051
6.1254711981566805 32007
10.621243176178655 42065
8.246079912023461 44005
10.430048387096774 47175
5.072986140979687 12055
8.19294301075269 13005
10.860761290322573 13207
9.296539516129032 13261
11.903845161290324 17013
10.96412096774194 19083
11.767676129032266 22043
6.534736917562724 23007
9.050020564516126 27153
12.107954838709684 28051
10.584587096774195 29171
10.671131854838707 29225
8.172341935483871 31087
9.128122939068096 37093
9.612053846153843 37167
9.535127741935483 42105
11.584940552995388 48161
9.297288387096778 51145
8.077279032258064 51620
4.842183870967743 8057
7.184437096774192 16031
11.249766501240682 17111
11.510257258064515 17131
12.462227376910015 17197
12.401034350479518 18157
11.16562903225806 22107
9.752400293255128 26123
10.508708870967736 27013
8.288522580645163 27087
12.160560080645153 28083
9.41946344086022 37075
9.454635483870966 38017
5.733913261648743 4012
5.530909677419356 49029
12.124359139784946 54009
6.899804301075268 8063
13.409649677419328 18043
11.502035483870971 19115
8.605759677419357 20039
12.589689442815247 21093
9.183095268817208 22045
7.364896129032261 25019
11.150333179723512 29007
10.872129032258064 31127
10.507274193548389 31133
9.561151741935488 34027
5.138594354838709 35057
7.448793548387093 38005
7.9186903225806455 38039
10.811023870967743 47085
11.077562903225802 48313
8.175298387096772 50013
8.132114516129032 55119
3.9993046082949295 8029
11.542157526881724 1065
9.421469061583577 1069
4.8108803686635895 12085
9.944059354838707 13303
7.9849387096774205 16033
9.695609677419359 16085
11.917181935483868 17123
10.691808064516133 21065
10.937209139784947 29175
9.463598156682021 37039
11.930820766129026 39167
10.097672903225819 42107
8.011929032258065 46089
10.397380645161288 47061
11.462606451612896 47183
9.124387096774191 48163
4.6916391129032275 49021
5.953264516129032 49033
13.413209473684239 5119
3.9332838709677427 53069
7.491035483870967 55007
9.62458081350857 2020
12.467379032258064 18117
11.190385483870973 19103
8.487216129032259 20069
11.828570496277905 20091
12.446520430107517 28089
9.836257367044492 37025
7.554851925078043 37133
5.935769431643629 41043
9.224849999999998 42113
13.377231182795704 5099
7.604247311827956 55099
9.358933467741936 55121
10.495192423105774 6017
10.085977419354837 6105
9.62458081350857 2060
8.086120737327187 13029
12.531820276497692 18041
7.48685806451613 20075
12.148026881720424 28155
6.648665982404693 33007
7.678824516129033 38059
8.097608064516127 41045
11.782254648956352 48005
8.537448387096775 48095
6.535840322580646 48111
7.78946129032258 48263
12.527492473118281 5097
7.08756251920122 53063
10.843120967741946 13077
11.717518064516119 17137
11.944772580645159 18073
11.120625806451617 19095
11.12043870967742 21063
4.978090322580646 32009
9.559005806451612 36107
7.265130107526878 37041
12.113508422939075 39101
7.635296774193548 46021
10.86928797653959 47099
10.334187146023167 26049
12.052207741935481 28043
6.5007564516129035 31161
6.375022580645161 32015
10.455573732718909 36013
12.322091820276507 39045
12.223891059907846 39133
9.21735806451613 46077
10.088365161290325 51600
10.057780967741921 55055
8.204069892473118 56043
8.246783870967743 16023
11.440260215053765 21143
11.141420645161283 29141
12.176650161290324 29165
7.382870967741939 30043
9.473418279569895 37007
9.339594124423954 37135
9.527317665130571 37157
11.897254838709673 39073
8.558706451612903 46049
11.76682677419355 48471
13.11677548387097 5057
8.77391612903226 51081
8.529681290322578 51183
6.843467121588124 6013
7.474266820276497 6015
5.942949354838711 6055
9.314326881720426 1067
11.56006370967742 1119
10.768009677419357 19159
11.161662580645162 21217
11.389679569892476 22115
9.47571338709679 45075
13.11676442194491 48121
11.217232258064522 48351
8.783405806451611 48463
10.488374838709683 5015
3.6181870967741934 8111
12.329250358422948 1127
10.41207290322581 1129
5.38153463497454 12015
8.972401612903228 13283
8.462534838709677 16049
8.788898709677415 16053
12.035155913978496 18007
11.209137365591399 19045
11.660567741935484 21075
7.6743103942652295 23015
11.818209867172676 29071
5.60213567741936 35049
11.98827322580645 39013
12.029363709677424 39087
11.511583064516131 40105
3.882520698924731 41007
10.800072296015173 47119
3.903627649769581 53045
7.490615085388996 53073
9.795628387096777 54027
6.595348387096774 56011
4.489950322580647 8117
10.620217903225807 13073
8.830935944700459 13087
10.019216129032252 13225
11.578489247311825 20043
11.968056129032256 21097
9.904262808349133 22063
6.9444967741935475 26003
10.94161612903226 28021
11.021270161290321 29145
7.9661980938416415 30031
11.272148387096777 40035
10.26540673211782 47179
10.483774999999998 48055
12.22035591397849 48063
11.305831964809387 48199
10.117254838709682 51167
11.44380107526882 54095
10.017191935483869 55043
7.226514900153607 6101
6.677452795698936 12019
10.687367204301074 13219
11.363924731182799 17169
10.717680645161293 20131
10.9593935483871 21057
12.223316129032256 28053
11.094722580645168 29217
11.042701792114702 47089
10.49557419354839 48331
12.360640322580648 48449
11.202497849462361 5137
9.854512482468431 51770
9.678285781637708 10003
10.24714838709677 19043
12.567963440860218 21149
12.183305806451619 22065
7.758993271889399 26109
7.7750989247311795 31101
9.700425898947858 36059
9.183907526881718 37005
9.211167096774192 37199
9.822209677419368 42027
9.221951319648094 42115
9.915616698292228 45059
8.293364516129033 48435
4.476912903225807 49001
10.579355197132617 5005
13.026427822580645 5085
9.48297845993756 1003
5.6702255209820445 12009
10.714635964310233 13245
12.688853548387092 18047
11.34696854838709 20087
8.324690322580645 20109
10.314290357643769 22033
7.506756989247311 22075
10.440445246179975 24013
10.584538762559495 24021
9.330289247311828 26063
10.445592473118278 28131
11.102754838709673 29159
8.284695698924732 30023
6.678206451612903 30045
6.308243548387094 31045
8.84456551874453 36065
8.833847004608298 37175
7.150683870967742 38083
8.42518629032258 40009
6.541597903225807 41049
7.931854838709679 48443
13.150253548387097 5043
9.82783594470046 51683
10.647497849462367 54015
7.202374548387101 6023
11.64153563049853 1121
12.067259498207887 17203
10.680198387096773 19165
15.226302656546487 32005
7.026755376344078 35009
6.976603225806451 38075
9.014236129032263 40039
5.024037864823357 4025
13.374285483870969 41033
9.688863440860212 45017
11.464195878136197 47001
7.770116129032258 48279
7.0098510752688235 12089
10.992450709677408 13151
7.893332258064519 20023
10.556271390798514 26093
11.307249193548389 29139
8.569477928692708 36043
13.192991129032253 39025
9.614027741935484 45039
9.309758064516132 46039
9.977248387096775 48281
8.217127956989247 51103
10.851730645161286 54021
10.450908602150545 54045
8.704728110599072 55001
4.31610483870968 8037
12.784241592312977 1125
7.329572580645162 12129
9.423327956989247 13167
8.991850322580646 13177
8.140469032258055 13185
8.612301612903225 13309
6.764309677419355 16029
11.369868202764971 19153
9.590164516129033 20145
12.952519354838705 21091
10.296283870967743 22001
6.798385265911077 37031
6.500124193548389 38011
10.15272795698925 46027
10.432489247311828 47153
11.883046898263023 48181
8.265246774193551 51119
7.936867267552182 51650
4.179467419354836 53047
5.169286451612904 53059
8.146443548387099 16003
8.274806451612902 16073
11.397489170506931 17077
11.05564623655914 29123
10.723451612903226 40103
11.386599859747548 42063
9.482605376344084 46067
10.589588709677423 47067
9.556651152073734 48025
7.678812903225807 48393
11.825805161290326 48455
3.602200460829496 53049
9.795747926267284 54025
10.483284457478007 26037
10.615550028631437 26125
6.968143548387096 38053
12.757092514766022 39049
11.99986774193548 39067
11.38857788018434 42071
10.594436950146624 45003
8.972061290322578 46043
4.4616225806451615 53019
8.491333064516134 55019
10.907879838709679 1029
11.42381505376344 1105
10.677351364764254 19193
8.878906451612904 20137
10.558837634408603 21109
10.689712158808943 21125
11.140447741935487 21127
9.798097518610419 26017
8.029829032258066 32027
8.521282086479088 36111
8.356229569892474 37017
11.895730107526884 39105
9.359124423963134 42131
8.996848875855331 45041
8.700025806451611 48385
7.813284264358779 51550
11.151649032258065 54043
5.700248842018203 12081
10.030199889400947 34023
8.350143225806445 36035
8.180910626185957 36115
8.908900806451618 38097
11.988945698924727 39131
11.343867741935476 40133
10.067525806451615 42109
9.263077419354836 46097
7.72580621266428 48329
8.082304659498208 55029
6.1857766129032274 56023
6.783363709677415 6049
5.770158064516128 8039
8.518647692307693 9011
9.62458081350857 2013
10.610067741935488 1111
8.718560410557187 12131
11.196509139784947 20021
9.368012903225802 20047
11.019893682795697 26005
11.029695698924728 28065
11.43361919354839 29037
11.947293888798823 29095
10.000292803970222 45021
11.327880241935484 47017
10.861190615835817 48167
11.899093010752695 5037
8.24994435483871 51133
11.019378972520917 1081
7.353277419354837 12045
8.934261290322581 13201
8.98745322580645 20135
11.683087634408595 28093
11.020491397849463 31147
12.332022580645162 39075
10.521392114695342 47177
9.583370967741931 48325
7.5302896281361855 8031
6.531096129032257 8099
9.403386559139788 1061
9.172072811059904 27095
11.292651612903226 29025
11.559985161290323 29157
7.898622580645162 31149
7.168495161290321 38049
6.0608758064516115 41025
9.615620967741936 46087
10.192124731182794 48077
11.91625673624288 48213
13.46087096774194 5053
7.772194838709678 55067
12.483557419354845 1057
6.355518145161285 12109
11.634223182066714 16001
11.973954838709666 17029
9.75476516129032 19191
10.088859139784944 20095
8.16450887096774 26113
10.908380265654644 28035
11.303495161290323 29063
6.417483870967741 30075
10.493541129032254 31151
8.487190585146289 33011
10.1286387096774 34039
9.502955414746532 36067
9.534442652329753 51173
6.17279323367428 6113
7.801713269038922 8001
3.8170164516129033 8085
9.62458081350857 15001
13.061643548387094 18115
7.735311290322582 20189
12.160956082949323 20209
9.509969699736281 25017
9.34914267990074 27027
10.670769354838708 28063
12.12360109970673 29047
9.78505887096774 40015
4.090563377609109 41041
10.991651612903224 47003
12.974279032258064 5079
9.930910080645162 55045
8.307800645161294 55107
8.83237849462365 13081
11.756371313364047 17099
10.417337903225805 19035
10.978864055299539 21001
12.700309677419353 22119
10.185811290322578 28157
11.556591129032265 29003
8.430506451612905 30039
8.912987096774193 48283
6.419962903225806 48377
8.702275806451617 51097
8.90468387096774 51101
7.531374193548387 51131
8.291496774193547 51181
6.141381902532099 6085
5.534407248348225 12071
11.08466082313684 13089
8.414856129032257 13103
10.58535564516129 13199
9.302638709677417 16075
10.95706290322581 19177
10.06420215053764 22077
8.465934193548387 26001
10.704514322580652 27163
10.162381720430107 27165
11.221872580645158 29135
6.6795483870967765 30101
8.829997580645163 51193
11.717033870967734 1093
7.467002304147463 16057
10.662900537634407 17015
12.27166093189964 18069
10.858983870967744 19003
10.635669892473118 19119
11.313911612903222 19183
11.040409677419353 20107
10.223897849462366 21131
8.081634274193545 26055
6.442143548387095 30017
11.435489784946235 5071
6.566870056100988 8059
5.269001634997794 12021
8.67483082437276 13277
12.990621935483869 18147
10.361209677419357 20143
9.615469354838707 20183
12.017324999999996 28017
12.074860752688165 28123
8.725308064516128 48487
9.097903225806453 51570
4.304623460410553 8045
9.600135483870966 13033
9.178650537634411 13093
11.48906451612903 17191
11.596987096774198 19057
11.013962500000002 19125
9.300637788018438 26127
12.216698336693574 28049
12.286920430107527 28143
11.098228739002925 29097
10.41355806451613 31143
10.563988709677416 47101
9.424709677419349 51011
9.375208602150538 51037
9.08357419354839 51670
10.52001693548387 54091
10.884863709677425 19073
8.035798387096774 27089
10.58699516129032 31159
10.325208197116563 36081
11.856988940092178 39147
10.447450537634406 40067
9.367859354838705 45025
10.849960997067445 47013
7.74842258064516 48069
5.69641370967742 53043
11.501480645161296 17121
10.86615806451613 20139
12.67193815524195 22017
9.486505416168862 25009
11.57105564516129 28139
9.993199822199646 34007
9.375721268452702 42069
11.155303225806456 47121
8.181104516129025 48427
13.191631182795698 5061
7.326446774193552 53055
11.698653225806451 16013
11.496837220843668 17073
10.743849032258062 21231
11.68733741935484 28057
5.376138709677418 32011
5.696293548387098 35029
12.033449677419357 39125
9.772217857142852 55131
9.760045519713257 1053
7.772779032258066 13229
11.130313978494625 16059
10.783850537634413 19069
11.111532258064521 26059
5.910358064516128 31007
11.279157706093182 40021
8.253727419354838 40059
11.02873612903226 47005
9.793695161290321 48175
12.355537327188939 48203
12.146676958525347 48251
6.522127419354837 56019
9.62458081350857 15003
11.605730645161291 17171
12.763797695852528 18037
10.456887096774196 20017
9.962511827956991 20077
11.297288479262676 21021
11.095270967741937 29061
8.031345161290323 31085
8.623942137096778 36057
11.07985290322581 40001
6.715258064516131 48359
11.315048387096773 48403
8.134492338709679 51073
9.472284516129038 51820
11.253992245246765 6029
10.255692508086408 6071
12.212125483870967 18103
12.747550625411453 18163
11.136256774193544 20133
12.526738064516135 21103
12.371723655913977 21191
10.733591129032261 21203
11.99108322580645 28137
11.59157258064516 29155
11.171367741935482 29173
4.840135483870966 35039
12.409334612031392 39103
4.403475682382134 41011
10.76282396313364 47133
8.496364516129033 48047
7.38267016129032 48371
11.281133548387102 48457
9.253165591397853 51079
8.87973870967742 51127
10.686294982078856 1017
11.063916129032254 13159
12.6348376344086 18175
9.48849892473118 20051
8.539664516129033 20171
10.688115969733165 26065
8.159641290322577 26143
7.478303629032262 30047
10.14027491039427 31119
8.653406638616168 34001
9.352895852534564 45061
7.841987096774192 48335
7.511305376344087 48475
11.245305304659515 19113
8.6273064516129 27057
10.267498924731182 28147
11.43060293255132 29187
8.64237909677419 36045
8.671954645161307 36091
9.709574098671718 37057
8.727247849462364 37083
6.8289435483870955 38041
10.639498174872683 42077
9.99854677419355 45047
10.73235725806452 47041
11.823127419354837 48119
12.064087096774196 48365
12.168737096774196 48387
4.06392258064516 49019
10.102687096774195 51043
11.030249283154127 54049
7.94636093548387 55083
6.658890322580644 8017
11.769842258064523 17105
11.26008341013826 19123
10.31112688172043 19195
10.524266129032261 20041
12.009425806451615 39117
11.744903440860213 39143
10.561957142857134 42111
9.53221428571429 45057
9.473507854137447 45085
8.924901612903232 46013
9.745309318996403 1005
8.200651612903224 13003
9.62872258064516 13239
11.288618548387097 19169
11.212912903225805 22003
9.489278225806457 27067
7.136109677419358 27077
11.63622822580645 28061
9.261276036866365 37165
4.419620430107526 49027
9.83007870967742 51775
9.62458081350857 2188
9.62458081350857 15009
11.673407258064517 17127
10.813610215053766 19019
11.495931797235023 21043
12.13647096774194 22031
7.832074193548385 31117
9.93799295415959 34005
10.331403102102962 36005
12.058549560117315 40145
11.726738213399504 40147
5.721747036759185 4015
7.305326881720424 41017
9.551812258064523 55011
8.779083870967742 55013
5.919009677419356 8011
10.800697849462365 19001
7.691616129032259 20071
13.083791935483868 22111
12.149661290322575 28159
8.94549247311828 37185
7.833772043010753 40007
7.789975806451614 48295
9.471709677419353 48391
9.357148387096775 48411
5.241174193548387 8119
8.836613236929928 9013
9.62458081350857 2050
7.548212903225808 12077
8.800447311827954 13043
10.14335376344086 19131
11.127590322580645 19145
11.87901532258065 20103
8.026011290322582 20181
11.555078064516131 28127
10.38016088709678 29091
11.949493548387101 39115
10.11365364262412 45079
9.674109139784948 48299
9.47758387096774 51530
9.573617595307923 51660
8.90985483870968 13007
7.036214838709681 13039
10.673268817204304 13055
10.17691075268817 13269
7.142883870967739 16077
11.463386217008791 19111
11.97506396538159 21067
13.45922126330012 21111
6.552645161290322 30071
8.8671293255132 37163
9.233114516129033 46057
10.743663440860209 48363
7.099692903225805 50005
9.270475115207368 51033
6.836875241935469 6001
3.9478009216589873 8083
8.513543578819222 10005
9.846317281105994 1031
11.24204892473118 1091
12.618043034411905 17031
10.801410967741935 19197
11.747315053763437 29143
8.906295391705063 31047
4.791296774193548 35051
9.43049958944282 36007
10.176824999999996 42033
6.740777419354839 46105
10.919163440860213 47117
8.308834408602143 48323
7.340966666666668 13025
10.718264976958531 13133
10.215689677419356 13147
10.113062903225808 20123
10.101827188940092 24023
10.406409181141434 26067
8.055411612903226 27007
10.285467096774191 27161
10.322796858198924 36055
8.14642609970674 55115
5.217103686635945 12051
9.643216774193547 19005
8.478154838709678 20025
11.155541935483868 20037
6.845069354838711 27031
10.821166870095894 31109
10.01155045161291 36069
9.714946451612896 36097
6.775706451612902 37177
12.351515770609318 39015
8.760341935483874 40065
11.835560545905702 40121
11.12993381893861 42075
13.760917204301075 5039
9.387783577712629 51760
10.55340752688171 54037
8.9553941935484 55087
4.2744097886540535 8077
5.272806344086025 12087
12.336923207885286 17043
12.645180645161297 18139
10.772769354838713 19097
12.150576612903226 21233
5.620873790322583 23003
7.9056123655914 26089
9.207973387096771 27121
10.494716129032255 29229
10.616301075268813 31021
7.728074193548388 38051
8.043363978494623 38093
10.39258341013825 48149
11.059307965766958 5007
9.654252903225807 51067
9.457611981566819 54083
9.066437293469708 55139
4.528836774193548 8093
9.62458081350857 2240
9.044440645161284 13241
12.473961520737317 18167
12.106961520737329 21209
10.865623225806447 29115
4.972798102466798 35031
9.32726236559141 36023
7.848743672456574 37047
9.438256774193553 47091
7.944357785742733 51710
7.912640860215054 51735
9.713673118279571 54063
10.886825806451611 13211
7.882185560675882 16019
13.105404398826973 18081
12.96020370967743 22073
9.988413865308427 24025
10.236288709677419 29203
9.798097064516124 34031
12.086988940092166 39065
9.417786021505375 51630
8.955665949820789 55081
7.923303225806446 56013
8.45483483870968 13267
11.523219815668199 17051
10.31483052109182 27131
10.530859677419354 28037
6.212270967741936 30011
6.507574193548387 30033
9.141155967741941 30063
9.970661786600495 34019
4.449879723502303 35006
8.21983941532258 37147
8.427441935483868 46059
9.230762096774194 48049
10.17482987377279 48469
12.342436559139783 18021
9.809893548387098 20185
6.399299298737725 23019
11.076992774193561 26161
11.700164516129028 28069
10.788770161290321 28153
7.518092338709682 30111
6.103406451612903 40025
4.669766082949305 4005
6.670220967741937 46071
7.857941935483873 48107
8.45205322580645 48275
4.274862365591396 49015
10.096887436332768 51510
5.004104435483874 53017
6.662989220430108 53071
8.837595391705076 55057
6.306741935483873 8087
8.309155197132611 12039
10.520706451612902 20149
9.062409677419357 22007
9.845155645161288 27059
7.910399784946245 45015
10.256059139784949 48177
11.050430645161292 48425
13.663235483870965 5013
11.728619354838708 1063
11.442255806451607 17109
12.553883870967743 18125
10.357729032258064 20027
11.468121505376349 21033
11.536801935483876 21049
12.751900733137825 22015
8.906370719602974 22089
9.495830545905683 25021
10.092666935483868 26087
10.839236559139783 29169
9.48284157706094 37023
10.942078577336645 47125
7.78266684587813 50025
10.180346451612904 51840
6.764964618535595 12083
12.596845161290327 18009
11.794227419354835 18049
12.44760907258064 18053
11.140107624633433 19179
11.572464516129035 29087
9.995645161290325 31125
7.717303225806452 38031
10.91639870967742 47129
10.719834838709676 47151
8.639750094876664 55141
6.861030151415411 6047
7.616572043010754 16043
11.355336866359442 17067
8.491163978494614 20055
6.938348387096776 30015
9.02020221774193 36053
9.980961511837164 37119
9.414922084367225 42079
10.612661290322583 47081
8.631825806451614 48327
8.47428322580645 48489
8.827880107526882 55047
7.893393548387087 55069
8.010053225806448 55113
10.669473835125446 1025
10.300109677419355 13301
10.772692652329749 13313
12.180407917888568 18017
9.63452516129033 27169
12.112953225806455 28135
6.725980645161287 30065
10.385096774193551 31081
4.529017204301074 35053
9.581330521091813 37161
11.040587517531566 42039
11.62670236559139 42085
9.949130241935476 48053
11.752906451612905 48419
3.5381483870967743 8053
7.926672580645164 16065
6.9947064516129025 16081
11.933922580645165 17035
12.164447839318322 17167
10.930084946236562 20085
9.988032258064514 20105
10.505235483870967 21237
10.9416377016129 26081
9.475817741935487 27093
12.108461290322582 28025
11.534060215053765 40077
7.520812903225806 48103
9.854927986050562 48485
5.234738095238101 49053
8.71793082437277 55009
11.196664516129035 29027
7.000970967741937 31075
7.124270283479971 37019
10.28989449582675 42017
9.62458081350857 2105
10.746873387096777 1085
12.649088337468987 18065
10.809040645161291 22029
12.437104608294934 28027
11.17490967741936 29023
10.001121156965265 34003
7.456273064516126 45013
10.682783154121859 47051
12.289174999999997 5035
7.90830460829493 51800
9.312266397849458 55021
9.57764677419355 55091
10.401527419354831 20061
12.211416774193541 28079
11.547469354838702 29177
10.276135483870968 31179
6.401565991988195 35001
9.186233225806456 37111
10.221573548387106 42099
8.0001435483871 45053
6.545204838709679 46019
11.160031720430098 47077
10.569049462365589 47115
9.287575322580635 55035
8.861743688234206 6111
9.484426209677421 13137
10.650743010752686 13149
11.585201612903225 17025
11.530553225806454 17145
8.188505161290319 26019
10.49760322580645 29035
10.432503686635949 31141
12.655705714285727 39057
5.870998852357327 41067
8.990023870967741 48273
11.783861021505377 48277
11.348812903225806 5021
9.478470967741936 51790
3.928282258064516 8021
6.1550607158638915 8069
11.813278494623649 39039
11.855250230414745 39079
12.595299713261662 39153
9.00771075268817 40075
7.346341935483873 48079
6.59215806451613 48109
11.976045161290324 48407
11.88627813620071 54051
9.496234032258076 55027
8.857806451612907 13091
12.913426774193562 17163
12.828690322580641 18155
10.598760215053765 19151
11.340595053763451 29051
12.344648234633317 42003
9.816317741935483 45071
7.654663440860216 48445
10.235468663594482 51027
10.530934193548385 54041
4.142462580645161 8015
10.39456958525346 1099
10.43851612903226 13265
6.887982258064515 26061
11.540553225806446 29069
10.324525806451618 29153
7.959740322580644 30061
5.778894623655914 35037
7.1107981566820255 37053
7.905333870967744 38019
12.482561935483854 39041
13.268116031280533 39165
11.554940860215067 40037
10.08588363721367 45083
10.262835253456227 46099
10.866266129032258 47181
10.46201120543294 48099
9.417981935483866 48133
12.926578552080793 48201
6.290035722819599 49011
8.830783870967746 51025
5.982661021505376 56037
6.2471759856630795 6035
5.545235483870966 8025
8.822624731182794 13253
12.708934562211983 18077
11.795043548387103 21055
8.46499616935484 22101
10.987355728587309 40017
10.823197285601877 47065
8.21823178368121 48303
11.506221062618597 48309
8.321390029325517 51095
11.565009677419354 54099
10.987950733137822 1071
10.348330967741934 13189
9.682628387096774 13257
11.77685967741936 18131
8.318120136852396 23005
8.50179974193546 25005
7.754082878411909 26029
10.276023118279566 27079
8.571611741935488 33017
10.575493938879445 36047
7.95194258064516 37091
9.404842815249271 37153
4.634846068548388 4003
11.496292831541222 40135
10.312929032258063 42009
9.227450000000001 45009
9.63674164222874 45023
8.016029032258064 48269
9.965666935483872 54001
10.428226728110596 54059
8.985265322580647 12059
10.758788870967742 13115
9.270904838709678 27155
11.839332937181664 28075
10.797870430107531 28085
7.767482661290321 30093
5.038248387096775 35021
8.404992741935484 38003
7.321562096774195 38079
11.59112580645161 40005
10.05476935483871 42093
4.208828870967746 53041
5.541828571428572 8089
8.417268817204299 13019
9.261206451612903 13023
12.177490591397849 17183
9.496970967741936 20007
10.292208064516128 20029
9.28878989247312 26073
9.896601075268817 27101
9.523541935483873 31107
10.164035330261148 36009
9.199891935483873 37043
12.064847096774194 39031
11.063062211981569 40081
6.400732258064514 41037
8.884451075268819 45033
7.655653763440858 48305
12.315555913978493 48343
7.621012903225809 48501
9.395867741935483 51017
13.113911141895917 1073
10.933823041474659 17007
11.66185230414746 18091
10.869285483870968 29105
7.46813431085044 37013
8.58397921146953 38035
9.466776008064516 48409
12.099875483870969 48467
11.385694086021507 48473
11.928303686635942 5023
11.646878535980143 5131
10.610758977480225 13215
12.651863035430978 17119
10.770037903225804 19175
11.285115053763443 21011
13.014090322580644 21185
7.957727096774193 26039
9.791556989247313 27127
10.390160080645163 28113
11.087019354838713 29075
6.752956451612905 30027
10.645983870967742 31043
11.544186635944694 32001
10.317361290322584 36037
6.459503225806451 41069
9.334936895161293 45031
11.269207965766949 47149
7.8692041935483905 55078
7.314133454150043 6083
8.808281182795703 9007
10.6000185483871 19161
10.837911290322578 21165
6.8067053763440875 26095
9.393285806451612 27055
11.15778422939068 29101
10.734687096774191 29103
12.204844700460841 39019
11.571964516129032 40063
3.941033467741934 41057
11.173342741935484 48241
7.3067105263157925 50023
12.888476075268823 5091
6.594774193548388 53023
7.67719569892473 56003
10.99909731182796 1019
10.08651935483871 13125
9.384386559139784 13291
11.647631451612897 18099
13.05037806451613 18123
11.010657603686639 19011
11.230542338709688 20121
8.685049999999999 20193
12.636649677419351 22049
10.990893713813067 26025
11.00346774193548 40083
10.727454838709678 47137
12.134488172043012 48159
9.874487634408608 48259
9.762049915110355 51680
6.002145161290325 8009
11.579028387096768 17017
9.334800293255133 22095
10.687377534562222 26045
11.31478010752688 28029
9.696591129032257 28059
11.054487096774196 29111
7.266403225806452 30073
7.672265898617514 36033
6.687287096774193 38007
8.088103225806453 48483
11.03530096774194 19127
11.22165806451613 21087
10.044016589861743 22005
7.417472004608299 23001
11.126010016977935 26077
10.852997849462367 29059
10.57622419354838 29213
10.49163790322581 31185
8.971628315412177 37113
9.620970967741934 37197
11.156473118279564 40115
6.266299332591772 41047
10.908372043010749 42021
8.161519354838708 46015
8.132164516129032 46017
8.391495161290322 46045
10.270662499999997 48143
10.795718851731227 48453
7.316153473945419 49005
5.5027275659824 49045
11.793456451612904 5083
12.132958064516133 5123
12.253372580645161 5149
8.363979354838706 55129
6.765601075268818 12029
10.803892806166115 13135
11.1710439516129 20099
8.508614336917567 26007
7.699375806451611 27069
11.783909677419357 29186
10.637553225806455 29197
10.229926881720427 31121
9.150776129032257 37011
9.470058410138243 37151
9.144431182795701 38077
11.605871260997064 40013
10.11469071490846 45063
8.073064516129035 48081
4.165691935483871 8065
4.604764112903225 8107
9.610364055299534 1045
11.08692043010753 13035
7.872146543778807 16083
10.784501612903227 19051
9.804570967741938 19089
10.36062534562212 21025
11.085750254668932 21151
10.378546774193547 21189
12.03797338709677 21225
9.2617705176294 22103
10.550380135823424 27019
11.896953917050693 29113
11.271404516129031 29221
8.325048387096775 31015
9.752152492668614 36015
9.464475268817202 37123
10.350254421579553 42029
8.519080058651024 44001
7.928545161290322 48191
7.550119354838707 48461
5.798867483262313 49035
6.316705645161294 56015
7.052811290322581 13049
8.045395161290323 13173
11.666723655913977 21039
10.84279139784946 21053
11.28867956989247 21173
12.535501075268815 22083
11.084463049853374 29029
9.876685483870968 31093
6.785354193548386 35041
11.164555150884514 40027
12.113628102788413 42125
7.34606797235023 45043
13.6517747311828 5103
10.225350537634407 51610
5.840509289505901 6081
11.257111290322579 17009
10.609967741935483 19109
10.52474623655914 20073
6.068889149560107 4027
10.113785923753662 48493
6.968293548387095 50009
12.56514233870968 5001
13.496799539170508 5059
9.250438709677413 51147
9.847077419354848 51185
7.937040645161291 26079
12.396693087557608 29099
9.731913927291345 34015
4.834060887096775 35017
7.169992473118279 38061
8.89722580645161 48059
7.847894354838706 48415
13.294932930107528 5069
9.051135777126095 55015
9.65516774193549 55023
6.617134677419355 12007
4.987763929618775 12111
11.831134408602155 21017
10.119287741935485 27039
11.19923037005072 27053
11.095670967741931 29045
10.50158172043011 31037
6.478712903225806 38087
12.42042431761787 39129
4.561161290322581 4023
10.68850967741936 47163
7.194928387096777 48389
7.040267741935486 49003
10.782254032258063 1027
6.305853836094157 12086
11.208120000000003 17181
11.082888888888887 17195
11.438310967741934 19087
9.950864976958524 22047
12.140315591397853 28007
10.815542857142848 29043
10.569465815412148 36061
12.36855451612903 39021
9.905502822580637 40031
11.979956182795696 48073
8.369806451612906 48197
12.63458709677419 5041
9.433054719235372 51179
11.60753225806452 1133
10.319325806451612 13079
5.093625806451614 16021
11.783435125448023 18033
12.675677419354836 18137
11.235059999999999 19031
12.12245483870968 22021
6.8971306451612895 30091
8.639081720430108 30099
9.80897580645161 48013
8.809893548387096 48023
11.977126523297494 48223
9.67432016129032 48503
5.3084849462365575 53039
6.14928301075269 6033
9.768851612903223 13163
10.862034125636672 13223
12.646673118279573 18031
12.5642441935484 18071
10.15212903225806 19037
7.104006659729446 23011
8.458601075268817 38021
4.357664092741937 4001
11.159408467741946 40125
5.487868904726193 41039
10.103013978494621 45065
9.650558924731175 45073
11.796085161290312 47105
8.798320924921478 48215
9.346059354838708 51075
9.931337220843673 51191
9.237128509984622 9001
10.013480000000003 1035
7.121250806451615 12123
11.424835637480804 17037
11.173303600900237 20177
10.118756451612905 22023
6.099211166253098 23029
10.988373870967747 29161
6.854110483870968 30083
6.566012903225805 30105
10.456442396313358 31067
7.119904301075267 37187
8.405014516129032 48247
4.722512903225806 49013
12.301768548387093 5077
4.841015668202771 53007
9.239142580645163 55103
9.62458081350857 2282
6.071168214004725 12097
12.831433137829917 18173
11.181868548387097 21171
9.965041935483873 31027
5.935932258064517 31105
8.927483870967745 36017
11.788118279569893 39163
10.880109139784949 47143
7.449709677419355 48117
7.610164516129032 48169
8.310968217874137 48479
9.250123034984114 51041
9.744416129032262 51750
9.9787685483871 54047
8.191569892473115 6031
9.62458081350857 2198
11.58534401664932 1015
10.82681774193548 1131
10.723285235732003 13057
10.164730322580642 13105
11.657037327188936 18149
10.710699539170513 22053
10.140188421658983 26145
6.835403225806453 30103
6.754267741935483 31031
9.016756027164682 37195
8.9519682795699 42103
9.540026881720426 46079
10.80162688172043 47031
11.630774486803519 47047
7.959483870967742 51115
9.604725806451615 51690
10.83712043010753 13171
9.013490322580646 20083
10.326127956989247 27133
8.860227231807958 36093
11.511316129032265 40111
6.734497338709691 41005
6.825898924731181 41063
7.987635483870967 46053
7.695270967741935 46085
11.249974193548388 54087
10.231328975664969 1097
11.132194946236563 19155
11.633601935483874 21167
12.326177880184332 21183
9.45900322580645 24029
11.723650000000001 29133
8.91553078807677 36027
9.650303711411718 37067
6.625870967741934 41031
6.249274193548385 46047
9.797814516129034 46101
9.24038193548387 48007
9.331137634408602 51171
12.41025657568238 5145
6.257715591397863 53061
8.518165161290325 56029
10.919899999999998 20019
10.456550179211469 22009
9.130912903225806 31083
8.39847075268817 36039
11.2091120967742 47111
8.730277419354836 48267
11.887739354838715 5067
11.87008479262672 5111
5.7205758064516115 56031
6.845967741935482 56039
8.388052688172047 13069
7.5455387096774205 13101
10.938267096774196 13237
12.251204174573044 17115
11.877105645161292 17139
11.558484516129033 17187
10.200138416422291 21095
11.03261612903226 22025
11.868129032258063 28071
10.099116420890969 34013
9.146597849462369 37009
8.678311290322581 38081
11.07884593548387 39007
7.397588690702088 45019
7.830209677419356 46119
11.823707258064514 17135
12.885291705069122 18075
10.251309677419357 20157
12.114090615835776 21073
10.240281854838711 21193
8.563972401433691 26069
10.065345519713267 28109
6.543450039339106 35013
9.903384970674503 37097
10.552473102466795 42095
9.59159623655914 45011
9.401183870967744 46061
12.29737446692179 48339
9.820017741935484 51580
8.63025303225806 9015
11.834213799283159 1043
12.483040658602157 1117
8.95739193548387 24041
11.151883590462845 26091
11.132898847170765 26163
8.802502419354838 31041
9.784601612903224 31181
7.145467741935483 38023
12.794538064516136 39149
8.877887096774192 48417
10.695149131513649 1113
12.402469585253458 18015
10.053930645161289 20089
7.904658709677418 20175
6.541341935483871 31013
8.330712903225805 31115
9.15717362580646 34029
9.254993796526056 37037
9.060628427419356 37087
8.07489193548387 40045
10.78367956989248 40049
4.398784672216436 4017
10.48134454976305 42091
9.925927208976168 45091
10.876948924731185 48015
8.821512903225804 51057
13.179409354838707 5139
8.414228751753157 6039
8.395846627565984 6103
12.249686217008795 6109
10.6272 19053
11.870198709677418 21161
7.042743010752689 26153
11.579417419354838 28117
4.682136866359445 35047
5.322606371302386 4019
10.24265948605795 51013
10.224 51720
6.4534055875576035 12069
11.536565322580644 20005
11.67167822580645 21135
12.876256989247315 22123
8.7170954459203 24037
10.285998387096765 24510
8.851365161290323 26011
7.57172741935484 26047
9.671840322580643 27023
10.90435609507637 27037
10.51326021505376 31023
5.458762365591398 35061
9.262366518353723 36075
11.652359677419359 40029
11.767486895161282 40101
4.450590322580645 49025
13.022624193548376 5051
10.641611751152066 54003
10.61896524926685 55127
11.455440143369179 1059
9.750510322580642 13111
9.372924813895779 13175
12.229387096774193 22081
11.212501789498504 27123
12.516000612494894 29183
9.142097283531404 36079
12.164413744740532 39081
11.852526862170093 39155
10.945271428571422 48035
6.842505730314561 48141
7.88009677419355 48153
7.9566064516129025 48437
10.231064809384167 51195
11.96861612903226 54053
10.286964112903219 54077
9.912270737327184 55109
8.066154377880185 6115
9.62458081350857 46102
12.127131063321382 1103
7.006303225806453 12037
10.586429032258058 19047
10.721991968400259 26147
9.645082795698924 27045
6.5733403225806475 30041
10.940416774193546 31177
10.321934897360704 36121
12.186341129032254 40131
6.990025806451614 41021
9.425916625310174 51015
6.359416811570639 53033
12.18921370967742 54029
11.135859155597727 13121
6.078794265232976 16017
8.018301612903224 20067
10.71032365591398 21159
11.20104086021505 21169
7.9006216013824915 25001
9.853330272952851 26117
11.386763225806453 29163
6.420080645161289 30109
9.270141935483872 31137
7.552432903225809 50001
10.441624193548387 5087
13.139337903225808 5133
9.040841642228749 51730
8.787054193548391 55005
7.289127661290322 55041
12.030508870967738 1007
11.792404838709674 17005
8.289458064516129 20081
11.102469439728354 21047
12.936475455820478 21059
9.644916129032255 27009
11.845089247311828 28115
4.512364516129033 32033
11.758551612903231 39069
5.46494428152493 41019
12.007446198156677 42073
7.546971774193547 48115
12.187802150537633 48257
10.71603225806451 48395
9.391844516129032 51137
7.052947741935486 53075
11.805359354838702 54079
7.137970967741933 8125
6.217881168831179 12105
12.35905591397849 18107
10.567267741935488 19141
10.002083870967741 20053
8.509464598842028 25003
10.158898263027288 45007
12.05821290322581 48379
9.62458081350857 2195
10.511923118279572 19021
10.27815677419355 19067
11.582800806451617 21213
8.327118279569888 27001
9.417513364055296 37145
11.6612292100584 39095
8.402544516129034 40153
6.636777720430109 41059
8.47585947063689 44003
10.069966266566627 51059
9.65997193548387 51155
9.391196021505394 51177
11.54988709677419 54073
12.030702688172036 28107
10.94810806451613 29015
7.88538951612903 32013
7.651180645161291 38065
8.758216129032256 40043
11.694127956989249 40127
10.647694535878856 42041
10.240291066997516 42123
11.083271326164866 47103
11.042273548387099 47159
13.372052534562211 5003
9.78897177419353 51019
9.629124193548385 51021
4.841266935483868 8081
8.698101881720419 13031
10.920910806451612 13097
12.151663709677418 18181
11.006230967741931 19079
6.899970645161289 26013
8.151598924731182 27029
10.544316129032255 29179
7.756761290322579 31029
9.318647177419347 51047
7.171391397849461 53003
11.05402620967742 54061
7.31433916129032 55125
5.7290060997067345 8101
6.9324704301075295 12023
9.092548296228975 12033
8.852420967741937 13131
9.373996129032259 13311
10.915175483870964 19105
13.029606989247313 21029
7.1660145622119815 26043
7.63145677419355 33019
9.253487845622129 37021
11.36060781689196 40109
9.62458081350857 2261
8.472810752688172 13109
11.124063799283153 21035
9.943709677419353 22091
9.63500887096774 26151
8.22617580645161 26165
10.48908924731183 28111
10.438704301075273 29149
10.81223741935484 31155
9.835678660049634 36003
10.058384301075264 36051
6.501680833804925 41051
7.998651612903227 48505
10.606842338709672 54005
8.832483531409158 55071
8.88096064516129 13205
10.535089442815247 19033
10.907480000000001 21221
9.558922920203745 26111
8.379761935483867 27113
7.042509677419356 30029
9.649239999999999 36101
8.462755698924736 37107
11.54527688172042 39043
11.929185215053769 39083
12.463140591397847 39097
11.574829032258064 47095
8.2752 48155
10.473137423788948 6059
10.646915322580645 13083
10.589180645161294 19081
10.742246774193553 19091
11.229920071684587 19099
10.51821985111663 20015
8.549603225806452 20063
9.253500000000003 20147
9.09292145317882 25013
7.791369354838709 27071
10.65849112903226 29065
7.654477419354838 31171
6.467458064516129 38033
11.157888404533544 47187
9.151329032258065 51117
3.8723548387096765 8109
9.62458081350857 2016
11.752113620071691 1009
7.855205913978494 13305
11.676593548387087 17049
11.921478908188591 17117
11.825132258064516 21201
7.157574811827964 26103
11.525188709677414 28141
10.866992741935487 29093
7.460356221198153 30049
9.716130205278596 31019
8.875619354838708 31073
8.46079677419355 32021
4.238303225806451 35033
12.691678394598666 39151
11.581053763440854 40097
12.890711222553481 48439
9.31272258064516 51029
9.389424731182798 51063
10.671612903225807 19007
8.946657526881719 24009
11.59409596774194 29049
11.034345785639957 29077
7.182044086021506 38009
12.157760341555983 39141
6.353127016129035 41065
9.811868100358428 45087
9.630416129032257 48009
10.106974193548389 48123
11.744374999999996 5093
9.62458081350857 2164
7.0591193361924285 12031
12.227158064516129 16015
10.912873118279569 19071
10.863368548387093 19075
10.665176612903226 19117
10.651432258064517 21147
12.48591505376345 21211
12.643510752688174 22035
10.124715708274893 24001
10.682805734767019 28001
7.193611827956987 30095
4.871338709677419 32017
7.644734408602154 38071
11.443465161290327 40123
7.301209677419356 41055
10.001749820788522 42047
11.577318637992835 42059
11.188803225806442 47071
12.810205197132634 48037
12.230889594172732 48139
9.360412365591403 51109
9.62458081350857 2290
10.599024884792625 13293
11.369095698924733 17165
12.186777419354836 18169
11.416010000000004 21009
10.04664066016503 22055
9.784919032258069 26057
6.3860395161290295 30035
8.053040681003584 33013
8.009695852534563 36049
10.867944946236582 42011
9.626037096774198 46011
8.650544086021506 46023
6.7105587096774215 46093
12.562482795698928 5029
12.54941505376344 5105
9.520798790322578 51187
11.733753584229383 1095
7.676383870967741 31103
9.414788924731178 37063
8.274016129032256 38091
4.992804121863793 41003
7.816506451612901 48125
7.24449677419355 48301
4.063287096774194 49055
11.350819354838707 5033
4.239925806451613 8003
4.367486021505375 8071
7.197579723502304 12121
11.36986129032258 17055
12.718018709677397 18035
11.580085663082452 21083
8.885234516129037 25023
10.21964677419355 31051
6.739871572580649 35005
4.60251483870968 41009
10.766165483870967 47043
11.335987096774197 47169
7.668577419354836 48227
9.394415524193528 51087
12.05660806451613 5147
9.5150935483871 51540
10.380004193548391 6009
9.684148924731184 6043
7.181264516129032 16009
12.719472903225801 18143
12.04088548387096 21239
7.005525237191642 23009
10.882988115449939 26075
12.21709569892473 28119
6.5230774193548395 31123
9.25370864516129 37101
7.832752150537635 37117
11.736734101382483 39055
7.895629032258064 46107
10.18255935483871 47139
11.627791935483867 5063
8.03121928152492 51700
8.553474193548393 12133
10.182212903225807 13319
12.093880745967734 18127
10.383461290322579 27091
9.42281827956989 27149
10.745940322580639 29199
8.690224731182797 38073
11.924405210918117 39033
10.149801612903222 40053
10.84586873449131 42043
8.24194642857143 44009
7.968193548387097 48105
7.850411290322579 48129
10.970858602150528 48337
12.224413217938645 48423
9.756496774193554 51071
13.325048387096775 5109
9.146667741935484 51113
9.73858366935484 51121
9.360679569892476 54023
6.6975308510638305 6099
12.012975403225806 1083
7.473024193548385 13065
11.899122580645164 17079
12.136544640998958 18105
10.743780645161292 19039
12.477127741935494 22013
10.80131566820277 29109
9.278053598014884 37105
11.434903225806444 39123
9.623449032258064 40011
11.609839068100355 5055
11.246163709677415 17087
12.820608108108104 18095
10.743715483870963 19085
10.509899193548385 21153
11.94963189964158 21177
10.409012903225806 29215
9.345630000000002 41035
9.433710322580646 48171
7.838555728587308 48381
9.26635887096774 51141
5.134049601109954 6053
6.400156451612903 8121
9.62458081350857 2090
5.004622150537642 12061
8.35453483870968 13027
9.249719354838705 13243
10.92671048387096 13255
9.539229032258065 16063
10.455923387096773 19133
7.215225806451612 20129
10.814016422287379 26015
10.066320000000006 27049
9.25078548387097 27051
10.516216129032259 31173
9.135345161290322 46051
7.4965862903225835 48003
11.441663757115755 48039
7.278426881720426 55051
5.528115806451615 56001
6.49772688172043 8075
10.458171847507346 13157
11.89235225806451 17053
11.51573978494624 17071
10.830027440301652 17201
10.464088045540786 20155
8.803700187546875 25027
6.4163225806451605 30079
7.913445500848892 36019
11.038297402952434 36029
7.734662096774192 37015
10.44568967741935 40051
9.95656580645161 42067
6.832901075268816 48043
4.1540980645161305 49037
10.271924193548385 51051
4.365611389071759 53067
7.064837096774196 12067
8.838418064516132 13321
9.664988172043012 20151
13.344329618768326 21015
10.736846875000024 24043
11.28083795066415 26149
10.985570322580648 26159
10.74730483870968 29057
11.560302508960572 39051
11.933339784946236 39175
11.56118621700879 40113
10.676006451612905 47135
10.90123870967742 48145
7.595351612903223 48317
9.023272043010754 51111
6.270485913978492 53057
10.387005376344085 54007
10.214686763070084 16027
10.536281720430111 19185
10.460855806451615 21071
8.563084811827949 36105
8.924639784946239 37099
7.2502835483871015 37139
7.286306451612905 46075
11.629238172043006 47075
6.646674193548386 48243
8.73552795698925 48253
10.25487231182796 54019
9.181647146401984 55111
6.205388260179809 8035
6.569829562100664 12095
10.782110246679304 13045
7.618100000000005 13299
12.492922580645159 18027
13.021613978494628 18061
10.250620430107528 20159
10.324566723259759 22097
8.69128064516129 26085
10.086246041055714 27141
11.241286866359445 28067
9.974101968998731 34021
10.980840227703984 40119
10.609382795698924 47185
9.425267096774196 48019
10.738597419354837 48027
8.459582903225801 48465
4.093354838709678 49031
11.305502150537631 5047
9.132406451612907 51139
4.367700921658985 53009
3.9257129032258082 8105
7.208642605781319 8123
9.525895161290327 13187
6.736791935483872 16041
11.120331612903229 20059
9.107445161290322 20097
11.454736559139784 21155
11.044355913978496 29089
8.057106451612901 30057
9.412774193548387 31077
10.098712096774193 42061
9.929159354838715 45081
11.362641935483873 48071
7.375977419354837 48369
7.686384620397525 51810
7.8686059139785005 6021
6.168128138682871 12011
5.367219892473121 12049
6.477834096024004 12117
11.609536032944398 19163
12.158775268817202 21023
9.903463655913972 28047
12.035680645161293 28161
8.597670967741937 30001
6.62208817204301 31033
8.989499511241451 33015
8.409046370967742 34009
6.082242626728108 35043
7.641338709677419 38047
12.600581552419353 39169
10.631784852734917 42001
7.561870558836896 45051
11.248512903225805 47023
10.4765899171514 48029
9.313588192622312 6073
3.657083870967743 8091
3.987426612903227 8097
9.62458081350857 15007
10.154530645161293 13181
8.80755967741935 16035
10.493400806451618 21121
11.664805990783409 22085
11.170465994623655 26021
6.901936559139787 26131
10.902569218810708 27003
9.729704608294938 27083
10.89323870967742 29185
12.294343390259336 42007
8.943741129032265 46109
10.156598924731185 48239
9.432845331069608 51165
8.974084750733132 55017
9.159550000000008 55039
7.372431182795702 56033
10.232825806451602 1013
8.690683713611326 12091
13.308956408410126 18097
10.284494838709675 21119
7.705816129032258 31057
10.32875835777127 46083
11.171013978494617 47079
8.923404608294923 51053
9.307512903225799 55033
10.014940000000003 55065
12.267554838709673 18083
11.618837096774195 21157
7.8163096774193574 25007
8.814833422939074 25015
11.229687976539596 26027
9.545550230414742 28045
8.627328417818747 36021
11.845955058651008 42019
9.311871007566703 48355
10.764624999999999 13231
11.037328387096775 20001
11.247117419354838 29073
9.008812903225806 31183
11.441184294024314 36063
6.697245161290321 37095
9.031733002481388 37191
12.31756651236796 39035
8.09823064516129 41015
8.97090046082949 42127
11.104195376344103 42133
8.94132956989247 46005
11.61036589861752 47189
6.55658064516129 48205
7.395316935483871 48341
11.988419648093844 48497
6.551797518610419 53021
8.568798924731166 9005
10.69209741935484 19023
10.803596774193549 19167
12.11938258064516 28013
11.842893548387096 28129
12.222129032258069 28163
10.700648924731176 29209
9.759387096774192 31011
9.433354838709676 37169
12.928919903014977 39113
11.662160931899637 48147
8.625009677419353 48507
9.631225806451623 51590
9.49701935483871 51678
5.742764874551986 53077
4.738729032258063 8049
9.62458081350857 2180
11.469581720430105 1021
11.032036559139781 1037
10.263922580645165 13317
12.72115760368664 18001
12.36398064516129 18051
11.946974937965258 21019
9.470341935483873 27073
9.411650000000003 31061
7.682320430107525 37073
9.97305994623656 42083
7.016716129032258 46137
10.632567225806445 48209
9.500079838709674 48297
12.110983410138253 48459
10.631366129032259 5049
3.618067741935486 53027
8.805694193548389 55077
7.316868328445731 16005
11.982210070810398 17113
10.656074193548385 19061
11.344344086021506 21003
12.731169354838705 21223
6.619348387096774 30059
9.13602983870967 37051
11.909615053763439 39121
6.887137634408603 41001
8.08824348387097 45035
11.098760080645153 47055
8.335771999999993 48451
9.35366998597475 51085
7.532159539170512 55085
6.599780085478795 6067
4.996497043010757 12093
7.144701720430105 13127
12.73463101736974 18109
12.412823502304152 18133
12.679046110056921 18177
7.70871096774193 23013
10.093618629772115 24033
10.134285483870967 27063
10.802264516129036 29223
11.436645161290324 40069
5.536198387096774 41027
9.665583314794217 42081
11.80931524926686 48001
10.452653225806452 5101
9.322098156682028 51035
6.170864976958521 53029
9.670743895085925 55025
5.2915283870967755 56007
3.810616129032258 8033
7.578025806451616 12079
9.07679354838709 13107
8.093862903225803 16051
11.62498467741936 17095
10.740027419354837 19027
9.51485322580645 20165
11.704703225806453 29201
4.183064516129034 35007
7.071587096774192 38013
7.134490322580644 38037
11.944366129032252 39139
9.677570276497704 45077
8.996013978494627 48131
11.554362211981562 48225
9.14026129032258 54071
9.536860215053764 54093
6.332722360703822 12053
7.642958064516129 31017
9.803092608129615 36119
9.935943778801846 54057
6.595405616152237 6077
11.679635944700474 1033
6.675680645161293 12125
10.656000659824047 13021
12.017405069124425 18183
11.56891741935484 21099
7.461510829493092 26033
9.330047311827956 27011
4.2134 35003
8.263174193548387 38045
8.458979032258066 40055
8.709526561427563 44007
12.835298451612884 5045
5.149356048387097 53037
9.231419032258058 55095
11.470468933002481 1101
6.148946218931763 12103
11.729690322580646 21229
12.343052419354843 22127
9.040303225806454 27065
7.00041129032258 30007
15.688722119815658 32510
7.506572580645161 38055
9.211408602150534 40151
9.29212857142857 45069
7.75757741935484 48011
7.4535225806451635 48195
4.18170806451613 49017
7.314698617511522 50015
9.49995483870968 51163
10.674211612903223 55059
6.239222580645161 16007
7.666279569892471 16061
11.400533137829921 17081
9.643727419354839 20167
12.780629032258064 21077
8.787081131592458 22051
10.267504838709678 28041
7.459414838709676 30009
10.30019516129032 31167
7.241634946236559 35015
4.843080645161293 4007
11.440707624633424 47145
7.259916129032257 48017
8.409825806451614 48271
7.956434963579602 51740
6.368110920698917 6095
11.47694193548387 17003
11.397059856630829 18151
11.220250000000005 19101
11.203292741935481 20205
11.725114695340507 21113
11.681741935483869 21181
11.284892741935488 28031
7.863217943548395 33005
8.252229032258064 40129
7.822125806451614 48345
8.147101935483871 48353
9.64844032258065 51143
6.103103686635952 56021
5.221398566308237 12027
12.088976344086023 17083
11.90326559139785 17129
12.280047715053747 17143
11.44141950146628 20045
12.186282437275988 21179
10.302263929618793 24027
9.847704516129033 27025
9.627481423804229 27145
12.202642338709673 28105
11.23646559139785 29017
10.94522016129032 29119
4.829674193548388 35023
9.19604193548387 37173
7.311775806451614 38069
12.245320821114367 39091
7.619771774193548 46065
10.89441612903226 47039
8.067080645161289 48101
7.639141935483865 48233
10.294505645161294 48287
11.21230076804915 48361
7.911478494623657 50003
7.742093387096778 50021
8.04468817204301 12013
11.766290994623652 21227
7.863966666666669 26141
12.48927096774194 28011
10.828541935483871 29039
10.369753456221204 31079
8.301235483870968 40057
10.82106612903226 42031
10.284024731182797 42053
7.506822580645162 48033
8.61514193548387 48207
10.435006451612898 5089
11.190545967741931 5121
8.541927188940086 55137
8.330993548387095 56017
3.7369217741935468 8007
9.62458081350857 2170
11.271984946236559 17065
12.038054838709712 17091
11.826195698924733 17125
10.378541129032255 19063
6.778416508538896 23017
9.81092750424449 24015
9.068029032258066 46111
4.425607741935486 49007
7.781078064516132 51001
6.326143548387096 56009
6.593815715725812 12057
7.383700000000012 16055
8.51993440860215 16087
10.887531451612897 19137
11.593641290322585 19139
10.709695391705072 20113
11.227387096774196 21205
8.706237992831545 24019
11.261025806451618 29019
11.503875483870967 29147
10.921599462365593 31025
7.788696774193548 38063
11.928169354838705 39059
10.626811436950144 40071
11.124201075268822 48289
9.258823870967747 51077
9.151124193548387 51157
11.345791935483874 54105
8.41020887096774 55061
8.598549999999994 55097
9.494846732837054 6107
11.030002580645167 13063
10.818817204301077 19077
8.47433548387097 22087
8.406303225806452 26129
8.696610645161288 27005
10.75676088709678 28073
11.764628645161281 29021
11.561708525345619 47053
7.902320967741934 50011
9.787946774193555 51023
8.6353073313783 12063
10.180347096774193 13119
10.735624946236562 13297
12.289074193548387 18121
10.89416182795699 19171
8.157822580645162 20093
11.763458602150537 22041
7.50440927419355 26031
10.597586021505377 31039
7.311403225806452 31049
8.46758064516129 31089
12.135248387096778 39137
10.391338064516122 48051
12.423242614601026 48157
4.644038709677418 49009
10.358597695852529 5009
9.605174193548388 51045
9.62458081350857 2158
9.248532258064515 13061
12.22098774193549 18119
11.150288940092171 19015
9.034990322580645 20195
10.959616129032257 20207
8.29574301075269 25011
10.691469124423968 29001
10.117974193548385 31129
11.085912903225807 47027
7.591023655913978 48165
12.1000835483871 48499
8.261306451612903 51830
6.372133121185711 53005
3.58111935483871 8079
11.664043727598573 1079
10.791948655913973 1087
8.742911935483871 13071
12.032854838709683 17147
10.946253763440861 19135
10.930994406867873 20173
9.387285376344082 24017
7.970972903225807 26119
10.301330645161293 31035
8.846819397849448 36001
6.54252937385547 4013
9.485034838709677 42117
7.197375751590952 8005
12.625258279569918 18005
12.466946774193543 21081
7.369757771260993 26041
10.958409860012157 26139
11.00397995391704 47009
11.632849462365588 47097
10.628052150537632 51169
9.714461751152074 1039
6.113115645161287 12035
10.067450000000003 13011
7.448320322580642 16069
12.629891935483867 18161
10.387132258064508 19041
11.17854486803519 40019
4.585354838709675 4011
11.303923963133641 47109
13.005037033106968 48085
11.056419354838706 48185
9.105985483870969 48319
7.494310752688174 48495
3.7615548387096793 8051
3.694807258064518 8113
9.992602016129034 1109
10.578293727598574 13013
10.402224193548388 16047
12.388837634408604 18101
12.851272580645169 22061
6.712827419354839 26083
10.177251026392966 27109
11.218222580645163 29033
10.831061290322575 29079
11.224903225806454 29131
6.868590322580646 31069
10.75977764976958 47035
6.530388000000003 49057
5.488017419354841 53051
10.030519892473114 54109
7.339402150537636 12047
8.97912556750299 13095
9.00985806451613 13235
8.786298064516131 13251
7.772081935483868 16067
11.135226666666668 19049
8.860680645161288 20033
11.133881011730208 22019
10.26651653225807 27147
5.053452688172042 4009
10.035917741935489 42119
11.561897455419766 47037
11.757854342431754 47167
8.859735993208828 48441
10.077290702087286 54081
4.200609677419354 8023
12.145813440860211 17033
9.670666129032258 27173
11.172258870967742 29013
8.677799769585254 37065
9.291522819593778 37085
9.339964516129033 37149
8.583948387096774 46091
13.017958870967744 5081
10.950004032258056 5135
8.451443870967742 13017
9.945325161290322 13123
11.559840645161291 17193
8.828005990783412 20057
10.461377419354838 20127
7.914390725806446 23023
9.603859677419354 27081
8.09190560271646 36113
7.352993087557602 37049
5.265042741935482 41053
9.998611290322582 45001
7.131906451612904 46031
11.095841129032259 47173
11.769575806451614 48373
9.7099688172043 54101
6.134427956989246 6027
9.62458081350857 2068
11.24607741935484 19107
10.426238709677417 19189
10.645497580645161 21235
8.040943870967743 26135
8.365470000000002 27021
10.810615053763444 29081
8.966710035842292 37127
8.7373 46037
11.54909475806452 47045
11.10169596774193 47063
11.893297695852537 48291
9.40780887096774 51065
5.679292844574765 6041
4.468016129032258 8027
7.409767741935483 8115
9.62458081350857 2130
12.078256630824374 22069
8.858252822580653 26105
11.727626881720424 28145
10.311504301075272 29067
10.603081362007162 42055
10.022077419354837 54097
5.3651850496277955 6087
11.907499032258064 17021
10.906009384164221 17141
12.296431653225829 18003
9.977340000000002 22037
11.350670967741936 29107
10.251138709677422 36073
7.389325806451612 38103
9.710902688172038 42025
8.417039112903224 45067
11.849335235732 54107
5.045089288791051 12099
7.323877419354839 13191
11.087474838709676 20011
11.836058064516129 21139
7.184855898617511 26053
12.398764516129031 28055
5.5474245161290305 30053
6.447349999999999 46033
7.127940322580648 46041
7.044212903225808 46095
12.503409677419356 48067
9.635521774193547 48093
11.563114516129035 48349
10.688907692307685 13295
12.153441935483874 18171
8.34501129032258 27125
4.855751612903226 35059
9.147759354838712 40141
9.374895161290324 46009
8.99309677419355 46025
7.9741 48211
11.582012365591396 5075
4.321685483870968 8103
9.62458081350857 2150
10.540446451612905 13145
12.545598617511521 18179
10.461687096774194 19143
10.959289247311824 19173
10.867656989247312 20031
11.16962741935484 21079
8.485309677419355 27119
10.819114193548387 29121
11.809084216589861 39173
9.506767546432059 42089
9.948682708515006 45045
10.67318351254481 47025
9.552091013824882 51089
9.145154193548382 51099
9.845974193548384 54089
12.01719677419355 6091
8.670763440860215 13209
15.77134838709677 16025
11.855670967741935 17155
9.837693951612904 20009
10.409539784946233 20191
12.846093548387094 21163
10.384247538200352 21195
11.806852688172038 28149
11.05265806451613 29083
11.20866612903225 29195
9.373385359801485 37077
12.008628494623663 39001
11.389556774193549 48221
11.281162500000011 48293
7.854179907834107 50007
5.47148004032258 53025
11.579706720430108 1001
10.637608294930873 13233
9.367999999999999 13307
11.555235161290325 17011
12.617249545078574 18089
12.153921658986178 18129
6.9229338709677455 30087
9.090896057347678 37089
7.17345036656891 37129
7.439845161290323 38043
12.304733026113663 39157
10.209682862903225 42045
12.60594633431085 48397
11.437795130858222 54039
9.011931728963996 9009
6.087755580930627 12127
11.534235483870972 17151
12.321636129032257 18165
8.636158064516128 20179
9.589052258064502 22105
10.394194088522152 24031
9.472016129032259 31163
9.684945161290319 40003
6.6020967741935515 46081
8.184506451612904 48075
10.679913681868728 48187
12.119680397022329 48401
4.4007129032258065 49023
8.969668387096771 55053
12.53091451612902 6057
6.8419991935483875 12003
12.05713419354839 17101
11.299354838709677 17153
10.864517741935483 20079
11.516208602150535 22059
7.848007526881719 26137
9.945819354838711 36099
9.011482328190779 36103
9.868060703812322 37045
12.6753689516129 40089
6.62571370967742 41013
11.603413548387099 47033
10.818629032258068 47123
9.903527419354841 48031
12.19204645161291 48183
13.558572580645164 5025
9.81141738351254 51161
6.388506451612901 53013
5.155729032258065 53065
10.353585999782771 55079
9.180671091811416 55117
6.074088870967739 6045
8.080718004501122 12005
10.379177915632745 17177
9.054912186379926 24011
11.287491397849461 40085
10.89900806451613 42121
7.865807969639469 48375
9.44493343108504 51003
9.748361827956986 51031
14.24066774193548 6003
11.209732488479261 1049
10.722453870967747 1123
11.188616129032258 16037
12.604954301075265 17133
11.175692258064515 19157
8.172441935483869 20203
13.13340201612902 22067
7.005264645161293 26071
8.79815806451613 31065
8.444927188940095 36025
12.862242703533012 39109
6.064795440860215 4021
11.295040676632583 41029
11.95391035483869 42129
8.154561290322581 48433
6.512072580645161 56035
9.62458081350857 2122
10.124129032258057 13139
11.714742741935483 17189
13.062306129032267 18059
12.599113978494616 18079
12.676290029325525 21101
11.796449335863384 21145
11.228697983870976 29127
11.14786693548387 29151
11.085564874551972 40041
9.87846666666667 13085
12.361652419354828 18013
12.238996129032262 18093
10.583495430107533 20169
11.85075225806452 21031
8.422760117302053 27137
6.106932258064515 31165
7.438650372208436 36031
6.644422222222219 37055
9.749502124311558 37179
8.889445161290324 48447
4.1872400645161285 49039
13.458179723502306 5125
