8.116643940000005 17039
8.00228449166667 18135
7.597040077777779 20013
7.9136557944444474 26023
7.157911642424236 26035
7.803605690196079 26155
7.168428522222218 31001
7.470750233333334 32029
7.3509446796296265 37001
8.525893706666666 39159
5.6363651 46063
8.283890035087712 47011
8.182260851282056 47073
7.083410292592595 51009
8.922074251515157 13047
7.914428033333339 13249
7.617855207407402 17157
7.800892666666665 22093
7.533173557142854 28133
6.485464433333331 31063
6.6740274444444445 38057
8.483417744444445 39161
7.083503716666668 40033
6.579042241666668 47049
7.40440695776226 2275
7.8382678777777794 16045
8.28365694259259 17001
8.351328870175454 18085
6.5267474952380935 21133
6.818429708333334 21219
7.3044480208333304 29207
7.74152974242423 36117
6.304973591666666 37121
6.415377366666666 48173
9.226692427777774 55135
5.904730986666667 16039
8.538271683333333 17175
6.910738022807016 24045
6.671517627777775 28091
8.216607233333331 29227
6.5582664999999984 31135
8.021241711111108 34033
9.382281875362319 34041
6.999064529411764 36077
7.877109039130439 36109
11.009733798039212 41071
7.199202857364353 48061
6.410559600000003 48265
6.38478015 48399
6.208958122222223 12065
5.051385699999995 12119
8.056893448717952 13217
6.5321022666666675 21207
7.047462252380955 22011
7.826743916666674 22113
6.89028856666667 28015
5.8596541 30055
7.438311177380957 36089
5.9907092111111115 37103
8.604847372222224 39127
7.739063262962963 42035
10.783077604315473 9003
7.229849595833326 10001
8.63096578888889 13015
8.950792733611106 13067
6.445972954761905 13179
8.067254672093016 17019
8.363245945833336 17107
8.122363133333334 18023
6.60907063888889 21137
6.713356211111109 21187
7.480928433333336 29167
6.329188166666668 31071
6.61685071111111 31145
6.212028366666669 38025
5.8655726999999995 46117
6.782144472549016 47019
7.094458941666668 48255
6.192270133333333 48383
7.387384541666672 5017
8.42827813636364 6069
7.40440695776226 2070
7.4465322444444455 13279
6.636157855555555 13281
7.27559593888889 21115
7.277579879166664 22039
7.407733293333328 28101
6.493479822222223 37115
7.454057708333332 46035
5.976905233333335 46123
4.275842170000004 8067
9.505698108333332 27035
9.100176191666666 27115
9.226763197435922 31055
8.006001642222222 45055
6.092244099999998 54075
7.40440695776226 2110
7.6303303000000025 13197
8.002861166666667 18045
7.444229975000001 20117
6.738348046666663 21175
7.651727517948724 26157
9.56188377000001 27047
6.97965141111111 28097
5.6333131833333345 30081
5.701806736666665 32023
8.041611232222209 37159
8.546255182222216 39009
7.956762677450994 42013
8.6612628 46127
6.867935072839506 47113
6.711734676190476 48219
7.994146416666665 51685
3.495470633333335 8019
7.800641788095234 13285
6.201602684848484 22117
8.824447933333335 27167
5.747365366666668 30025
7.73227782067735 37183
7.414472733333334 40099
5.735008533333331 46055
7.420155194871793 48347
8.094096703030303 5115
7.558264233333334 54065
3.6493621666666667 8047
7.903424333333337 17045
6.492716686666667 21045
6.8894903238095235 26009
8.152017333333335 29129
6.235017811111112 48083
7.440570141666668 51520
10.02659009320987 53035
6.094108261274513 8013
6.432766866666667 16071
7.002056233333334 21105
7.596903422222224 29011
5.187750766666666 30107
8.946973906944443 39029
7.498488833333334 40091
8.082949044444447 42057
7.319543699999997 47007
6.154932766666667 48045
7.763114303333331 50017
4.993569533333334 56027
9.946632452891137 6075
8.067403483333342 13113
7.6702243333333335 13165
7.41841856666667 13259
7.654929099999996 18055
8.548127779166677 23031
7.031608616666667 29181
8.028465066666667 29205
9.505981994871798 36087
7.843395990476187 37059
8.620676172222225 45037
6.784774166666666 46003
7.193200334722209 48245
8.080742427777782 54035
5.823888211111109 56041
8.342222699999997 13169
9.010722508333332 19055
7.638391612499997 23027
8.439385529807693 24003
7.393324233333335 28125
7.844491422222221 29137
5.1423107111111115 30067
6.649117729166671 36095
7.254100055555553 37033
8.15890836021506 37035
8.054242564840198 39093
7.180820157142858 48249
6.999063476190481 51149
6.328461233333332 51640
4.162748064285716 8043
7.465498866666666 13141
7.730269466666669 13221
7.544208121212121 13275
7.399567755555554 17047
7.320104466666665 20115
6.558449199999998 21069
6.964256022222223 26101
9.588540520833334 27097
6.716469023809528 28003
7.3522447555555575 29085
5.788726073333335 30003
9.10784031240309 31153
6.599033878787883 37061
7.267922853333334 40023
6.533644466666667 46069
5.488330344444442 49047
6.963937706666666 50019
9.016791049305558 6089
7.765069277777776 13263
6.676571979999999 26097
7.367764049494949 28033
7.697951360000004 29053
8.094051746666667 29117
5.85264502222222 37143
8.584437480555563 42051
7.829844826666667 47107
7.052401841269849 47165
6.737628895238092 48135
7.433955502380954 51069
6.722843833333333 1075
7.625254833333331 13287
6.733132058333335 23021
6.540958870833335 31111
8.537851855555553 39037
8.448546227177207 39061
6.746399155555556 47029
6.347736344444442 48429
6.817316574509806 51061
5.203052811111113 56025
10.84737140971305 6065
5.23405072962963 12075
7.848486986666667 13143
7.960705746666668 21037
6.664103125000001 21061
6.796514266666667 21141
7.191999425396832 22109
9.352793601340043 29189
6.426286926666668 37131
9.018401474999997 39111
7.209523741666664 40073
6.366716399999999 48127
7.207476983333333 5073
8.584771406666668 53001
8.91943358333333 55049
8.227687527777777 13195
7.777899177777778 13227
7.429131633333335 16079
6.781042483333332 17059
8.61611361111111 19121
6.744833199999999 21129
6.69012933095238 21199
9.032226185185182 27041
7.3264947000000005 31059
5.614406930303034 31157
6.022695345833332 35035
8.081241672222223 38099
5.8451403 48421
6.856310522222221 51005
7.445016466666671 5113
5.596585642261894 12001
7.022242086666667 13001
8.863016937037058 17097
7.56746350833333 17185
8.80334633055555 19181
6.401728566666665 24039
10.374212229738577 25025
9.447263105555553 27157
7.698106290476189 29009
9.649634894968562 29510
8.764599317619048 39099
6.35074741449275 46103
5.872253433333333 48137
7.203754833333329 5027
8.71977604166667 53015
8.26118617222223 55075
8.04289599 18011
8.705462370370379 39107
7.717918106666665 48021
6.143829733333333 48087
7.295032498039215 5031
6.656681777941175 12073
8.077993679999999 17149
8.291187445299148 18057
7.168534348148151 21013
7.837875554471526 21117
7.252918608695656 22057
5.390433466666666 30069
5.8603606333333325 31113
4.5986585 35019
7.051658433333332 38101
6.8585699777777815 45029
8.28565128 47057
9.08878131666667 55089
9.821568309523819 6063
5.308510053333332 8041
7.088621560000003 13099
7.855948395833334 17027
9.085650080952384 19065
9.367854616666666 19147
6.371809833333333 20141
8.775158998312241 36071
10.313942815596322 36085
6.406764266666666 38029
7.837775878735629 39085
7.677590166666666 40087
7.048215740000001 40117
9.655229865277786 42097
8.184623012962962 50027
7.801927200000003 13213
8.191193841666665 18159
7.685756350000005 20003
8.212453625154325 26099
5.256802600000001 30097
7.883956819047614 39047
6.043661326666669 40139
7.746344369047619 42015
7.349541995555552 47059
6.48905791111111 47069
9.673576754166664 55093
7.40440695776226 15005
7.073430533333335 1011
8.12767739555555 13059
9.095707423333337 17093
7.4773180490196065 23025
5.74471348333334 30013
7.380099069444447 40047
7.028475939999997 45049
8.72843952142856 47093
6.994266426666668 48057
8.222679183589742 51107
7.5289488777777756 54085
6.722493308333335 1023
7.302892251515149 24035
7.31702120555555 26133
6.209807125000004 54055
8.634016829629633 13129
8.91625268888889 17103
7.53934712 17159
7.987157953968248 18063
9.532753282456133 19013
9.07054107777778 19093
8.903560674509801 27111
7.456519717647062 37027
5.827475399999998 38085
8.240032991666661 39135
7.497648566666668 48089
6.73315771111111 48193
7.40440695776226 2220
7.753870500000002 17023
9.04068865555556 19149
9.377916600000002 27043
9.24005438095238 27085
7.346859277777777 31095
7.510833574074075 39071
7.793750486666656 39145
6.797749016666667 42023
7.848829299999998 46135
7.301009516666668 48321
6.473854583333335 51007
11.723471625961592 53011
9.580869187984513 55133
6.291832900000002 6051
7.249781964983155 6097
5.386428333333331 8061
8.441197709259264 18039
8.288468005000004 18067
9.230427706666667 19059
6.301692666666667 20065
6.2997153999999975 20119
9.373358942679118 24005
9.406858176190477 27017
9.74387467619048 27103
6.8211267533333375 32019
6.039102533333333 38001
8.626273084848483 39003
8.558141166666662 39053
7.2405089583333355 40107
6.915592100000001 46073
5.215050726666665 49041
7.2714261908854025 49049
6.6717833666666655 51036
7.473437750000001 54017
9.394409204385976 55105
7.3779716109589035 1089
7.6829692000000005 13273
8.28701377333333 17061
7.20751065 20197
8.298913656923075 37071
7.921752285714285 46029
7.097462833333332 47127
7.987353628571434 48041
7.299599322222222 48285
6.174756033333332 48307
7.660725340000007 5019
6.941111333333332 53031
6.343097709523806 54067
8.381685047555541 18141
6.604114557142857 21085
6.949458275000002 21215
9.110757949999996 27105
7.709881713333336 29219
6.518083233333333 30089
7.51922746842105 33009
5.492578958333332 37137
7.603987600000001 38095
8.886187817708329 39089
8.873837654385968 42005
6.96123598333334 47147
7.708657557575752 48217
7.673162098876422 48491
7.308835166666666 5129
7.455490759999995 5141
7.304180433333332 13037
6.336284477777777 30085
5.902127533333331 31009
7.772768149999999 31139
7.1906715333333375 36123
7.884708175069999 37081
6.065283033333336 38089
7.679223241666661 40061
7.170357745833333 41061
8.891853537777772 42037
5.699096883333334 46121
8.197894016666668 46125
6.481409062962971 47021
6.629160125000003 47087
7.735982608333334 48097
7.500378500000003 48231
6.166236966666668 48431
8.409566405747112 54011
8.270156933333325 54103
7.40440695776226 2185
5.602626380000002 12041
4.917690425886528 12115
8.689436077777778 19009
6.395544433333333 20153
6.690957166666666 31175
7.940108364912276 36011
6.849705645238096 37193
6.8594092999999985 38105
7.596483187878788 54033
8.561000840740745 6005
7.741987451282056 1115
9.144035455555557 17085
7.392129916666669 20111
6.544135916666667 21197
8.989733750000003 27033
8.090618233333323 27061
8.848268340000004 27117
9.173678516666671 27129
7.1855257777777775 28019
6.377882073333335 28039
7.098817966666669 28103
8.048186879629641 37109
7.450423633333329 37155
8.411312372727275 39005
8.233216052272725 39023
6.876929066666667 48237
7.682473868421061 48367
6.165434717948722 49043
6.462638777777775 54031
6.462438238095239 56005
7.231784749999998 1077
4.974257756467654 12101
6.796115354460091 13051
7.793064869999997 18029
7.792390093333338 18153
6.130097033333334 20199
6.600606841666666 24047
7.0223298999999955 28095
7.833475965432091 28121
11.68457110542169 34017
6.9484379861111165 37069
6.726357508771928 38015
7.477612516666669 40095
6.701586355555556 47015
6.6768686222222176 47141
6.881180848148147 51083
7.52597716666667 5117
9.700781569934637 6007
7.644357006666666 13053
9.417034712499996 19017
7.008498066666666 20049
7.117899533333335 22027
6.919430255555554 22125
9.292550429166665 27015
8.90542431111111 27159
9.99930620980392 27171
6.9200272444444435 28077
7.374422738095241 28099
7.8853703888888935 29041
5.811927708333334 30005
7.094723055555559 37125
8.942673043859648 39119
7.730227211111109 45027
7.859214527777782 48477
9.142515558333335 55101
7.923172974193541 6025
6.973377572222221 1041
6.997730908888893 1047
7.2850210111111116 17199
7.031784478787878 22079
7.217474310526322 28081
7.3321179 29125
9.05793632203969 32003
5.970243682222221 37141
8.497895769444444 42087
10.287179960850708 42101
6.029442244444445 48357
6.453918791666669 51135
8.956371380555556 55031
7.552017542222226 1051
5.147934432098763 12017
6.5599016 17069
6.389386916666665 20163
7.721940700000004 31097
6.333234062626269 35045
6.6314467750000015 40149
7.40901491212121 48481
7.40440695776226 2100
7.995020097777781 1055
8.420095025925919 13117
7.288626533333333 13155
8.140851108333333 18111
9.312539700000007 19187
8.186844559999997 27135
6.458547866666668 30019
5.8677319333333315 37029
6.088407387179485 37189
7.265648299999999 38027
7.171324798148143 47155
7.4100447230769415 47157
6.273403349999999 48151
6.0754626142857076 48179
6.125519666666667 48235
6.491126750000003 48333
7.1145912000000004 48405
6.402305958333328 51093
6.249487533333332 51197
4.3383109000000015 8055
7.145413466666669 13271
7.740487150000003 17173
8.907857503333336 17179
8.273806913333333 18113
7.812517478632465 26115
6.676128791666665 37079
6.886220446666663 37181
7.677014040740746 39027
6.636459577777779 40093
6.318781816666666 46129
6.1468728 48229
10.201024457254881 6061
9.43307083184358 11001
4.878516019607846 12107
9.215145444166657 17161
7.8073134666666695 18145
6.386649832203385 22071
7.792954286507945 26121
5.004506333333335 35011
6.8844437814814805 35025
7.608529211111111 46115
9.423780023456787 55073
7.40440695776226 2230
7.249536300000001 20201
8.491332266666658 22099
7.538340211111113 27075
8.883590955555556 27107
6.337995844444444 28005
5.534165599999999 31091
8.010975442657328 34025
4.63723364 35027
7.127419371212122 37171
7.854698111111116 40079
6.409646491666666 47171
7.997967514583331 5143
8.158298196153845 18019
6.600970266666666 20101
8.723439746666662 22121
9.740537660606062 27099
5.305227099999999 30037
5.6336708333333325 31005
7.123659683333335 31169
8.267596397916655 32031
7.2833616606060625 45089
6.1968122333333335 48413
7.564106277777778 5127
11.177498652713172 53053
16.05020362562818 6019
7.585852814285711 6093
8.387689631884056 13153
8.305513462500006 18087
8.688063480000002 19129
8.042199403703712 21089
6.428390266666663 51049
4.720654833333331 8073
7.562522400000009 20161
6.942637588888891 21007
6.652473533333334 21123
7.0870825380952285 28087
9.274378020098055 34035
4.324365183333334 35028
6.277135077777778 51125
6.4897132000000015 51595
9.22093276481483 54069
6.243327877333338 12113
7.594998583333335 13315
6.675449206666667 21005
6.970591522222223 21041
6.740835099999999 28009
7.128265718627454 34011
4.207857544444442 35055
8.26776353846155 39063
5.5984464666666645 46007
6.6612888666666645 48311
7.309421653333334 5011
6.516761571428578 51199
7.5708644095238125 55003
6.526014311111113 13183
8.240189448888886 13247
7.855548433333327 17041
8.485980261111106 17057
7.142585999999994 26051
8.5569800037037 31053
7.265950827272725 33003
6.350384975 36041
7.69479025238095 37003
8.692264959583357 39017
6.103127846666665 47161
7.688581927777774 48091
5.953011225 49051
7.388409333333332 51105
9.65916629733334 55063
9.119731795238094 55123
6.186308333333334 56045
6.73504811666667 16011
7.988290985185188 17075
7.599786951282059 20125
7.473937890909093 26107
6.916357316666664 31099
8.733820896825398 36083
8.029586758974352 39077
8.136909340740742 39171
7.214489866666663 40137
6.093889700000002 47083
8.73202475563959 48113
6.692759799999998 48261
7.119583016666666 5065
7.495368011111111 5095
6.041505033333333 51091
7.424757166666663 6011
6.512418833333334 8095
6.945029844444444 18025
7.296008054545448 20035
6.730673736111112 21107
7.20459725 29055
8.126982748888887 33001
8.709629727272729 39011
8.042506444190478 40143
6.141746816666667 48065
6.859082307407407 48189
6.231471726666667 51175
6.8061157600000035 1107
4.0930466500000025 12043
7.89600703333333 13009
9.072468207317078 17089
9.124149183333335 19025
6.910416100000002 21051
6.017718655555552 30021
5.772607266666669 30077
8.08249689333333 31131
7.9951393733333305 38067
7.460543699999999 41023
7.4392902250000015 48315
7.5590543055555575 5107
6.168700050000001 51159
7.606892316666665 55037
7.250862807407408 8014
7.157362000000003 13161
8.217983975000001 13193
8.539110653333331 19029
6.714500950000008 21027
9.36590370833333 27143
7.568718699999993 28151
8.03315445 29005
6.946680199999999 31003
8.182700063414641 34037
7.118529749765252 42049
7.4163673444444465 45005
6.895718789999997 47131
7.503344255823274 51153
7.255893333333334 54013
13.159185365941036 6037
8.502107588679243 6079
7.212945691666667 13075
8.012172149999998 13289
8.614719839999998 17063
6.005510033333332 20187
9.888408738095244 27139
9.225173008333334 27151
6.993446941666667 28023
7.489615108333331 29031
8.131682800000002 29211
5.949566733333335 30051
5.866408057142852 32007
7.499744471794876 42065
7.836123860606057 44005
6.765246100000001 47175
4.121260185185185 12055
6.861009155555556 13005
8.20382741333333 13207
8.065840695833332 13261
8.261380916666667 17013
9.496235611111114 19083
6.805800106666668 22043
6.984428448148147 23007
9.118241483333339 27153
7.053162973333338 28051
8.102841999999999 29171
7.493392333333326 29225
6.5276123 31087
7.325459059259255 37093
7.612308076923075 37167
6.622743719999999 42105
7.489972347619047 48161
6.752519473333336 51145
6.1766941833333355 51620
4.326504233333334 8057
6.0583253444444445 16031
8.839281164102562 17111
8.926003841666661 17131
9.202436049342088 17197
8.200708249549546 18157
6.834851099999999 22107
7.805400833333329 26123
9.77696448333333 27013
8.613893166666665 27087
7.177416837500002 28083
6.19114716666667 37075
9.213967310101022 38017
5.462053074074071 4012
6.6617161000000005 49029
9.49428709444445 54009
5.5918023111111115 8063
8.003570944999995 18043
9.043689155555558 19115
6.439896683333334 20039
6.817094862121208 21093
8.57468806888888 22045
6.156304966666669 25019
7.754091985714284 29007
7.934748183333335 31127
7.5581930999999996 31133
8.823051994666661 34027
4.881685641666668 35057
7.229344924999999 38005
7.6620691333333335 38039
6.149455073333338 47085
7.68714538333333 48313
7.639753833333335 50013
8.544681211111104 55119
4.843346076190479 8029
6.841042800000002 1065
7.065584572727261 1069
4.021663260000001 12085
7.773012313333334 13303
5.808377133333334 16033
5.874836799999999 16085
8.520087086666665 17123
6.55731521666667 21065
7.841737672222222 29175
6.506505928571434 37039
8.925217704166661 39167
9.08005598750001 42107
6.618974333333336 46089
7.0895946583333345 47061
6.699087266666666 47183
6.597138044444442 48163
5.142502333333334 49021
6.181715166666665 49033
8.125252309122796 5119
8.275558300000002 53069
7.659194293333332 55007
7.40440695776226 2020
7.138546366666658 18117
9.024919363888882 19103
6.672200816666665 20069
8.979812420256405 20091
7.9678022444444405 28089
8.086781759459456 37025
5.8287167129032245 37133
9.891054179365081 41043
7.579101433333335 42113
7.275459866666664 5099
7.771519155555558 55099
9.610938291666663 55121
8.623822858914732 6017
6.433651613333338 6105
7.40440695776226 2060
6.646429466666666 13029
7.64159263333333 18041
6.015243299999999 20075
7.031278155555554 28155
6.524250336363638 33007
6.418872699999999 38059
7.613178987500002 41045
7.1571663725490176 48005
6.1758036999999995 48095
5.3930046166666665 48111
6.141064333333335 48263
7.481661322222222 5097
9.258611309206369 53063
7.975147254999999 13077
8.244703013333337 17137
8.27919614583333 18073
8.782767741666671 19095
6.803323133333337 21063
5.600690633333333 32009
7.903295513333331 36107
5.803858199999997 37041
8.690780707407406 39101
6.497934733333334 46021
6.716237021212122 47099
7.8510733249363955 26049
6.924603593333333 28043
5.408526616666667 31161
5.2329132000000005 32015
6.627801560000004 36013
8.597895853571432 39045
8.689469782857142 39133
7.7198142 46077
8.837640793333327 51600
9.579510916666656 55055
6.147690033333334 56043
5.405964199999998 16023
6.351185433333333 21143
7.557380140000003 29141
8.70224539 29165
5.289417933333334 30043
7.416098377777782 37007
7.34355320119047 37135
7.441006053968256 37157
8.387668738095234 39073
6.871325699999998 46049
7.585312356666657 48471
7.4377591 5057
6.475873555555555 51081
6.319481519999999 51183
10.557649094391005 6013
6.3637811761904715 6015
7.577167190833335 6055
7.033801405555554 1067
6.836748408333334 1119
8.23319555 19159
6.542650573333333 21217
6.898418572222223 22115
8.01214635166667 45075
8.444549603892956 48121
6.888170233333333 48351
6.392951019999996 48463
7.571939959999996 5015
3.8949583000000003 8111
7.51332410925926 1127
6.5199379333333365 1129
4.641683395614036 12015
7.521191299999999 13283
6.091389919999997 16049
6.977096946666669 16053
8.065173388888887 18007
9.401944963888893 19045
6.938537550000002 21075
7.956708870370373 23015
7.597173543137255 29071
5.617864908666664 35049
9.30103362333334 39013
8.575634025000003 39087
7.499717141666666 40105
8.154144138888887 41007
6.66061810784314 47119
8.182123614285722 53045
8.88931047745098 53073
6.741556979999999 54027
5.833292383333332 56011
3.8134753266666688 8117
9.00615741333333 13073
7.203314819047621 13087
8.466940433333336 13225
7.797126977777777 20043
6.83425206666667 21097
6.792984254901959 22063
7.1169476444444415 26003
6.739490655555552 28021
7.774699758333333 29145
5.812291693939396 30031
7.452584000000002 40035
7.355438891304345 47179
7.9206661166666725 48055
7.730399566666662 48063
6.990481957575759 48199
6.693335009523812 51167
8.056371011111107 54095
9.213306111111114 55043
10.34144113015874 6101
5.780925925555555 12019
7.963820938888887 13219
8.210867333333335 17169
7.583370233333331 20131
6.496227550000001 21057
7.440784944444449 28053
7.776939922222216 29217
8.30769952222222 47089
7.398263085714288 48331
7.7956661958333315 48449
7.1726479 5137
7.966581175362324 51770
8.55180381564104 10003
8.951874094444447 19043
7.121986944444446 21149
7.214040079999998 22065
8.161090533333338 26109
6.436099100000002 31101
9.125622612305875 36059
6.093611266666666 37005
6.203456560000004 37199
8.016961326881724 42027
7.598579284848485 42115
8.469351986274507 45059
6.1009315 48435
5.019885216666667 49001
7.059857166666668 5005
7.792941675 5085
6.216428981720432 1003
4.3492621902654856 12009
9.484382735461002 13245
7.670034233333339 18047
7.8359499249999995 20087
6.275418233333332 20109
8.288818790579702 22033
5.4916757407407415 22075
8.97019759385963 24013
8.852133814207644 24021
7.485453477777777 26063
6.441238133333335 28131
7.726360978787875 29159
5.294097022222222 30023
5.0552549 30045
5.2682031500000015 31045
8.12528128018018 36065
6.6202691285714295 37175
6.611579700000002 38083
6.367954008333333 40009
8.116768683333335 41049
5.899093866666666 48443
7.277535566666664 5043
7.770928380952384 51683
6.860293566666667 54015
6.650223537777779 6023
7.489216416666662 1121
8.579880192592599 17203
8.669457399999997 19165
7.130709649019608 32005
6.503424155555556 35009
7.1699247999999995 38075
6.6504075 40039
5.222530729365079 4025
8.90127124166667 41033
8.260088255555559 45017
8.22470295740741 47001
6.624950360000001 48279
5.558058380555556 12089
8.176666272000006 13151
6.306693833333335 20023
7.604196125136619 26093
7.459397191666668 29139
7.605000091228072 36043
7.813343552499987 39025
8.020319093333333 45039
7.969695433333334 46039
6.929554226666667 48281
6.071214488888891 51103
7.102696883333336 54021
6.931287125925927 54045
9.06398472857143 55001
4.086219238095234 8037
7.180593005673755 1125
6.048770558333331 12129
7.610156955555557 13167
7.900188733333336 13177
6.724018582666673 13185
7.26848155 13309
6.177739383333333 16029
9.207776139455776 19153
6.490259366666666 20145
7.192581366666665 21091
7.654059213888888 22001
5.195812048648637 37031
5.77250858333333 38011
8.203628600000002 46027
7.434707988888887 47153
7.744372523076932 48181
6.121029091666671 51119
6.7385839362745275 51650
6.758273663333332 53047
7.577750733333329 53059
6.279969533333331 16003
6.582829611111109 16073
7.32933271904762 17077
7.038976411111112 29123
7.306615883333336 40103
8.20544625652173 42063
7.782775733333332 46067
7.7485963166666645 47067
7.21201583809524 48025
5.8929634 48393
7.138077606666666 48455
7.292252476190475 53049
6.442433719047611 54025
8.045796696969697 26037
7.966453206508897 26125
6.61294956666667 38053
9.273923741314553 39049
9.236822740000001 39067
11.049550984353761 42071
9.233527803030317 45003
7.004816533333334 46043
6.557200700000004 53019
8.949805729166668 55019
7.554184033333334 1029
6.826719388888888 1105
9.070619537179487 19193
6.4001944 20137
6.726066888888893 21109
7.178888464102562 21125
7.344534393333336 21127
7.504661989743607 26017
5.935959199999997 32027
8.253596259574461 36111
6.734928988888888 37017
8.722744700000003 39105
7.912394519047622 42131
8.060510256565657 45041
5.9782207666666665 48385
6.77220655528455 51550
7.482667133333331 54043
5.043323724358974 12081
9.545752242285731 34023
8.076244842222222 36035
8.766036466666662 36115
8.769759516666664 38097
7.853958955555556 39131
7.4393076555555515 40133
9.76801667916667 42109
7.716524966666667 46097
6.873311180246908 48329
7.836742999999996 55029
5.736333308333334 56023
7.647483366666664 6049
4.383899833333334 8039
9.000742791794863 9011
7.40440695776226 2013
7.450633794444449 1111
6.174370460606062 12131
7.696094711111111 20021
6.412625333333335 20047
8.270420929166656 26005
7.045069866666665 28065
8.575566098333343 29037
9.211843153098814 29095
8.336825646153843 45021
6.383540633333333 47017
7.383043406060606 48167
7.2406716 5037
6.0563550583333345 51133
7.628118575308632 1081
5.636490044444445 12045
7.191459333333335 13201
6.388330566666668 20135
6.856333033333332 28093
7.753990466666668 31147
9.148738341666668 39075
6.77287727407408 47177
7.160845429166666 48325
7.286241259490721 8031
5.57123442 8099
6.802939877777779 1061
9.494227595238092 27095
8.150187133333333 29025
7.36997938666667 29157
5.9338117666666665 31149
6.955105616666668 38049
7.491707216666667 41025
8.041162133333334 46087
7.013827055555552 48077
7.511495582352943 48213
7.595053416666668 5053
8.429122599999998 55067
6.855141059999998 1057
5.075613759166672 12109
8.628711402824846 16001
7.717677127777774 17029
9.00954086 19191
6.9283904888888905 20095
7.2083475749999995 26113
7.183238525490188 28035
8.173869116666667 29063
5.686133933333334 30075
7.503405666666666 31151
9.24787769418602 33011
10.477289343518514 34039
8.187783904523807 36067
6.109867459259257 51173
9.796233625203252 6113
7.799368336426126 8001
4.758468010000001 8085
7.40440695776226 15001
7.462259816666667 18115
6.07966625 20189
9.030616622380943 20209
10.14536344224319 25017
9.255963623076925 27027
6.5358246499999995 28063
8.917681524242429 29047
6.937625908333336 40015
8.631473101960776 41041
7.030662103703706 47003
7.608473508333335 5079
9.111953791666663 55045
8.5332219 55107
7.8577655833333315 13081
8.583686684523814 17099
9.137260333333334 19035
6.524092442857145 21001
7.157087600000002 22119
6.491538766666668 28157
8.084551250000002 29003
5.284090466666665 30039
6.5033535 48283
5.309937466666667 48377
6.289821 51097
6.549934475000002 51101
5.929089155555553 51131
6.187692266666667 51181
10.071175366397867 6085
4.903292411646605 12071
8.795866008505751 13089
6.863158203333333 13103
7.76795735833333 13199
8.684071816666671 16075
8.383577899999999 19177
7.652639705555555 22077
6.955905713333331 26001
10.451553535999974 27163
9.230031455555558 27165
7.727783266666663 29135
5.790846666666668 30101
6.207616441666665 51193
6.749904133333334 1093
7.361889738095243 16057
9.121108794444442 17015
8.171451966666671 18069
8.421127783333333 19003
9.193474066666662 19119
8.929592566666665 19183
7.730621250000002 20107
6.693549855555555 21131
7.026594970833336 26055
5.874076527777774 30017
7.925523505555552 5071
5.811104524879212 8059
4.717112833789957 12021
7.4886770888888865 13277
7.550330886666671 18147
7.046646283333334 20143
6.575665483333333 20183
7.099579450000004 28017
7.313627455555555 28123
6.410061124999999 48487
7.3112357466666635 51570
4.710315390909091 8045
8.066145844444438 13033
8.114382311111111 13093
7.407219586666662 17191
8.752941493939394 19057
8.516744675000002 19125
7.5100194095238075 26127
7.95172907395835 28049
7.295139988888889 28143
7.852522886363629 29097
7.556241133333334 31143
6.224804116666667 47101
6.774808533333333 51011
6.5198027666666665 51037
7.320363466666672 51670
7.211270974999997 54091
8.931426166666665 19073
8.443349241666667 27089
7.778433533333335 31159
10.694684130543111 36081
8.272096921428565 39147
7.079485122222222 40067
7.480277000000001 45025
7.2955278787878814 47013
6.609677666666666 48069
7.690158649999999 53043
7.510672052777782 17121
7.654791980000003 20139
7.946447135937496 22017
9.54411085781894 25009
6.760061541666667 28139
9.427650161942239 34007
7.950468853107347 42069
8.104719999999999 47121
6.725673271111113 48427
7.613573577777776 5061
7.435671808333328 53055
5.1601952833333335 16013
8.830251958974356 17073
6.471388199999996 21231
6.818154946666671 28057
5.119074066666666 32011
6.785338233333333 35029
8.348120746666664 39125
9.200097048809525 55131
6.294985433333336 1053
6.6126308499999995 13229
5.771853244444445 16059
9.583307077777778 19069
7.76836739722222 26059
4.7956454666666675 31007
7.554111081481477 40021
6.07546055 40059
6.2193333200000005 47005
7.164479783333333 48175
7.5590225119047645 48203
8.003585929761915 48251
5.9574157333333355 56019
7.40440695776226 15003
8.206495183333333 17171
7.747102490476188 18037
7.1195092 20017
7.154295355555555 20077
6.53820597142857 21021
8.206243466666667 29061
6.467417866666667 31085
8.36113518958334 36057
7.760316593333332 40001
5.412339766666666 48359
6.856970022222222 48403
6.257363800000002 51073
6.869639506666667 51820
14.131469890949171 6029
11.838598188708206 6071
8.279617866666662 18103
7.74109603605442 18163
7.596857186666669 20133
6.7877494 21103
6.823311399999996 21191
6.649763825000002 21203
7.09370730666667 28137
6.8671020777777745 29155
7.99201418888889 29173
4.761805403703707 35039
8.762836940540545 39103
8.603063382051278 41011
6.513335233333331 47133
6.8073820666666665 48047
5.668584825000002 48371
6.735668146666668 48457
6.409392466666668 51079
6.638545822222219 51127
7.5750550703703725 1017
7.856336833333334 13159
7.098925244444441 18175
6.578430344444446 20051
6.820573566666667 20171
8.03246376255144 26065
6.9510950299999985 26143
6.2024435499999955 30047
7.829696799999999 31119
6.892493606763292 34001
8.01796891904762 45061
6.357573016666667 48335
6.1375124777777765 48475
9.273492755555548 19113
8.509661199999995 27057
6.4702982222222225 28147
7.2806833818181875 29187
7.328714863999997 36045
9.524811164000015 36091
7.993440542156859 37057
6.546727411111103 37083
5.885219566666668 38041
10.616561677631573 42077
8.32784156904761 45047
6.6985786333333355 47041
7.336207516666668 48119
7.544771022222224 48365
7.413336158333333 48387
5.038248366666665 49019
7.355581044444441 51043
7.829979094444442 54049
8.621858266666669 55083
5.462233899999998 8017
8.220050333333342 17105
8.739752380952375 19123
9.579165755555557 19195
7.296797455555553 20041
8.516613827777778 39117
8.103303617777769 39143
7.554299006349203 42111
7.798010071428575 45057
8.233064334782608 45085
7.669478208333333 46013
7.2147673925925915 1005
6.836042233333333 13003
7.193858933333333 13239
9.288699069999995 19169
6.964400213333336 22003
9.371738877777773 27067
7.633968733333334 27077
7.2247010416666635 28061
7.5523549952380975 37165
5.321363533333332 49027
7.735082906666673 51775
7.40440695776226 2188
7.40440695776226 15009
6.943808216666667 17127
9.222460316666668 19019
6.853968038095239 21043
7.341348114285718 22031
5.704275 31117
9.268277737426894 34005
11.521438430383515 36005
7.91906103939393 40145
7.4086295948717975 40147
5.421386627906983 4015
9.457812644444443 41017
9.411424053333334 55011
8.891000661111113 55013
5.034821833333333 8011
8.515133855555552 19001
6.346138866666666 20071
7.172617466666664 22111
7.244881446666667 28159
6.526084561111109 37185
6.052376099999998 40007
5.980952933333332 48295
7.048427733333332 48391
6.421888133333335 48411
3.9747736666666658 8119
10.061668152873553 9013
7.40440695776226 2050
5.975743566666667 12077
7.604212344444445 13043
9.573788722222222 19131
8.453594883333329 19145
8.159311377083327 20103
6.144037249999999 20181
7.318014819999998 28127
7.144577683333337 29091
8.96124228333333 39115
9.192323072659171 45079
6.700448255555557 48299
6.764260033333331 51530
7.402508230303033 51660
7.369444299999998 13007
5.635240040000002 13039
8.527393083333331 13055
7.975860133333337 13269
6.045164100000002 16077
8.641374081818185 19111
7.3027003000000175 21067
8.10490317643978 21111
5.8696982 30071
6.867697887878781 37163
7.9314768 46057
7.128359125925924 48363
7.141281756666669 50005
6.705245033333328 51033
10.640366636666684 6001
4.559171980952384 8083
6.9683922547169805 10005
6.925216383333324 1031
6.776688238888884 1091
9.692139609762181 17031
9.540968446666668 19197
7.03904630555556 29143
6.719121709523808 31047
5.091753183333332 35051
7.912523960606069 36007
7.330265926666663 42033
5.747768366666666 46105
6.747228827777776 47117
6.641915785185184 48323
6.1010493777777794 13025
7.489110133333336 13133
8.500953686666666 13147
6.727189733333333 20123
6.8171366333333285 24023
8.105028010256413 26067
8.372421150000001 27007
9.55699294666667 27161
7.888167899305545 36055
9.040838642424244 55115
4.476970214285713 12051
8.93074627333334 19005
6.221952600000001 20025
7.71805865454545 20037
7.1167595 27031
8.263614051351352 31109
7.373468840000007 36069
7.527867953333333 36097
5.474217433333334 37177
7.239539974074074 39015
6.5518550958333295 40065
7.2641792923076896 40121
11.323331817204279 42075
7.41104174444445 5039
8.042610540909097 51760
8.23694298222222 54037
9.909162009999998 55087
5.6651015563218365 8077
4.279979938888888 12087
9.652583425462979 17043
7.636809486666663 18139
9.134762233333332 19097
6.80916721666667 21233
6.611383898611109 23003
6.729740227777778 26089
9.113890316666666 27121
7.312737083333333 29229
8.557571555555556 31021
6.787387933333333 38051
7.16437012222222 38093
7.528519004761907 48149
7.989702718367351 5007
7.259833546666667 51067
6.173521028571426 54083
9.18896843821138 55139
3.594833660000003 8093
7.40440695776226 2240
6.84253999333333 13241
8.07600002619047 18167
7.125252907142867 21209
7.956365826666664 29115
5.222328921568624 35031
7.741754849999999 36023
6.605848676923078 37047
6.11593076 47091
6.970720037037037 51710
6.520685777777779 51735
6.468378822222222 54063
7.810954873333338 13211
7.1263201476190465 16019
7.874285506060607 18081
7.262853872500002 22073
8.573900123976614 24025
6.9536375333333345 29203
10.18283847833334 34031
8.292365342857144 39065
6.826037405555554 51630
9.209043588888893 55081
6.2970316500000045 56013
7.126702986666667 13267
7.584451961904763 17051
9.689254653846147 27131
6.447120716666668 28037
5.699337533333333 30011
5.532947399999999 30033
6.450216646666671 30063
8.970557983333345 34019
4.298005223809524 35006
6.446065086458338 37147
6.81975625 46059
6.5452413305555615 48049
7.470640478260861 48469
7.8394846611111095 18021
6.549828716666664 20185
7.547108680434789 23019
7.997345547333328 26161
7.016703733333334 28069
6.839105649999998 28153
6.307217512500002 30111
5.184266450000002 40025
4.949749582142859 4005
5.777416399999998 46071
6.661412677777778 48107
6.308375116666667 48275
5.257325477777775 49015
8.946809836842103 51510
7.473796533333337 53017
8.339806197222225 53071
9.151417642857139 55057
6.478344220833332 8087
6.7996225111111075 12039
7.450795183333335 20149
8.699767466666662 22007
10.038288700000003 27059
6.961660886666657 45015
7.4875898500000035 48177
7.3577363166666645 48425
7.326525549999998 5013
6.803496288888888 1063
8.410639036666664 17109
7.618531150000004 18125
7.1710211500000005 20027
6.374671522222223 21033
6.880300209999997 21049
7.835635860606054 22015
6.675554605128201 22089
9.980519927948718 25021
7.529675155555547 26087
7.45789097037037 29169
7.52749333333333 37023
6.674467058974357 47125
8.089939392592596 50025
7.62219578 51840
5.186722821164029 12083
7.942908575 18009
8.124311444444439 18049
8.080861983333332 18053
8.57175610909091 19179
7.8319346888888886 29087
7.124877400000001 31125
7.248816766666666 38031
7.164148846666664 47129
6.740856973333336 47151
9.266316547058825 55141
11.184636857142868 6047
5.837905111111109 16043
8.52159704285714 17067
6.959089319444447 20055
5.732998400000004 30015
7.710473745833337 36053
8.547454190128772 37119
8.035575790705133 42079
6.158691633333332 47081
6.0408772666666675 48327
7.1733291133333354 48489
9.138511700000004 55047
8.50772305333333 55069
7.9979651999999986 55113
6.499816277777775 1025
7.789421300000003 13301
8.55001504444445 13313
8.29135185757576 18017
9.573420669999992 27169
7.1551796499999964 28135
5.482658066666667 30065
7.2327229888888915 31081
4.479977744444445 35053
7.834468592307692 37161
7.65809397246376 42039
8.598241459999992 42085
7.099550529166666 48053
7.335740927777781 48419
3.785102133333333 8053
6.740685372222219 16065
5.281245433333335 16081
7.660070688888889 17035
8.325192887421398 17167
7.435797388888887 20085
6.575846633333333 20105
6.656321566666667 21237
8.745938821614597 26081
9.267497111111108 27093
7.216390679999998 28025
7.28569798888889 40077
6.097095866666667 48103
7.129393565765759 48485
5.823127139682543 49053
9.505704425925929 55009
7.614838179166668 29027
5.4487266000000005 31075
5.861065971717177 37019
9.750321626573424 42017
7.40440695776226 2105
6.8886017 1085
7.63261825897436 18065
6.701489773333339 22029
7.719875695238092 28027
7.188967183333328 29023
10.878498622904996 34003
6.315874389166665 45013
7.169503933333334 47051
7.458412866666672 5035
6.389112614285707 51800
9.306519919444444 55021
9.3982521 55091
7.426314941666667 20061
7.166658973333335 28079
8.220909525000003 29177
8.1343802 31179
6.811827590413938 35001
6.930948496666668 37111
9.96339056333334 42099
6.636994241666667 45053
5.816177033333334 46019
6.441205816666669 47077
7.798616222222223 47115
9.921059640000005 55035
9.053841830443123 6111
7.582056437499995 13137
7.69207241111111 13149
7.492772349999998 17025
7.495439116666666 17145
6.909814973333334 26019
6.814013049999998 29035
7.97004049523809 31141
8.307979757142855 39057
13.458417556410241 41067
7.406008046666664 48273
7.393598041666675 48277
7.08450388333333 5021
6.953472644444445 51790
3.8899291166666665 8021
6.079895952968044 8069
8.347382988888887 39039
8.468085642857142 39079
9.116718986666688 39153
6.611158777777778 40075
6.197717333333332 48079
5.636338933333334 48109
7.305344975 48407
8.996470140740739 54051
9.362851181666661 55027
7.6201857277777805 13091
8.797536727777798 17163
7.240168288888892 18155
9.319433844444443 19151
7.700524859999999 29051
10.90118999883913 42003
8.274957387500004 45071
6.758346033333333 48445
6.594835304761897 51027
6.985129873333337 54041
3.8246803799999984 8015
6.420839371428577 1099
7.411388466666667 13265
7.348701673333335 26061
7.076875153333336 29069
7.022011766666665 29153
6.1315140333333344 30061
5.163470955555556 35037
5.710153276190475 37053
7.720319699999999 38019
9.036211560952367 39041
8.474210015151522 39165
7.358599604761913 40037
9.012988926570053 45083
9.068777372222216 46099
6.396933850000001 47181
7.306345452631579 48099
6.457510206666668 48133
9.17089694652245 48201
8.245470250000002 49011
6.422182920000003 51025
5.710401 56037
8.916221714814816 6035
4.818390999999999 8025
7.050975088888889 13253
7.1920522809523835 18077
6.462811308333331 21055
7.4694306083333295 22101
7.659901990804593 40017
8.704623458943109 47065
7.576609294607837 48303
8.150629236601324 48309
6.280530839393945 51095
8.015269769696966 54099
7.57594602121212 1071
8.106705199999999 13189
7.883654633333331 13257
8.161394541666663 18131
8.85298487373737 23005
8.729869362933345 25005
6.8664675999999965 26029
9.567687733333335 27079
8.873039531999991 33017
10.689810256140321 36047
6.156555173333332 37091
7.3371606575757635 37153
5.240971054166658 4003
7.909895892592591 40135
7.582608354545452 42009
7.658207866666671 45009
7.929157827272722 45023
5.974623966666665 48269
6.6719605166666645 54001
7.123977723809529 54059
6.593151941666663 12059
8.647503713333334 13115
8.510762566666667 27155
7.369826807017543 28075
6.729604038888887 28085
5.380442645833328 30093
4.581119966666667 35021
8.041124208333333 38003
7.5245143583333345 38079
7.201990816666666 40005
9.799641716666672 42093
8.715334304999987 53041
4.992354728571428 8089
7.04994056666667 13019
7.816726611111111 13023
8.015737372222222 17183
6.4085276166666665 20007
6.8988434166666694 20029
7.555048586666668 26073
8.883154344444442 27101
7.324589022222223 31107
6.474604665079367 36009
6.484907616666664 37043
9.022028286666675 39031
7.32151006190476 40081
7.65878986666667 41037
7.598774449999998 45033
6.754620244444443 48305
7.599428222222224 48343
6.534309916666667 48501
6.340926033333333 51017
8.045390434355832 1073
9.01962628571429 17007
8.151116855952381 18091
7.441077561111114 29105
5.842637681818184 37013
8.702867481481489 38035
7.282137752083334 48409
7.489810280000001 48467
8.257167750000006 48473
7.446151642857141 5023
8.188555232051272 5131
7.962687781761009 13215
8.772235303825134 17119
8.442386916666667 19175
6.539890977777774 21011
7.393477369047623 21185
7.09011884 26039
8.957975983333336 27127
6.504660137499999 28113
8.207117833333333 29075
5.322321766666666 30027
8.944155250000001 31043
6.438215157142855 32001
7.156433860000002 36037
7.023516833333333 41069
7.999298639583332 45031
6.99065821224489 47149
8.604107849999998 55078
8.036926125093633 6083
10.164914761111133 9007
9.183883208333329 19161
6.496349383333335 21165
6.865104044444445 26095
9.295943746666664 27055
7.949960448148148 29101
8.080452016666666 29103
9.089651028571431 39019
7.347295526666667 40063
7.9481229708333325 41057
6.830015054166666 48241
7.152681184210527 50023
7.7059475888888915 5091
7.119742999999999 53023
5.845960488888888 56003
8.135892161111114 1019
7.8672433 13125
6.771097566666672 13291
8.193661505555554 18099
7.315285873333334 18123
9.020803071428572 19011
8.115144220833338 20121
6.543826599999999 20193
6.763425620000003 22049
8.034909443589736 26025
7.537008741666665 40083
6.487435666666666 47137
7.518018922222223 48159
6.80200445 48259
7.42977653859649 51680
5.121359716666668 8009
8.287452833333338 17017
6.85662327272728 22095
7.987987223809514 26045
7.030852772222224 28029
6.504682679761894 28059
8.256716066666664 29111
5.610024516666668 30073
6.535163040476193 36033
6.075974399999999 38007
6.150610933333335 48483
9.098988696666666 19127
6.576116108333329 21087
8.144595928571432 22005
8.79991930238095 23001
8.319278317543855 26077
7.419987200000003 29059
7.62663594666667 29213
7.565397433333335 31185
6.511680129629632 37113
7.498734333333336 37197
7.562063174074069 40115
11.091447717241378 41047
7.841905475396826 42021
6.438457016666669 46015
6.604004399999999 46017
6.787423383333335 46045
6.764396141666668 48143
8.145426789296652 48453
7.99299440769231 49005
6.465206957575757 49045
7.89097255 5083
7.338996005555555 5123
7.960908311111115 5149
8.470996426666668 55129
5.4466809 12029
8.573128528613573 13135
7.589141275000002 20099
6.979102925925926 26007
8.286438766666668 27069
7.42121515833333 29186
8.09898385 29197
7.180695244444445 31121
6.091290206666664 37011
7.572765432142864 37151
8.585977022222222 38077
7.445418884848488 40013
9.084935539639632 45063
6.24631715 48081
3.7622313999999992 8065
4.535547633333334 8107
7.015711878571431 1045
8.03994257777778 13035
6.536785109523813 16083
8.251307266666666 19051
9.218934666666668 19089
6.891259785714282 21025
6.674801729824561 21151
6.8414021333333315 21189
6.795051433333332 21225
6.1800678472868205 22103
9.753157238596485 27019
8.10296062857143 29113
7.225590553333334 29221
6.285436099999999 31015
7.768365796969705 36015
7.076342111111118 37123
9.1601875824713 42029
8.909679939393943 44001
6.1302354333333335 48191
6.141557633333333 48461
8.609296902830222 49035
5.444327249999998 56015
5.664963266666667 13049
6.523954266666666 13173
6.9550465444444445 21039
6.506769788888888 21053
6.64102706666667 21173
7.09718125 22083
7.566088069696962 29029
6.804816666666667 31093
6.20388574 35041
8.104705035483873 40027
9.647893538418082 42125
6.514004614285724 45043
7.4578787388888905 5103
9.444853322222222 51610
9.51186109198315 6081
8.052773400000001 17009
9.401099255555554 19109
7.085632555555555 20073
6.44640674060607 4027
7.544959587878788 48493
6.776932022222222 50009
7.518435841666664 5001
7.7582084571428505 5059
6.417699953333331 51147
6.1901204727272825 51185
7.031008286666667 26079
8.188302996031753 29099
8.638749421693117 34015
5.31497844583333 35017
6.871943555555555 38061
6.447979333333335 48059
6.351252741666667 48415
7.838315362500006 5069
9.450461496969696 55015
8.95304592222222 55023
5.384396883333336 12007
4.157523329545458 12111
6.932224566666665 21017
9.630119246666673 27039
10.921211273690021 27053
8.36880411111111 29045
8.15597131111111 31037
5.8622364 38087
8.386350338461535 39129
5.728803126666671 4023
8.024324598290594 47163
5.714263173333334 48389
7.633741284848486 49003
7.189386100000001 1027
5.446295968661506 12086
7.108297533333332 17181
9.10541525925926 17195
8.805048459999998 19087
8.795258342857142 22047
6.97223257777778 28007
7.782254864285721 29043
11.88873655486107 36061
8.206870166666654 39021
7.119018459375 40031
7.302727961111112 48073
6.237747366666668 48197
7.392559633333334 5041
6.83037939382717 51179
7.232332590476194 1133
8.34372812222222 13079
6.775397716666668 16021
8.177891599999995 18033
7.351304866666665 18137
9.052678266666668 19031
6.617163233333333 22021
6.6723908000000005 30091
5.478242577777776 30099
7.314004795833335 48013
6.344470800000001 48023
7.514433959259259 48223
6.721518774999999 48503
7.823826300000001 53039
5.778441577777778 6033
8.002761024999995 13163
8.463954329824558 13223
7.597863850000005 18031
7.423804720000003 18071
9.258739941666667 19037
8.483199435483868 23011
7.478655866666665 38021
4.408644714583338 4001
7.487173593749996 40125
9.448259226356564 41039
7.970266555555555 45065
8.085177242222224 45073
8.591568013333335 47105
7.4694487415929345 48215
6.872337780000001 51075
6.838320869230771 51191
10.082460107936544 9001
6.369141986666667 1035
5.7237221249999966 12123
8.831458707936514 17037
7.956133868217045 20177
6.320812949999999 22023
6.321878048717951 23029
7.263695820000002 29161
6.428244833333335 30083
6.146411555555556 30105
7.665135838095235 31067
5.728442877777777 37187
6.46239755 48247
5.729022933333334 49013
7.46719531666667 5077
7.067153597619046 53007
9.00264609333333 55103
7.40440695776226 2282
4.822943936585364 12097
7.678538493939386 18173
6.714260750000002 21171
7.906351750000001 31027
5.128865299999999 31105
7.483496675 36017
8.63530558888889 39163
7.7533633777777755 47143
6.2459060750000015 48117
6.373554133333335 48169
6.849771106557372 48479
7.544042395305183 51041
7.1510694333333324 51750
6.401297933333335 54047
15.586547672839515 6031
7.40440695776226 2198
7.814490120430105 1015
6.598908591666667 1131
8.60698699615384 13057
7.981113626666666 13105
8.150998609523805 18149
7.0561579428571415 22053
7.747609427380958 26145
5.846211433333334 30103
5.402979916666666 31031
6.977364371929823 37195
7.438947516666667 42103
8.174103666666666 46079
7.057891363888897 47031
6.643307075757573 47047
6.04589055 51115
7.411396786666666 51690
8.041046744444445 13171
6.424997133333334 20083
9.113414733333336 27133
9.353526907751945 36093
7.304844343333331 40111
12.44669598583335 41005
6.586847788888888 41063
6.116517133333332 46053
6.2452519833333335 46085
7.423839108333336 54087
6.769006363157901 1097
9.174998286666662 19155
6.581612800000002 21167
6.933482071428571 21183
7.656098519999996 24029
6.977950250000002 29133
9.30062787552742 36027
7.859072235483862 37067
8.167642455555555 41031
5.694845599999998 46047
8.68926456666667 46101
6.915014340000001 48007
6.878499544444446 51171
7.633515771794865 5145
10.849609347333304 53061
5.231399233333334 56029
6.9525114000000015 20019
6.877396881481482 22009
6.517458200000001 31083
7.495526155555558 36039
6.58023265 47111
6.074617366666668 48267
7.353808766666664 5067
7.208061066666667 5111
4.721886433333332 56031
5.112261875000002 56039
7.091303248148148 13069
5.9774470499999985 13101
7.724805900000002 13237
8.199711851960782 17115
7.825685816666666 17139
8.590670613333337 17187
6.84782036666667 21095
6.677745555555556 22025
6.935212116666664 28071
10.845233633492033 34013
5.91020962222222 37009
7.9689932666666685 38081
7.457928141333335 39007
6.648301173333347 45019
6.432065399999999 46119
7.880148891666666 17135
8.130755557142857 18075
6.967007011111111 20157
6.858562106060605 21073
6.869332816666665 21193
7.045928755555562 26069
6.273193337037038 28109
8.552723678048771 35013
8.051646469696973 37097
10.334181538725513 42095
7.885984933333334 45011
7.773940766666666 46061
8.306668394915247 48339
6.97920163333333 51580
9.292107817333347 9015
7.596378040740742 1043
7.691961111111103 1117
6.863755979999998 24041
7.889593760869567 26091
8.314264054152993 26163
6.3749645416666665 31041
6.655336366666668 31181
6.831785266666666 38023
8.615494873333333 39149
6.231681500000002 48417
7.934266492307691 1113
8.377303180952385 18015
6.706226049999998 20089
6.319259140000001 20175
5.478236811111112 31013
6.0902757 31115
7.344980709333328 34029
7.201495971794866 37037
6.227898664583331 37087
6.084761299999999 40045
7.428454770370366 40049
4.690310602150533 4017
9.909155954186408 42091
8.41488347318843 45091
7.896013744444449 48015
6.265027977777777 51057
7.349920420000002 5139
12.306023411594206 6039
8.450143763636365 6103
7.638204139393942 6109
8.254151955555557 19053
6.750354759999999 21161
7.197507199999998 26153
6.800100273333334 28117
4.363929947619049 35047
6.6399298131396955 4019
9.41322633107346 51013
6.6553628 51720
4.6801245 12069
7.77072716666667 20005
6.667803908333334 21135
7.196732822222221 22123
6.249508709803924 24037
9.709057136333334 24510
7.119421086666661 26011
6.804132141666668 26047
9.102582458333334 27023
10.300953592982463 27037
7.842414377777775 31023
5.75553527777778 35061
7.868319135632186 36075
7.354380833333335 40029
7.727387577083335 40101
4.898163900000001 49025
7.858180975 5051
8.483598169047625 54003
9.392649551515147 55127
6.750941000000007 1059
6.903191213333335 13111
7.874386248717955 13175
7.277951816666667 22081
11.065898402433065 27123
8.789321913502102 29183
9.349900575438609 36079
9.54644946231884 39081
8.489443303636355 39155
7.66332462380952 48035
9.603671950517585 48141
6.545085016666667 48153
6.664706644444448 48437
6.671201566666658 51195
8.510378155555557 54053
6.865850999999998 54077
9.939198659523813 55109
10.182822052380951 6115
7.40440695776226 46102
7.51792763580247 1103
5.601084608333336 12037
8.854424566666667 19047
7.796461412925172 26147
9.330753577777777 27045
5.989205027777776 30041
8.788630893333334 31177
6.757416924242424 36121
7.846889994047625 40131
7.6190158000000014 41021
6.767409330769228 51015
11.821359630394683 53033
9.437396637499997 54029
8.89256980767971 13121
7.795722685185186 16017
6.359712116666667 20067
7.468259233333337 21159
6.652077077777778 21169
6.931647477380949 25001
7.8237073871794856 26117
7.88433290666667 29163
5.792131266666666 30109
6.70062406666667 31137
7.70351057000001 50001
7.510703633333334 5087
7.720625499999999 5133
7.1230260333333355 51730
9.233803020000002 55005
7.706265675000004 55041
6.972034525000001 1007
7.767787149999999 17005
6.764404233333333 20081
6.686316447368419 21047
7.360395775362317 21059
10.502892466666662 27009
7.116063733333329 28115
5.0738597555555565 32033
8.288155347619044 39069
9.395976303030317 41019
9.116326326190475 42073
6.664027041666666 48115
7.930972637037032 48257
7.711995113333331 48395
6.590334906666666 51137
7.420592826666669 53075
8.245269860000004 54079
6.117252849999997 8125
4.839690957575746 12105
7.887072418518518 18107
9.157536408333337 19141
6.612713616666667 20053
7.999080956410247 25003
8.816718229914516 45007
7.519985683333333 48379
7.40440695776226 2195
9.546841205555554 19021
9.429420666666669 19067
6.849816574999999 21213
8.476529433333338 27001
6.903436242857148 37145
8.25511056509188 39095
6.23323058 40153
8.566944788888886 41059
8.97464863675216 44003
8.732160852842364 51059
6.840626396666668 51155
6.731403086666659 51177
8.041755916666666 54073
7.092248655555559 28107
7.415806199999996 29015
5.916114200000001 32013
6.447107133333333 38065
6.3150234777777765 40043
7.181239211111108 40127
10.512537056462582 42041
6.753563441025643 42123
6.9805637518518475 47103
6.576050093333334 47159
7.243494923809523 5003
7.38969704791667 51019
6.138438716666668 51021
4.915964958333334 8081
7.3849153944444375 13031
8.386841489999993 13097
8.363175795833332 18181
9.43866622666667 19079
7.250588049999999 26013
8.15691966666667 27029
6.905123399999999 29179
6.695124933333332 31029
6.5305359 51047
7.424125127777775 53003
7.737646686111109 54061
7.653877786666662 55125
5.48728110303031 8101
5.764341324999998 12023
6.373810352582165 12033
7.456868166666666 13131
7.332413913333325 13311
9.025901513333332 19105
7.392875151851854 21029
8.084840838095234 26043
8.20138211666667 33019
7.068042899999995 37021
8.142080873167362 40109
7.40440695776226 2261
7.128798455555554 13109
6.446975914814813 21035
6.1051826333333326 22091
7.557396674999994 26151
7.061588345833335 26165
6.613854466666665 28111
7.006783899999998 29149
8.354491033333328 31155
6.50212648205128 36003
6.954658557777771 36051
13.749709922027312 41051
6.483164299999999 48505
6.973769158333334 54005
8.887480694736835 55071
7.550176846666665 13205
9.670171784848486 19033
6.215272526666667 21221
7.419165868421051 26111
8.438624666666664 27113
6.748025970175443 30029
7.042014343333326 36101
6.5017071933333295 37107
7.837682074074074 39043
8.566702211111112 39083
8.274926286111109 39097
6.7947619333333344 47095
6.066113266666665 48155
13.08472524702177 6059
8.100390333333335 13083
9.526481933333336 19081
9.353712325000004 19091
8.938303785185184 19099
7.671315833333334 20015
6.35078555 20063
6.395525566666666 20147
10.903702701941759 25013
7.779813283333331 27071
7.084106558333337 29065
5.694173966666666 31171
5.8135140000000005 38033
6.655153475675678 47187
6.612059837037033 51117
3.8538728000000004 8109
7.40440695776226 2016
7.545515111111115 1009
6.51349025 13305
7.680774629166666 17049
8.082687679487174 17117
6.6505719999999995 21201
7.390945158333336 26103
6.4424811833333315 28141
7.049811333333336 29093
5.581107128571435 30049
7.025002403030297 31019
6.5323230333333315 31073
5.934317683333332 32021
3.8229511000000005 35033
9.469597765891477 39151
7.590996762962964 40097
8.324200395331443 48439
6.477268699999995 51029
6.476481222222228 51063
8.145614806666666 19007
6.445834314814815 24009
8.301428283333339 29049
7.891110351075286 29077
7.462686722222222 38009
8.091623950980392 39141
8.265910433333332 41065
8.057933407407402 45087
6.814418333333334 48009
7.254527786666669 48123
6.929600280555553 5093
7.40440695776226 2164
6.193281122157967 12031
5.203791866666666 16015
8.331778044444444 19071
9.33348125 19075
8.276049816666667 19117
6.569452216666666 21147
6.873018329629627 21211
7.2295314 22035
7.247264418840572 24001
6.617258044444446 28001
5.359929500000001 30095
5.087339083333335 32017
7.552570299999999 38071
7.4929275333333365 40123
7.608404733333333 41055
7.0193136185185185 42047
8.549871688888892 42059
6.4473740944444415 47071
7.725912537037032 48037
8.125103862365593 48139
6.69067028888889 51109
7.40440695776226 2290
7.902050680952382 13293
6.932241577777774 17165
8.274643633333335 18169
6.802909686666662 21009
8.732405796124034 22055
7.788792106666668 26057
5.580576258333332 30035
8.751931094444444 33013
6.871949242857144 36049
10.580821385925928 42011
8.438007244444444 46011
6.762621944444446 46023
5.996814299999996 46093
8.016139461111111 5029
7.908443755555554 5105
6.670641174999997 51187
7.673498979629626 1095
5.804427000000001 31103
7.662080721111109 37063
8.108498466666667 38091
10.559490935185185 41003
6.158794533333335 48125
5.850704900000001 48301
4.847340166666668 49055
8.000118642424248 5033
4.275156291666663 8003
4.234692211111109 8071
6.046542252380951 12121
7.364854711111105 17055
7.76626733888889 18035
6.845585248148148 21083
8.69973292866665 25023
8.207891383333337 31051
6.987828327083338 35005
9.69487025333334 41009
6.198110750000004 47043
6.612780616666665 47169
6.65653382333333 48227
7.816841065625007 51087
7.4047699666666675 5147
6.953860297222221 51540
8.194919466666667 6009
7.8053124333333335 6043
7.709469516666667 16009
7.466447586666671 18143
7.017062191666667 21239
6.847077964705882 23009
7.755780727192988 26075
7.375344700000003 28119
5.758939766666666 31123
7.159220125333327 37101
6.025334755555556 37117
8.098201371428566 39055
6.720478766666669 46107
6.954166060000006 47139
7.346484262500003 5063
6.664172931818177 51700
6.536429890476189 12133
7.992433833333331 13319
8.558897012499994 18127
9.448116611111107 27091
9.214330188888887 27149
8.200145266666668 29199
8.096090444444448 38073
8.377545033333334 39033
7.188426233333334 40053
11.274407427179487 42043
8.093086772619056 44009
6.239738466666668 48105
6.1480184666666675 48129
7.1180163944444494 48337
7.602874783739848 48423
6.677328599999999 51071
7.507136388888891 5109
6.247109266666667 51113
7.182426874999996 51121
6.256062299999997 54023
11.539075152836874 6099
7.4210221166666654 1083
5.995241466666665 13065
7.590303011111109 17079
7.400577791397853 18105
8.364872322222222 19039
7.054760600000001 22013
7.627482371428573 29109
7.195757912820522 37105
7.771960817948724 39123
6.652744666666667 40011
7.153424192592588 5055
6.99258148333333 17087
7.920196575675669 18095
8.819099819999995 19085
6.974006316666668 21153
6.781888051851855 21177
7.235994966666664 29215
9.017033531666675 41035
6.368297226666665 48171
6.6425311839080425 48381
6.674935241666664 51141
8.189227653405034 6053
5.669987766666665 8121
7.40440695776226 2090
4.069318542222219 12061
6.879401346666668 13027
7.280263583333331 13243
8.039165150000002 13255
5.963504866666666 16063
8.760527974999999 19133
5.742743099999999 20129
8.203117124242429 26015
9.56032744333334 27049
8.931486366666668 27051
8.544275583333333 31173
7.902675299999998 46051
6.321655758333334 48003
8.074183884313722 48039
7.598999255555561 55051
4.603798573333337 56001
6.045759788888891 8075
8.36389611818182 13157
7.961808746666664 17053
8.66438677777778 17071
9.140327041558459 17201
7.292207484313727 20155
9.377895772093007 25027
5.7756539 30079
7.019747305263156 36019
7.3394772898305245 36029
5.995163133333336 37015
7.41106545666667 40051
9.099348226666665 42067
5.386994677777777 48043
4.813212133333333 49037
6.634071074999999 51051
10.407363348979588 53067
5.830283733333333 12067
7.723161193333335 13321
6.608474822222224 20151
7.547952175757575 21015
8.80212671979166 24043
8.215814035294116 26149
8.05043502666667 26159
7.3822586166666655 29057
8.210326618518517 39051
8.484562833333337 39175
7.166462818181819 40113
6.1108475 47135
7.603837327777776 48145
6.628493666666666 48317
6.483215399999998 51111
8.004638821111113 53057
6.660626033333335 54007
10.220718455172406 16027
8.149357455555558 19185
7.092044716666666 21071
7.274723144444447 36105
6.34297417037037 37099
5.920424366666666 37139
5.924598633333335 46075
6.672314549999998 47075
5.3158594333333316 48243
6.529421066666666 48253
6.612658822222223 54019
9.208442046153849 55111
5.080066212568307 8035
5.23682270805153 12095
7.942935564705883 13045
6.471763677777779 13299
7.847901604761905 18027
7.040350261111111 18061
6.947971288888888 20159
7.677515564912283 22097
7.32411753333333 26085
10.434463875757574 27141
7.389801552380955 28067
9.473869858874451 34021
7.352335135294122 40119
6.716785250000002 47185
6.657655926666666 48019
7.5529451528205245 48027
6.438820003333334 48465
4.895376566666666 49031
7.871413200000003 5047
6.63089592 51139
6.015865477777777 53009
4.05051301111111 8105
8.149594310822522 8123
7.406855466666669 13187
7.202449366666666 16041
7.975862146666667 20059
6.2274911333333325 20097
6.517840177777774 21155
7.720943233333334 29089
5.2435294444444445 30057
6.654301166666666 31077
8.043551836111103 42061
8.257176299999996 45081
6.945414455555557 48071
6.392143666666667 48369
6.60517131447812 51810
8.224139722222223 6021
5.140849105078491 12011
4.392274911111114 12049
4.947430403100773 12117
9.247124541134749 19163
6.798804788888886 21023
6.641648706666665 28047
6.93539441111111 28161
5.458125922222222 30001
5.636175655555556 31033
9.411931824747485 33015
6.504011132291655 34009
6.109761673809511 35043
6.8196207666666675 38047
9.194284477083336 39169
9.227704253623195 42001
6.709605117370894 45051
6.559868033333329 47023
8.003937277686719 48029
10.90982393120681 6073
4.183096333333332 8091
4.055687275000001 8097
7.40440695776226 15007
7.81614138333333 13181
6.512139266666665 16035
7.246071691666672 21121
7.011130976190479 22085
7.959246322222217 26021
7.188305144444442 26131
10.73200401405625 27003
8.667372223809522 27083
7.360284288888892 29185
9.539097984313722 42007
7.914573266666667 46109
7.122070266666666 48239
7.041488431578951 51165
9.542486248484844 55017
9.088432091666657 55039
6.366344194444442 56033
6.683887007407409 1013
6.079293041463416 12091
8.371634632142847 18097
6.877904493333331 21119
6.396207133333333 31057
8.906975506060608 46083
6.364290774074074 47079
6.7028711428571395 51053
9.603499937499997 55033
9.058710440000002 55065
7.753400483333327 18083
6.660049961111113 21157
6.763944433333331 25007
10.032172191666671 25015
8.30262402121212 26027
6.282203338095237 28045
8.431124255555552 36021
9.44386863939395 42019
7.373826605761311 48355
7.922922166666665 13231
7.601756286666667 20001
7.2752599799999995 29073
6.4801964000000005 31183
7.683567665573774 36063
5.291417333333332 37095
6.975705648717952 37191
8.804336295142054 39035
6.478286438888891 41015
7.272513704761903 42127
10.384067075555537 42133
7.701494322222219 46005
6.9772817079365055 47189
5.308024266666667 48205
5.9149671 48341
7.575836333333327 48497
9.318707202564104 53021
8.826302653594771 9005
9.482682473333332 19023
9.154133752380949 19167
6.983543646666667 28013
7.4269386777777795 28129
7.431223994444442 28163
7.76571267777778 29209
7.049432650000001 31011
7.25740355925926 37169
8.688461658169913 39113
7.365216659259257 48147
6.363714499999999 48507
7.580758222916661 51590
6.821672566666666 51678
9.106111323703702 53077
4.306656755555554 8049
7.40440695776226 2180
7.184532970370369 1021
7.2895418777777765 1037
7.562049266666666 13317
8.356308814285713 18001
7.656593723809523 18051
8.341031787179476 21019
8.514029644444442 27073
6.519078516666666 31061
5.9992638777777785 37073
6.610972052777778 42083
5.703086833333332 46137
7.799962032000001 48209
7.109075408333334 48297
7.65274877142857 48459
7.07883885 5049
7.303271602083339 53027
9.179702473333334 55077
6.472005031818183 16005
8.313359426829269 17113
9.45907338589744 19061
6.6670266277777825 21003
6.9792152 21223
5.029938 30059
7.39173479411765 37051
9.330059477777782 39121
7.1204879222222175 41001
7.051628605333333 45035
6.941969050000003 47055
6.575773298666662 48451
7.4891057463768105 51085
7.958649638095238 55085
12.107286320820208 6067
4.019970475000002 12093
5.7918283177777825 13127
7.64184428717949 18109
7.717714280952377 18133
7.890227025490194 18177
7.306374703333334 23013
8.700167303516844 24033
9.117671491666671 27063
6.905587800000002 29223
7.365751966666664 40069
8.062004991666669 41027
9.122341470114943 42081
7.311070518181818 48001
7.306284700000001 5101
6.521752057142861 51035
8.786778871428574 53029
9.342876866043609 55025
4.846389320000001 56007
4.359472733333333 8033
6.243535986666666 12079
7.636531327777776 13107
7.028031358333337 16051
8.579358008333342 17095
8.895537355555552 19027
6.455313816666666 20165
7.333290156666669 29201
4.077146711111109 35007
6.915428966666668 38013
5.844091166666668 38037
8.275371431111106 39139
8.54354502500001 45077
6.6659879666666635 48131
7.2732561952380905 48225
6.010656933333336 54071
6.2384632999999985 54093
4.939347206818176 12053
5.801626000000001 31017
10.374949467712998 36119
6.948575771428569 54057
11.36563272685849 6077
7.182745095238101 1033
5.469034422222221 12125
8.712345464393934 13021
8.292672795238092 18183
6.669190373333336 21099
6.888754447619046 26033
8.435477244444444 27011
4.145667266666667 35003
7.512003550000003 38045
6.313477033333331 40055
9.697298715602855 44007
8.019412364000003 5045
7.321584633333339 53037
9.41605465333334 55095
7.557522686666671 1101
5.478032876092884 12103
6.508023711111109 21229
6.648066875000002 22127
9.383870691666665 27065
5.364434816666669 30007
7.216113540476194 32510
6.7008417 38055
6.306273566666664 40151
7.711994276190475 45069
6.147599133333333 48011
6.0790610166666665 48195
4.818595116666667 49017
6.697388214285714 50015
6.728293333333334 51163
8.97373422476191 55059
6.2447714166666675 16007
6.457977511111112 16061
7.469013533333332 17081
6.440081050000001 20167
7.00387215 21077
6.506582272486767 22051
6.442940466666667 28041
5.201842066666666 30009
8.02955255 31167
6.567855186111116 35015
4.84162823541666 4007
8.066786748484853 47145
6.146015133333334 48017
6.050197133333331 48271
6.937769874193554 51740
9.047231009374993 6095
7.038054024999998 17003
8.01743537777777 18151
8.683077600000003 19101
7.536989425000003 20205
6.923549459259261 21113
6.6386944 21181
7.348312358333334 28031
8.568197756250003 33005
6.133816333333333 40129
6.085948766666667 48345
6.287062026666669 48353
7.432169572916667 51143
4.75064223174604 56021
4.3632921666666675 12027
8.491099033333334 17083
8.332021644444444 17129
8.961668220138899 17143
8.259175054545457 20045
6.744220914814813 21179
9.303958902424244 24027
9.87114614666667 27025
10.249131418390805 27145
7.156233879166663 28105
7.16908522222222 29017
7.74731391666667 29119
5.3752056166666655 35023
6.264959993333331 37173
7.185379866666668 38069
8.225687906060609 39091
6.248935458333332 46065
6.248856841666669 47039
6.022851799999999 48101
6.0234603 48233
7.510934741666664 48287
7.156332206349213 48361
7.379671683333332 50003
8.033892658333343 50021
6.240324844444447 12013
7.00167287361111 21227
6.7993274222222215 26141
7.627683620833335 28011
7.392120200000001 29039
7.09298531904762 31079
6.210880433333331 40057
7.829323486666664 42031
7.091060044444445 42053
6.306892033333335 48033
6.3413378499999995 48207
7.240356666666665 5089
7.143379683333334 5121
9.05741705714286 55137
5.583507683333334 56017
3.9927566999999984 8007
7.40440695776226 2170
7.191099777777774 17065
8.354777282758635 17091
8.412417405555553 17125
9.482721374999992 19063
7.286487005882351 23017
8.240458571929821 24015
7.506209233333332 46111
5.569442233333332 49007
6.126451823333331 51001
5.1669926083333335 56009
5.542195782916686 12057
8.705892783999996 16055
7.040329522222223 16087
8.458501583333335 19137
9.255706126666661 19139
7.334727238095236 20113
6.517558824999999 21205
6.660308755555558 24019
7.924400816091955 29019
8.20986094 29147
8.462359611111111 31025
7.642367433333336 38063
9.181926116666665 39059
7.45303763030303 40071
7.580044422222222 48289
6.027147046666667 51077
6.199600683333332 51157
7.601459333333333 54105
8.642619841666669 55061
9.366994945238094 55097
15.531499341452992 6107
8.390671033333337 13063
8.649596177777779 19077
5.945957821568631 22087
7.13093484761905 26129
8.881181240000002 27005
6.971193279166668 28073
8.152851308 29021
6.732302711904756 47053
7.305104389999994 50011
7.455313425000001 51023
6.748608384848493 12063
8.394754200000001 13119
8.091709402222223 13297
7.890884824999999 18121
8.973603805555554 19171
6.396525766666667 20093
6.922923594444446 22041
6.846373791666661 26031
8.359037777777782 31039
6.1208726 31049
6.335757266666667 31089
8.393649214285713 39137
7.613697646666664 48051
8.778206035087706 48157
4.774846333333332 49009
7.48065878095238 5009
6.722942833333334 51045
7.40440695776226 2158
7.069759900000002 13061
7.531617366666666 18119
9.154059676190476 19015
6.3587657 20195
7.509452266666665 20207
9.224756194444439 25011
8.02312486190476 29001
6.8694095000000015 31129
6.673311249999999 47027
6.735051466666667 48165
7.490253113333332 48499
6.316627077777779 51830
9.093204891891897 53005
3.8105679999999995 8079
7.44914023333333 1079
7.29904020555555 1087
7.439968203333333 13071
8.004030599999998 17147
8.318899311111107 19135
8.363815090591418 20173
6.798292465555547 24017
6.928742779999999 26119
7.1299601 31035
8.953737516444455 36001
7.826742025946114 4013
7.299343886666668 42117
6.578373490022672 8005
7.693541084444442 18005
6.774035900000001 21081
7.70751664848485 26041
8.324412407547184 26139
7.760982448809526 47009
6.735647044444447 47097
7.754721783333331 51169
6.555258854761905 1039
4.4428166966666645 12035
8.143639116666668 13011
7.39797891 16069
7.818017783333335 18161
9.372781458333334 19041
7.5117674333333335 40019
4.7384430888888875 4011
6.605687019047622 47109
8.409578912938581 48085
7.892232133333331 48185
6.228938533333333 48319
6.153312766666667 48495
4.137394575000001 8051
4.112842291666668 8113
7.1553627041666665 1109
8.318928694444446 13013
6.333820733333332 16047
7.577692744444442 18101
7.170037826666673 22061
6.722731566666663 26083
10.070872943434338 27109
7.9495481111111115 29033
8.166003241666667 29079
7.5996947666666665 29131
5.562341366666668 31069
6.9449496095238095 47035
8.16086556333334 49057
7.7297175266666684 53051
6.507004544444441 54109
5.988140022222222 12047
7.937442723456791 13095
7.829482155555551 13235
7.322583079999998 13251
6.551640360000002 16067
8.937270673333337 19049
6.083535800000001 20033
7.531259275757563 22019
9.676019341666665 27147
5.443199222222221 4009
9.823539679999993 42119
7.087076280331251 47037
6.788119158974364 47167
6.775403223684202 48441
6.388281833333328 54081
4.01522875 8023
7.734787088888887 17033
8.615412083333334 27173
7.913428933333335 29013
6.715452454761905 37065
7.24923359259259 37085
7.688773590476193 37149
7.7573802 46091
7.748103000000003 5081
7.132912675 5135
7.26772067333333 13017
7.343933273333337 13123
7.140192793333336 17193
6.64517094761905 20057
7.1562765666666674 20127
8.567384366666666 23023
8.424357766666667 27081
8.596846294736842 36113
5.724474295238092 37049
10.826520386111106 41053
8.07948571111111 45001
5.794953583333333 46031
7.928756616666669 47173
7.008263893333337 48373
6.1316137 54101
6.369182516666669 6027
7.40440695776226 2068
8.741229558333329 19107
9.439912444444445 19189
7.1246969374999995 21235
7.073409966666668 26135
8.461186783333332 27021
8.198793522222225 29081
6.90949963518518 37127
7.795524122222224 46037
6.762065600000002 47045
8.561823547222225 47063
7.326165033333333 48291
6.771987558333336 51065
8.476423244242406 6041
3.8088651333333328 8027
6.299765799999999 8115
7.40440695776226 2130
7.071483462962962 22069
7.36195445833334 26105
7.055626972222223 28145
7.192632644444448 29067
9.000338688888894 42055
6.601458633333335 54097
8.923014029487181 6087
7.927575563333335 17021
8.98506053636364 17141
8.315092692361114 18003
6.718975773333333 22037
8.060087480952381 29107
7.173511399999998 36073
6.851517599999998 38103
8.374943463888886 42025
7.351249075000001 45067
8.656456893589745 54107
4.369764190405545 12099
5.952770925 13191
7.695971980000004 20011
6.6519886166666655 21139
7.7440977380952365 26053
7.316786799999999 28055
6.428480980000001 30053
5.72394635 46033
6.024090783333335 46041
5.763248533333335 46095
7.443011338095236 48067
6.534780174999998 48093
7.586730570000001 48349
8.670614448717947 13295
8.025070399999999 18171
8.487509933333333 27125
4.594534266666667 35059
6.660611533333334 40141
7.479475416666667 46009
7.592700833333331 46025
5.967867166666668 48211
7.222411238888892 5075
4.751624116666666 8103
7.40440695776226 2150
7.746244920000005 13145
8.150438142857142 18179
9.1249695 19143
8.328818111111111 19173
7.6277612555555505 20031
6.630068825000003 21079
8.78204722333333 27119
7.951824913333332 29121
8.18434562738094 39173
8.127682172727269 42089
9.232006293994004 45045
7.510023607407405 47025
7.271761030952375 51089
6.37724790666667 51099
6.379084641666665 54089
8.575657799999998 6091
7.389701500000002 13209
5.043383666666667 16025
8.583991533333334 17155
6.655683325000001 20009
7.622857072222222 20191
6.766039745833333 21163
7.024222422807008 21195
7.280616622222227 28149
7.705237899999996 29083
7.825554658333329 29195
7.150124223076935 37077
7.101758816666663 39001
7.469458586666665 48221
7.478849229166667 48293
7.319876363809526 50007
8.512702239583325 53025
7.489965716666667 1001
8.090099095238093 13233
7.602807466666666 13307
8.644681276666663 17011
9.163220155270649 18089
7.362822171428572 18129
5.907975333333335 30087
7.191395085185178 37089
5.87480581666667 37129
6.545650666666665 38043
9.18963708730158 39157
9.700953314583305 42045
8.088384657575753 48397
7.9559662402515725 54039
10.72945987001763 9009
4.43312918879056 12127
6.750159766666666 17151
8.04071072666666 18165
6.426847133333333 20179
6.202288903333331 22105
9.505013817054275 24031
6.596504133333335 31163
6.730315022222223 40003
5.673952626666664 46081
6.155888033333333 48075
7.948887717241379 48187
7.529692276923078 48401
5.5864848833333305 49023
9.144761313333333 55053
8.309760008333331 6057
5.564137000000002 12003
7.678757699999997 17101
6.97269935 17153
7.7135938888888935 20079
6.5321763777777795 22059
6.882033249999998 26137
7.898584903333328 36099
8.557449203519676 36103
8.0810049469697 37045
7.567845866666668 40089
8.078595624999997 41013
6.7771304533333305 47033
7.407907519047621 47123
6.7197493333333345 48031
7.869213587999994 48183
7.439982749999999 5025
7.752574400000003 51161
7.366410399999999 53013
7.401706816666668 53065
9.567988582940492 55079
9.01479517564102 55117
5.684821818333334 6045
6.140962110077518 12005
9.072346841025645 17177
7.245562655555556 24011
7.490644655555555 40085
7.754040297916665 42121
6.613836315686276 48375
6.809073124242429 51003
7.311367138888886 51031
6.599552399999999 6003
8.000755630952375 1049
7.240377703333338 1123
5.1427903 16037
8.377020111111117 17133
8.80360708 19157
6.472072133333332 20203
7.158947516666666 22067
7.768252559999994 26071
6.539470399999999 31065
6.716515971428575 36025
8.684864782539679 39109
6.336385794666666 4021
9.941910724390233 41029
9.752663893333327 42129
6.0981552333333315 48433
5.476244366666667 56035
7.40440695776226 2122
8.234391290740732 13139
7.676746574999998 17189
7.968455273333337 18059
7.556197594444446 18079
7.389577542424243 21101
6.941351088235296 21145
8.233499404166666 29127
7.386988616666664 29151
7.568246948148153 40041
7.826414788888888 13085
7.263777808333328 18013
7.28108823333333 18093
7.377202758333334 20169
6.733595786666666 21031
8.668285993434338 27137
5.024749666666667 31165
6.571958033333334 36031
5.245207329629631 37055
8.259807098373976 37179
6.315388466666667 48447
5.406923126666668 49039
7.921635987301587 5125
