17039 9.102616129032258
18135 9.178503225806454
20013 8.039386021505374
26023 8.771290053763446
26035 6.323425219941345
26155 7.728519354838705
31001 7.2071774193548395
32029 5.352822580645162
37001 11.789263530465972
39159 9.498251612903223
46063 4.354567741935482
47011 9.91770797962648
47073 9.907045161290318
51009 9.136362007168454
13047 10.332613782991203
13249 11.279709677419355
17157 9.030964157706087
22093 7.450083870967741
28133 7.984170046082953
31063 6.1536225806451625
38057 4.7355103225806445
39161 9.067644444444442
40033 7.311161290322581
47049 8.290082258064514
2275 7.775946783881882
16045 5.516993548387096
17001 8.73961451612903
18085 8.722151782682513
21133 8.756977419354836
21219 8.700767741935481
29207 8.763489112903228
36117 8.093554985337246
37121 8.720120161290325
48173 6.5003935483870965
55135 6.656419623655916
16039 4.957745806451614
17175 8.687411290322581
24045 9.240658404074699
28091 7.890474193548387
29227 7.523606451612903
31135 5.649583870967741
34033 9.379188844086013
34041 8.293406451612904
36077 6.554658444022768
36109 7.584492145862542
41071 5.024139468690702
48061 7.9404713053263265
48265 6.97335096774194
48399 6.566475806451612
12065 10.737078494623658
12119 9.29806672325975
13217 11.303706203473944
21207 8.981955483870971
22011 7.742327649769583
22113 7.214154838709673
28015 8.078846774193549
30055 4.661467741935485
36089 6.343078571428576
37103 9.901616129032261
39127 9.233507526881722
42035 8.62971182795699
9003 5.963695823732743
10001 9.03607560483871
13015 10.76315698924731
13067 11.2975215591398
13179 9.9468940092166
17019 8.978133383345849
17107 9.065083467741937
18023 8.228337903225803
21137 9.118931182795695
21187 9.315723655913981
29167 8.490355645161292
31071 6.366741935483871
31145 6.16133548387097
38025 4.040493548387097
46117 5.067925806451614
47019 9.250577609108163
48255 7.760123387096775
48383 6.460309677419355
5017 7.754691129032255
6069 5.117320234604108
2070 7.775946783881882
13279 10.593004838709676
13281 8.747359139784946
21115 8.765628494623657
22039 7.292200806451615
28101 8.824356774193552
37115 8.59891505376344
46035 6.177738709677418
46123 5.3687338709677395
8067 4.44247322580645
27035 3.08060695564516
27115 4.3137060080645195
31055 8.060363296112522
45055 10.381520430107528
54075 8.118424999999995
2110 7.775946783881882
13197 11.191054838709677
18045 7.9361612903225796
20117 7.573154032258062
21175 8.470090967741932
26157 7.4323258064516144
27047 6.799232258064521
28097 8.12742365591398
30081 4.911785806451615
32023 6.074745161290323
37159 11.327465591397834
39009 9.081117419354838
42013 9.804070113851985
46127 8.385539784946234
47113 8.398952329749102
48219 6.426788018433176
51685 8.583282258064514
8019 4.275766774193548
13285 11.289285483870954
22117 7.569339296187683
27167 5.337130645161288
30025 4.564822580645162
37183 12.356617733310317
40099 7.7643451612903265
46055 4.8272032258064534
48347 8.309855583126549
5115 8.123548387096774
54065 7.951612096774197
8047 4.357070967741936
17045 9.13753677419355
21045 9.097828387096776
26009 6.212855760368663
29129 7.502929032258064
48083 6.694296774193548
51520 9.627802419354836
53035 4.510985669056152
8013 5.360863842504742
16071 4.994045161290324
21105 8.550767741935484
29011 8.26494516129032
30107 4.198993548387097
39029 9.863647580645168
40091 7.83411344086022
42057 8.501248387096775
47007 8.736908602150537
48045 5.936977419354839
50017 4.185889064516133
56027 3.0656548387096776
6075 8.72311770901909
13113 11.180716774193552
13165 10.250583870967741
13259 11.160509677419357
18055 9.263278853046597
23031 5.002568612903227
29181 8.490191935483871
29205 8.182598924731183
36087 7.6582680893300275
37059 10.98538986175115
45037 10.209055913978492
46003 5.877387096774194
48245 8.207111245519712
54035 9.38597688172043
56041 5.422156989247312
13169 11.579870967741936
19055 7.3789717741935466
23027 3.7101486693548384
24003 10.059319913151372
28125 7.855162903225805
29137 8.291453763440861
30067 4.321572580645161
36095 5.996393145161291
37033 11.27676182795699
37035 10.400036212278899
39093 9.692694785682736
48249 7.761996774193549
51149 9.3650069124424
51640 9.358608064516126
8043 4.621846543778798
13141 11.08691935483871
13221 10.583036290322584
13275 11.763609384164221
17047 8.840825806451615
20115 7.488900806451615
21069 8.710577419354836
26101 6.847832258064517
27097 3.76505701612903
28003 8.516651612903232
29085 8.24818494623656
30003 4.542089032258064
31153 8.05024231057765
37061 10.314948973607038
40023 8.116020645161289
46069 5.3995967741935464
49047 5.770077419354839
50019 4.066486129032256
6089 5.393229838709677
13263 11.121969892473121
26097 5.537906451612906
28033 8.184950342130984
29053 8.315555483870964
29117 7.807357419354836
37143 8.474002150537636
42051 9.581072670250894
47107 9.450204193548386
47165 9.60390875576035
48135 6.944003801843314
51069 7.925252304147466
1075 9.251854838709676
13287 11.170227419354841
23021 3.5690893145161295
31111 6.023503629032259
39037 9.401213709677416
39061 10.27019821272886
47029 8.93597921146953
48429 6.739047311827961
51061 8.038327703984821
56025 3.5254732616487465
6065 12.278112105675431
12075 9.305844444444446
13143 10.550998709677422
21037 10.005577290322577
21061 9.231627419354833
21141 8.912278494623656
22109 7.19439247311827
29189 9.966288490841322
37131 9.557303870967738
39111 9.598424193548384
40073 7.458390322580645
48127 6.709908064516128
5073 8.323109677419351
53001 4.9114941935483865
55049 6.847885483870966
13195 10.419177956989248
13227 10.091207526881721
16079 4.921324731182795
17059 8.481316129032258
19121 7.478776344086022
21129 8.645002150537634
21199 9.053551843317981
27041 4.618003584229392
31059 7.215062903225809
31157 4.3626548387096795
35035 7.008974395161292
38099 5.502188172043011
48421 5.6277193548387086
51005 8.859924731182796
5113 7.85406129032258
12001 9.177225288018425
13001 10.363049677419362
17097 9.379938435589306
17185 8.938485483870966
19181 7.546182258064522
24039 9.053402304147465
25025 5.840865243516757
27157 6.478979569892476
29009 8.42034838709677
29510 10.127470602556318
39099 10.147534331797218
46103 3.827159467040679
48137 6.308667741935484
5027 8.075190967741936
53015 4.393974059139781
55075 6.16161290322581
18011 9.242045483870971
39107 9.33503225806451
48021 8.217964838709682
48087 6.295499999999998
5031 8.500772485768502
12073 10.976821157495253
17149 8.736656774193548
18057 9.922603225806432
21013 9.085454838709678
21117 10.032411014948849
22057 7.17075119214586
30069 4.594890322580645
31113 5.718454838709677
35019 5.38112258064516
38101 4.265302183622827
45029 9.50710788530466
47057 9.869439354838702
55089 8.570250000000005
6063 4.683809677419353
8041 5.180773821339952
13099 10.881669032258058
17027 9.430013709677418
19065 7.0718221198156686
19147 7.2792104838709655
20141 6.6924709677419365
36071 6.812679869334422
36085 9.449030275229356
38029 4.731422580645162
39085 10.595057675194647
40087 7.918691397849465
40117 7.618513548387095
42097 9.55642956989247
50027 4.6268136200716805
13213 9.948726209677421
18159 9.189445161290323
20003 8.207583870967742
26099 8.570927494026272
30097 4.270506451612903
39047 9.210282027649772
40139 6.089368387096776
42015 7.991136175115206
47059 9.406762150537629
47069 8.016781182795699
55093 6.47232741935484
15005 7.775946783881882
1011 10.878232258064514
13059 10.741152473118296
17093 9.619599032258062
23025 3.7423540417457355
30013 4.518970674486802
40047 7.616457526881721
45049 9.747560000000005
47093 9.997269902073736
48057 8.37245290322581
51107 8.745740545905717
54085 9.447613978494624
1023 9.044629838709678
24035 9.602642521994126
26133 6.429459139784945
54055 8.91151068548386
13129 10.594051254480283
17103 8.59335949820788
17159 9.184787741935486
18063 9.862405683563747
19013 7.4689852292020324
19093 7.789145161290326
27111 4.836268481973439
37027 9.598148197343447
38085 4.694208064516131
39135 9.432005376344087
48089 7.94386
48193 7.162194623655917
2220 7.775946783881882
17023 9.397244354838708
19149 8.204251075268822
27043 6.921563440860214
27085 5.806143317972352
31095 7.24269139784946
39071 9.022483512544806
39145 8.848157258064512
42023 8.52914032258065
46135 7.554339999999997
48321 8.452366451612908
51007 9.005017741935486
53011 5.169724410669988
55133 8.558096736684174
6051 4.457211827956988
6097 8.005217725643531
8061 5.28836129032258
18039 9.613090770609324
18067 8.932162419354826
19059 7.183983225806453
20065 6.3735983870967745
20119 6.265164516129029
24005 9.80047752487188
27017 4.689068202764974
27103 6.653700460829492
32019 5.130407741935483
38001 4.62028064516129
39003 9.258313685239495
39053 9.22134193548387
40107 7.578697580645162
46073 5.651783870967741
49041 4.562974193548388
49049 5.715493044354824
51036 9.190302150537638
54017 9.48102580645161
55105 8.004856621392184
1089 11.214887538665495
13273 11.04303548387097
17061 9.024111612903228
20197 7.7352741935483875
37071 10.78246977667494
46029 4.809291244239631
47127 9.836925806451614
48041 8.457529723502297
48285 7.920937096774193
48307 6.704586021505377
5019 8.114080000000003
53031 4.217046082949308
54067 8.790311059907832
18141 9.685736172042999
21085 9.222204147465442
21215 9.775386290322576
27105 7.041789247311829
29219 9.084022580645161
30089 5.121693548387096
33009 4.286464770797961
37137 9.124403225806452
38095 4.9493193548387096
39089 9.63482802419355
42005 10.350874533106957
47147 9.257852304147463
48217 8.051679178885632
48491 8.207776368249384
5129 7.675575268817206
5141 7.920687741935486
13037 10.917037096774196
30085 5.119021505376343
31009 5.643503225806453
31139 7.692298387096773
36123 7.591367741935487
37081 11.745902575223619
38089 4.746710483870966
40061 7.774115322580644
41061 4.312094354838709
42037 8.965604516129032
46121 5.045482258064516
46125 7.254685483870969
47021 9.015523655913983
47087 8.781484677419355
48097 7.794993548387101
48231 8.542726315789476
48431 6.332351612903225
54011 9.317515572858728
54103 9.590088387096772
2185 7.775946783881882
12041 9.377252903225811
12115 8.505633905284837
19009 7.619305376344083
20153 6.036209677419354
31175 6.648609677419354
36011 7.72642835314091
37193 9.560222811059905
38105 4.904506359447005
54033 9.079960850439878
6005 5.613549103942645
1115 11.511025806451608
17085 7.360088172043011
20111 7.658603225806457
21197 8.695945161290323
27033 6.52208951612903
27061 4.604983401759529
27117 6.531452258064513
27129 5.70491182795699
28019 8.33580430107527
28039 8.775700000000004
28103 8.825274193548385
37109 10.629412365591387
37155 10.718560353798114
39005 9.38594780058651
39023 9.446337096774181
48237 6.972236559139779
48367 7.803512054329365
49043 5.252054838709677
54031 7.327593548387098
56005 5.086947465437789
1077 9.675888123167155
12101 9.410394800192549
13051 9.828231258518862
18029 9.777252580645174
18153 9.358710322580649
20199 5.948745161290322
24047 8.931242137096769
28095 9.11378207885305
28121 8.68744062126643
34017 9.527104197434907
37069 11.384769892473113
38015 4.888819185059421
40095 7.946527419354836
47015 9.249319354838711
47141 8.718518494623655
51083 10.328465949820785
5117 8.103230107526889
6007 6.054809930423783
13053 11.48147612903226
19017 7.24017338709677
20049 7.775090322580645
22027 7.830496129032256
22125 7.652031182795698
27015 6.408067741935482
27159 3.88995623655914
27171 5.788435028462993
28077 7.987156989247313
28099 8.8882400921659
29041 7.914033333333333
30005 4.585504838709679
37125 11.342851612903232
39119 9.471176570458411
45027 10.078313440860216
48477 8.220844623655912
55101 9.382794721407622
6025 11.367090218522355
1041 10.217351612903228
1047 10.30433354838709
17199 8.84420795698925
22079 7.438745845552302
28081 8.944763497453309
29125 8.280521505376347
32003 7.3086865072530935
37141 9.34120344086021
42087 9.179685483870966
42101 9.904547614247251
48357 6.1443666666666665
51135 9.179522580645164
55031 5.241013172043008
1051 11.45135956989247
12017 9.628077658303466
17069 8.319024193548387
20163 6.610319354838711
31097 7.561880645161291
35045 5.499520527859233
40149 7.036540322580645
48481 8.282913489736075
2100 7.775946783881882
1055 11.407263978494631
13117 10.86078372759857
13155 11.045958064516125
18111 8.43193064516129
19187 7.720467204301077
27135 4.7592722580645175
30019 5.252312903225805
37029 8.584859677419349
37189 8.857926550868484
38027 4.830338709677418
47155 9.153896953405022
47157 8.307363538169643
48151 6.368645161290321
48179 6.010164976958525
48235 6.342400000000002
48333 6.950890322580648
48405 8.052216129032256
51093 9.163202016129036
51197 9.109089784946232
8055 4.371390322580646
13271 10.833619354838712
17173 9.332472043010757
17179 9.30306161290323
18113 8.831157741935487
26115 8.603866335814711
37079 10.635954032258065
37181 10.835014838709675
39027 9.283166308243734
40093 7.12347634408602
46129 4.828783870967744
48229 7.097016129032257
6061 5.375493123339653
11001 9.634250117138233
12107 8.50148842504744
17161 8.259531693548384
18145 9.673162258064524
22071 7.859760506652122
26121 8.71435153609832
35011 5.588067741935486
35025 7.141109318996415
46115 5.268661290322579
55073 6.170344086021503
2230 7.775946783881882
20201 7.220238709677421
22099 7.12549677419355
27075 4.855590967741933
27107 5.356240860215056
28005 7.452239784946238
31091 5.243554838709678
34025 8.329777080983547
35027 5.781341935483874
37171 9.92398519061584
40079 7.828868548387091
47171 8.969012096774195
5143 8.260621774193554
18019 10.149053970223324
20101 6.330399999999998
22121 7.589750967741935
27099 6.661788563049849
30037 4.391925806451612
31005 5.12776129032258
31169 6.986577419354836
32031 5.249738162442395
45089 9.971114662756605
48413 6.366558064516131
5127 7.689932258064512
53053 4.895496395348832
6019 6.7985541903063496
6093 4.9848668202765
13153 11.515228611500701
18087 8.999522580645161
19129 7.748135483870968
21089 8.963802867383512
51049 8.81712258064516
8073 4.868037096774194
20161 7.747650000000003
21007 8.615250537634408
21123 9.532855645161296
28087 9.133161520737326
34035 8.36414364326376
35028 4.61744193548387
51125 8.409778494623659
51595 9.560574193548387
54069 9.896629569892477
12113 9.190137548387087
13315 11.060820967741938
21005 9.519647741935485
21041 9.564884946236559
28009 8.027382258064517
34011 9.053988519924102
35055 4.433636021505373
39063 8.882998263027291
46007 4.796088709677417
48311 7.332877419354838
5011 7.81800258064516
51199 9.343638479262676
55003 4.749070506912441
13183 10.061225806451612
13247 11.370572473118289
17041 9.146232903225807
17057 8.7697626344086
26051 6.35735913978495
31053 7.900213978494626
33003 4.292260762463343
36041 5.076545967741936
37003 10.046724423963136
39017 10.107373266129045
47161 8.374891612903227
48091 8.231132930107535
49051 5.135532258064518
51105 9.291532795698926
55063 6.455899354838719
55123 6.3922142857142825
56045 3.3335645161290333
16011 5.559066129032258
17075 8.43735519713261
20125 8.340544168734493
26107 6.918371260997065
31099 6.938679032258066
36083 6.263905606758832
39077 8.974209181141447
39171 8.728727598566298
40137 7.547456891495601
47083 8.431482795698926
48113 8.59062698945052
48261 7.763380645161289
5065 8.140331451612903
5095 7.899907526881719
51091 7.94237741935484
6011 6.068947741935483
8095 5.177198387096776
18025 9.41021827956989
20035 7.716687390029327
21107 8.41669543010753
29055 8.46877419354839
33001 4.68984898924731
39011 9.380696774193545
40143 8.10711821198159
48065 5.966345161290323
48189 6.319767741935487
51175 9.179049032258067
1107 9.348627096774193
12043 7.430076612903224
13009 11.477600716845878
17089 9.458738434303687
19025 7.672779838709678
21051 8.796893548387102
30021 4.791881720430106
30077 4.508617741935486
31131 7.681773548387096
38067 5.615709032258064
41023 3.909329032258064
48315 8.447257258064516
5107 7.873225268817207
51159 8.720770967741936
55037 5.213130645161293
8014 6.361290860215052
13161 10.626406451612905
13193 11.37541693548387
19029 7.5466283870967725
21027 9.318825806451606
27143 6.149543548387096
28151 7.8233974533106965
29005 7.751579032258065
31003 7.26811075268817
34037 7.363840361919751
42049 10.83156079054975
45005 9.825469892473121
47131 8.516668064516137
51153 8.486253128643616
54013 9.220629032258064
6037 12.532456967218772
6079 7.899766281192932
13075 11.203959677419356
13289 11.390274193548384
17063 9.31662354838709
20187 6.0880322580645165
27139 6.397333502304148
27151 5.133935483870967
28023 8.801971774193547
29031 8.745050806451616
29211 7.714077419354837
30051 4.956854838709678
32007 4.799415437788017
42065 9.55894218362283
44005 5.174928739002931
47175 8.608408064516132
12055 8.231900955794494
13005 10.317239784946239
13207 11.320968387096773
13261 11.292708467741932
17013 9.234812903225807
19083 7.608075806451617
22043 7.588046451612903
23007 3.740598566308242
27153 4.068183790322579
28051 8.192804516129028
29171 7.6288580645161295
29225 8.522448790322581
31087 5.990800000000001
37093 11.14812795698925
37167 11.365796029776662
42105 8.140899354838705
48161 8.378201382488477
51145 8.881768387096772
51620 9.032887096774191
8057 3.1181741935483864
16031 5.4243575268817175
17111 8.90867655086848
17131 8.387096774193544
17197 9.989517720713053
18157 7.196469136878807
22107 7.519644086021507
26123 7.546702932551318
27013 6.8278447580645105
27087 5.030819838709677
28083 8.130505645161291
37075 8.360972043010753
38017 5.649282013685233
4012 6.798951254480288
49029 5.504946774193548
54009 9.951139247311826
8063 5.353192473118278
18043 10.14369241935484
19115 8.248381720430107
20039 6.155200000000003
21093 9.860721114369495
22045 7.11027591397849
25019 5.6885348387096775
29007 8.4303470046083
31127 7.708966129032259
31133 7.6093935483870965
34027 7.976960129032267
35057 5.46284758064516
38005 4.898828225806453
38039 4.943522580645161
47085 8.418270322580645
48313 8.622174999999997
50013 4.88264193548387
55119 5.6583596774193525
8029 4.625515668202764
1065 9.66537258064516
1069 10.920727712609963
12085 7.089674193548393
13303 11.029936774193553
16033 4.585932258064516
16085 4.348124731182796
17123 8.966455483870964
21065 8.769424193548383
29175 8.156339247311829
37039 8.671835944700465
39167 9.587025403225802
42107 9.539133387096783
46089 5.109348387096774
47061 9.142935483870973
47183 8.488182991202345
48163 7.134587096774193
49021 4.74597298387097
49033 5.171729032258065
5119 8.829022988115463
53069 4.234061290322581
55007 4.728458709677421
2020 7.775946783881882
18117 9.241294623655909
19103 7.722555913978492
20069 6.370153225806451
20091 8.494408684863515
28089 8.862212135176652
37025 11.353439232781165
37133 9.92780301768991
41043 5.543801075268815
42113 8.166182258064518
5099 8.161107526881718
55099 5.2800940860215055
55121 6.195832258064515
6017 4.75606832708178
6105 5.3294387096774205
2060 7.775946783881882
13029 9.937886175115205
18041 9.177748847926269
20075 6.179893548387097
28155 8.253932258064516
33007 3.8238154252199417
38059 4.964890967741932
41045 4.805862096774193
48005 8.255367741935482
48095 6.566925806451613
48111 5.259082258064516
48263 6.170774193548388
5097 7.730401075268819
53063 6.78862341013824
13077 11.052019354838713
17137 8.871506451612909
18073 8.595004032258064
19095 7.7394637096774215
21063 8.399132258064517
32009 5.5428741935483865
36107 7.734277741935487
37041 8.492709677419356
39101 9.421382974910388
46021 4.833496774193547
47099 9.183616422287386
26049 7.821127062299922
28043 8.032331612903224
31161 4.304387096774193
32015 4.565874193548388
36013 9.807603502304163
39045 9.464926152073728
39133 10.20641032258063
46077 5.6425693548387095
51600 8.908507741935487
55055 7.888936935483879
56043 4.465618279569893
16023 4.497429032258064
21143 8.275997849462362
29141 8.243916129032263
29165 8.578241129032254
30043 4.687917204301072
37007 10.935210215053768
37135 11.956781682027659
37157 11.096199231950848
39073 8.979423041474657
46049 5.234816129032259
48471 8.806652258064517
5057 8.393923225806454
51081 9.499375268817204
51183 9.2382864516129
6013 7.581157351116643
6015 6.887916589861752
6055 8.35360137096775
1067 10.802171505376345
1119 9.196529838709676
19159 7.4345709677419345
21217 9.29761870967742
22115 7.624740591397851
45075 9.95298241935483
48121 8.406976030138924
48351 7.964575806451615
48463 6.8979619354838695
5015 8.06586064516129
8111 4.075951612903226
1127 10.705431899641585
1129 8.971917419354833
12015 8.065500594227514
13283 10.690372580645162
16049 4.699741935483871
16053 5.942656129032258
18007 7.723452688172045
19045 7.830579569892475
21075 8.607998387096774
23015 4.34387476702509
29071 8.992460531309298
35049 5.289853548387101
39013 9.761959838709675
39087 9.210977620967745
40105 8.191479032258068
41007 4.31664220430108
47119 9.16616337760911
53045 3.844339147465438
53073 6.8816592979127185
54027 7.312475483870969
56011 3.980356451612903
8117 3.955597354838711
13073 10.674802258064522
13087 11.34347741935483
13225 11.446110752688178
20043 8.293462365591395
21097 9.128927741935483
22063 7.711286907020875
26003 5.110217204301074
28021 7.624460215053764
29145 8.547584139784945
30031 4.979408504398825
40035 8.20023870967742
47179 9.574054698457223
48055 8.304697580645161
48063 8.422102150537633
48199 8.20375865102639
51167 9.125652995391706
54095 9.623075268817205
55043 6.855577688172044
6101 6.637357603686631
12019 8.795063548387086
13219 10.869573655913978
17169 8.547247311827958
20131 7.8637978494623635
21057 8.879045161290321
28053 8.000521505376343
29217 8.219536559139785
47089 9.750845878136198
48331 8.078310138248849
48449 8.423881451612901
5137 7.997406451612905
51770 9.552136605890615
10003 9.675792084367252
19043 6.916718279569898
21149 8.744402150537635
22065 7.718807096774193
26109 6.150946543778801
31101 5.509416129032258
36059 8.781039287778919
37005 9.187643010752687
37199 8.650484516129028
42027 8.996679916753392
42115 7.618664222873898
45059 9.796635104364327
48435 6.335499999999999
49001 4.757309677419356
5005 8.188706093189966
5085 8.5450502016129
1003 9.174494484911547
12009 7.946946988295742
13245 10.78313617021276
18047 9.371825806451612
20087 8.264450806451615
20109 6.152893548387096
22033 7.899428015427772
22075 7.726101075268823
24013 9.132578692699482
24021 8.935985616076175
26063 7.1292040322580705
28131 8.513808602150542
29159 8.260622580645158
30023 4.862803225806451
30045 3.9565548387096765
31045 3.7761759677419353
36065 6.973825937227539
37175 8.393990783410137
38083 4.4420032258064515
40009 6.668275806451615
41049 4.668572580645161
48443 6.570216129032259
5043 7.745239999999996
51683 8.514142396313362
54015 9.02400430107527
6023 7.375649139784943
1121 11.247164369501453
17203 9.139262365591401
19165 7.634371774193548
32005 4.5892275142314976
35009 6.147755107526885
38075 4.231822258064517
40039 7.036298064516127
4025 5.605141858678954
41033 5.150114717741933
45017 10.046083870967744
47001 9.507705376344083
48279 6.309603225806452
12089 9.05036397849462
13151 11.306660645161283
20023 5.845119354838709
26093 7.914664833421467
29139 8.62246935483871
36043 6.491619694397279
39025 9.666292500000004
45039 10.207285806451614
46039 5.121261290322581
48281 7.368440645161291
51103 8.945488172043012
54021 9.155085483870966
54045 9.003829749103943
55001 6.618889400921661
8037 3.938941705069126
1125 10.653595676046674
12129 10.31125080645161
13167 10.827338709677418
13177 11.184392903225808
13185 10.837658064516123
13309 10.77016935483871
16029 4.985917741935485
19153 7.687403127057273
20145 6.818817741935486
21091 9.26522688172043
22001 7.247365860215053
37031 9.079580122057534
38011 4.668485483870968
46027 8.130506451612904
47153 9.142862365591398
48181 8.100242059553349
51119 8.942689516129034
51650 9.445632922201126
53047 3.442487870967743
53059 4.0550587096774215
16003 4.575133870967743
16073 4.849292473118279
17077 8.897246313364054
29123 8.374860215053765
40103 7.768572580645161
42063 10.029976157082753
46067 6.657121505376342
47067 9.555679032258062
48025 7.86615253456221
48393 5.900787096774192
48455 8.449043225806452
53049 4.265228571428571
54025 8.726274193548381
26037 7.970037683284459
26125 8.21519045619394
38053 4.370458387096776
39049 9.88587333030441
39067 9.629285806451612
42071 12.164312376563526
45003 10.362668523949175
46043 6.191700000000001
53019 3.9269440860215057
55019 5.925676612903224
1029 10.85021209677419
1105 9.870620430107529
19193 8.36922679900745
20137 6.352529032258065
21109 8.842709677419354
21125 8.984668734491313
21127 8.723566451612902
26017 7.343365756823827
32027 4.619880645161291
36111 6.1357569663692555
37017 10.363451075268818
39105 9.31838870967742
42131 8.11938387096774
45041 10.407083382209208
48385 6.495558064516129
51550 9.092367820613697
54043 9.12196967741936
12081 8.72828622828783
34023 8.640743797235032
36035 5.7728709677419285
36115 5.288218595825429
38097 5.382777419354836
39131 8.870216666666668
40133 7.727281003584228
42109 9.614940322580642
46097 6.034906451612903
48329 6.920795818399043
55029 6.723725089605739
56023 5.161187096774193
6049 4.224459677419355
8039 5.010493548387098
9011 5.603208734491316
2013 7.775946783881882
1111 10.990848387096777
12131 9.553957771260997
20021 8.553375268817206
20047 6.618009677419356
26005 9.39456169354839
28065 8.165343010752688
29037 8.424439677419345
29095 8.31785010536555
45021 10.207903970223324
47017 8.380819758064515
48167 8.807141446725321
5037 8.04342204301075
51133 8.93919677419355
1081 11.9222861409797
12045 9.454420430107527
13201 10.95466451612903
20135 6.3365161290322565
28093 7.926380645161291
31147 7.853244086021504
39075 9.738000806451616
47177 9.005836917562727
48325 7.5350951612903225
8031 6.91051904121863
8099 5.522195483870967
1061 10.209362903225808
27095 4.187663548387095
29025 8.016567741935482
29157 8.646607741935487
31149 5.790074193548388
38049 4.421420967741937
41025 3.912793548387096
46087 6.623004838709678
48077 7.05850430107527
48213 8.544233586337759
5053 8.013529032258063
55067 5.71413870967742
1057 9.693246451612906
12109 8.50643580645162
16001 6.565126025150346
17029 9.328822043010756
19191 6.635222580645162
20095 7.162144086021506
26113 6.117175000000003
28035 8.606258254269445
29063 8.121616129032256
30075 4.752632258064517
31151 7.378488709677421
33011 5.777652584396098
34039 8.907610334528067
36067 7.840499032258058
51173 8.950162724014337
6113 6.818762942564907
8001 6.767155763219151
8085 4.46905258064516
15001 7.775946783881882
18115 9.753335483870968
20189 6.404054838709675
20209 8.53183967741936
25017 5.916434587137324
27027 5.618749131513653
28063 7.536587096774193
29047 8.46603159824046
40015 7.4482495967742
41041 4.860207969639468
47003 9.661178136200714
5079 7.800637903225807
55045 7.511027016129033
55107 5.475140000000001
13081 11.195803225806447
17099 9.071431105990799
19035 7.77316935483871
21001 9.090490322580644
22119 8.105695894428141
28157 7.58667580645161
29003 8.194406451612904
30039 4.604977419354839
48283 6.941732258064516
48377 5.464820967741935
51097 8.812720967741937
51101 8.850031451612903
51131 9.148903225806452
51181 9.108490322580641
6085 6.259889784946225
12071 7.888473299650204
13089 11.548388720800906
13103 10.068996774193545
13199 11.020654032258063
16075 5.43594435483871
19177 8.124166129032258
22077 7.381854301075269
26001 6.080715483870967
27163 6.779992645161294
27165 6.700155913978495
29135 8.345403225806448
30101 4.858086021505376
51193 8.646483064516131
1093 9.361499596774188
16057 5.558639631336402
17015 7.79481827956989
18069 8.739423297491033
19003 7.511132258064519
19119 7.509853763440862
19183 8.075941935483868
20107 8.261206451612905
21131 8.79550860215054
26055 6.437609274193545
30017 4.594198924731182
5071 7.932021505376345
8059 6.114885694249645
12021 7.53225536897923
13277 11.305491397849458
18147 9.288190967741935
20143 7.132640322580644
20183 6.617027419354838
28017 8.636154838709672
28123 8.698629032258074
48487 6.826730645161286
51570 9.402619354838706
8045 4.370410938416423
13033 10.391654301075276
13093 11.299482795698927
17191 8.856133548387097
19057 8.476023460410556
19125 7.659205241935484
26127 7.678501382488478
28049 8.571734223790319
28143 7.870712903225808
29097 8.647745601173009
31143 7.629638709677417
47101 8.520411290322583
51011 9.160436559139784
51037 9.651116129032259
51670 9.423599078341015
54091 8.63956370967742
19073 7.681397580645161
27089 5.337675806451614
31159 7.568043548387095
36081 9.42422724817976
39147 8.886925576036871
40067 7.270262365591396
45025 10.515284193548384
47013 9.029248680351909
48069 6.14751182795699
53043 4.9366129032258055
17121 9.23815053763441
20139 7.946977419354835
22017 8.69190372983871
25009 5.7648951314217465
28139 8.260139516129032
34007 9.578772136144272
42069 8.157432531437944
47121 9.374196774193551
48427 7.062785161290321
5061 8.280869892473117
53055 6.258164516129032
16013 4.229228225806453
17073 8.456292307692305
21231 8.745983870967745
28057 8.969474838709674
32011 4.58395806451613
35029 7.982555376344085
39125 8.911232258064517
55131 7.958827188940085
1053 9.475400716845876
13229 10.035016129032256
16059 4.504293548387096
19069 7.473194623655916
26059 8.458283602150535
31007 4.099554838709677
40021 7.889675268817211
40059 6.423325806451617
47005 8.365854193548383
48175 7.813320967741934
48203 8.471528571428573
48251 8.278029377880188
56019 3.8016174193548387
15003 7.775946783881882
17171 8.83573548387097
18037 9.326871889400923
20017 7.4708354838709665
20077 7.252451612903221
21021 9.24800829493088
29061 7.895285483870968
31085 5.82049677419355
36057 6.087514314516124
40001 7.876752903225802
48359 5.3109806451612895
48403 8.010454838709677
51073 9.16750483870967
51820 8.388927096774188
6029 8.829391177098904
6071 11.616057400122333
18103 8.660768387096775
18163 8.803886767610265
20133 8.36205548387097
21103 9.534254193548387
21191 9.209825806451612
21203 9.026045161290321
28137 7.964498064516127
29155 8.622299462365596
29173 8.5734623655914
35039 4.606980286738349
39103 9.964398605056664
41011 5.423962282878415
47133 8.520013364055298
48047 7.4848709677419345
48371 6.132173387096778
48457 8.015480645161288
51079 8.022487096774192
51127 9.039822580645161
1017 11.602481720430097
13159 11.242388172043013
18175 9.35658817204301
20051 6.7335204301075295
20171 6.392338709677419
26065 8.187856431700515
26143 5.977215161290325
30047 5.259855241935486
31119 7.820668817204302
34001 8.76186143057505
45061 10.338108755760368
48335 6.377906451612906
48475 6.535293548387098
19113 7.776593906810033
27057 4.135204884792626
28147 7.581725806451612
29187 8.59049589442815
36045 6.95409135483871
36091 6.019924709677414
37057 11.538205407969635
37083 9.846210215053764
38041 4.6216967741935475
42077 9.229573047538196
45047 9.971858986175125
47041 8.956542741935484
48119 8.41999193548387
48365 8.198679032258065
48387 8.188641935483874
49019 5.10265806451613
51043 8.06956451612903
54049 9.175321326164878
55083 6.366294516129034
8017 5.348051612903227
17105 8.774296451612898
19123 7.892481566820275
19195 6.89747741935484
20041 7.47002903225807
39117 9.442097849462355
39143 8.790469892473117
42111 8.305581105990782
45057 10.58617949308755
45085 10.39811332398317
46013 5.3044758064516175
1005 10.894520430107528
13003 10.56983978494624
13239 11.125441935483872
19169 7.7275517741935404
22003 7.2467070967741956
27067 5.209536290322583
27077 4.300206451612903
28061 8.771322580645164
37165 10.882063133640553
49027 5.088935483870968
51775 9.527297419354836
2188 7.775946783881882
15009 7.775946783881882
17127 8.519074193548386
19019 7.482309677419352
21043 8.509464976958524
22031 8.257491244239631
31117 5.5031967741935475
34005 9.139478890775322
36005 9.242185983442791
40145 8.147250733137843
40147 8.132146153846145
4015 5.966210202550636
41017 4.6441915322580645
55011 6.195309032258067
55013 4.782734892473115
8011 5.0358677419354825
19001 7.485221505376341
20071 6.047980645161292
22111 7.907987096774196
28159 8.574842580645157
37185 10.26543333333333
40007 6.081030107526882
48295 6.102414516129033
48391 8.053995161290322
48411 6.91941129032258
8119 4.515837096774193
9013 5.500383426028924
2050 7.775946783881882
12077 9.991099999999998
13043 10.441706451612902
19131 6.822886021505376
19145 7.590927419354842
20103 8.477264717741939
20181 5.96933870967742
28127 8.346809677419357
29091 8.403683064516127
39115 9.29888387096774
45079 10.560858064516111
48299 7.270159677419353
51530 8.806764516129034
51660 8.135635190615838
13007 11.146746774193549
13039 9.155226451612897
13055 10.495838172043008
13269 11.203693548387102
16077 5.086082258064518
19111 8.566877126099715
21067 9.533142092840292
21111 10.404496047964885
30071 3.9528967741935492
37163 11.018145161290317
46057 5.160409677419357
48363 7.261279211469538
50005 3.9550752258064517
51033 8.548818433179722
6001 7.545599749103919
8083 4.578139631336404
10005 9.056308094948252
1031 10.472685944700455
1091 9.571764516129038
17031 10.58339906015957
19197 7.625176774193546
29143 8.75412419354839
31047 6.485258986175117
35051 6.238895161290325
36007 7.6618452199413465
42033 9.318007580645165
46105 4.553251612903224
47117 9.5399123655914
48323 6.836641935483871
13025 9.648374193548387
13133 11.005885714285714
13147 10.046496129032265
20123 6.780224193548386
24023 7.331423502304147
26067 8.085775186104225
27007 4.539959225806451
27161 6.674453548387097
36055 8.623529065860211
55115 6.453571554252201
12051 7.336915207373275
19005 6.564671612903223
20025 6.282293548387098
20037 8.457131085043995
27031 4.81291322580645
31109 7.787204533565808
36069 7.935283870967751
36097 7.623545161290315
37177 8.321590322580645
39015 9.073919713261658
40065 6.922466935483873
40121 7.984482878411909
42075 11.598023621227886
5039 7.824404301075268
51760 9.277828299120246
54037 8.487445161290323
55087 7.294327983870964
8077 5.190626696329263
12087 6.779697634408596
17043 9.910850686977279
18139 9.352220645161294
19097 7.444337096774195
21233 8.389492741935483
23003 4.141531854838709
26089 6.576120967741937
27121 4.817798387096773
29229 8.252639516129031
31021 7.857223655913977
38051 5.06276129032258
38093 4.834340860215056
48149 7.876051612903221
5007 8.559023370638572
51067 9.688994516129034
54083 7.930927649769582
55139 7.6803708890637274
8093 4.1717774193548385
2240 7.775946783881882
13241 8.636346451612903
18167 9.45691440092166
21209 9.445182718894007
29115 7.79479806451613
35031 5.247324857685009
36023 7.351288440860215
37047 9.984177171215872
47091 8.962334838709673
51710 9.3814442453206
51735 9.408887096774194
54063 8.98811827956989
13211 11.10389612903226
16019 5.914950998463896
18081 10.005779472140757
22073 7.9131483870967685
24025 9.734003225806456
29203 8.380177419354839
34031 8.308916677419358
39065 9.054069585253457
51630 8.398955913978496
55081 6.346470967741935
56013 4.423022580645162
13267 10.376838709677422
17051 9.24885207373272
27131 6.474450868486354
28037 7.548875806451615
30011 4.373745161290322
30033 4.363729032258063
30063 5.531833870967741
34019 8.418088213399514
35006 4.920373732718894
37147 9.859762399193555
46059 5.384570967741934
48049 6.952965591397852
48469 8.157807012622717
18021 9.149583333333334
20185 6.885325806451612
23019 3.5063837166900313
26161 8.318008999999996
28069 8.872104838709676
28153 8.800927419354837
30111 5.2496504032258064
40025 5.182595161290322
4005 5.431838364055302
46071 4.835822580645161
48107 6.348076344086023
48275 6.525232258064516
49015 5.08324946236559
51510 9.115810780984722
53017 3.4645717741935473
53071 5.0207870967741925
55057 6.552564976958525
8087 4.805642741935485
12039 10.986162007168454
20149 7.854814516129036
22007 6.962632258064514
27059 5.14782056451613
45015 9.80712387096775
48177 8.038379569892468
48425 7.507858064516131
5013 7.830708064516128
1063 9.430072043010748
17109 8.64177741935484
18125 9.27233387096774
20027 7.303398387096775
21033 8.212588172043016
21049 9.167375161290321
22015 8.676094721407623
22089 7.559333995037223
25021 5.629705955334999
26087 7.769874596774197
29169 8.205862365591399
37023 9.574939964157704
47125 8.69034284532672
50025 5.2273089605734775
51840 8.009248387096775
12083 9.149850435227854
18009 8.985490322580647
18049 8.502332258064515
18053 8.994032056451607
19179 8.035851906158358
29087 8.000827956989248
31125 7.625306451612903
38031 4.812887096774194
47129 8.310219354838711
47151 8.469516774193545
55141 6.344063757115748
6047 5.36427867017776
16043 4.964358064516129
17067 8.639567741935487
20055 6.544240860215053
30015 4.4427290322580655
36053 7.261213306451607
37119 11.286864737643631
42079 8.466089050868469
47081 8.516717741935482
48327 6.4355677419354835
48489 7.920993548387098
55047 6.9667623655913955
55069 5.61498258064516
55113 5.079676344086024
1025 9.45580788530466
13301 10.782351612903222
13313 10.305614336917563
18017 8.397194428152497
27169 6.47889935483871
28135 8.00536129032258
30065 4.615911290322579
31081 7.414723655913979
35053 5.2295919354838745
37161 9.489326054590576
42039 10.030430434782605
42085 10.138908602150533
48053 7.5158782258064525
48419 8.128473655913982
8053 4.095287096774194
16065 5.683303225806452
16081 4.836019354838709
17035 9.43411935483871
17167 9.326248082775429
20085 8.056150537634409
20105 6.8942258064516135
21237 8.563264516129031
26081 8.981927469758068
27093 5.293921505376343
28025 8.89758
40077 7.727858064516129
48103 6.579483870967742
48485 7.210632693984305
49053 5.334451920122892
55009 7.362429749103942
29027 8.437354032258066
31075 4.914251612903225
37019 9.441234897360708
42017 9.181172411459519
2105 7.775946783881882
1085 10.3680620967742
18065 9.260481637717119
22029 7.55583548387097
28027 7.978331797235023
29023 8.630198709677416
34003 8.615696215534305
45013 9.529093870967747
47051 9.735781362007163
5035 8.227920483870967
51800 9.026346889400923
55021 7.104979569892475
55091 6.199546774193548
20061 7.6206564516129065
28079 8.630644516129033
29177 8.066442741935486
31179 8.093935483870967
35001 6.294109276829025
37111 8.935142903225808
42099 9.740101935483867
45053 9.797666129032262
46019 4.154077419354839
47077 8.281939247311827
47115 9.709776344086022
55035 6.1649641935483865
6111 10.786679750139838
13137 9.298354838709676
13149 10.984865591397849
17025 9.154512903225802
17145 9.021965053763443
26019 6.631916774193549
29035 8.422467741935483
31141 7.820647465437791
39057 9.506007373271887
41067 5.340657320099244
48273 7.981720645161287
48277 8.302954838709683
5021 8.569407526881722
51790 8.388375268817207
8021 4.297570967741935
8069 4.30513788775959
39039 8.886905734767023
39079 8.975327649769584
39153 10.353813333333347
40075 7.070886021505375
48079 6.305625806451613
48109 6.276006451612904
48407 8.6441814516129
54051 9.807081720430112
55027 7.372693064516125
13091 11.005059139784947
17163 9.837354731182792
18155 9.6524623655914
19151 7.463724731182795
29051 8.489623870967744
42003 11.14697167388857
45071 9.959963709677423
48445 6.543450537634405
51027 8.89859493087558
54041 8.881856129032256
8015 4.182923870967743
1099 9.681322119815668
13265 10.800832258064519
26061 4.7544977419354835
29069 8.651716774193549
29153 8.18494516129032
30061 5.075582258064516
35037 5.33023440860215
37053 8.680821658986176
38019 5.2291741935483875
39041 9.728353179723488
39165 9.919147311827944
40037 7.657242396313363
45083 10.082729920523597
46099 7.151426881720428
47181 8.610042741935484
48099 7.615776910016968
48133 6.906691612903227
48201 9.875100685381225
49011 6.284801553166082
51025 9.564023870967743
56037 5.162801344086021
6035 4.568525806451614
8025 4.942854838709676
13253 10.887083870967743
18077 9.59848341013825
21055 8.270773387096774
22101 6.93144616935484
40017 7.981689655172414
47065 10.204606136900068
48303 6.830272438330164
48309 8.311448703352305
51095 9.13870703812318
54099 9.110374780058654
1071 10.475745747800591
13189 10.708044516129032
13257 9.416309032258061
18131 8.371626612903228
23005 4.916714613880744
25005 5.609543070967752
26029 6.097400744416878
27079 6.482093010752685
33017 5.21077941935484
36047 9.888950008488978
37091 8.95282516129032
37153 10.964701173020527
4003 6.977865524193562
40135 8.007617921146956
42009 8.580048387096777
45009 9.761762903225813
45023 10.274250146627578
48269 6.1128225806451635
54001 8.272495967741934
54059 8.889356682027653
12059 9.843104032258058
13115 10.792741935483866
27155 5.139935483870967
28075 9.090785568760596
28085 7.701051612903224
30093 5.293584677419353
35021 4.909029032258065
38003 5.061649193548385
38079 4.877837903225805
40005 7.922832258064513
42093 9.32107096774194
53041 4.22274679032258
8089 4.888308294930876
13019 10.996870967741936
13023 11.142395698924728
17183 8.44942204301075
20007 6.825456451612903
20029 6.92773870967742
26073 7.032094838709677
27101 6.4259139784946235
31107 7.2075118279569885
36009 8.787487250384023
37043 8.615148387096772
39031 9.652996451612907
40081 7.549749769585251
41037 3.937425806451613
45033 10.584211290322578
48305 6.472908602150538
48343 8.3775064516129
48501 6.761996774193549
51017 8.39833870967742
1073 12.128931327924022
17007 8.461452995391703
18091 10.046948963133636
29105 8.380243548387098
37013 8.960973313783
38035 5.825528673835125
48409 8.35782802419355
48467 8.552252258064524
48473 8.988006989247312
5023 8.17792811059908
5131 8.304549503722086
13215 11.810807851491171
17119 9.861120359598083
19175 7.498573387096773
21011 8.70950752688172
21185 9.858026036866358
26039 5.877896129032255
27127 5.94856559139785
28113 7.556560080645163
29075 7.76693548387097
30027 4.193535483870967
31043 8.422716129032258
32001 5.277885714285707
36037 8.605631182795697
41069 3.944690322580645
45031 10.454388709677424
47149 9.77442402896643
55078 6.139838709677418
6083 10.157603117071416
9007 6.215694802867387
19161 7.7284612903225804
21165 8.555193548387097
26095 5.073520430107526
27055 6.458829677419357
29101 8.150269175627244
29103 8.029727419354836
39019 9.805741474654381
40063 7.769256129032259
41057 4.26784637096774
48241 8.046981048387101
50023 4.078851324278438
5091 8.57864139784946
53023 4.910374193548386
56003 4.617544086021504
1019 10.96503279569892
13125 10.749241935483873
13291 8.945944623655913
18099 9.011828225806454
18123 9.460930322580644
19011 7.617361751152075
20121 8.39658306451613
20193 6.1729548387096775
22049 7.730839354838713
26025 8.758370885028947
40083 7.724469354838709
47137 8.494416129032258
48159 8.344931182795698
48259 7.631783870967739
51680 9.430654159592532
8009 5.268969354838709
17017 8.726605806451616
22095 7.596456011730207
26045 8.26137361751152
28029 7.864691935483874
28059 8.735090898617509
29111 8.415297580645163
30073 4.403951612903226
36033 5.32097788018433
38007 4.88038064516129
48483 6.228545161290325
19127 7.564806129032255
21087 9.281819354838712
22005 7.70276313364055
23001 4.378537903225808
26077 9.332286644029407
29059 8.425592473118275
29213 8.377674838709677
31185 7.457864516129033
37113 8.340833691756274
37197 10.356810138248852
40115 8.392241935483874
41047 5.677818965517236
42021 9.722299308755776
46015 5.645938709677417
46017 5.551503225806452
46045 5.150583870967742
48143 7.180831854838713
48453 8.43663123705239
49005 5.687980024813901
49045 5.794003225806451
5083 7.842557526881724
5123 7.926911827956987
5149 7.905155913978492
55129 5.000039999999998
12029 9.567451612903225
13135 11.3178607764773
20099 8.371352822580642
26007 6.130690681003587
27069 5.425277419354839
29186 8.785555645161296
29197 7.861696774193547
31121 7.560754838709681
37011 8.75483483870968
37151 11.755419585253454
38077 5.327956989247313
40013 8.06726246334312
45063 10.352985789014841
48081 6.384472580645165
8065 4.040141935483871
8107 3.507887419354841
1045 10.638408755760373
13035 11.297240860215053
16083 5.601802995391708
19051 8.01120806451613
19089 6.660652688172043
21025 8.722504608294932
21151 9.086039558573859
21189 8.694025806451615
21225 8.396762903225802
22103 7.781162865716435
27019 6.266023989813245
29113 9.235388479262678
29221 8.513195483870968
31015 6.058229032258065
36015 7.8834485337243425
37123 11.40686774193549
42029 10.605784593993327
44001 5.59509442815249
48191 5.9778387096774175
48461 6.579117741935484
49035 6.369117057212448
56015 3.9183604838709685
13049 9.208438709677418
13173 10.620501612903226
21039 8.535369892473117
21053 8.738032258064516
21173 8.86633494623656
22083 7.675825268817204
29029 8.375504692082103
31093 7.153098387096774
35041 6.139346451612899
40027 8.146018834547368
42125 10.745441224712978
45043 9.937879262672814
5103 7.9323543010752635
51610 9.219570967741936
6081 7.430623193140065
17009 8.527429032258064
19109 7.235171505376348
20073 7.644622580645159
4027 9.65372463343107
48493 7.984845454545463
50009 3.9207182795698943
5001 7.928522177419361
5059 8.073576497695854
51147 9.11095677419355
51185 8.835383577712603
26079 6.048945806451615
29099 9.338903149001554
34015 9.612013773681525
35017 6.63620967741935
38061 3.9910048387096753
48059 6.7262741935483845
48415 6.35612822580645
5069 8.07638172043011
55015 7.470440469208208
55023 6.555221505376342
12007 8.878712096774196
12111 7.302667668621701
21017 9.190697849462369
27039 6.53897741935484
27053 6.570919814435211
29045 8.328894623655916
31037 7.746709677419357
38087 4.711261290322581
39129 9.345169230769233
4023 6.6355509677419375
47163 10.042334574028105
48389 6.270847096774192
49003 5.701669794721405
1027 10.83643064516129
12086 6.843396008220184
17181 8.656243870967739
17195 8.257160573476707
19087 8.24749741935484
22047 7.1209520737327185
28007 8.385145161290318
29043 8.845897004608291
36061 9.534589460125456
39021 9.369328064516127
40031 7.556357560483877
48073 8.264939247311837
48197 6.580874193548387
5041 7.78242451612903
51179 8.358437873357223
1133 9.894069585253458
13079 11.365143010752693
16021 4.3533983870967745
18033 8.895346953405015
18137 9.531429569892472
19031 7.780188387096774
22021 7.545402150537634
30091 5.299064516129032
30099 4.253483870967742
48013 7.75143387096774
48023 6.719938709677419
48223 8.44006630824373
48503 6.754813709677423
53039 3.9857645161290325
6033 5.619541505376343
13163 10.680855645161282
13223 10.76533480475382
18031 9.493670430107525
18071 9.42356838709678
19037 6.939543548387096
23011 4.029529053069717
38021 5.14441935483871
4001 5.097847177419362
40125 7.715254233870959
41039 5.458095123780937
45065 10.196917204301075
45073 9.341507741935484
47105 9.703875161290318
48215 7.897658349985713
51075 8.724643870967741
51191 9.247009677419356
9001 7.568574946236564
1035 9.84866387096774
12123 10.021662096774186
17037 9.023346236559135
20177 8.262365716429105
22023 7.694890322580645
23029 3.5341261538461546
29161 8.320973225806451
30083 5.38718951612903
30105 4.434319354838708
31067 7.483254838709672
37187 8.368288172043007
48247 7.023108064516128
49013 5.550425806451612
5077 7.839415322580644
53007 3.193208870967743
55103 6.542871612903229
2282 7.775946783881882
12097 8.651544531864657
18173 9.062418181818176
21171 9.03383790322581
31027 7.935516129032258
31105 4.064064516129031
36017 7.044932258064517
39163 8.945332258064512
47143 9.005048924731177
48117 5.814757258064511
48169 6.217493548387096
48479 6.662372818614486
51041 9.285004634257163
51750 9.52121505376344
54047 8.85993991935484
6031 7.271400955794501
2198 7.775946783881882
1015 11.40070863683664
1131 9.797986290322578
13057 10.92543511166251
13105 10.140080645161296
18149 8.900515207373271
22053 7.253801382488478
26145 7.590091474654372
30103 4.74129677419355
31031 4.927196774193549
37195 11.170903225806448
42103 7.216304480286743
46079 6.323320430107527
47031 9.55708790322581
47047 7.979193255131962
51115 9.16255806451613
51690 10.359569032258063
13171 11.181112903225811
20083 6.356141935483872
27133 7.064122580645162
36093 6.367945011252807
40111 7.619355161290325
41005 5.528034959677418
41063 4.229476344086021
46053 5.6620354838709686
46085 5.372353225806451
54087 9.221729032258061
1097 9.608250707413688
19155 7.884338172043003
21167 9.378821290322577
21183 8.880824884792627
24029 9.558197419354837
29133 8.79659435483871
36027 6.47119469171089
37067 11.226570031217458
41031 4.436928494623656
46047 3.0376653225806463
46101 6.369161290322579
48007 8.44907483870968
51171 7.672955197132613
5145 8.379881141439203
53061 5.0561823118279685
56029 4.642941935483869
20019 7.8393612903225804
22009 7.377388888888889
31083 6.648609677419356
36039 5.865701505376344
47111 9.092932258064515
48267 6.4400306451612925
5067 8.279232258064512
5111 8.214300921658989
56031 3.1997999999999993
56039 4.656374999999999
13069 10.723968100358427
13101 10.098603225806452
13237 11.274367096774196
17115 9.371495256166996
17139 9.283109677419354
17187 8.599252258064514
21095 8.951153665689153
22025 7.4781827956989195
28071 8.024180967741936
34013 8.90785639016897
37009 8.920404301075271
38081 5.298129032258062
39007 10.336133677419362
45019 9.286760037950689
46119 5.199754838709677
17135 9.261156451612905
18075 9.092961751152073
20157 6.84526129032258
21073 9.519599706744865
21193 8.815906048387099
26069 6.2443523297491055
28109 7.894575627240144
35013 9.0812601888277
37097 10.845309897360686
42095 8.831533965844391
45011 9.9406811827957
46061 6.402983870967743
48339 9.469040677966108
51580 8.90661290322581
9015 4.9858816774193535
1043 10.642787992831545
1117 11.353183131720414
24041 9.523177419354848
26091 8.432284992987373
26163 8.505772437863532
31041 6.202132258064519
31181 6.765716129032258
38023 4.878861290322581
39149 9.444996129032258
48417 6.593103225806454
1113 11.87556749379653
18015 7.899990783410143
20089 6.663024193548387
20175 6.365814838709676
31013 4.342864516129032
31115 5.960767741935484
34029 8.197648438709674
37037 11.913633002481394
37087 8.30781088709677
40045 6.356230645161291
40049 7.760984229390683
4017 5.423028720083242
42091 9.86295077205321
45091 10.71994817671808
48015 8.387147849462362
51057 8.64053548387097
5139 7.996942903225806
6039 5.710565077138854
6103 5.486373020527859
6109 5.061285923753664
19053 7.4618978494623684
21161 8.85823225806452
26153 5.415389247311826
28117 8.659656774193545
35047 4.744019815668204
4019 7.345384740998512
51013 9.333246692181522
51720 9.052074193548387
12069 8.906517626728096
20005 8.318599999999998
21135 8.61344838709677
22123 7.6952419354838675
24037 8.997542884250484
24510 9.916013016129012
26011 6.458665806451614
26047 5.863981854838705
27023 5.421461290322583
27037 6.71968329371815
31023 7.6142774193548375
35061 5.799554659498201
36075 7.637401446051156
40029 7.891022580645158
40101 8.010027217741937
49025 4.650762903225806
5051 7.9566217741935406
54003 8.437833179723508
55127 8.30807170087976
1059 9.187601075268818
13111 9.143526451612907
13175 11.01675260545905
22081 8.005427419354836
27123 6.923204803390642
29183 9.810586239281339
36079 6.818817147707979
39081 9.844581346423565
39155 10.107975718475071
48035 7.580404608294929
48141 10.665929973953105
48153 6.1285451612903215
48437 6.083940860215053
51195 9.009114956011736
54053 9.367706989247308
54077 8.113155645161287
55109 6.425353225806451
6115 6.173056682027648
46102 7.775946783881882
1103 10.745850179211464
12037 9.550423387096775
19047 7.738859354838713
26147 8.71761836734695
27045 6.4596333333333344
30041 4.865874731182795
31177 7.850727096774198
36121 8.367301173020522
40131 8.274134331797246
41021 4.595535483870967
51015 8.318397270471458
53033 5.3365126432111865
54029 9.859916532258062
13121 11.521627308665394
16017 5.212641577060931
20067 6.526270967741937
21159 8.905370967741936
21169 9.183967741935483
25001 5.461499942396327
26117 7.597299503722086
29163 8.739625806451611
30109 4.753383870967743
31137 6.860576344086019
50001 4.34413
5087 7.723313709677421
5133 8.271741935483872
51730 9.393300879765402
55005 5.561848709677418
55041 5.331509677419356
1007 10.147999193548388
17005 9.286598387096774
20081 6.590535483870969
21047 8.553656027164685
21059 9.051194389901829
27009 4.663293046594982
28115 8.545130645161288
32033 4.399390322580645
39069 8.844343778801848
41019 5.043853958944284
42073 10.124435483870966
48115 6.565123387096773
48257 8.628749103942651
48395 8.075200000000002
51137 8.084363225806449
53075 5.600736774193546
54079 9.311049677419359
8125 5.317248387096774
12105 9.156979974863841
18107 8.227047311827967
19141 7.615150806451615
20053 7.003479032258063
25003 5.524912572373867
45007 10.053480976013237
48379 8.517725806451613
2195 7.775946783881882
19021 7.629081182795702
19067 7.041984516129035
21213 9.256718548387095
27001 3.5790081720430087
37145 11.174029032258066
39095 8.782978308356595
40153 6.63799741935484
41059 5.006431612903225
44003 5.129548966087673
51059 8.948127156789164
51155 9.360106774193547
51177 8.312388602150534
54073 9.553251612903226
28107 8.027590860215053
29015 8.130500000000001
32013 4.869295161290323
38065 5.213058064516129
40043 6.750854838709678
40127 7.892039784946236
42041 9.943649374588542
42123 9.417897766749377
47103 10.095307526881724
47159 8.987737419354838
5003 7.894352995391705
51019 9.439582258064515
51021 8.919459677419356
8081 4.0164970161290325
13031 10.383520161290324
13097 11.010708709677418
18181 7.860647177419358
19079 7.764098064516127
26013 4.91240806451613
27029 4.6199613978494645
29179 8.416959677419355
31029 5.70140322580645
51047 7.950385080645164
53003 5.209611290322579
54061 9.069360483870968
55125 5.146094838709679
8101 5.301313255131972
12023 9.426509408602156
12033 9.116440072694234
13131 11.698218279569891
13311 9.209506451612903
19105 7.475674838709674
21029 10.215167741935476
26043 5.333397695852535
33019 4.940698387096776
37021 8.7010685483871
40109 8.109913452014432
2261 7.775946783881882
13109 10.421735483870965
21035 8.410345161290328
22091 7.429074193548385
26151 7.729320698924728
26165 6.261499999999999
28111 8.736972043010748
29149 8.415420430107527
31155 7.831229677419349
36003 8.170318362282876
36051 8.015698709677418
41051 5.579652178834186
48505 6.672118279569892
54005 9.235035080645162
55071 7.6287809847198575
13205 11.49444064516129
19033 7.174206451612902
21221 8.304233548387103
26111 7.130210016977922
27113 5.132635483870968
30029 5.035480135823432
36101 7.745210860215045
37107 10.383108387096778
39043 9.131605555555552
39083 9.441225268817206
39097 9.462224462365587
47095 8.537745161290324
48155 6.363574193548386
6059 13.041697816206641
13083 10.042742741935486
19081 7.3060935483871
19091 7.5492959677419345
19099 7.665939784946235
20015 7.789564516129025
20063 6.337635483870967
20147 6.551578494623656
25013 5.633715471343568
27071 4.446342822580647
29065 8.352576612903224
31171 5.3997677419354835
38033 4.836435483870966
47187 9.501192502179608
51117 9.99678924731183
8109 4.30533870967742
2016 7.775946783881882
1009 10.969724014336924
13305 9.982851612903222
17049 9.47834516129033
17117 9.319907196029781
21201 8.931267741935486
26103 5.119090456989242
28141 8.677595967741938
29093 8.373891129032257
30049 4.268265207373273
31019 6.99736686217009
31073 6.506329032258064
32021 4.524406451612903
35033 4.348316129032257
39151 10.305076631657924
40097 8.204352329749105
48439 8.390639378332018
51029 8.679687096774192
51063 9.505560215053762
19007 7.719827741935484
24009 9.198855197132612
29049 8.28589758064516
29077 9.116759729448487
38009 4.639164731182795
39141 9.045052182163186
41065 4.257695161290322
45087 9.92251433691756
48009 6.958570967741935
48123 7.928053548387098
5093 8.256313172043013
2164 7.775946783881882
12031 9.026630766362052
16015 4.205683870967741
19071 7.670803225806455
19075 7.467593548387098
19117 7.551060483870965
21147 8.695910483870968
21211 9.679057706093191
22035 7.734676344086019
24001 7.161090462833106
28001 7.584168817204306
30095 4.449692473118279
32017 4.7387629032258065
38071 5.112192473118282
40123 7.838639677419357
41055 4.444416129032257
42047 8.977636200716848
42059 9.983049103942653
47071 8.416236559139785
48037 8.497542114695342
48139 8.425533818938604
51109 8.309872580645164
2290 7.775946783881882
13293 11.128083870967739
17165 8.54926200716846
18169 8.734416129032255
21009 9.254139354838708
22055 7.415116954238566
26057 7.433328709677423
30035 4.543729838709678
33013 5.1552846953405
36049 6.204426267281104
42011 10.684031397849473
46011 5.9383354838709685
46023 6.172301075268817
46093 3.982930967741936
5029 8.231890322580645
5105 8.083667741935486
51187 7.774046370967743
1095 11.197249283154125
31103 5.5185258064516125
37063 12.123001397849455
38091 5.025151612903224
41003 5.260533870967745
48125 6.03486129032258
48301 6.5608677419354855
49055 5.0529677419354835
5033 8.193859824046921
8003 4.37988629032258
8071 4.38211559139785
12121 9.794980184331797
17055 8.958808870967745
18035 9.190820430107523
21083 8.449677777777781
25023 5.466501419354843
31051 8.311996774193547
35005 6.9298366935483875
41009 4.464380967741933
47043 8.67807645161291
47169 9.213024193548389
48227 6.575569354838711
51087 9.167205947580655
5147 8.117977419354839
51540 8.295283064516127
6009 5.47538193548388
6043 4.912458602150541
16009 5.316029032258064
18143 9.502349677419351
21239 9.545841935483866
23009 3.49906457305503
26075 8.266351103565361
28119 8.057647311827955
31123 4.54397741935484
37101 11.744719999999994
37117 8.924380107526888
39055 10.096080491551454
46107 5.078341935483873
47139 9.142245806451612
5063 8.337921774193545
51700 9.387209457478011
12133 9.809452073732723
13319 11.399350537634414
18127 10.570602016129035
27091 7.01346666666667
27149 5.041174193548387
29199 8.03325806451613
38073 5.201258064516129
39033 9.270753846153848
40053 7.519001612903228
42043 11.00253141439208
44009 4.839109562211985
48105 6.424235483870969
48129 5.944401612903229
48337 7.264077419354843
48423 8.522799370574358
51071 9.182810483870966
5109 8.065229032258067
51113 7.921609677419356
51121 9.48567379032259
54023 7.259102150537632
6099 5.941065030885397
1083 10.926737500000005
13065 9.878617741935486
17079 9.37591827956989
18105 9.107954630593126
19039 7.45378279569892
22013 7.858272258064519
29109 8.623768663594467
37105 11.741802233250615
39123 8.90880545905707
40011 7.137713548387095
5055 8.574155913978496
17087 8.521040322580648
18095 9.503117175239758
19085 7.667796774193549
21153 8.683450000000002
21177 8.63715304659498
29215 8.297930645161287
41035 4.595801129032265
48171 7.111350967741932
48381 6.124081535038926
51141 9.875140322580647
6053 5.935553940339906
8121 4.893570967741938
2090 7.775946783881882
12061 7.447170537634414
13027 11.194660645161294
13243 10.954780645161291
13255 11.202779301075275
16063 5.115470967741935
19133 7.84031451612903
20129 6.013154838709677
26015 8.741120234604104
27049 6.587563548387093
27051 4.939825806451612
31173 8.098029032258063
46051 4.9077064516129045
48003 6.781699999999998
48039 9.046591271347241
55051 5.047156989247312
56001 3.096107612903229
8075 4.602451075268817
13157 10.63274721407625
17053 8.59653935483871
17071 8.517097849462365
17201 8.355848973607054
20155 7.422325996204931
25027 5.454098027006751
30079 4.578858064516129
36019 4.899391341256365
36029 10.190444368507375
37015 8.780201612903225
40051 7.832244516129031
42067 9.373636129032258
48043 5.506704301075268
49037 4.728575806451614
51051 8.861371774193548
53067 4.5507517182356825
12067 9.755370967741937
13321 11.321772903225808
20151 6.810556989247311
21015 9.928057624633444
24043 8.7174933467742
26149 9.251210626185964
26159 9.60279290322581
29057 8.361995161290324
39051 8.736818637992828
39175 9.090529032258068
40113 7.82575161290322
47135 8.270546774193551
48145 8.111325268817208
48317 6.674458064516127
51111 9.477409677419358
53057 5.406213215053764
54007 8.848813978494622
16027 6.53312625139043
19185 7.516455913978493
21071 8.78600387096774
36105 6.456997446236567
37099 8.23968315412186
37139 8.525332580645163
46075 5.1368322580645165
47075 8.120818279569892
48243 5.6269838709677416
48253 6.685960752688171
54019 9.096504032258068
55111 6.817616625310182
8035 5.724730089899511
12095 8.71505412186376
13045 10.794940037950669
13299 9.883672401433687
18027 9.603536866359448
18061 9.894556451612905
20159 7.110711827956987
22097 7.262879286926989
26085 6.627293548387093
27141 5.498386187683286
28067 8.81824216589862
34021 8.75327381650609
40119 7.707324857685013
47185 8.625446236559146
48019 7.262015483870971
48027 7.957296228287842
48465 6.979573225806446
49031 4.375674193548388
5047 7.880418279569896
51139 7.937996129032251
53009 4.089078955453151
8105 4.236686021505376
8123 5.566682459153744
13187 9.474734677419358
16041 4.9613129032258065
20059 8.198487096774192
20097 6.488193548387098
21155 9.43495430107527
29089 8.209580645161294
30057 4.655176344086024
31077 7.082403225806451
42061 9.136179301075265
45081 9.985057419354844
48071 8.49157311827957
48369 6.040377419354837
51810 9.215325610948174
6021 5.872455913978496
12011 6.734732758466643
12049 8.546852688172047
12117 8.494272880720182
19163 8.146926355525046
21023 9.001996774193548
28047 8.514527670250915
28161 8.00388602150538
30001 4.763892473118279
31033 4.7047870967741945
33015 5.615623347996094
34009 8.776256552419339
35043 5.789956221198152
38047 4.671464516129031
39169 9.989087298387089
42001 8.52820757363255
45051 10.062526624261691
47023 8.21819677419355
48029 8.287477057994069
6073 11.060807706950698
8091 4.124216129032258
8097 4.041326612903225
15007 7.775946783881882
13181 10.372961290322582
16035 5.044717741935485
21121 8.94105443548387
22085 7.885122580645162
26021 9.969161088709686
26131 4.760510752688172
27003 6.155619327633103
27083 5.8332073732718905
29185 8.050030107526883
42007 10.149714358001267
46109 5.008147580645158
48239 8.121970967741934
51165 8.036476230899824
55017 5.976687390029323
55039 7.3555180645161276
56033 4.295393548387097
1013 10.201817562724022
12091 9.465339024390234
18097 10.448415769009232
21119 8.802132903225807
31057 5.7132903225806455
46083 7.414734604105577
47079 8.432803942652331
51053 9.297116589861748
55033 6.084809677419359
55065 7.154693548387098
18083 9.474185483870961
21157 8.438684946236558
25007 5.603383870967742
25015 5.4715466845878185
26027 9.715807331378299
28045 8.067893087557602
36021 5.972392626728105
42019 10.355797434017584
48355 8.373293986459581
13231 11.073638709677416
20001 8.286933548387097
29073 8.528238709677424
31183 6.856699999999999
36063 10.17279238498151
37095 8.463535483870967
37191 11.379425434243169
39035 10.782968942571936
41015 5.779558064516127
42127 7.3767020737327185
42133 10.193299139784928
46005 5.484031720430108
47189 9.654172811059906
48205 5.26555806451613
48341 5.7308862903225775
48497 7.648780645161288
53021 5.233322084367246
9005 5.856859582542689
19023 7.339664516129032
19167 7.951052534562212
28013 8.28674967741935
28129 8.700639784946235
28163 8.129395698924727
29209 8.491146236559143
31011 7.520906451612904
37169 10.531050537634414
39113 9.690515876027812
48147 8.200469892473121
48507 6.809395161290324
51590 10.910103427419369
51678 8.777877419354835
53077 4.272476057347672
8049 3.6780934408602155
2180 7.775946783881882
1021 10.506590322580637
1037 10.768648387096773
13317 10.505962903225807
18001 9.015941935483871
18051 8.931418433179722
21019 9.120143176178658
27073 5.276362365591398
31061 6.705619354838712
37073 8.760432258064519
42083 8.801966129032264
46137 4.670422580645161
48209 8.22116903225807
48297 7.70094435483871
48459 8.430072811059912
5049 8.268520967741937
53027 3.9963854838709634
55077 6.827119999999999
16005 5.419731085043989
17113 9.127732494099133
19061 7.293945037220844
21003 9.15693602150537
21223 9.627948387096772
30059 3.960103225806452
37051 11.380574857685
39121 9.549209677419354
41001 4.241515591397849
45035 9.64329187096774
47055 9.73763225806452
48451 6.590388516129038
51085 9.007394670406734
55085 5.316329953917051
6067 6.60058239544111
12093 7.543777956989244
13127 9.379186021505378
18109 9.608145905707197
18133 9.007094009216594
18177 9.219352561669837
23013 4.262204387096776
24033 9.753366188221367
27063 6.989574193548386
29223 8.380774999999995
40069 7.860174193548388
41027 4.091895161290321
42081 8.715426918798665
48001 8.313551319648084
5101 7.518329032258067
51035 9.470211981566816
53029 5.300711367127489
55025 7.449776424479963
56007 2.6582592258064506
8033 4.397858064516129
12079 10.302349032258066
13107 10.556020967741937
16051 5.782675000000002
17095 8.640105645161292
19027 7.733358602150532
20165 6.703741935483871
29201 8.77850290322581
35007 4.283769892473118
38013 3.956366129032258
38037 4.631193548387096
39139 9.304192473118276
45077 9.504719815668205
48131 7.206436559139785
48225 8.366487557603687
54071 7.520183870967743
54093 7.651098924731185
12053 9.565130131964823
31017 5.546912903225806
36119 8.441653724866205
54057 7.139841013824882
6077 6.451556370387548
1033 9.55205806451614
12125 9.036693548387095
13021 11.67999545454545
18183 8.597688018433178
21099 9.330952903225809
26033 5.268852995391701
27011 5.147135483870967
35003 5.107612903225806
38045 4.946795161290322
40055 6.74253387096774
44007 5.642430450697769
5045 8.56973793548387
53037 3.4642766935483857
55095 5.5647474193548385
1101 11.630811960297763
12103 8.912680076679015
21229 9.484830107526882
22127 7.777152419354835
27065 4.206532580645161
30007 4.497327419354839
32510 4.604849769585252
38055 4.541272419354836
40151 6.902468817204301
45069 10.677863133640551
48011 5.901487096774192
48195 5.999095161290321
49017 4.579079032258064
50015 3.8793815668202756
51163 8.745595967741936
55059 9.421971705069126
16007 4.902220967741934
16061 4.978579569892472
17081 9.054564516129025
20167 6.820956451612905
21077 9.58281612903226
22051 7.743243113159241
28041 8.793574193548391
30009 4.425583225806451
31167 7.888179032258065
35015 7.2504602150537645
4007 6.094309879032255
47145 8.84353272727273
48017 6.156767741935481
48271 6.6889548387096776
51740 9.227321227887616
6095 7.88223508064515
17003 8.723101612903227
18151 8.760529749103936
19101 8.107121774193548
20205 8.300160483870966
21113 9.407850179211467
21181 8.919635483870964
28031 8.464687096774195
33005 5.55206068548387
40129 6.451403225806451
48345 5.925919354838709
48353 6.385097419354838
51143 10.378110282258051
56021 3.3435129339477716
12027 8.010675627240138
17083 9.501437634408603
17129 8.983159139784945
17143 9.28615557795697
20045 8.315715982404692
21179 9.714649820788528
24027 10.216349736070375
27025 5.445275483870965
27145 4.894752969966631
28105 8.671568548387096
29017 8.45301397849462
29119 8.340039516129034
35023 7.01770806451613
37173 8.179483225806447
38069 4.647687096774191
39091 9.213355718475073
46065 5.298487903225809
47039 8.260699193548387
48101 6.090235483870968
48233 5.995195852534562
48287 7.9798274193548355
48361 8.138691551459294
50003 5.168122311827959
50021 4.6160574193548385
12013 9.987002150537634
21227 9.292494623655921
26141 5.832536021505378
28011 7.91946491935484
29039 8.099275268817202
31079 7.388433179723497
40057 6.72778387096774
42031 9.738731612903223
42053 9.365513978494622
48033 6.323087096774193
48207 6.583988709677418
5089 8.057386290322587
5121 8.469716129032253
55137 6.738148847926267
56017 4.261388709677419
8007 4.261295967741938
2170 7.775946783881882
17065 8.721311827956988
17091 9.287761957730812
17125 8.842480107526882
19063 7.14675
23017 3.9598562998102467
24015 9.907333786078086
46111 5.793332258064514
49007 5.204350967741936
51001 8.862642903225812
56009 3.0595258064516124
12057 9.533140050403233
16055 6.366751612903232
16087 4.5616279569892475
19137 7.545260483870966
19139 8.208073870967748
20113 7.480280184331796
21205 8.45158064516129
24019 9.370764516129034
29019 8.501498220244724
29147 7.783714193548387
31025 7.824884408602148
38063 4.985474193548387
39059 9.576940322580647
40071 7.901602052785926
48289 8.37885806451613
51077 9.098639354838719
51157 7.7364096774193545
54105 9.375125806451614
55061 7.107441129032256
55097 6.504847235023038
6107 8.046251530190256
13063 11.335381741935482
19077 7.553981720430107
22087 7.8313043643263685
26129 6.071126267281106
27005 5.230201935483869
28073 8.286413709677417
29021 8.48277896774194
47053 8.406149539170508
50011 4.4361793548387105
51023 9.282621774193549
12063 10.312217008797647
13119 9.960855483870969
13297 11.165709892473117
18121 8.808205645161289
19171 7.507591935483872
20093 6.519012903225807
22041 7.552867204301077
26031 5.660741935483875
31039 7.927431182795698
31049 5.133567741935482
31089 6.369119354838708
39137 8.985629493087561
48051 8.040565806451616
48157 9.509371943972813
49009 4.958625806451613
5009 7.928558986175111
51045 9.118938709677419
2158 7.775946783881882
13061 10.834567741935484
18119 9.14740516129032
19015 7.7071843317972375
20195 6.436541935483872
20207 8.077574193548386
25011 5.372345340501792
29001 7.8876838709677415
31129 6.818895161290324
47027 8.867951612903225
48165 6.926219354838707
48499 8.39284483870967
51830 9.178630107526885
53005 5.091464428945073
8079 4.121590322580644
1079 9.968699283154127
1087 11.429537365591399
13071 11.516664516129032
17147 9.164035483870967
19135 7.825113978494623
20173 8.095200338189388
24017 8.758955591397852
26119 5.721150322580645
31035 7.137317741935484
36001 6.461443354838731
4013 8.547678549795775
42117 7.9381545161290346
8005 6.542625249067381
18005 9.558610967741933
21081 9.316916129032256
26041 5.613846334310848
26139 9.372730979914804
47009 9.319112557603686
47097 8.158056630824372
51169 9.763075806451619
1039 10.044737327188933
12035 8.254220806451622
13011 10.046548387096774
16069 5.331610645161295
18161 9.262596774193545
19041 7.365206451612904
40019 7.733610557184748
4011 6.731249462365593
47109 8.320039631336408
48085 8.55344104414261
48185 8.763701612903226
48319 6.715332258064515
48495 6.639325806451614
8051 4.113074193548388
8113 4.224547580645162
1109 10.48979516129032
13013 10.946573655913982
16047 5.26204193548387
18101 9.3213311827957
22061 7.831139999999998
26083 4.436987096774193
27109 6.577083479960891
29033 7.932574193548385
29079 7.695537096774195
29131 8.334029032258062
31069 4.765303225806452
47035 8.24409585253456
49057 6.333129354838704
53051 4.997833548387097
54109 9.003984408602154
12047 9.897674193548387
13095 11.243454958183978
13235 11.135005376344083
13251 10.065201290322582
16067 5.630657419354843
19049 7.633385591397852
20033 6.4471741935483875
22019 7.930206451612912
27147 6.58331491935484
4009 6.956012544802868
42119 9.379440645161289
47037 9.814281206171112
47167 8.050874193548392
48441 6.7879814091680855
54081 9.051140796963946
8023 4.217593548387096
17033 9.37996612903226
27173 5.530520161290322
29013 8.243410483870967
37065 10.293322580645167
37085 11.70223655913978
37149 9.076001843317973
46091 5.050206451612903
5081 8.452433870967742
5135 8.318858064516126
13017 11.005532258064507
13123 9.652412903225809
17193 8.637527096774189
20057 6.486695852534559
20127 7.467579032258064
23023 4.567185483870967
27081 5.843916129032259
36113 5.19891222410866
37049 9.489956528417817
41053 5.215037903225809
45001 9.911182795698926
46031 4.61166612903226
47173 9.746183064516128
48373 8.347043548387095
54101 8.44241827956989
6027 5.6741790322580625
2068 7.775946783881882
19107 7.910662903225805
19189 7.0770881720430125
21235 8.896749193548386
26135 5.8068116129032274
27021 3.617266516129032
29081 7.580962365591397
37127 10.878698207885304
46037 4.9621612903225785
47045 8.341097580645163
47063 9.95671478494624
48291 8.67840460829493
51065 8.375812096774196
6041 9.261041876832847
8027 4.3430193548387095
8115 5.120287096774193
2130 7.775946783881882
22069 7.729013261648746
26105 7.3056572580645165
28145 8.418358064516132
29067 8.21235698924731
42055 8.564744324970134
54097 8.488319354838708
6087 6.449428473945413
17021 9.293477096774188
17141 8.456251612903223
18003 8.968252620967727
22037 7.641236774193549
29107 8.061211059907833
36073 8.744276129032258
38103 4.598691935483872
42025 8.565304569892476
45067 10.312147177419357
54107 9.585583995037213
12099 6.633967799368227
13191 9.491091935483874
20011 8.310027096774194
21139 8.407266129032259
26053 4.94813456221198
28055 7.859770967741934
30053 4.402750322580646
46033 3.0258516129032262
46041 4.731622580645163
46095 5.037235483870967
48067 8.36137603686636
48093 7.009004838709674
48349 8.270684193548398
13295 10.20116302729528
18171 7.754282258064516
27125 5.187164516129033
35059 4.6962322580645175
40141 7.069751612903224
46009 6.892929032258062
46025 5.073364516129032
48211 6.123270967741937
5075 8.429430107526885
8103 5.114525161290322
2150 7.775946783881882
13145 11.424318709677422
18179 8.886836866359443
19143 7.352651612903226
19173 7.5001763440860225
20031 7.949002150537632
21079 9.17651129032258
27119 5.5214611935483875
29121 7.999031612903223
39173 8.794409792626723
42089 8.005954447702834
45045 9.974746701540255
47025 9.411027956989253
51089 10.267095622119818
51099 8.48491096774194
54089 8.90059435483871
6091 4.408609677419355
13209 10.656247311827956
16025 4.143196774193548
17155 8.982854838709674
20009 6.98097056451613
20191 7.69309408602151
21163 9.917602419354834
21195 8.756416298811555
28149 7.920755107526881
29083 8.12176290322581
29195 8.136414112903227
37077 11.393849131513644
39001 8.787792473118278
48221 7.734147741935483
48293 8.125401612903227
50007 4.504232718894011
53025 4.343846774193552
1001 11.172451612903224
13233 10.513654838709671
13307 11.135385483870966
17011 8.818597741935486
18089 10.778001654259722
18129 8.602728110599083
30087 4.741246774193546
37089 8.713213500597375
37129 9.116338416422279
38043 4.425012903225807
39157 9.83218602150537
42045 10.255598342293917
48397 8.61888328445748
54039 9.378403043213632
9009 6.697697917733402
12127 8.212138167285183
17151 8.377870967741934
18165 8.931382580645163
20179 6.277412903225806
22105 7.513757903225804
24031 9.776667786946737
31163 6.769103225806451
40003 7.235147311827958
46081 3.8950309677419352
48075 6.296588709677422
48187 8.329527697441595
48401 8.336827791563266
49023 5.1031112903225795
55053 6.089158064516133
6057 4.4514528709677466
12003 9.015105645161288
17101 9.331541290322582
17153 8.643932258064515
20079 7.748358602150534
22059 7.513593548387096
26137 5.811354838709675
36099 7.772242258064524
36103 7.9221673913043675
37045 10.197202199413482
40089 8.146030645161288
41013 4.261329032258065
47033 8.289456129032258
47123 9.156537327188945
48031 7.655619354838711
48183 8.521063870967739
5025 7.745706451612903
51161 9.510425806451611
53013 4.714122580645161
53065 4.704226612903224
55079 9.177337199956558
55117 7.902131141439206
6045 5.642064677419361
12005 9.72089977494374
17177 7.854589081885857
24011 9.301596774193541
40085 7.596589247311825
42121 9.82531189516129
48375 6.151554079696392
51003 8.24549442815249
51031 9.568661827956992
6003 4.331767741935483
1049 10.853919815668208
1123 11.105575161290322
16037 4.096474193548388
17133 9.521443548387094
19157 7.705058064516127
20203 6.248706451612902
22067 7.894083870967744
26071 5.082867741935485
31065 6.445877419354839
36025 6.336933640552992
39109 9.531760215053769
4021 8.222815268817193
41029 5.4015876475216364
42129 10.453727161290322
48433 6.257470967741936
56035 5.009132258064516
2122 7.775946783881882
13139 10.438791577060945
17189 9.22583790322581
18059 9.837110967741939
18079 9.524304838709678
21101 8.791934604105569
21145 8.514284060721064
29127 8.636016129032257
29151 8.368554838709672
40041 8.166189605734777
13085 10.00928494623656
18013 9.312701612903227
18093 9.18099193548387
20169 7.406729301075269
21031 8.929013548387097
27137 5.578229618768325
31165 3.6473580645161285
36031 4.541020843672455
37055 8.641917921146952
37179 11.097973170731722
48447 6.5908000000000015
49039 4.826426451612901
5125 8.407632872503834
