10.153077870967744 17039
9.832436254032258 18135
10.575321709677425 20013
8.836141510752688 26023
7.146173700879771 26035
8.42328112144213 26155
9.744723207885302 31001
4.578278548387098 32029
7.767461318100352 37001
9.360025458064516 39159
5.945528999999999 46063
9.884065146010185 47011
8.449441920595527 47073
7.044250290322582 51009
10.06440726979472 13047
12.14438314516129 13249
10.30663051971327 17157
8.835341161290323 22093
9.89535262672811 28133
7.351793387096775 31063
7.348668666666666 38057
9.557509132616486 39161
9.36242543548387 40033
8.650905016129029 47049
8.502067436646138 2275
5.211099827956989 16045
11.155943292114685 17001
9.81805214261459 18085
7.823222198156686 21133
10.6501694516129 21219
10.215813076612898 29207
6.506750282991197 36117
7.351469193548386 37121
7.615852290322582 48173
10.38016253494623 55135
4.212115761290324 16039
10.650232516129034 17175
6.6300153378607805 24045
8.827962026881721 28091
10.763187903225809 29227
6.690458161290321 31135
6.5636660712365655 34033
5.91073786255259 34041
5.196841165085389 36077
6.290539455820482 36109
4.2744515597723 41071
8.86564074943737 48061
8.492632019354843 48265
7.738320903225805 48399
12.199636107526883 12065
8.054282162988121 12119
10.69278886104219 13217
9.1147918 21207
9.41746081105991 22011
8.810470115591398 22113
9.469041693548386 28015
6.241125645161291 30055
6.607265766129027 36089
8.871129537634404 37103
8.81192590860215 39127
6.056597917562723 42035
6.468814542626746 9003
6.354670929435481 10001
10.344859376344086 13015
10.700602621774207 13067
9.97435329953916 13179
9.946795065266324 17019
10.464256798387105 17107
9.705061366935483 18023
9.354729677419357 21137
8.845483322580645 21187
10.862031185483877 29167
8.00752493548387 31071
7.425715881720432 31145
6.8925582580645175 38025
6.923442677419355 46117
7.7171303738140375 47019
9.267804056451608 48255
7.445271806451612 48383
9.917156951612906 5017
5.005446293255129 6069
8.502067436646138 2070
10.948147575268816 13279
8.01746952688172 13281
8.283698774193551 21115
8.863687366935492 22039
9.547271625806449 28101
7.826934129032253 37115
8.776930677419355 46035
7.198091338709679 46123
4.239548622580642 8067
8.835814915322585 27035
7.693731084677417 27115
11.931703972911485 31055
9.259122679569893 45055
6.599554620967743 54075
8.502067436646138 2110
11.80903188709677 13197
9.589663845161287 18045
10.277388306451607 20117
8.275424987096775 21175
7.700927841191061 26157
10.520194654838706 27047
9.487026924731179 28097
4.376574338709674 30081
4.86576376451613 32023
8.165203435483866 37159
8.704163645161293 39009
6.569753518975332 42013
10.737326795698925 46127
10.029340591397863 47113
7.52292546082949 48219
6.476950596774196 51685
3.7398839032258078 8019
10.950096509216591 13285
8.483165175953081 22117
8.507234935483869 27167
5.969461225806449 30025
8.030366717612536 37183
10.810287860215052 40099
6.508106225806449 46055
10.025813883374687 48347
11.524581117302041 5115
6.357227596774191 54065
3.8435041290322567 8047
9.638268819354833 17045
9.244458380645154 21045
7.053179447004601 26009
10.717183661290326 29129
7.880139064516128 48083
7.977886967741935 51520
4.348425405017916 53035
5.349994542220108 8013
4.607984161290322 16071
10.503098967741938 21105
11.231128451612896 29011
4.83510477419355 30107
8.584677801075276 39029
13.70890686021506 40091
6.397057430107529 42057
8.958218494623658 47007
7.254361032258063 48045
6.3193507258064505 50017
5.244238354838711 56027
4.906234130842652 6075
10.949365204838708 13113
11.14787048387097 13165
11.603311903225807 13259
9.312661720430114 18055
6.431547735483864 23031
10.554536338709678 29181
10.986948473118275 29205
5.817460444168735 36087
7.801991184331794 37059
10.360853521505376 45037
8.285721225806451 46003
10.742158322580662 48245
8.477134322580646 54035
4.5154942150537645 56041
12.716576677419361 13169
11.44919843548387 19055
5.577685217741932 23027
6.2949640573821295 24003
9.30952420967742 28125
10.816665225806446 29137
4.436496924731185 30067
4.9928006491935495 36095
7.265586177419352 37033
8.667474911550478 37035
8.91075372735306 39093
9.18801521658986 48249
6.241776285714284 51149
7.221515854838709 51640
4.399165654377878 8043
11.295879661290321 13141
9.991341887096773 13221
15.179069199413476 13275
9.759770419354838 17047
10.819308846774193 20115
8.616558209677418 21069
7.153284759856629 26101
8.85694839919355 27097
9.969723732718894 28003
10.527254483870967 29085
5.5354698129032265 30003
11.846459033008237 31153
9.004731516129041 37061
10.916663245161287 40023
7.505567000000002 46069
4.759721903225806 49047
6.611816651612907 50019
4.7434942419354815 6089
11.541872494623654 13263
6.469248283870966 26097
10.69104636754643 28033
10.582759258064517 29053
10.625787845161286 29117
6.703147827956991 37143
7.464306994623658 42051
9.596987796774197 47107
10.41126135330262 47165
7.879153837557611 48135
6.566509610599086 51069
9.868274268817201 1075
13.135249112903224 13287
5.087365020161289 23021
7.239926721774193 31111
10.12004194086022 39037
10.122252799186272 39061
8.1589823297491 47029
8.238754913978495 48429
6.155150039848198 51061
5.291660107526877 56025
8.845454754682109 6065
7.706609720430106 12075
10.662224290322579 13143
9.80125617548387 21037
9.84825849193549 21061
10.415506279569893 21141
7.798078119815669 22109
13.235049299562338 29189
6.628025393548389 37131
8.592451217741937 39111
11.15535112096774 40073
8.081044806451613 48127
10.30323541935484 5073
4.378714006451611 53001
11.07273301612904 55049
9.88626437634409 13195
9.245844026881729 13227
4.793856709677419 16079
9.996625129032259 17059
11.67973469892473 19121
8.66538310752688 21129
9.126107357142855 21199
8.949316512544808 27041
9.904575387096774 31059
5.8061398269794715 31157
6.731004584677419 35035
7.45429538709677 38099
7.007537935483872 48421
7.132803881720429 51005
10.547950037634408 5113
8.382710904953926 12001
10.848705838709684 13001
10.0408937670251 17097
9.740072508064516 17185
12.09121883602151 19181
6.30656867281106 24039
7.4090523706515015 25025
10.078181247311827 27157
11.419270926267274 29009
13.555174716676783 29510
8.609984194009227 39099
6.336680558204771 46103
7.697983967741936 48137
9.928069670967746 5027
3.194760639784951 53015
8.647950502688172 55075
9.505679622580633 18011
10.292563720430108 39107
9.988372290322571 48021
7.898798870967742 48087
10.270412793168887 5031
12.057288095351057 12073
10.730124851612905 17149
9.654369012406955 18057
8.196154985663082 21013
9.795636762391823 21117
7.892099884992983 22057
5.571981903225806 30069
6.932044129032256 31113
5.097483838709678 35019
7.173065878411908 38101
10.58543353046595 45029
8.51848347096774 47057
10.015392745519721 55089
4.745316889400918 6063
5.091894955334987 8041
12.049132438709671 13099
10.518069270161293 17027
11.00721122119816 19065
10.62642387903226 19147
8.887261967741937 20141
5.504799810943244 36071
6.551077674459898 36085
7.191156161290322 38029
8.695117507786428 39085
11.118659112903227 40087
13.241715438709674 40117
6.698226200268816 42097
6.166751345878133 50027
9.524872012096772 13213
9.603919379032257 18159
11.46013970967742 20003
8.160023141726407 26099
4.730919548387098 30097
9.240970548387095 39047
7.326589580645158 40139
6.093977479262671 42015
8.414603617204298 47059
9.712830956989247 47069
10.046554608870972 55093
8.502067436646138 15005
11.118339247311823 1011
10.1966858483871 13059
11.052677961290327 17093
5.629800639468696 23025
5.453331758064519 30013
11.468551548387104 40047
10.534023200000002 45049
9.483403155529965 47093
9.927609141935484 48057
6.384314565260555 51107
7.925248322580645 54085
9.120276258064518 1023
6.181799211143696 24035
7.315691989247323 26133
6.996727665322582 54055
10.26954187096775 13129
10.656149974910393 17103
9.831302800000005 17159
9.579162827956987 18063
11.799528440577237 19013
11.177017623655912 19093
8.639707516129027 27111
8.096014089184061 37027
6.905899661290322 38085
9.549872298387097 39135
10.235531567741932 48089
8.856040247311828 48193
8.502067436646138 2220
9.66990621774194 17023
11.054504731182794 19149
10.583475849462358 27043
10.306503032258068 27085
10.243839989247313 31095
8.972435802867386 39071
8.79482790000001 39145
5.903532370967741 42023
9.79578986451613 46135
10.253940677419358 48321
6.110193016129033 51007
4.428528671215884 53011
10.780596219429848 55133
4.192213634408603 6051
3.844227103290989 6097
5.96911870967742 8061
9.89600429480286 18039
9.83050525967742 18067
10.424680645161288 19059
8.210050354838708 20065
7.809706983870967 20119
6.592506054718115 24005
8.30600640092166 27017
11.117896548387094 27103
4.296939929032259 32019
6.476516451612903 38001
9.507322146627576 39003
8.8527359170507 39053
12.79693241129033 40107
8.14681535483871 46073
4.5428241548387085 49041
4.602698446320568 49049
5.854313311827956 51036
7.794045483870968 54017
11.165823016977923 55105
10.967870803358347 1089
13.47254887096774 13273
10.700630032258061 17061
11.086301387096777 20197
8.690463068486347 37071
8.827278331797231 46029
10.222884161290322 47127
10.588666144393233 48041
9.949303252688168 48285
7.9652885053763445 48307
10.281942767741931 5019
3.3447125576036867 53031
7.207676764976964 54067
9.888326114838705 18141
9.832646442396312 21085
9.19093391935484 21215
10.36812185483872 27105
10.986281135483868 29219
4.757525838709678 30089
5.821368629881155 33009
7.776547354838714 37137
7.097958806451612 38095
9.204620148185487 39089
6.9214804940577315 42005
10.427503889400922 47147
9.700411228739007 48217
10.077822350851765 48491
11.397446612903227 5129
10.842573999999995 5141
12.762314499999997 13037
6.650914752688171 30085
7.289720580645162 31009
9.510267693548386 31139
6.26068670967742 36123
7.810938972079152 37081
6.607920689516129 38089
12.812080354838717 40061
4.193906548387097 41061
6.3576360881720495 42037
6.652222064516129 46121
9.852656822580645 46125
10.19768708960574 47021
9.356761209677414 47087
10.140969879032252 48097
10.265361259762313 48231
7.3610235806451625 48431
8.925424609566184 54011
8.171100664516128 54103
8.502067436646138 2185
8.15216669677419 12041
8.188595503431722 12115
11.028672215053756 19009
7.014910451612904 20153
8.38543869354839 31175
6.471807889643464 36011
7.536456513824877 37193
6.7958414377880185 38105
7.866460170087976 54033
3.952019444444444 6005
11.43481983870968 1115
11.225784956989251 17085
11.452624725806453 20111
8.730388661290322 21197
10.424373064516129 27033
7.160450196480942 27061
9.86972138709677 27117
9.867374333333338 27129
9.637335688172044 28019
8.708145948387104 28039
9.739800913978492 28103
8.508782241935496 37109
9.467984858480738 37155
8.932437272727276 39005
9.650975592375373 39023
8.999956204301075 48237
9.631439237690987 48367
4.023788285359803 49043
6.497853419354841 54031
6.22852248387097 56005
10.5257771143695 1077
8.136378941983628 12101
10.007571269877333 13051
9.464283554838708 18029
9.534282909677422 18153
6.726201129032257 20199
6.339040141129037 24047
10.06191298566308 28095
9.64650094504183 28121
7.0667058219976315 34017
7.156906924731185 37069
7.479318134125637 38015
10.431235580645158 40095
9.638676311827957 47015
9.403197838709684 47141
6.786987240143367 51083
10.493485268817205 5117
4.192432165085386 6007
11.765618354838704 13053
11.224442665322579 19017
12.18699619354839 20049
9.716308019354837 22027
8.561565924731179 22125
10.754293072580639 27015
8.481003139784947 27159
10.491853026565467 27171
8.93398968817204 28077
9.714187801843325 28099
10.541793193548394 29041
6.159584991935482 30005
8.166592639784948 37125
8.947621811544991 39119
10.174449077956984 45027
10.633244838709675 48477
10.045568079912012 55101
6.876964291363157 6025
9.969302231182793 1041
10.192143234408606 1047
10.085856741935483 17199
9.277440502443806 22079
10.302481453310703 28081
10.510333903225808 29125
6.740517654434677 32003
9.488335049462359 37141
6.497829314516126 42087
7.237837370127692 42101
7.368397333333334 48357
6.185423967741934 51135
7.670775594086017 55031
11.07692028602152 1051
7.871149008363201 12017
10.096794822580646 17069
8.48726508064516 20163
10.475174483870966 31097
5.775257717497552 35045
8.919749653225805 40149
10.359098668621703 48481
8.502067436646138 2100
11.245831465591397 1055
9.556623467383512 13117
12.330590709677422 13155
9.95464843548387 18111
11.1628450860215 19187
6.951185993548387 27135
6.693324387096774 30019
6.546023870967741 37029
7.0692716674938 37189
7.278533516129034 38027
8.513363258064514 47155
10.770157276601907 47157
7.8014138225806455 48151
7.506035543778807 48179
7.3434437419354825 48235
8.52482258064516 48333
9.550533516129034 48405
6.304859254032256 51093
7.2339113924731215 51197
4.532882532258065 8055
11.571472548387094 13271
10.121940005376347 17173
11.03087463655914 17179
9.51768271290322 18113
8.311059998345732 26115
8.205281048387095 37079
6.852274912903228 37181
9.136466752688177 39027
9.908562881720432 40093
7.178577645161294 46129
7.5742309677419355 48229
4.6355855874762835 6061
6.836834370877655 11001
7.905015622390891 12107
12.066379751612915 17161
9.3310539 18145
8.731515464917084 22071
8.583863766513064 26121
5.544816709677418 35011
7.733736132616487 35025
8.278269645161291 46115
9.598653420549587 55073
8.502067436646138 2230
10.249499016129034 20201
8.5652822170088 22099
6.078828086021505 27075
7.719176333333332 27107
8.535628172043012 28005
6.450604258064517 31091
5.575171992781399 34025
5.319919535483867 35027
7.387865909090906 37171
11.875505260752686 40079
7.649066451612903 47171
11.8325029909274 5143
9.728465775434247 18019
7.820018612903225 20101
9.580897845161292 22121
10.475632718475072 27099
5.092434677419356 30037
6.354928 31005
9.80540509677419 31169
4.775488351670512 32031
10.11121595894429 45089
7.470043322580644 48413
10.859600193548387 5127
4.340212762565638 53053
6.826763326146886 6019
3.7208702465437824 6093
12.80798678821879 13153
9.525704608870962 18087
11.105123793548383 19129
8.934492716845881 21089
6.171942451612902 51049
4.992881129032258 8073
10.801953845622124 20161
10.212524903225804 21007
9.49909751612903 21123
10.113647790322581 28087
5.7042683823529385 34035
4.315668758064514 35028
6.57664723655914 51125
6.397935225806448 51595
8.57452903763441 54069
8.929056554838713 12113
12.369586112903232 13315
9.255312399999996 21005
9.08018846236559 21041
10.08152019354838 28009
6.345746047438337 34011
4.3531247526881724 35055
8.77180626799007 39063
6.2520283548387106 46007
8.809578451612904 48311
9.731546148387102 5011
6.094817976958528 51199
6.37305196313364 55003
10.18589147311828 13183
10.712025006451613 13247
9.862199058064514 17041
10.851736413978498 17057
7.243574831541215 26051
11.037989025089598 31053
5.702787348973606 33003
4.834532516129035 36041
8.131120082949307 37003
9.899203806451617 39017
10.175216683870966 47161
9.91221349596774 48091
4.083061612903226 49051
7.905304505376343 51105
10.70032149806452 55063
10.471341995391711 55123
5.928253016129031 56045
4.8466498790322525 16011
9.776786720430113 17075
12.815184890818854 20125
7.606739947214073 26107
9.111630193548383 31099
6.057019725806456 36083
8.516065166253105 39077
9.00893635125448 39171
9.887708293255123 40137
10.0158116344086 47083
10.475949262150191 48113
8.73039958064516 48261
11.347971443548387 5065
10.502847924731183 5095
6.545602935483873 51091
3.350837316129033 6011
6.344657096774193 8095
9.30826750537634 18025
12.061019806451622 20035
10.531112107526884 21107
10.402221467741946 29055
6.02051290967742 33001
9.996707158357758 39011
14.537264999078333 40143
7.429706048387096 48065
7.644646548387093 48189
6.214360309677416 51175
9.789975051612906 1107
7.066278419354835 12043
12.103300347670256 13009
10.866797002753758 17089
11.127915693548386 19025
8.62657709139785 21051
6.229003720430105 30021
4.273363612903227 30077
10.766841206451609 31131
7.566800870967745 38067
4.232151903225807 41023
11.44453633064516 48315
10.382362478494622 5107
5.3236351451612896 51159
7.048776387096777 55037
6.049635410394268 8014
11.173204946236554 13161
12.505271774193544 13193
10.936569090322577 19029
9.710938198924735 21027
10.587292588709678 27143
9.96810211205433 28151
10.687446161290323 29005
8.942108591397847 31003
5.2001750031471365 34037
7.672475792367104 42049
10.472357419354836 45005
10.34710618709678 47131
6.194749125923054 51153
7.797194306451614 54013
8.832938056517046 6037
5.161144164942184 6079
12.842916129032265 13075
12.617344096774188 13289
10.664305432258063 17063
6.892883806451613 20187
11.189467502304163 27139
9.286907951612905 27151
9.079390895161293 28023
10.086667633064513 29031
10.891211881720434 29211
6.697611 30051
4.560142076036864 32007
6.372895439205956 42065
5.554370945747804 44005
9.084934612903227 47175
7.378464135005968 12055
10.90014124731183 13005
12.04196465806452 13207
12.747052697580648 13261
10.998748225806454 17013
11.526541822580645 19083
9.188751129032257 22043
5.742081637992832 23007
8.870632346774197 27153
9.436173303225802 28051
10.912667145161292 29171
10.938074975806453 29225
7.030060483870967 31087
8.726697440860207 37093
8.198543342431753 37167
5.889131283870966 42105
9.956380691244236 48161
6.166784658064514 51145
6.296153016129034 51620
4.264099419354838 8057
4.575716903225804 16031
10.211018102977672 17111
11.870084169354842 17131
11.194040104414302 17197
9.84685841673931 18157
8.565864215053761 22107
7.902655551319651 26123
11.147039086693542 27013
7.5220795967741925 27087
9.674945725806458 28083
7.89588795698925 37075
8.577588543499514 38017
5.594994021505375 4012
4.047368483870969 49029
8.541049446236562 54009
5.886186999999999 8063
9.724327672580642 18043
12.342985322580637 19115
7.450888629032258 20039
9.573502627565984 21093
8.397780025806453 22045
5.2938437935483895 25019
10.769879387096774 29007
10.571666209677414 31127
10.333198548387099 31133
5.626017748709667 34027
4.935755201612903 35057
7.234737112903223 38005
7.372081967741935 38039
9.893062993548385 47085
10.207390096774196 48313
7.291890983870969 50013
8.206594526881718 55119
4.641187576036867 8029
9.857081623655917 1065
11.075971505865091 1069
6.988569723502301 12085
11.62158878709677 13303
4.437923967741936 16033
3.991689677419354 16085
10.48151084516129 17123
8.806563241935482 21065
10.642373521505384 29175
8.289968207373276 37039
8.712374629032265 39167
6.277594420161294 42107
7.659860612903226 46089
9.263104451612904 47061
10.245793495601177 47183
8.63854031182796 48163
4.7921887943548365 49021
4.640507774193547 49033
11.453158580305638 5119
3.0523674838709676 53069
6.230482625806453 55007
8.502067436646138 2020
9.238875370967738 18117
12.377060822580644 19103
8.122395080645163 20069
12.233513459305136 20091
9.991245746543784 28089
8.33961550479512 37025
11.171023883454744 37133
4.560801259600615 41043
5.685180564516127 42113
10.017482623655916 5099
7.040876322580645 55099
9.997429516129035 55121
3.9613336841710396 6017
3.3944431483870967 6105
8.502067436646138 2060
9.988635313364059 13029
9.192960248847928 18041
6.811339193548387 20075
9.579072881720428 28155
5.722802721407627 33007
7.32987757419355 38059
5.034164673387098 41045
9.807024259962057 48005
7.60994487096774 48095
6.342271032258063 48111
7.464444161290322 48263
10.97912417204301 5097
5.586589255606754 53063
10.933686648387093 13077
10.619448222580646 17137
10.169796580645157 18073
11.960671919354835 19095
8.178007677419354 21063
4.522777096774193 32009
6.162643616129028 36107
6.777349677419357 37041
9.085876901433704 39101
7.282621290322582 46021
10.087869240469214 47099
8.751763549618316 26049
9.646644438709677 28043
5.941097741935483 31161
4.435277193548386 32015
6.770474662672813 36013
9.110522440092172 39045
8.813955340092162 39133
8.977733806451614 46077
6.759326787096775 51600
11.256394433870973 55055
5.72691869892473 56043
4.1114675806451615 16023
10.447358376344082 21143
10.63438233548387 29141
12.099252891935478 29165
4.51604552688172 30043
8.376670408602154 37007
7.850034125576037 37135
7.206536554531488 37157
8.77788331797235 39073
7.777135161290323 46049
10.572081190322576 48471
10.391251632258065 5057
6.365651494623655 51081
5.995123941935483 51183
4.727932603908175 6013
3.8010015437788023 6015
3.679350280645158 6055
11.170048870967737 1067
9.452496451612904 1119
10.795587919354839 19159
9.448940993548387 21217
9.263812188172036 22115
10.419111122580642 45075
10.472606790911254 48121
9.26508316935484 48351
8.266144354838705 48463
11.040384477419355 5015
4.131192580645161 8111
10.885419706093193 1127
9.075717580645161 1129
7.929347930390485 12015
11.476472951612905 13283
4.208367903225808 16049
5.10630521290323 16053
9.6293368172043 18007
11.599346360215053 19045
10.381944741935486 21075
5.856917971326168 23015
10.91231867362429 29071
5.227865628387094 35049
8.607163964516138 39013
8.98387566733871 39087
12.97795413709677 40105
3.0808913897849473 41007
10.284017675521822 47119
3.2676451129032267 53045
5.312087278937393 53073
6.404348380645161 54027
5.744994999999998 56011
3.863265780645162 8117
11.19138718548387 13073
13.284143917050702 13087
12.686380123655907 13225
10.806103516129037 20043
8.93215376774194 21097
9.006647561669826 22063
6.3995251290322575 26003
8.48825895698925 28021
11.756183817204308 29145
4.74388462903226 30031
12.750426516129027 40035
8.23671965638149 47179
9.927841866935482 48055
10.604470559139788 48063
9.865049554252199 48199
7.647556640552993 51167
8.174712440860214 54095
11.204361543010748 55043
4.062399735791092 6101
8.734739727956994 12019
10.252716505376343 13219
10.664334860215055 17169
10.456040451612907 20131
9.184687354838712 21057
9.55416367741935 28053
11.086038822580642 29217
8.813939100358422 47089
10.064226548387092 48331
10.696395141129036 48449
11.00007389247312 5137
7.777383396914442 51770
6.700972592803966 10003
11.029228854838708 19043
10.523075129032257 21149
9.075660870967743 22065
8.604033198156678 26109
6.714170215053763 31101
6.0206859691293895 36059
7.148871440860216 37005
7.4115386322580585 37199
6.307307535900111 42027
5.681926322580647 42115
9.04193736053132 45059
7.526948419354839 48435
4.611378677419355 49001
11.477397562724018 5005
10.912320076612907 5085
8.745904355879286 1003
7.704518670568071 12009
11.631778733699383 13245
9.202993967741934 18047
11.383180346774193 20087
7.197331709677419 20109
9.81469378856942 22033
7.387542827956991 22075
6.357067333616304 24013
6.471128523532516 24021
7.484429026881713 26063
8.739552473118279 28131
10.747513703812322 29159
4.265413634408602 30023
4.6738680000000015 30045
5.758410209677418 31045
6.338269684394073 36065
7.649477746543774 37175
7.007476225806453 38083
8.346576064516128 40009
4.146562967741936 41049
7.649151870967741 48443
9.800322270967742 5043
6.384906235023044 51683
7.573747086021504 54015
3.842187978494622 6023
11.012606714076252 1121
10.592226917562728 17203
10.852927395161295 19165
4.00796584629981 32005
6.8753042607526895 35009
7.025196806451612 38075
9.117456838709684 40039
5.583463258064514 4025
4.526374842741942 41033
10.313917731182796 45017
9.326900962365599 47001
7.365413180645158 48279
8.709810607526885 12089
10.934109624516129 13151
6.6151454516129045 20023
7.913101047065037 26093
10.629669887096775 29139
5.798727028862483 36043
9.334310440322573 39025
8.87330399354839 45039
8.981227096774196 46039
9.03592430967742 48281
5.416706311827958 51103
7.68608570967742 54021
7.829944179211472 54045
10.216643631336408 55001
4.145628207373271 8037
10.641653657515448 1125
9.973366846774198 12129
11.64748769892474 13167
14.090425483870964 13177
11.704442218064514 13185
11.330583919354844 13309
4.734420903225805 16029
12.657321801514152 19153
8.71992035483871 20145
10.16251201075269 21091
8.985668854838707 22001
8.60111930688753 37031
6.121106935483868 38011
10.331058774193547 46027
9.121680698924731 47153
10.432408968982624 48181
5.433127145161288 51119
6.427760620493351 51650
3.98435523548387 53047
2.5673429548387103 53059
4.089932241935483 16003
4.321193279569891 16073
9.995974603686648 17077
10.223034182795699 29123
12.281581241935486 40103
6.704335504908823 42063
9.087969397849463 46067
8.079614209677421 47067
9.802465336405533 48025
7.2813355806451625 48393
9.962218593548393 48455
3.1427774516129023 53049
7.042420156682027 54025
8.480717398826982 26037
8.086893043519785 26125
6.7354802580645154 38053
9.789469216492483 39049
8.627133012903228 39067
7.885717926596427 42071
11.448402185728252 45003
8.482890741935483 46043
4.083690580645161 53019
9.074352346774194 55019
10.725106911290325 1029
9.925762311827958 1105
11.12122716004964 19193
7.903932677419355 20137
8.821329849462366 21109
8.97403306947891 21125
8.257459832258062 21127
8.219628671215888 26017
4.38730735483871 32027
5.410768361015777 36111
9.320707946236563 37017
8.807700306451613 39105
5.972185894009216 42131
10.085591654936463 45041
7.908229741935482 48385
6.8407588819826906 51550
8.272810683870976 54043
8.343900083540113 12081
5.983756890138241 34023
5.5169853892473135 36035
6.266015552182164 36115
7.58986297580645 38097
8.914478419354838 39131
11.89711698924732 40133
6.827042504032258 42109
9.194541967741936 46097
8.038990156511353 48329
8.360008444444443 55029
4.840286532258063 56023
4.199707572580646 6049
4.304777216589863 8039
5.689812000992544 9011
8.502067436646138 2013
10.442098370967738 1111
9.054089111436948 12131
12.043847822580647 20021
8.42394348387097 20047
9.102234775537623 26005
9.07215509677419 28065
11.41038501935482 29037
12.411633249797326 29095
8.810471535980154 45021
9.856617145161293 47017
11.088649700879744 48167
10.1744417688172 5037
5.43004979032258 51133
11.458356960573465 1081
8.389406053763441 12045
12.339051913978494 13201
8.278296661290323 20135
9.962091338709673 28093
10.52564149462366 31147
9.424442008064515 39075
9.463565232974913 47177
9.156583241935484 48325
6.5696512170698815 8031
6.3845268129032275 8099
10.399964360215051 1061
8.263791341013828 27095
10.797834467741932 29025
10.16582803225807 29157
7.45133483870968 31149
7.057577161290322 38049
4.695487951612904 41025
9.453653258064515 46087
9.167190720430106 48077
9.973093339658442 48213
10.350711967741933 5053
8.06283327956989 55067
10.110959103225806 1057
8.218505998387098 12109
5.7957221902679015 16001
9.870400758064516 17029
10.35611487741935 19191
10.59538384946237 20095
7.222202250000003 26113
9.557353087286533 28035
10.790175629032257 29063
5.702434258064516 30075
10.40267103225807 31151
6.569394312453107 33011
6.444973690262855 34039
6.831879775115209 36067
7.344663390681004 51173
4.228980266719122 6113
6.537576199201863 8001
4.592099880645161 8085
8.502067436646138 15001
9.400875806451614 18115
7.366324032258062 20189
12.589421020276497 20209
7.182931982856578 25017
8.617625937965265 27027
8.35728814516129 28063
12.13795295307917 29047
9.685241439516123 40015
3.460643804554078 41041
10.220929422939067 47003
10.076370483870967 5079
11.340803548387099 55045
7.728015116129033 55107
12.972745080645161 13081
10.438164609447018 17099
11.181048854838707 19035
9.328757875576038 21001
9.9607751202346 22119
8.277433693548389 28157
10.856747782258065 29003
4.197247838709678 30039
8.324570999999997 48283
6.004478822580644 48377
5.357530306451615 51097
5.431892475806452 51101
5.897662677419356 51131
5.883076435483871 51181
5.2278659281130855 6085
7.950968810338118 12071
11.001544766852058 13089
10.304093006451613 13103
11.189948024193551 13199
5.633112725806452 16075
11.38104212903226 19177
8.707060827956985 22077
6.911990993548386 26001
10.518529929677431 27163
10.788777526881722 27165
10.701389201612905 29135
6.456957408602153 30101
5.34007287096774 51193
10.073265266129026 1093
4.44698422119816 16057
10.990727446236559 17015
9.636522139784944 18069
10.950232612903223 19003
10.50663186021505 19119
12.309977045161293 19183
11.456149999999997 20107
8.190260741935486 21131
7.314191594758065 26055
5.9754071935483895 30017
11.545881139784948 5071
5.5486469899485735 8059
7.6030454215643015 12021
13.126664781362004 13277
10.325601638709678 18147
10.115158258064513 20143
8.986436274193547 20183
9.827518620967746 28017
9.371922946236554 28123
8.379687338709676 48487
6.496449077419354 51570
4.595101498533725 8045
10.94925955376344 13033
12.795743537634412 13093
9.865656625806453 17191
11.673743173020522 19057
11.760798000000003 19125
7.83468925345622 26127
9.742971184475815 28049
10.372210838709679 28143
11.782592016129026 29097
10.127441903225806 31143
9.795697919354838 47101
6.591433107526882 51011
6.508213569892472 51037
6.367078741935484 51670
7.637596129032259 54091
11.406291088709677 19073
7.062334137096775 27089
10.584977629032256 31159
6.775004867785354 36081
8.577893610599078 39147
9.568115075268816 40067
8.703387622580644 45025
8.555138850439883 47013
7.180693806451611 48069
4.309026620967741 53043
10.083014180107533 17121
11.442805019354838 20139
11.063134206149176 22017
6.860699707885327 25009
10.035680475806451 28139
6.994155947421909 34007
5.877124622744667 42069
9.601207967741935 47121
8.214665509677415 48427
10.652156075268813 5061
4.445542346774192 53055
4.021105499999999 16013
11.15281068486353 17073
8.803956696774199 21231
10.034288116129034 28057
4.447256903225807 32011
6.994072188172043 35029
9.306943832258064 39125
10.35575639746544 55131
9.179063376344086 1053
10.148473725806456 13229
4.3032431612903235 16059
11.163655935483874 19069
8.530413077956993 26059
5.188908387096774 31007
13.464036347670245 40021
7.927960967741936 40059
9.838476645161293 47005
9.632110048387098 48175
11.447642193548392 48203
9.927565187788009 48251
5.304425354838709 56019
8.502067436646138 15003
10.664074516129032 17171
10.129725520737328 18037
11.08180364516129 20017
10.77216853763441 20077
9.425117078341017 21021
10.766371741935481 29061
6.945710838709677 31085
5.783151312500002 36057
13.33214849032258 40001
6.354020419354838 48359
9.280922774193549 48403
5.701648064516128 51073
6.91093821935484 51820
7.4991148974577655 6029
9.967581643849957 6071
9.764406500000009 18103
10.525397897300858 18163
12.005804064516129 20133
8.872892658064517 21103
8.852477537634405 21191
9.060579782258067 21203
10.224758658064514 28137
10.154701349462368 29155
10.926837043010755 29173
4.59891693548387 35039
9.257085217959913 39103
4.082501471464018 41011
9.021258516129034 47133
8.681336951612904 48047
6.791246919354839 48371
9.299357883870973 48457
6.418041634408603 51079
5.632552526881722 51127
10.818610949820792 1017
11.235132752688168 13159
8.986307935483868 18175
8.730013801075266 20051
7.751458838709677 20171
8.569133413381135 26065
6.926311525806449 26143
4.742306584677419 30047
9.723929222222223 31119
5.968398455820466 34001
9.78055882949309 45061
7.64589385483871 48335
7.21744443010753 48475
11.980511517562737 19113
7.935500285714288 27057
8.651011935483872 28147
10.463966228738999 29187
6.276272516129029 36045
6.418705045806446 36091
7.92175034250475 37057
6.763714860215054 37083
6.510500645161289 38041
6.9445847495755455 42077
9.361256739631337 45047
9.550328338709674 47041
10.349702887096775 48119
10.487138290322578 48365
10.512768596774201 48387
4.670680532258064 49019
6.475943354838712 51043
7.82430276164875 54049
8.99576726774194 55083
5.920760322580645 8017
10.194749403225813 17105
11.96006837327189 19123
10.46477070967742 19195
10.617414258064514 20041
8.864085413978502 39117
8.468542275268812 39143
6.628289605222733 42111
8.648929571428571 45057
10.10736243478261 45085
8.293334169354843 46013
11.198506587813627 1005
11.292025548387095 13003
11.558791999999997 13239
11.894661516129034 19169
9.148291793548383 22003
9.753373854838715 27067
6.500939580645161 27077
9.325355137096771 28061
9.011663179723497 37165
4.432485569892475 49027
7.740301400000002 51775
8.502067436646138 2188
8.502067436646138 15009
10.264415862903224 17127
11.396627532258064 19019
8.40608180645161 21043
9.914453046082945 22031
6.613690483870967 31117
6.744326794001134 34005
7.006584698734369 36005
14.020156897360712 40145
13.466449394540936 40147
5.331363927231809 4015
5.147594521505382 41017
9.973612058064518 55011
7.730079629032258 55013
5.840376774193548 8011
11.189367075268821 19001
6.874568645161291 20071
9.57491593010753 22111
9.611173129032258 28159
6.618331446236561 37185
7.442469946236561 40007
7.440687580645163 48295
9.911268548387095 48391
8.428749822580645 48411
3.951787887096774 8119
6.059458098998882 9013
8.502067436646138 2050
9.295603645161293 12077
11.191351021505376 13043
10.516917021505376 19131
10.9279420483871 19145
11.626520173387107 20103
6.701137629032259 20181
9.18176812258065 28127
10.739297818548383 29091
8.827759854838707 39115
10.258871157665826 45079
8.850835720430108 48299
7.061716387096774 51530
7.30858095601173 51660
13.347471241935484 13007
8.598326945161288 13039
10.428608618279572 13055
12.011684978494628 13269
4.429742500000002 16077
11.57681095014663 19111
9.804641656963025 21067
9.955540127005584 21111
6.373954999999999 30071
8.9533526803519 37163
8.939784774193548 46057
8.992084992831542 48363
6.231311912903228 50005
5.504775797235026 51033
5.114621891666647 6001
4.481086336405532 8083
6.4313490115642 10005
10.199931785714284 1031
9.593865204301075 1091
11.67069774521518 17031
11.020630451612906 19197
10.203173553763438 29143
7.946088170506907 31047
5.744447008064516 35051
6.120250530791793 36007
6.147350988709683 42033
6.368437129032257 46105
10.290801129032264 47117
8.115070985663081 48323
9.147538204301073 13025
10.706913737327186 13133
9.432278432258064 13147
9.518253096774192 20123
6.675663958525347 24023
8.48997562779157 26067
7.630268670967742 27007
10.577304399999992 27161
7.060551823252694 36055
9.55673605865103 55115
7.288466539170505 12051
10.418295729032264 19005
7.985579354838709 20025
11.72616254545453 20037
5.801671161290322 27031
11.3342081386225 31109
6.585627541935483 36069
6.173688064516131 36097
6.825733161290325 37177
8.764628387096769 39015
8.530181467741938 40065
14.33917634243176 40121
7.426869823100942 42075
9.979681387096772 5039
6.727960118768344 51760
6.638997655913976 54037
11.886729097580634 55087
5.129199235817579 8077
6.641964418279575 12087
11.419205735513746 17043
9.256856825806453 18139
11.393025817204295 19097
10.495858177419352 21233
6.1164518104838725 23003
7.051248580645164 26089
9.046928266129035 27121
10.702915758064517 29229
10.82076653763441 31021
7.381363709677422 38051
7.499561790322584 38093
10.11220386635945 48149
12.034675963791978 5007
7.141429951612902 51067
6.790248451612906 54083
11.391632265932355 55139
3.74690991612903 8093
8.502067436646138 2240
7.804129367741937 13241
9.73903059216591 18167
9.282548288018434 21209
10.657720741935488 29115
5.3482216963946865 35031
5.8260227338709685 36023
9.551029990074442 37047
7.164036122580647 47091
6.8380578853046625 51710
6.1304949569892475 51735
7.0681856344086 54063
10.705576303225804 13211
5.159150574500766 16019
9.495740634897363 18081
9.55075852983871 22073
6.432687700056594 24025
10.216898532258064 29203
6.291868271290318 34031
9.081661746543782 39065
5.77739941935484 51630
10.202586623655916 55081
5.379803164516131 56013
10.74626067096774 13267
10.120668165898612 17051
10.505966483870964 27131
8.552959241935485 28037
5.753925483870968 30011
5.960712387096773 30033
4.846364625806445 30063
5.566085454094298 34019
4.521437405529956 35006
7.773762047379031 37147
7.807879822580645 46059
8.308161115591398 48049
10.049821377279102 48469
9.4262678655914 18021
9.263159290322582 20185
5.569276213884999 23019
8.546479328064537 26161
9.423075661290321 28069
8.985884572580643 28153
6.198566293346769 30111
6.166347967741935 40025
5.103600631336399 4005
6.411465112903225 46071
7.615643698924731 48107
7.971960854838708 48275
4.5056562365591395 49015
6.770609944821734 51510
3.99013710080645 53017
4.556948325268821 53071
10.439245589861748 55057
5.4710029637096795 8087
12.118284189964156 12039
10.848646588709675 20149
8.242242580645158 22007
8.96333870564516 27059
10.55622150322582 45015
9.713549048387096 48177
9.324334225806455 48425
9.835609935483872 5013
9.78958088172043 1063
10.951686638709678 17109
9.90031635483871 18125
10.340032161290317 20027
10.403629247311828 21033
9.308731977419347 21049
10.871296888563043 22015
8.53415702977667 22089
6.9065069431761765 25021
7.462465720430098 26087
10.494099136200726 29169
8.286196603942644 37023
10.70645271877587 47125
5.566897792114691 50025
6.636614374193549 51840
8.063762343573986 12083
9.772562016129031 18009
9.647765892473123 18049
9.69108339717743 18053
11.71743357184751 19179
10.771313634408601 29087
9.488638548387096 31125
7.348346419354839 38031
8.72571407096774 47129
8.43847543870968 47151
10.016314897533203 55141
5.925456286372611 6047
4.687601086021507 16043
11.28305096774194 17067
7.98837380913978 20055
5.827374370967744 30015
6.057575610887096 36053
8.79853208099127 37119
6.037338365074431 42079
9.825479741935485 47081
7.630182096774194 48327
8.882040819354836 48489
10.807926913978497 55047
8.062466535483868 55069
6.925388666666666 55113
9.232554415770615 1025
10.835356967741932 13301
9.975692874551967 13313
9.809666102639298 18017
10.324533938709683 27169
9.958502524193548 28135
5.380876645161291 30065
9.79866106451613 31081
4.810221677419355 35053
8.376557178660052 37161
7.200281704067324 42039
7.828056304301075 42085
9.204109709677423 48053
9.888398935483877 48419
4.081563322580644 8053
5.117447612903227 16065
4.356002451612904 16081
9.871278559139784 17035
10.629151718807055 17167
10.980740129032258 20085
9.50060522580645 20105
8.48961993548387 21237
9.329993378528195 26081
10.020423499999998 27093
9.946549264516126 28025
12.164584107526878 40077
7.483507645161291 48103
9.180720990409768 48485
5.324432703533026 49053
11.080988218040652 55009
10.575982504032261 29027
6.175295096774192 31075
9.040719680351897 37019
6.584006879765401 42017
8.502067436646138 2105
10.076963685483868 1085
9.280871593052115 18065
8.441929658064515 22029
10.488165368663593 28027
10.245364845161287 29023
6.608607883943063 34003
9.63449907822579 45013
9.913921548387096 47051
10.652513470967738 5035
6.523539951612905 51800
11.055478362903225 55021
10.04243209677419 55091
10.779858040322578 20061
9.424685535483869 28079
11.019765290322583 29177
10.100917612903226 31179
6.190773113851995 35001
7.93604108387096 37111
6.93033510645161 42099
10.256744467741937 45053
5.950397596774193 46019
9.621379016129035 47077
9.536647822580646 47115
10.174666406451612 55035
6.3537754540369145 6111
8.425717020161288 13137
10.587062978494622 13149
9.913891330645155 17025
10.027683768817209 17145
7.054573477419356 26019
10.675886983870964 29035
10.219892599078346 31141
9.693883167741943 39057
5.215715495347399 41067
9.038636664516126 48273
10.593478373655925 48277
10.110965935483872 5021
7.129721231182797 51790
4.1243169032258065 8021
5.451122836058333 8069
9.166058318996422 39039
8.944971566820271 39079
9.509283079091976 39153
8.850891881720429 40075
6.881559354838711 48079
6.627566516129032 48109
10.486234701612902 48407
8.549059146953407 54051
11.015322649999995 55027
12.067494123655907 13091
11.893961990860218 17163
9.247195150537634 18155
10.863514645161288 19151
10.670162513978493 29051
8.144875995024872 42003
9.188692798387098 45071
7.574428655913977 48445
7.5500825990783405 51027
7.607561141935483 54041
3.997837090322579 8015
9.415804935483877 1099
10.424709064516133 13265
6.6701061419354915 26061
10.11053678387097 29069
11.316502338709675 29153
4.378364032258065 30061
5.704874892473116 35037
6.500062723502302 37053
7.183597822580647 38019
9.34113601198157 39041
9.69168159335289 39165
13.683333010752703 40037
9.243813099111728 45083
10.188199500000016 46099
9.719661564516128 47181
9.457513320882853 48099
8.273170329032254 48133
12.809051288968268 48201
4.568606991636794 49011
6.3261793935483865 51025
5.1171735672043 56037
4.79939329749104 6035
5.139237322580646 8025
12.219646150537637 13253
9.005698230414746 18077
10.307243008064516 21055
7.753208677419349 22101
11.351793810901013 40017
9.834591620377621 47065
8.305118314041735 48303
10.188224388994279 48309
5.831127404692079 51095
8.682440123167162 54099
10.201421111436943 1071
10.821038296774198 13189
8.639273709677418 13257
9.79831489516129 18131
6.709423200390997 23005
5.967371127999987 25005
7.017581875930519 26029
10.715398521505374 27079
6.638214989677419 33017
6.860559546434642 36047
6.682670032258064 37091
8.498740612903221 37153
5.752564020161285 4003
13.087773749103937 40135
6.452192692082112 42009
10.43548412903226 45009
8.724181994134895 45023
7.6106702258064525 48269
7.295982669354838 54001
7.932818967741939 54059
10.190122669354844 12059
10.791954251612909 13115
8.590538629032258 27155
9.42637811375212 28075
8.868966397849459 28085
4.483128612903227 30093
5.266392967741937 35021
7.643893169354838 38003
7.010631419354842 38079
11.589791120967737 40005
6.75928951612903 42093
3.170280343548386 53041
5.373315119815667 8089
12.253983736559135 13019
12.305193451612901 13023
9.681801188172042 17183
9.558391919354836 20007
9.896791008064522 20029
7.88183663870967 26073
10.08444002150538 27101
9.172190333333335 31107
6.34186493548386 36009
8.064554435483874 37043
9.077507370967748 39031
12.11896902304148 40081
4.120019790322581 41037
9.520700177419355 45033
7.678593591397852 48305
10.680864806451613 48343
7.3429569032258035 48501
6.787654806451614 51017
11.987371498119938 1073
10.360401175115209 17007
9.840126752304142 18091
10.639238591397847 29105
7.389772401759529 37013
7.682896433691756 38035
9.852298475806444 48409
10.045405890322575 48467
11.101689048387096 48473
10.762309935483866 5023
12.248467780397034 5131
11.939769220328685 13215
11.924319782654678 17119
11.11612385483871 19175
8.708490645161291 21011
9.234471880184334 21185
7.058847670967743 26039
10.08226963978495 27127
8.717816306451612 28113
10.833944032258067 29075
5.147324209677419 30027
11.01841646774194 31043
4.561906949308756 32001
6.7442011075268855 36037
3.8609497741935486 41069
9.698612040322589 45031
10.24593289993418 47149
8.702705338709679 55078
5.416768903950707 6083
6.153279961469528 9007
11.246785927419353 19161
8.520537193548387 21165
6.108125720430104 26095
10.43658149677419 27055
10.87118372759857 29101
11.05891035483871 29103
8.882758820276496 39019
12.680630941935487 40063
2.9318159556451624 41057
9.306699883064521 48241
6.3605487368421105 50023
10.933337817204295 5091
4.143203741935484 53023
5.423518645161289 56003
10.866500946236558 1019
11.060107483870967 13125
8.270125919354836 13291
9.78850372311828 18099
10.044677167741932 18123
11.778781391705063 19011
11.405742084677424 20121
7.30371079032258 20193
9.299016496774192 22049
8.775541680727859 26025
11.782200334677425 40083
8.798364774193548 47137
10.421265462365596 48159
9.169566365591399 48259
7.2131348370118795 51680
6.097360419354837 8009
10.629258767741934 17017
8.613258017595308 22095
8.647977177419353 26045
8.957053349462365 28029
8.669349531105999 28059
11.273130096774192 29111
5.633201677419356 30073
5.8226562949308756 36033
6.239488999999999 38007
7.848657677419356 48483
11.792869516129029 19127
9.56435189516129 21087
9.556878686635947 22005
6.607538982718894 23001
9.244260059988656 26077
10.71961147311828 29059
11.861292170967738 29213
10.149915419354837 31185
7.777807426523302 37113
7.578002041474658 37197
12.26488910394265 40115
4.665558510567293 41047
6.597624177419346 42021
7.804069919354837 46015
7.798407838709676 46017
7.798413661290323 46045
8.759655314516127 48143
10.299390964634531 48453
5.5518434367245675 49005
3.8779265307917856 49045
11.252645763440857 5083
10.293797430107528 5123
11.431172155913977 5149
7.3097454903225785 55129
8.047497408602153 12029
10.390138717099632 13135
12.123725068548383 20099
7.0536365985663085 26007
7.082371193548387 27069
10.5046812016129 29186
11.089595725806452 29197
9.683620290322581 31121
7.105066232258063 37011
7.996644277649769 37151
8.341812494623655 38077
10.562109539589445 40013
10.275174938099381 45063
7.476106790322581 48081
3.954567000000001 8065
4.486921500000001 8107
10.720785596774201 1045
11.310365989247307 13035
4.891264506912443 16083
11.339153258064519 19051
10.282874172043009 19089
8.423470649769587 21025
9.267739879456704 21151
8.733983677419355 21189
10.245664064516129 21225
8.247879426106513 22103
11.204340879456703 27019
11.101888465437789 29113
10.276489561290322 29221
8.034160516129031 31015
6.220168997067454 36015
8.109883494623661 37123
6.795507897942145 42029
6.051606692082114 44001
7.662578387096776 48191
7.518692677419353 48461
4.848020237979298 49035
5.417826161290325 56015
8.722999129032257 13049
11.285198661290323 13173
10.384124838709672 21039
8.960762505376344 21053
8.964270903225804 21173
9.273379483870961 22083
10.645743431085045 29029
9.072789806451615 31093
6.64327493548387 35041
11.68976456191467 40027
8.148427776380537 42125
9.570258688940095 45043
9.932499806451615 5103
6.979182021505375 51610
4.670092461412828 6081
10.617426854838712 17009
10.62094580107527 19109
11.657732440860213 20073
6.548591148387096 4027
9.386728718475075 48493
6.119070225806451 50009
10.390090274193543 5001
10.495957009216589 5059
6.31351677419355 51147
7.211632768328448 51185
7.091658967741931 26079
11.645482758064485 29099
6.734755685099848 34015
5.565634903225805 35017
6.874849526881722 38061
8.012117322580643 48059
7.63266160483871 48415
10.507708983870973 5069
11.515578709677415 55015
10.608479956989244 55023
8.524583556451615 12007
7.092159164222889 12111
9.192976204301077 21017
10.467327000000001 27039
11.794162081346409 27053
11.395423086021506 29045
10.419313935483872 31037
6.077888967741933 38087
9.226952054590575 39129
6.162451829032258 4023
8.445454671629443 47163
6.547792632258064 48389
4.776192516129034 49003
10.387424379032256 1027
8.499531217959905 12086
9.833370477419349 17181
11.10923956272402 17195
11.91151158064516 19087
8.91513907373272 22047
9.344807483870968 28007
11.747804808755756 29043
7.223490052867352 36061
9.397853448387098 39021
9.604837553427421 40031
9.852585069892479 48073
8.118750096774194 48197
10.006726122580645 5041
5.77136908602151 51179
10.682805465437784 1133
12.378210612903231 13079
5.186370983870969 16021
9.257184698924734 18033
9.079661838709676 18137
12.033755735483876 19031
8.797198021505377 22021
6.715754193548386 30091
5.064806946236559 30099
9.327497249999992 48013
8.252881032258065 48023
10.299111845878132 48223
8.549915637096776 48503
3.0219981827956985 53039
3.010483840860218 6033
11.148099499999997 13163
10.537211648556882 13223
9.238051962365596 18031
9.064293864516133 18071
10.743613427419358 19037
6.248476129032255 23011
7.778013494623656 38021
4.77917367741935 4001
11.722141125000013 40125
4.571562075768939 41039
9.602415333333335 45065
8.652367030107529 45073
9.764588422580648 47105
8.912183715101365 48215
6.119911767741932 51075
7.656700223325061 51191
6.204646500000002 9001
9.567133174193545 1035
9.308905951612903 12123
10.46504438556068 17037
11.754313489872459 20177
9.348230096774195 22023
5.062206650124071 23029
10.44811821935483 29161
6.57406293548387 30083
6.569582817204302 30105
10.496379115207379 31067
6.990737387096776 37187
8.349713919354839 48247
4.523024924731183 49013
10.392632903225808 5077
3.7694983364055337 53007
10.672786309677429 55103
8.502067436646138 2282
7.978174411487018 12097
10.357250272727269 18173
9.44559602419355 21171
9.95510320967742 31027
5.209097354838709 31105
5.491788803763442 36017
8.906004623655912 39163
9.203012537634411 47143
6.838118870967741 48117
7.448505419354838 48169
8.18031806451613 48479
6.639792128123583 51041
7.469426913978494 51750
7.205791403225801 54047
7.502363372759868 6031
8.502067436646138 2198
11.186753130072821 1015
9.727369991935484 1131
9.950902820099254 13057
9.477380800000002 13105
9.844092423963131 18149
9.208823640552996 22053
8.656859932027666 26145
5.847198870967741 30103
6.311592725806452 31031
7.878914383701187 37195
5.011173100358426 42103
9.42116020430107 46079
9.925289061827952 47031
9.824777401759533 47047
5.606437467741936 51115
7.14395917419355 51690
11.73967743010753 13171
8.195823677419353 20083
10.211240548387098 27133
6.416319984996251 36093
13.53458919032258 40111
4.646222158064522 41005
4.103781258064518 41063
7.576454370967741 46053
7.3103748225806475 46085
7.981043129032258 54087
9.691795971137516 1097
11.558996924731185 19155
9.429972251612904 21167
10.180875751152078 21183
6.247077316129032 24029
10.208092806451612 29133
5.7118856063699335 36027
7.604783744710366 37067
4.21065123655914 41031
5.821573435483871 46047
9.668771935483871 46101
9.820634303225802 48007
6.521162691756273 51171
10.687771803970229 5145
4.8572772845161145 53061
5.0411716580645205 56029
12.565625870967738 20019
8.86999615770609 22009
8.332264677419355 31083
5.122846707526882 36039
9.695975604838704 47111
7.793304290322578 48267
10.344586064516125 5067
10.115602110599077 5111
4.935645096774193 56031
4.274946379032258 56039
11.543894781362008 13069
9.943190612903225 13101
11.486413554838705 13237
10.530976976280835 17115
10.101171008064513 17139
11.363671258064521 17187
7.868480129032252 21095
8.589475741935486 22025
9.856847022580643 28071
6.642009219354843 34013
7.065624290322576 37009
7.953526209677423 38081
7.9057309896774255 39007
10.017840976091085 45019
7.321007483870968 46119
10.459965762096772 17135
10.051468714285718 18075
9.799123860215055 20157
9.09377652199413 21073
8.402501762096774 21193
7.083876523297495 26069
8.588503028673834 28109
9.445165364280088 35013
8.262067761730206 37097
6.67679980407969 42095
10.481266462365593 45011
9.106963741935484 46061
11.76046392126844 48339
7.208087629032259 51580
5.706447967741938 9015
11.29780313261649 1043
11.480804733870965 1117
6.12959690322581 24041
8.507353241234226 26091
8.515199160920107 26163
7.853032701612904 31041
9.316914048387096 31181
6.729755645161293 38023
9.787818887096781 39149
8.028658096774196 48417
11.926269791563278 1113
9.990757668202768 18015
9.405102209677418 20089
7.666177896774197 20175
5.979532075268816 31013
7.630814870967742 31115
5.605642570838707 34029
7.831117481389578 37037
7.697886510080645 37087
7.909828580645161 40045
10.774967896057353 40049
5.11738130489074 4017
6.869617181470729 42091
8.86835181907432 45091
10.607067198924732 48015
5.3057549999999996 51057
9.890383151612907 5139
5.83334111921458 6039
4.209003961876836 6103
4.100093876832843 6109
10.883115236559139 19053
8.692028612903227 21161
6.512768720430109 26153
10.030454993548384 28117
4.775014714285714 35047
7.004227621737371 4019
6.942632617823949 51013
7.516774225806451 51720
8.055538074884787 12069
11.013410717741936 20005
8.422160951612904 21135
9.64687884946237 22123
5.483274072106266 24037
6.775128330000001 24510
7.414287619354837 26011
6.82158581451613 26047
9.533399830645166 27023
11.16847536162985 27037
10.390261946236562 31023
5.5288137813619995 35061
6.4166795539488355 36075
11.955431064516125 40029
13.723898514112907 40101
4.738431693548386 49025
10.77157594677419 5051
6.751029864055298 54003
10.869953963343107 55127
10.188513096774205 1059
8.568088845161292 13111
12.148087317617874 13175
9.803445016129034 22081
11.423539417706628 27123
12.275668457329553 29183
5.693250191850595 36079
8.533655565217384 39081
8.330769571261003 39155
9.396892096774193 48035
11.653239080144262 48141
7.472596064516128 48153
7.359912860215055 48437
7.57347375366569 51195
8.814308123655914 54053
7.17948651209678 54077
9.868330711981555 55109
4.02118981797235 6115
8.502067436646138 46102
11.276678142174433 1103
8.415750048387098 12037
11.013679690322586 19047
7.578783364713624 26147
10.161526956989247 27045
6.505940172043008 30041
11.289022025806455 31177
6.6393064926686165 36121
13.918461773041475 40131
3.7082871612903214 41021
6.969034722084367 51015
5.236050951084752 53033
8.430827326612906 54029
10.980879653542024 13121
5.320755863799283 16017
7.453062870967741 20067
8.2874575483871 21159
9.577753268817208 21169
5.392275687211959 25001
8.0118019751861 26117
10.798870677419355 29163
6.054085354838708 30109
8.52544689247312 31137
6.285761151612905 50001
10.967236870967739 5087
10.536357346774189 5133
6.418065524926681 51730
8.358558341935487 55005
7.209056500000001 55041
10.339235790322583 1007
10.426833604838713 17005
7.937564258064516 20081
10.638752495755513 21047
10.487864998597468 21059
9.649622376344082 27009
9.974072263440863 28115
4.549218354838711 32033
8.883324207373278 39069
4.25635722580645 41019
8.231305391705073 42073
7.7078997741935495 48115
10.166657494623667 48257
9.959366567741938 48395
6.1216293870967755 51137
4.327266858064514 53075
8.643702629032251 54079
6.117109709677417 8125
8.374873035609555 12105
9.501096111111112 18107
10.775920403225802 19141
9.610243758064517 20053
5.165818818031429 25003
9.266446026468165 45007
10.151587161290323 48379
8.502067436646138 2195
11.152501688172046 19021
10.764251735483871 19067
10.281619983870975 21213
7.426721758064511 27001
7.1804455161290335 37145
8.953269314452612 39095
8.361204341935482 40153
4.559012705376344 41059
5.990361402812235 44003
6.684408033508352 51059
7.318450535483869 51155
5.778627092473115 51177
8.197941209677417 54073
10.143672483870963 28107
10.55447294086021 29015
4.494232153225807 32013
7.193859516129032 38065
8.777238946236556 40043
11.231232215053762 40127
7.420435355497049 42041
6.400904220843676 42123
10.335727913978497 47103
9.563830799999998 47159
9.892543930875576 5003
7.203441594758068 51019
7.0292906935483845 51021
4.819848306451613 8081
10.806954040322582 13031
10.702638122580643 13097
9.949290983870963 18181
11.397419245161286 19079
6.574516887096775 26013
7.321273559139788 27029
10.161092935483868 29179
6.632236806451614 31029
6.289804778225803 51047
4.56486966129032 53003
7.744620651881718 54061
6.9620619677419375 55125
5.374793040469214 8101
8.845566766129034 12023
8.945114397092219 12033
14.429587231182795 13131
8.344971703225802 13311
11.585838561290323 19105
9.584078342293907 21029
7.336733285714278 26043
5.968141767741933 33019
8.06847870910138 37021
12.015761297952066 40109
8.502067436646138 2261
10.762276462365588 13109
10.369471143369177 21035
8.45246108064516 22091
7.3820837016129 26151
7.152500669354844 26165
8.870177634408602 28111
11.178158752688173 29149
11.034092290322583 31155
6.167125754342432 36003
6.493574984946232 36051
5.396539936615732 41051
7.947730129032262 48505
7.860236987903225 54005
9.98999554159593 55071
13.90427119354839 13205
10.744080826979477 19033
10.372731251612906 21221
8.181867179966043 26111
7.096955361290325 27113
5.5598921748726635 30029
6.1358654150537655 36101
8.428054651612905 37107
8.489191847670247 39043
8.831908846774196 39083
9.452780526881714 39097
10.194111629032259 47095
7.941206806451613 48155
8.653234864205741 6059
9.939289064516133 13083
10.633370330645166 19081
10.869157983870966 19091
11.984255301075269 19099
11.729271126550866 20015
7.595506258064516 20063
8.39718994623656 20147
6.567469715314746 25013
6.813044822580644 27071
10.11571520967742 29065
6.750100580645159 31171
6.092094903225806 38033
10.268432714036603 47187
6.547982960573479 51117
4.098902161290323 8109
8.502067436646138 2016
11.263016491039425 1009
10.007041817204302 13305
10.068712104838704 17049
10.716649116625307 17117
8.72018751612903 21201
6.677821833333327 26103
9.83478213709677 28141
10.100376524193555 29093
4.725930467741931 30049
8.944934677419349 31019
7.846937193548388 31073
4.42232341935484 32021
4.462958967741936 35033
9.670681068642162 39151
13.62906721863799 40097
10.292360255082677 48439
6.2850766209677404 51029
7.069299301075268 51063
11.136713329032256 19007
5.591441899641581 24009
10.98764373387097 29049
11.74150805202913 29077
6.967976903225806 38009
9.064985628083491 39141
3.50229058467742 41065
8.716154365591393 45087
8.760009709677423 48009
9.627361148387095 48123
10.04726802419355 5093
8.502067436646138 2164
9.406093282864033 12031
3.7241270967741933 16015
10.816865258064512 19071
11.637338790322575 19075
11.198089927419357 19117
8.647092548387096 21147
9.047635813620072 21211
9.40007083870968 22035
6.473701399719486 24001
8.325298939068103 28001
5.00030359139785 30095
4.664499129032258 32017
7.273596913978495 38071
11.572682074193539 40123
3.4948912903225815 41055
6.086086311827959 42047
7.870356716845879 42059
9.665002908602158 47071
10.931240738351242 48037
10.061288642039523 48139
5.914859118279569 51109
8.502067436646138 2290
11.77648794470046 13293
9.994740849462367 17165
9.717772834677417 18169
9.843470380645163 21009
9.055291108027003 22055
8.316776632258057 26057
5.534374612903226 30035
6.331779928315412 33013
5.501241322580648 36049
7.200601498924718 42011
9.465185435483871 46011
8.333059236559139 46023
6.122620316129032 46093
11.36035542473118 5029
11.000316698924724 5105
6.3604707137096765 51187
11.052594810035858 1095
7.265924709677419 31103
7.948109439784945 37063
7.420817483870968 38091
4.47104436738351 41003
7.447784548387094 48125
6.8013448064516115 48301
4.523570870967741 49055
12.115530551319646 5033
4.353267258064516 8003
4.660172134408603 8071
9.207299949308759 12121
10.06742460483871 17055
9.555535452688169 18035
10.57446442293906 21083
6.018459552580636 25023
10.33209266129032 31051
7.120157659274195 35005
3.497233599999998 41009
10.085280819354843 47043
9.896857354838707 47169
7.815505303225803 48227
6.526026341229842 51087
10.294408451612902 5147
6.611895876344088 51540
3.9510463322580645 6009
4.289382784946238 6043
4.452263435483871 16009
8.971397974193549 18143
9.52201873790323 21239
5.129131026565465 23009
8.349847036502549 26075
10.333537139784948 28119
6.086695612903225 31123
8.26689638451612 37101
7.234838258064515 37117
8.29404947772658 39055
7.225126967741936 46107
8.863274354838708 47139
10.934709548387097 5063
6.334515803519062 51700
9.939715317972357 12133
12.514967247311827 13319
10.4781810141129 18127
10.628896629032258 27091
9.084637075268818 27149
11.126792725806451 29199
7.9448920860215075 38073
8.804497995037218 39033
11.20554280645161 40053
7.583607437220811 42043
5.487695198156684 44009
7.573645838709677 48105
7.574969967741936 48129
9.557913548387099 48337
10.258995201416198 48423
7.15613898387097 51071
10.540149182795698 5109
6.313390580645164 51113
7.425252754032254 51121
6.554273000000001 54023
5.7548219516129 6099
10.884201342741937 1083
9.770323774193548 13065
9.86992392473118 17079
8.97839923204995 18105
11.22245988172043 19039
9.637251754838712 22013
11.402123359447009 29109
8.010447508684855 37105
8.439355674937962 39123
9.958919819354835 40011
10.205652763440868 5055
9.962038830645163 17087
9.491573919790765 18095
10.984379496774197 19085
8.218174927419351 21153
10.418920720430112 21177
10.296129072580642 29215
4.476790590322583 41035
8.501003870967741 48171
7.615438933259183 48381
6.970541870967741 51141
4.829203168227544 6053
5.470845193548388 8121
8.502067436646138 2090
7.098846591397847 12061
13.216852883870967 13027
12.206402451612906 13243
11.25662920698925 13255
4.408344967741936 16063
10.93459912903226 19133
6.870022096774194 20129
8.773209612903226 26015
10.224939803225805 27049
8.70156914516129 27051
10.667024822580643 31173
8.726003532258064 46051
7.560146362903227 48003
11.394566191018331 48039
6.8214223978494655 55051
4.609502990322587 56001
5.736756376344085 8075
9.853585395894422 13157
9.83377496129032 17053
11.502850612903226 17071
10.673817581901984 17201
10.681554772296007 20155
6.271447246436588 25027
6.150264741935485 30079
6.4901270984719925 36019
7.776687020639673 36029
6.923909895161289 37015
10.480565896774197 40051
6.62883178064516 42067
6.236828043010753 48043
4.706264999999998 49037
7.620369241935485 51051
4.004009145490445 53067
8.890332741935485 12067
13.906032761290314 13321
9.443539311827958 20151
9.605037096774197 21015
6.715375087701619 24043
9.20978505313094 26149
8.927324881720425 26159
11.033710580645165 29057
8.935165842293912 39051
8.892832220430105 39175
13.750924533724348 40113
9.526180983870969 47135
9.880105198924735 48145
7.885066983870973 48317
6.3664510537634404 51111
4.27098737634409 53057
7.464519731182795 54007
6.36446597886541 16027
10.914749913978495 19185
8.283156399999998 21071
4.800616763440859 36105
7.680189849462361 37099
6.623868990322582 37139
6.74505322580645 46075
9.79575255913978 47075
5.991522838709676 48243
8.11269791935484 48253
7.445330182795706 54019
10.902893024813892 55111
4.918897837652049 8035
8.650282639862846 12095
10.670859827324481 13045
9.950493469534045 13299
9.782002239631332 18027
9.329666967741938 18061
9.946807268817203 20159
8.775000563667222 22097
7.456388919354839 26085
9.942288146627563 27141
9.533290751152075 28067
6.178113664432343 34021
12.482986326375705 40119
9.306306193548393 47185
8.732791948387092 48019
9.849323180148895 48027
8.04042924516129 48465
4.571406548387097 49031
11.569902666666668 5047
6.431315722580641 51139
3.39276728571429 53009
4.182145053763441 8105
6.0895044578969495 8123
8.565211516129033 13187
5.204045338709678 16041
11.342102819354835 20059
8.429262870967744 20097
9.413640865591393 21155
10.507369677419353 29089
4.274540290322582 30057
8.686591483870966 31077
6.439244865591399 42061
9.588288141935486 45081
11.060759408602157 48071
6.848206870967739 48369
6.657161925708702 51810
4.071407376344082 6021
8.210332662049865 12011
7.799031752688172 12049
8.74797149624907 12117
12.136144617707606 19163
8.6954478172043 21023
8.749613805734782 28047
9.71417016129032 28161
4.351395333333333 30001
5.853811602150537 31033
6.755030730205266 33015
5.959742427419354 34009
5.578635815668197 35043
7.31963741935484 38047
9.5984709122984 39169
6.962625042075727 42001
9.492118503861873 45051
9.58845276344086 47023
10.02907789256125 48029
8.735432353758302 6073
4.2938132580645165 8091
4.188188145161293 8097
8.502067436646138 15007
9.793711596774191 13181
4.380867499999999 16035
8.617967435483873 21121
9.31132228110599 22085
9.259217305779568 26021
6.5974652043010735 26131
10.440417743878754 27003
9.935530285714286 27083
10.716626322580641 29185
8.415882285894996 42007
8.400310967741937 46109
10.027285784946239 48239
6.988543711375211 51165
9.296154888563054 55017
10.942475250000005 55039
5.835796360215057 56033
9.926774068100363 1013
8.616532451612908 12091
9.92141366647467 18097
8.298937000000002 21119
6.5486250967741935 31057
10.25111253079179 46083
10.087193480286729 47079
6.271283907834101 51053
9.670275475806452 55033
11.332138638709674 55065
9.726595567741937 18083
10.577526274193547 21157
5.37072197580645 25007
6.0916937768817165 25015
9.420301211143698 26027
8.341527820276498 28045
5.476876892473116 36021
7.5142878079178965 42019
9.46292759299087 48355
11.46625180645161 13231
11.76850889677419 20001
10.488363567741928 29073
8.51424370967742 31183
7.327050566895818 36063
6.998108096774192 37095
8.656949019851123 37191
9.801718169029352 39035
3.7502707473118235 41015
5.239195170506915 42127
7.508449871326169 42133
8.492518693548385 46005
10.28431129185867 47189
6.3075677096774205 48205
7.128360201612902 48341
9.744786425219944 48497
4.845100794044668 53021
5.310262465528153 9005
11.296331096774189 19023
10.905071723502305 19167
9.658228122580647 28013
9.392326591397854 28129
9.402771682795697 28163
11.56388853225806 29209
9.25913937096774 31011
7.177033118279571 37169
9.973625039637364 39113
10.379918512544801 48147
8.187528677419357 48507
7.232480060483869 51590
7.0911423225806445 51678
4.131441132616491 53077
4.05848511827957 8049
8.502067436646138 2180
10.61556388530466 1021
10.737602258064516 1037
9.94183366129033 13317
9.909959 18001
9.855507741935487 18051
8.995363652605457 21019
9.134824139784943 27073
8.841030693548388 31061
6.509819731182796 37073
6.087936505376339 42083
6.493666903225806 46137
9.947533775483874 48209
9.492165782258065 48297
10.634324382488483 48459
11.725371725806452 5049
3.175635459677418 53027
10.585922554838705 55077
4.792654963343109 16005
10.395527312352487 17113
11.804868225806453 19061
9.945332338709674 21003
8.969013983870969 21223
4.329049838709677 30059
8.823261661290326 37051
8.790924720430112 39121
4.226559080645162 41001
10.727576200000005 45035
10.315860895161288 47055
7.692152073548389 48451
6.063067288920059 51085
7.435586910138249 55085
5.250100358298589 6067
7.000803572580646 12093
8.572768995698924 13127
9.286506704714638 18109
9.29256179262673 18133
9.441739051233396 18177
5.540846806451616 23013
6.419502676087592 24033
10.377326209677422 27063
10.308740129032254 29223
10.825608666666671 40069
2.9970749435483883 41027
6.3368748020022325 42081
9.747543263929614 48001
11.070003903225807 5101
7.180205248847925 51035
4.332404113671274 53029
11.814213433524246 55025
4.772301916129031 56007
4.444302129032259 8033
10.33700540645161 12079
11.411543639784947 13107
5.125871354838709 16051
11.192423750000014 17095
11.225932951612906 19027
8.71713237096774 20165
10.190749380645165 29201
4.6356779462365605 35007
6.820769193548386 38013
6.77798287096774 38037
8.802459716129032 39139
8.762016733870983 45077
8.626011602150538 48131
10.024145829493088 48225
6.536580215053765 54071
6.736599075268819 54093
7.8684766407624505 12053
7.226886129032258 31017
6.323961672067145 36119
6.559154299539169 54057
5.286291067300982 6077
10.638790792626734 1033
8.630065354838704 12125
13.000369895161294 13021
9.611475967741937 18183
9.704383038709677 21099
6.4307750599078375 26033
8.800803430107528 27011
4.659644580645161 35003
7.639840193548389 38045
8.32549829032258 40055
6.367413418897289 44007
11.376805334193543 5045
3.4364477862903233 53037
8.732994677419361 55095
11.029079728039688 1101
8.497191099682713 12103
9.32544639784946 21229
9.158744064516124 22127
7.917838080645161 27065
4.406495790322581 30007
4.179930341013825 32510
7.057433725806451 38055
9.330540419354842 40151
9.216508138248852 45069
7.316570967741934 48011
7.26899770967742 48195
4.631472064516129 49017
6.302522096774193 50015
7.019667000000001 51163
9.976259403686646 55059
4.9013448387096785 16007
4.330654290322579 16061
10.026183882697941 17081
9.036627 20167
9.150427370967742 21077
8.734265373271873 22051
8.728045967741936 28041
5.064135948387096 30009
10.032478983870968 31167
7.3192942231182805 35015
5.788334429435483 4007
9.307265592375362 47145
6.843790451612904 48017
7.826719548387097 48271
6.905890170655565 51740
4.168728058467747 6095
10.07144162903226 17003
9.015870390681005 18151
11.82555903225806 19101
12.271800419354843 20205
9.669211867383515 21113
8.824876032258066 21181
9.369651693548388 28031
5.648414008064512 33005
8.040317258064517 40129
7.481205870967743 48345
7.778622380645159 48353
7.026199933467741 51143
4.965599542242705 56021
7.71867906451613 12027
11.141611258064517 17083
10.534086182795697 17129
11.093032619623655 17143
11.594585324046932 20045
9.312518412186382 21179
6.359368083870971 24027
9.085073522580652 27025
10.094402124582881 27145
9.784123875 28105
10.01757403225807 29017
11.935179508064515 29119
5.810988032258065 35023
7.749872774193548 37173
7.065412596774196 38069
9.237062624633438 39091
7.329727137096776 46065
9.517265725806451 47039
7.759098999999999 48101
7.344200032258062 48233
10.096946854838711 48287
10.527875996927799 48361
5.2769134999999965 50003
6.1882927806451615 50021
9.793056473118282 12013
10.289404760752694 21227
6.62892772580645 26141
10.227471508064523 28011
10.847014129032257 29039
9.682214285714286 31079
8.165278064516128 40057
6.6072116709677395 42031
6.269339612903227 42053
7.492861967741934 48033
7.975520935483872 48207
11.721824540322576 5089
10.73701764516129 5121
10.398268626728116 55137
4.992874709677417 56017
4.15807805645161 8007
8.502067436646138 2170
9.846497462365594 17065
10.282686319243611 17091
10.639143661290323 17125
10.470432975806446 19063
5.938011349146108 23017
6.565685281833615 24015
8.748684451612904 46111
4.544387593548387 49007
6.099970316129036 51001
5.282037080645164 56009
8.978006494657238 12057
5.304498116129034 16055
4.449628430107529 16087
10.891312096774195 19137
12.732025838709683 19139
10.641542170506913 20113
8.387053983870969 21205
6.289796258064512 24019
10.79893799555061 29019
10.896509451612902 29147
11.170936688172041 31025
7.278827419354838 38063
8.85960828064516 39059
12.61926512903226 40071
9.954642258064515 48289
7.157266309677418 51077
6.214445612903226 51157
8.170870693548384 54105
9.19604522580645 55061
10.156599334101385 55097
7.323974023986757 6107
11.071685487096751 13063
11.367783774193542 19077
8.289548641366228 22087
7.063779502304144 26129
8.496514222580643 27005
9.254484842741938 28073
11.03241663225806 29021
10.056614493087562 47053
7.022348551612903 50011
7.3729702580645196 51023
10.908149612903234 12063
9.38261721935484 13119
10.316678806451618 13297
9.418903274193548 18121
11.722260559139782 19171
7.346641741935486 20093
8.800440575268812 22041
6.691756233870968 26031
10.59115752688172 31039
6.407783322580645 31049
8.180627951612903 31089
9.042821764976962 39137
10.403192264516127 48051
11.927122483022092 48157
4.449913967741936 49009
11.568017096774193 5009
7.114148677419355 51045
8.502067436646138 2158
11.663875322580644 13061
9.134685341935487 18119
11.767170271889402 19015
8.174901225806453 20195
11.760159645161291 20207
5.851635842293906 25011
10.994172368663603 29001
9.472444677419354 31129
9.297069096774193 47027
7.6302219354838705 48165
10.12151771290323 48499
5.8708036451612875 51830
4.657518984306897 53005
4.099868032258065 8079
10.945399946236567 1079
11.378715102150537 1087
13.654506590322587 13071
10.069659330645159 17147
11.482095053763446 19135
12.26022446227888 20173
5.6786248505376316 24017
6.686276374193551 26119
9.712971838709677 31035
6.2729045565591495 36001
8.240367476405128 4013
5.995407238709682 42117
6.099128710116321 8005
9.214110133333337 18005
8.932048669354836 21081
7.237915841642227 26041
9.281815595252585 26139
9.122574254608299 47009
9.914010397849468 47097
8.110112478494626 51169
9.529454963133638 1039
7.7313420870967695 12035
9.2689950483871 13011
4.634954741935484 16069
9.249949112903225 18161
10.5944980483871 19041
10.456958841642232 40019
5.2428937311827974 4011
9.715984253456218 47109
10.500161281196924 48085
10.674864983870963 48185
8.116335790322577 48319
7.19645110752688 48495
4.164447185483872 8051
4.29165870967742 8113
10.406614975806448 1109
10.037234263440865 13013
4.691462145161289 16047
9.510364387096772 18101
9.619044970967744 22061
5.773363999999998 26083
10.805824527859231 27109
10.666355881720433 29033
10.691848201612906 29079
10.67077701290322 29131
6.170888677419354 31069
8.836090407834105 47035
4.731351561290319 49057
4.821191754838713 53051
7.269327220430105 54109
9.538585107526883 12047
14.418291767025082 13095
12.417092978494624 13235
10.797267690322583 13251
4.808943290322579 16067
12.210991090322588 19049
8.457418354838712 20033
10.246854127565987 22019
10.520047548387097 27147
5.89330950537634 4009
6.795066006451609 42119
10.489683877178935 47037
9.960970612903226 47167
8.226898410865873 48441
7.300605635673623 54081
4.319185322580646 8023
9.725791134408608 17033
9.48972564516129 27173
10.854406266129027 29013
7.432915165898614 37065
8.270965899641565 37085
8.242952211981567 37149
8.115255903225808 46091
10.871240104838712 5081
11.684266838709677 5135
12.05833767741936 13017
9.01490496774194 13123
9.806606851612901 17193
8.357970783410138 20057
10.808915951612903 20127
6.339877536290323 23023
9.490817322580645 27081
5.975689769100172 36113
8.368322328725027 37049
4.496527844086023 41053
9.19687347849463 45001
6.830080516129031 46031
8.604067241935486 47173
10.021723741935485 48373
6.911377376344087 54101
4.665077865591397 6027
8.502067436646138 2068
11.952604451612906 19107
10.480953838709679 19189
8.767841350806453 21235
6.9443002774193525 26135
7.772851474193552 27021
10.774639817204305 29081
7.428012695340506 37127
8.295306752688168 46037
10.086684911290314 47045
8.7495754516129 47063
10.891389619815671 48291
6.219504830645162 51065
4.025437966568914 6041
4.083301451612903 8027
6.380457483870968 8115
8.502067436646138 2130
9.553410275985662 22069
7.635077391129034 26105
10.03919822580645 28145
11.035725010752687 29067
6.8444396344086025 42055
7.324637037634413 54097
4.7308892251861066 6087
10.321162561290322 17021
10.632506774193539 17141
9.667487936155899 18003
8.733549580645159 22037
10.931182230414743 29107
6.490292829032259 36073
7.135495161290321 38103
5.832741803763439 42025
9.655618475806456 45067
8.740222306451619 54107
7.369911090552306 12099
8.867364991935483 13191
11.551999948387106 20011
10.35235377419355 21139
7.1320228525345595 26053
9.200375032258068 28055
5.784275496774194 30053
5.880638500000003 46033
6.741828580645164 46041
6.677747548387097 46095
10.898573516129023 48067
8.465111862903226 48093
9.86012366774193 48349
10.048842781637717 13295
9.596316693548388 18171
7.162353483870965 27125
5.339412322580645 35059
8.748170735483875 40141
9.097109306451612 46009
8.58675693548387 46025
7.5567173548387085 48211
10.482393709677421 5075
4.582913741935483 8103
8.502067436646138 2150
11.46944853548387 13145
9.781115894009211 18179
10.506949951612901 19143
10.846051870967738 19173
11.49108031182796 20031
9.416881322580648 21079
7.51058262903226 27119
10.817512490322581 29121
8.810345071428568 39173
5.617160335288369 42089
9.213559269689037 45045
8.236270996415769 47025
7.110938228110597 51089
5.397386238709677 51099
7.096405298387095 54089
4.495085935483871 6091
11.103455978494626 13209
3.8692207419354836 16025
10.500738370967735 17155
9.263294419354834 20009
11.783555580645166 20191
9.497926338709684 21163
7.971120310696095 21195
8.981049618279577 28149
10.788471419354838 29083
10.624210403225803 29195
7.18295594292804 37077
8.701755537634407 39001
9.41553854193548 48221
9.800737306451616 48293
6.707154932718897 50007
4.296797522177416 53025
10.884575540322581 1001
10.74307619354839 13233
11.968124806451613 13307
10.51028747419355 17011
11.504052637441418 18089
10.105298345622117 18129
5.736673483870966 30087
8.038010421744316 37089
9.099591727272724 37129
7.22907458064516 38043
9.210915930875588 39157
7.02846008669356 42045
10.286668231671554 48397
8.41187124710895 54039
6.456324072537984 9009
8.002699067941778 12127
10.076492499999997 17151
9.59539941935484 18165
7.5744489193548405 20179
8.432531625806451 22105
6.534239053113256 24031
8.507447516129032 31163
10.201972784946236 40003
5.7673026193548385 46081
7.9130847580645165 48075
9.930485873192444 48187
10.499602548387092 48401
4.19661570967742 49023
9.507106309677422 55053
3.8238158806451654 6057
8.70879516935484 12003
9.75074149677419 17101
9.97052462903226 17153
11.279286376344094 20079
8.639442483870965 22059
6.776431983870968 26137
6.569165283870964 36099
5.649179824183536 36103
8.65994459090909 37045
10.738406209677418 40089
4.300540120967743 41013
9.975689941935485 47033
9.234248958525345 47123
9.123988532258066 48031
11.036983827096762 48183
9.963855967741937 5025
7.661092544802873 51161
4.059944354838709 53013
4.587503252688168 53065
10.52688128554364 55079
10.185859562034748 55117
3.359545232258069 6045
8.909447811702938 12005
10.953247928039714 17177
6.445544433691751 24011
10.183397473118282 40085
6.842745191532259 42121
7.67463555692598 48375
6.558268274193545 51003
7.005637720430107 51031
3.6826241935483863 6003
10.601398481566825 1049
10.690046661290332 1123
4.003713774193549 16037
11.451937946236557 17133
11.859858729032263 19157
7.296782741935483 20203
9.630927487903229 22067
7.022041129032261 26071
7.790582225806452 31065
4.845309822580645 36025
9.888581483870972 39109
7.171238104086019 4021
4.982747952006287 41029
7.373149524193547 42129
7.67249306451613 48433
4.94181993548387 56035
8.502067436646138 2122
9.31873945519712 13139
10.25013073387097 17189
9.5145954 18059
9.107570930107531 18079
10.559169794721408 21101
10.478293132827316 21145
11.136373004032254 29127
10.504311064516127 29151
12.70901638709678 40041
8.950070526881722 13085
8.952920604838711 18013
9.059508361290327 18093
10.659685322580643 20169
10.049321961290325 21031
7.19769617790811 27137
5.3397316129032255 31165
5.3605723598014885 36031
6.688485154121861 37055
8.802371559402056 37179
8.092461774193549 48447
4.406611896774193 49039
11.014241010752704 5125
