9.831911612903228 17039
10.069477419354838 18135
8.045227956989246 20013
10.84785161290322 26023
9.553436656891499 26035
9.997106451612915 26155
7.056521146953409 31001
9.023990322580648 32029
7.882094534050161 37001
10.188259677419355 39159
4.823216129032257 46063
8.886239219015277 47011
8.481196029776676 47073
7.404057706093189 51009
9.310768914956022 13047
9.956079032258064 13249
9.367011827956988 17157
9.521787096774194 22093
8.021502304147461 28133
6.066116129032258 31063
6.137174193548387 38057
10.621804301075274 39161
7.830248387096775 40033
7.414744354838708 47049
8.17623899107 2275
8.070833333333331 16045
9.659231720430096 17001
11.282002546689311 18085
7.478807834101383 21133
7.9952919354838725 21219
8.804289919354842 29207
7.838357917888555 36117
7.143141935483872 37121
6.221464516129032 48173
10.760320967741942 55135
5.778434838709677 16039
10.025987096774195 17175
8.064764346349744 24045
7.975942473118276 28091
7.969832258064517 29227
5.934245161290323 31135
9.956752284946234 34033
8.607507012622714 34041
6.716388614800753 36077
7.538252314165498 36109
9.84595199240987 41071
9.43931361590396 48061
7.413182903225813 48265
6.598174999999996 48399
8.337972043010751 12065
7.7593516129032185 12119
9.092989826302734 13217
7.913825806451615 21207
8.342130414746544 22011
9.026394892473109 22113
7.569491935483873 28015
5.1778548387096786 30055
8.023220852534555 36089
8.127173118279572 37103
9.690948924731178 39127
8.288961290322575 42035
8.309183496543774 9003
8.726481955645157 10001
8.480797634408601 13015
8.691495672043008 13067
9.011630184331793 13179
9.806645086271567 17019
9.887445967741936 17107
10.221825403225807 18023
8.255481720430106 21137
8.78965376344086 21187
9.095140322580642 29167
5.660361290322579 31071
6.24188172043011 31145
5.559912903225806 38025
5.475912903225807 46117
7.4720273244781845 47019
8.629391129032262 48255
5.86459677419355 48383
8.233604838709676 5017
13.6156797653959 6069
8.17623899107 2070
9.974501075268815 13279
6.971225806451613 13281
7.993509677419357 21115
8.145107258064515 22039
7.901372903225806 28101
7.3440629032258125 37115
7.2569653225806485 46035
5.533383870967743 46123
4.313218387096772 8067
9.958728024193555 27035
9.220153225806454 27115
9.588146298593879 31055
9.386508172043012 45055
6.317777419354841 54075
8.17623899107 2110
9.628603225806453 13197
9.829819354838712 18045
7.843077419354841 20117
7.908878064516125 21175
9.498452605459052 26157
8.925616451612894 27047
7.392718279569893 28097
4.39032290322581 30081
5.5654077419354815 32023
8.3093588172043 37159
9.281018494623654 39009
9.157997343453506 42013
8.331637634408603 46127
7.371239187574676 47113
6.4594682027649775 48219
8.634119354838711 51685
3.021920752688172 8019
8.661740552995395 13285
7.99219736070381 22117
7.890317741935484 27167
4.862745161290323 30025
8.592806210108652 37183
8.27321827956989 40099
5.134158064516128 46055
9.175026550868486 48347
9.348072434017604 5115
8.845556451612905 54065
3.1462832258064526 8047
9.48343677419355 17045
8.087683225806447 21045
8.729599078341016 26009
8.035137096774193 29129
6.464670967741937 48083
7.937920967741941 51520
9.204566009557936 53035
4.8345908633776205 8013
6.736008709677419 16071
8.366187096774194 21105
8.537560215053762 29011
4.172622580645162 30107
10.281363440860211 39029
8.61008333333333 40091
9.318018279569891 42057
7.69965376344086 47007
6.069635483870966 48045
7.467983225806451 50017
4.595245161290323 56027
11.897592165898633 6075
8.544200483870963 13113
10.390170967741934 13165
9.415093548387098 13259
9.46563333333334 18055
8.376557177419345 23031
8.42457016129032 29181
9.160770967741938 29205
8.217023126550867 36087
8.04494331797235 37059
10.355001075268818 45037
6.655919354838709 46003
9.716758467741943 48245
8.713249462365589 54035
6.652170967741936 56041
9.928848924731186 13169
9.445298387096775 19055
7.793616935483871 23027
8.573294013647624 24003
8.029964516129029 28125
9.208364516129032 29137
4.105899462365591 30067
6.525290725806451 36095
7.721919892473116 37033
8.498698855359013 37035
10.412182015024316 39093
8.396005069124424 48249
7.837487096774198 51149
6.76249193548387 51640
3.9254566820276495 8043
9.351785483870968 13141
9.20290806451613 13221
10.104020527859232 13275
9.044370967741935 17047
7.958576612903226 20115
8.55047419354839 21069
8.854328028673832 26101
9.271179032258068 27097
7.1767359447004555 28003
8.820186021505377 29085
4.979852903225806 30003
9.547357464366097 31153
8.730221994134903 37061
8.46446322580645 40023
6.093622580645162 46069
6.479712365591394 49047
7.6447416129032275 50019
8.237346505376344 6089
9.315839784946236 13263
8.057014193548385 26097
7.610857380254164 28033
9.162089032258061 29053
8.605551612903227 29117
7.395123655913979 37143
8.664890412186397 42051
8.334615806451616 47107
7.860684639016904 47165
6.685750115207372 48135
8.600266820276495 51069
7.504691397849459 1075
10.42953870967742 13287
7.537815322580647 23021
5.934075403225806 31111
10.380652419354833 39037
10.319683769253132 39061
7.638216129032257 47029
6.549213978494625 48429
8.030465085388995 51061
4.63740501792115 56025
10.48006441643525 6065
7.257950179211469 12075
7.772049032258063 13143
9.966372129032255 21037
8.196945967741934 21061
8.065579569892467 21141
8.459089247311834 22109
11.243215059166777 29189
7.588039354838709 37131
9.614462903225808 39111
7.776576612903229 40073
7.356780645161289 48127
9.506424193548392 5073
8.333422580645165 53001
10.419466129032259 55049
9.30806666666667 13195
8.26195752688172 13227
5.412640860215053 16079
8.635219354838712 17059
7.743963440860217 19121
7.887582795698925 21129
8.078510599078342 21199
8.579774551971324 27041
7.383912903225807 31059
5.02319853372434 31157
5.784666935483867 35035
7.760269892473119 38099
5.806129032258064 48421
6.824098924731182 51005
8.837655376344086 5113
7.727197062211977 12001
9.529863870967745 13001
11.896878747628138 17097
9.19895483870968 17185
7.96474220430107 19181
7.545529953917053 24039
8.583084803921562 25025
10.235622580645158 27157
9.052590783410134 29009
11.389929427875797 29510
10.393679032258055 39099
5.012947405329589 46103
6.511638709677417 48137
9.443593548387101 5027
8.0421752688172 53015
9.764700806451607 55075
10.086849354838714 18011
10.627391039426515 39107
9.384846774193555 48021
6.3918193548387086 48087
8.162565085388998 5031
8.664582258064502 12073
9.457716129032258 17149
10.23282158808933 18057
8.116229390681013 21013
9.859697403619217 21117
8.847850771388506 22057
4.73594193548387 30069
5.208867741935485 31113
4.875593548387095 35019
6.912524317617863 38101
9.877777060931896 45029
8.813480000000006 47057
11.162349103942667 55089
10.6299267281106 6063
4.653422878411917 8041
9.177919354838709 13099
9.588678629032259 17027
9.314678341013826 19065
8.120062096774195 19147
6.729393548387097 20141
7.716470600245007 36071
9.024986741639532 36085
6.004109677419355 38029
9.924524471635163 39085
8.49598978494624 40087
7.612845806451617 40117
9.672216666666673 42097
7.448134229390681 50027
8.578587096774195 13213
10.199923387096776 18159
7.499875806451611 20003
9.961620713859043 26099
4.236754838709678 30097
9.769412903225811 39047
6.184883225806451 40139
7.494353456221199 42015
8.063799354838705 47059
7.070831720430114 47069
10.445050403225808 55093
8.17623899107 15005
8.35556451612903 1011
9.259087096774183 13059
11.324948064516134 17093
8.300260151802648 23025
4.629726832844566 30013
7.785559139784943 40047
10.23165870967742 45049
9.185739890552991 47093
8.438750322580642 48057
8.90034287841193 51107
8.121186021505373 54085
7.657055645161288 1023
8.321509090909093 24035
9.62036989247312 26133
6.604798387096764 54055
8.917723655913974 13129
10.384592831541218 17103
9.221019999999998 17159
10.079685253456214 18063
9.321330814940582 19013
8.479788172043012 19093
8.438283301707775 27111
7.9527908918406105 37027
5.486583870967742 38085
10.109688172043008 39135
9.056415483870962 48089
7.186187096774192 48193
8.17623899107 2220
9.43649274193548 17023
8.642827956989242 19149
8.53286290322581 27043
8.795717511520742 27085
7.750294623655911 31095
9.471770250896064 39071
9.159667258064529 39145
7.5491080645161315 42023
7.624667096774195 46135
9.023568064516128 48321
7.556854838709679 51007
10.826735049627798 53011
11.936083533383346 55133
7.051464516129034 6051
8.370117399804464 6097
5.194022580645162 8061
11.568751344086001 18039
10.429356129032264 18067
8.223501290322579 19059
6.225537096774194 20065
6.71816129032258 20119
9.372790699427178 24005
9.323412903225806 27017
8.934057142857144 27103
7.886053548387089 32019
5.173125806451614 38001
10.335647996089936 39003
9.284029032258065 39053
8.362970967741939 40107
6.631612903225807 46073
4.953589032258067 49041
9.616846897681462 49049
7.742650537634405 51036
8.012222580645162 54017
11.515672325976233 55105
8.544308926204138 1089
9.953088709677422 13273
9.515806451612901 17061
7.614516129032259 20197
8.765768039702234 37071
7.688057603686633 46029
7.765296774193548 47127
9.175515745007683 48041
8.835773655913979 48285
6.586860215053762 48307
9.762780000000001 5019
6.618888479262676 53031
6.869370967741936 54067
11.569251913978501 18141
8.298342396313366 21085
8.91775564516129 21215
8.306481720430108 27105
9.91381870967742 29219
4.854895698924732 30089
7.318268590831915 33009
7.5707258064516125 37137
7.598035483870966 38095
10.097224193548389 39089
9.290974533106963 42005
7.827501382488475 47147
8.678759824046908 48217
9.208591917361353 48491
8.581232258064517 5129
9.04439419354839 5141
9.549072580645161 13037
5.869798924731182 30085
5.2124483870967735 31009
7.259795161290322 31139
7.35893612903226 36123
7.839777419354838 37081
5.36784274193548 38089
8.7221935483871 40061
5.794140725806454 41061
8.946304946236554 42037
5.177916129032259 46121
7.873687096774194 46125
7.5362648745519705 47021
7.332425806451609 47087
8.35766491935484 48097
8.823789813242781 48231
5.993635483870967 48431
9.014451501668509 54011
8.92805806451613 54103
8.17623899107 2185
7.566107741935482 12041
7.649460672614976 12115
8.123138709677422 19009
5.867509677419355 20153
6.123537096774195 31175
7.691708658743635 36011
7.5253324884792585 37193
6.176128110599074 38105
7.873200146627571 54033
10.380446236559152 6005
8.609810669975184 1115
10.251239784946238 17085
7.580272177419356 20111
8.138701612903224 21197
8.163023387096777 27033
8.979399120234602 27061
8.135134193548385 27117
8.463870967741935 27129
7.5396311827957 28019
8.101091612903234 28039
7.6241279569892475 28103
8.584219354838714 37109
9.08703267429761 37155
10.315388856304992 39005
10.08453049853372 39023
7.309746236559138 48237
8.131514940577249 48367
8.485926302729537 49043
7.422434408602151 54031
5.639917511520733 56005
7.635699120234602 1077
7.763707799711125 12101
9.593026079054958 13051
9.726194838709679 18029
9.519976129032257 18153
5.606658064516127 20199
7.869037096774206 24047
7.613400358422935 28095
8.088383751493435 28121
9.446839972794395 34017
8.10884489247312 37069
6.3435723259762336 38015
8.578117741935484 40095
7.415970967741931 47015
7.311074193548384 47141
7.596649820788526 51083
8.892513978494625 5117
11.57216148007589 6007
9.653361935483874 13053
9.288416935483871 19017
7.180167741935484 20049
9.407418709677412 22027
8.203101075268817 22125
8.472395967741935 27015
8.980990322580643 27159
9.798301707779894 27171
7.9543204301075265 28077
7.946199539170508 28099
8.943804301075266 29041
5.183207258064514 30005
8.219063082437282 37125
9.98353853989812 39119
9.63549677419355 45027
9.217506451612905 48477
11.71083614369501 55101
9.233299167533827 6025
7.932324193548386 1041
7.821614193548388 1047
9.110698924731173 17199
8.25156392961876 22079
7.6014242784380315 28081
9.244429032258065 29125
9.788392488573878 32003
8.104046666666669 37141
9.446242204301077 42087
9.983470866935473 42101
6.388726881720429 48357
7.532160483870967 51135
8.976263172043014 55031
8.535093548387099 1051
7.5637013142174405 12017
8.386024193548385 17069
6.543269354838713 20163
8.134966129032259 31097
6.53451260997068 35045
7.157923387096775 40149
9.282267448680361 48481
8.17623899107 2100
8.574397204301075 1055
8.686792544802858 13117
10.112670967741936 13155
10.838229032258058 18111
8.41788844086022 19187
8.241894193548395 27135
6.2071774193548395 30019
7.4151274193548415 37029
6.819366253101737 37189
7.103183870967743 38027
7.942785842293906 47155
7.585728025105809 47157
6.40264193548387 48151
6.24336129032258 48179
5.947261290322581 48235
7.000616129032259 48333
8.884809677419359 48405
7.682302419354837 51093
6.636830107526884 51197
3.732977419354838 8055
9.856943010752687 13271
9.333300537634418 17173
10.481853978494621 17179
11.263497096774186 18113
9.690392390405282 26115
8.603263709677417 37079
7.800629354838709 37181
9.779381003584234 39027
7.170201075268818 40093
5.752332258064516 46129
5.571299999999999 48229
13.087016129032307 6061
8.871119661200227 11001
7.101274762808347 12107
10.39125798387096 17161
9.965162258064517 18145
8.945777401129954 22071
10.780485253456222 26121
5.054264516129033 35011
6.4315758064516135 35025
6.987444086021508 46115
10.288343130226991 55073
8.17623899107 2230
7.658579032258064 20201
9.333398826979462 22099
7.834325806451609 27075
8.053647311827959 27107
7.841747311827956 28005
4.923625806451613 31091
7.973833566433574 34025
4.668839354838712 35027
7.385837829912021 37171
8.959997311827957 40079
7.3387266129032245 47171
8.842417237903229 5143
9.657434367245651 18019
6.487593548387099 20101
9.804096774193546 22121
9.315246334310853 27099
4.45475806451613 30037
5.046651612903225 31005
7.391172580645161 31169
9.868439084101425 32031
9.366443401759529 45089
6.363067741935486 48413
8.985695698924728 5127
10.055421792948193 53053
32.16343660236673 6019
7.202746013824879 6093
10.14962762973352 13153
11.347337499999993 18087
8.878422580645164 19129
9.230345161290323 21089
7.340445161290324 51049
4.541340322580645 8073
8.01565668202765 20161
8.59275806451613 21007
8.412443548387097 21123
7.784016129032254 28087
8.594937855787482 34035
4.506072580645161 35028
7.0618043010752665 51125
7.526458064516131 51595
9.710458781362014 54069
7.6765771612903215 12113
10.105470967741933 13315
8.81199161290323 21005
8.96975483870968 21041
7.119990322580645 28009
8.917937950664118 34011
4.081641935483873 35055
10.204889826302729 39063
5.027829032258064 46007
7.853674193548386 48311
8.869838064516124 5011
7.783419124423964 51199
8.34462165898618 55003
9.048396774193549 13183
8.9994647311828 13247
9.530702580645157 17041
9.802919086021507 17057
9.591824014336913 26051
8.520283154121868 31053
7.52483753665689 33003
6.179872580645158 36041
8.17042488479263 37003
10.412596088709678 39017
7.467275483870972 47161
9.344928091397856 48091
7.9452314516129015 49051
7.9892080645161245 51105
10.53831445161289 55063
10.279900000000005 55123
5.262059677419356 56045
6.5972226209677425 16011
10.240382795698922 17075
7.7786255583126565 20125
10.059737243401763 26107
6.841551612903226 31099
7.492024039938571 36083
10.063397518610424 39077
10.633056630824374 39171
8.068173020527857 40137
7.209551612903228 47083
9.361891645832015 48113
8.04582258064516 48261
8.703324193548392 5065
8.481135483870974 5095
6.331793548387096 51091
9.56753419354839 6011
5.647683870967745 8095
9.026676344086018 18025
7.847200586510271 20035
8.521200000000006 21107
9.067583870967743 29055
7.757807956989248 33001
10.44962873900293 39011
8.31579900460832 40143
6.374677419354836 48065
6.752074193548389 48189
7.386508387096777 51175
7.610085161290319 1107
7.262379032258066 12043
9.659602150537635 13009
11.632844295830056 17089
8.270757258064519 19025
7.842610215053761 21051
5.260540860215054 30021
3.949033870967741 30077
8.466144516129033 31131
8.00943935483871 38067
5.93841935483871 41023
9.152654838709678 48315
8.101923655913977 5107
7.072219354838714 51159
8.68997419354839 55037
5.6131419354838705 8014
9.864127956989245 13161
10.246108064516125 13193
8.049238064516128 19029
8.580263978494623 21027
8.76237258064516 27143
8.174306281833621 28151
8.255117741935484 29005
6.576452688172042 31003
7.534006136900079 34037
8.461368786915035 42049
10.413867741935485 45005
7.961925483870972 47131
8.284344034201318 51153
7.820364516129033 54013
14.38412203681523 6037
13.361179853925766 6079
9.750537903225805 13075
9.859564516129032 13289
10.733972903225807 17063
5.91331935483871 20187
9.70585913978494 27139
8.346135483870965 27151
7.758683870967742 28023
9.200066532258063 29031
8.45464623655914 29211
5.303587096774193 30051
5.51955714285714 32007
8.522681141439206 42065
6.827648387096776 44005
7.314495161290323 47175
7.284778255675027 12055
9.379093548387097 13005
9.490506451612907 13207
10.226477419354834 13261
9.895640322580643 17013
8.693135483870963 19083
8.35896129032258 22043
8.080959139784948 23007
8.834464516129033 27153
7.767562580645159 28051
8.299798387096773 29171
9.098525403225803 29225
5.901496774193549 31087
8.776386021505372 37093
8.156180148883383 37167
7.091745806451612 42105
8.678019815668202 48161
7.628727096774195 51145
7.412808064516128 51620
3.839029032258065 8057
5.9708225806451605 16031
11.583521029776676 17111
9.858118548387097 17131
11.642850594227522 17197
10.24258073234524 18157
7.77041505376344 22107
10.723512903225808 26123
8.939439314516127 27013
8.260733870967744 27087
7.831026612903227 28083
6.814501075268816 37075
7.951863538611926 38017
6.054651971326162 4012
9.755766129032256 49029
9.671672580645163 54009
5.183433333333333 8063
9.591581935483864 18043
9.561536559139787 19115
6.106340322580643 20039
8.732261436950141 21093
9.483451612903226 22045
6.517976129032259 25019
9.414282027649767 29007
8.154496774193548 31127
7.943890322580645 31133
8.109030870967763 34027
5.530408870967742 35057
7.17209677419355 38005
7.114196774193551 38039
7.073332903225805 47085
8.916545967741937 48313
8.446893548387097 50013
9.902540860215053 55119
4.837450230414746 8029
7.630111290322579 1065
8.662441935483866 1069
7.100939539170492 12085
9.5639264516129 13303
5.207893548387096 16033
4.4172924731182786 16085
10.21677419354838 17123
8.105633870967743 21065
9.059491397849456 29175
7.073933640552994 37039
9.259094758064519 39167
9.59085346774195 42107
6.2448516129032265 46089
7.505969354838711 47061
7.830353958944278 47183
7.874073118279568 48163
4.910829032258065 49021
6.906661290322581 49033
10.408465840407482 5119
6.850745161290321 53069
8.274476129032262 55007
8.17623899107 2020
9.243707526881721 18117
9.528972043010755 19103
6.938122580645163 20069
9.37801223325063 20091
8.161208602150536 28089
8.412323278116824 37025
8.177764724245584 37133
9.081246390168973 41043
7.588787096774195 42113
9.62274086021505 5099
8.912066666666664 55099
10.679479838709671 55121
9.757903225806466 6017
5.7896567741935465 6105
8.17623899107 2060
9.332752534562214 13029
9.704046082949306 18041
5.941838709677421 20075
7.397221505376345 28155
7.08125190615836 33007
6.040415483870967 38059
7.940416532258067 41045
8.91932352941176 48005
6.476867741935485 48095
5.185209677419354 48111
6.111822580645161 48263
9.144151612903226 5097
8.544650107526886 53063
8.420842258064525 13077
9.415680967741935 17137
11.22763548387097 18073
8.906696774193552 19095
8.027240322580646 21063
5.589638709677419 32009
7.610070967741928 36107
7.3812688172042975 37041
10.212357347670261 39101
5.976041935483873 46021
7.11337771260997 47099
9.91008305835999 26049
7.4738851612903225 28043
4.878775806451613 31161
4.768619354838711 32015
7.732651244239627 36013
9.890893202764994 39045
10.844038801843334 39133
7.650564516129032 46077
8.98265483870968 51600
11.861046935483886 55055
5.113840860215055 56043
4.725448387096773 16023
8.203835483870968 21143
9.080295483870971 29141
9.713671612903234 29165
4.133158064516129 30043
8.31879139784946 37007
8.05309447004609 37135
7.637986021505374 37157
9.490173271889399 39073
6.285645161290321 46049
9.201772903225805 48471
9.74910451612903 5057
7.4867774193548415 51081
7.396067096774195 51183
12.619440834367262 6013
6.435151889400926 6015
9.279237419354834 6055
8.734920430107525 1067
7.619062903225802 1119
7.766167741935481 19159
8.154703870967744 21217
8.2832190860215 22115
10.183712258064512 45075
9.039728278785025 48121
8.49093306451613 48351
7.409062580645163 48463
8.685518064516124 5015
3.767303225806452 8111
7.954701254480283 1127
7.853508387096772 1129
7.5822393887945845 12015
9.937422580645162 13283
4.84920774193548 16049
7.03106322580645 16053
10.329572043010756 18007
10.245027150537634 19045
8.204667741935486 21075
7.967540501792121 23015
9.785236622390906 29071
5.42715058064517 35049
9.86426612903226 39013
9.332705443548386 39087
7.896105645161287 40105
5.861862096774196 41007
7.168002466793167 47119
7.464839631336408 53045
8.269524193548383 53073
8.002572258064516 54027
5.136751612903226 56011
3.271102580645162 8117
10.674506935483862 13073
9.446081566820277 13087
10.158889784946231 13225
8.396906451612905 20043
8.74963935483871 21097
9.0987045540797 22063
7.970953763440857 26003
7.667544086021507 28021
9.204552688172035 29145
4.507979472140759 30031
8.318818709677416 40035
7.9199168302945235 47179
9.595442338709677 48055
9.062517204301075 48063
9.29313607038123 48199
7.318722580645156 51167
8.685323655913978 54095
10.288455913978499 55043
13.994865130568368 6101
7.56403376344086 12019
9.202477419354839 13219
9.468634408602147 17169
7.92969247311828 20131
7.65446612903226 21057
7.973664516129032 28053
8.278376881720433 29217
8.709525806451614 47089
8.923106912442398 48331
9.124737903225805 48449
8.690497849462364 5137
7.728259326788227 51770
10.606835781637741 10003
9.579830645161291 19043
8.915932258064515 21149
8.019176774193545 22065
9.704978801843318 26109
5.780821505376346 31101
8.153748375534752 36059
6.723301075268816 37005
7.147498709677416 37199
8.80549063475545 42027
7.433297360703809 42115
9.365511005692603 45059
6.374535483870968 48435
4.700538709677421 49001
8.629436917562728 5005
9.760115524193546 5085
8.005097190426625 1003
7.171060582357962 12009
11.314106245710375 13245
9.702974838709677 18047
8.440158870967739 20087
5.87446129032258 20109
9.873060028050462 22033
7.97064301075269 22075
9.402391595925279 24013
9.326315705975654 24021
9.026074999999993 26063
8.030764516129029 28131
8.884790322580644 29159
3.9901516129032255 30023
4.055054838709678 30045
4.725396774193548 31045
7.649353487358323 36065
7.297977419354842 37175
6.590016129032258 38083
6.791399193548385 40009
7.613554838709679 41049
5.610532258064518 48443
8.604830322580652 5043
8.544458986175114 51683
7.438548387096775 54015
6.594024258064514 6023
8.152626099706742 1121
10.29503727598566 17203
8.324549193548386 19165
7.6465314990512265 32005
6.292771774193546 35009
7.162090322580645 38075
7.170443870967745 40039
5.597565821812597 4025
9.32183971774193 41033
10.099992473118283 45017
8.850382258064526 47001
6.433272903225806 48279
7.757987096774188 12089
8.805313161290343 13151
5.6924677419354826 20023
9.677490851401368 26093
9.556569354838706 29139
7.2145602716468575 36043
9.894344274193546 39025
9.168143870967734 45039
7.7750645161290315 46039
7.60651612903226 48281
7.132817204301076 51103
7.6210419354838725 54021
7.496971326164872 54045
10.817070046082945 55001
3.7305290322580644 8037
8.112139190116688 1125
7.830354838709678 12129
9.842610752688172 13167
10.381387741935484 13177
8.936937419354845 13185
9.9125064516129 13309
5.9825012903225785 16029
8.180377254772875 19153
6.7718596774193545 20145
9.049956989247308 21091
8.544265322580648 22001
7.3421136878814215 37031
4.946258064516127 38011
8.037745161290319 46027
7.791659139784942 47153
8.84341972704715 48181
7.239085483870967 51119
8.056573719165096 51650
5.358809032258068 53047
6.141621935483876 53059
5.061251612903225 16003
6.677896774193546 16073
9.236574193548392 17077
8.555921505376345 29123
7.858732258064513 40103
9.064471669004202 42063
7.403246236559139 46067
8.334424193548383 47067
8.473557603686636 48025
6.094129032258065 48393
8.828010322580646 48455
5.899399539170505 53049
6.56328617511521 54025
10.489777272727274 26037
9.890072847871773 26125
5.773319354838709 38053
10.443809984098067 39049
10.130167741935482 39067
12.232477518104025 42071
11.255331867057665 45003
6.809496774193549 46043
5.107395698924731 53019
10.266022580645163 55019
7.859841129032255 1029
7.620698924731186 1105
8.797474937965253 19193
6.290641935483871 20137
7.958403225806451 21109
8.116885856079403 21125
8.101664516129034 21127
9.96981923076923 26017
5.831248387096776 32027
7.227492999313653 36111
8.848643010752692 37017
9.204965053763438 39105
7.753969124423969 42131
9.371755229716506 45041
6.7818903225806455 48385
8.13593493312353 51550
8.178223225806452 54043
7.910796360628617 12081
8.776818119815683 34023
7.1929208602150565 36035
7.476855407969646 36115
7.548108064516132 38097
9.376413978494625 39131
8.447498924731178 40133
9.8510560483871 42109
7.6573838709677435 46097
6.817039904420554 48329
9.510030824372757 55029
5.564900806451611 56023
7.422064516129031 6049
4.079041013824886 8039
7.590567394540943 9011
8.17623899107 2013
7.87061129032258 1111
7.582918181818175 12131
8.760495161290322 20021
6.6923709677419385 20047
10.938728360215054 26005
8.002337634408603 28065
9.095226774193552 29037
10.107690954773878 29095
9.14641885856079 45021
7.388643951612902 47017
9.603616080156407 48167
7.919073118279566 5037
7.070397580645166 51133
9.170172520908 1081
7.230710752688171 12045
9.498217204301078 13201
6.438504838709675 20135
7.1828381720430095 28093
8.040064516129029 31147
10.569862903225806 39075
7.35747741935483 47177
8.549883064516127 48325
5.539225044802867 8031
5.461738709677422 8099
8.135556989247307 1061
9.565230414746546 27095
8.75520322580645 29025
9.131107096774187 29157
5.39589677419355 31149
6.947827419354839 38049
6.604530645161293 41025
7.806222580645161 46087
7.574044086021504 48077
8.920396204933597 48213
9.545573387096777 5053
9.564755913978496 55067
7.562111612903222 1057
7.11614000000001 12109
8.587007326407852 16001
9.431430376344085 17029
9.463351612903226 19191
7.444922580645162 20095
9.318949999999997 26113
8.49344193548388 28035
8.513812903225809 29063
4.909783870967742 30075
7.85052419354839 31151
8.08021597899476 33011
9.031627718040614 34039
7.965884769585267 36067
6.686966666666666 51173
13.49051156569628 6113
6.037810841370138 8001
4.669297419354836 8085
8.17623899107 15001
9.414227419354843 18115
6.4049403225806465 20189
9.93541539170506 20209
8.532521586528699 25017
8.163328039702229 27027
7.661074193548386 28063
10.028362170087982 29047
7.611103225806454 40015
6.245437381404175 41041
7.687476344086024 47003
8.900107258064514 5079
10.739204838709679 55045
9.803301935483875 55107
10.378898387096774 13081
10.356412903225822 17099
8.546006451612906 19035
7.9769253456221145 21001
9.567456598240478 22119
7.808437096774195 28157
8.553754838709676 29003
3.9566161290322577 30039
7.714506451612904 48283
5.113466129032256 48377
7.290733870967743 51097
7.461232258064515 51101
7.258595698924728 51131
7.474253225806451 51181
14.114038596947752 6085
7.77510217644775 12071
8.999044271412687 13089
10.020308709677408 13103
8.901642741935488 13199
9.344561290322579 16075
8.76016451612903 19177
8.565634408602152 22077
8.748490967741938 26001
10.9164478064516 27163
8.306853763440857 27165
9.352070967741938 29135
5.2712913978494615 30101
7.053859677419358 51193
7.435665322580645 1093
6.014933179723504 16057
10.151450000000006 17015
10.699248387096779 18069
7.861093548387095 19003
8.39488064516129 19119
9.297208387096783 19183
7.692537096774193 20107
7.65418817204301 21131
8.967599596774196 26055
5.14095806451613 30017
8.953083333333328 5071
4.604624534829344 8059
7.489152143172775 12021
10.316693548387093 13277
9.44181419354839 18147
7.548053225806453 20143
6.739077419354838 20183
7.53027822580645 28017
7.903806451612899 28123
6.930325806451615 48487
8.066079999999996 51570
4.4921548387096735 8045
10.441737634408597 13033
10.316555913978496 13093
8.994062580645156 17191
9.837660703812316 19057
8.138360080645167 19125
10.027979262672808 26127
8.088474042338724 28049
7.739372043010752 28143
9.129164956011738 29097
7.388325806451612 31143
6.750029032258062 47101
7.389712903225808 51011
7.464649462365592 51037
8.035473732718893 51670
7.652445161290323 54091
8.17268064516129 19073
8.131758870967742 27089
7.849270967741933 31159
8.903373706543178 36081
10.162279723502312 39147
7.794156989247306 40067
8.592891612903212 45025
8.195676539589437 47013
6.456487096774194 48069
6.931712096774192 53043
9.25254247311827 17121
7.660847096774194 20139
10.060271421370972 22017
8.180682198327332 25009
7.189287096774196 28139
9.620111734823475 34007
7.854821377802085 42069
8.450926881720429 47121
8.53071290322581 48427
9.517240860215056 5061
7.342666935483874 53055
4.4586483870967735 16013
10.131556823821345 17073
7.746453548387099 21231
7.401455483870972 28057
4.6034741935483865 32011
6.511030645161289 35029
10.732721290322582 39125
11.42234965437788 55131
7.557771684587821 1053
8.818709677419355 13229
4.619767741935484 16059
8.783697849462369 19069
10.317500537634414 26059
4.321858064516129 31007
8.572866308243732 40021
6.465756451612899 40059
7.223665161290323 47005
8.414246774193547 48175
9.280918894009226 48203
8.782158294930865 48251
4.610895161290324 56019
8.17623899107 15003
9.411111290322577 17171
9.59918479262673 18037
7.583351612903223 20017
7.543907526881719 20077
8.410855299539172 21021
8.461272580645156 29061
5.815980645161292 31085
7.3445040322580715 36057
8.589758064516133 40001
5.327574193548387 48359
8.610800000000001 48403
7.495345564516128 51073
7.378848387096775 51820
22.949206515701665 6029
11.38945374595678 6071
10.71633677419355 18103
9.558956221198166 18163
7.703785161290321 20133
8.917222580645161 21103
8.815760215053766 21191
8.09008387096774 21203
7.423673548387101 28137
8.018532258064516 29155
9.444781720430106 29173
4.4624544802867385 35039
10.943584829991277 39103
7.106325558312653 41011
7.311090783410136 47133
8.11818387096774 48047
5.465268548387098 48371
8.816457419354833 48457
7.548577419354839 51079
7.657678494623658 51127
8.735283870967747 1017
9.290572043010748 13159
9.163366666666663 18175
6.748928494623651 20051
6.48815806451613 20171
10.483818120270818 26065
9.101009354838709 26143
4.627406451612901 30047
7.384656272401429 31119
8.153007526881714 34001
9.423016589861753 45061
6.35195322580645 48335
6.041706451612904 48475
9.35759405017921 19113
8.983344239631334 27057
7.974492473118277 28147
9.011389736070381 29187
7.419245161290323 36045
7.80770916129032 36091
8.055662523719151 37057
7.664950537634415 37083
5.2019709677419375 38041
10.155852122241079 42077
9.416091705069125 45047
7.3218387096774205 47041
8.656495161290323 48119
9.251864516129032 48365
8.751924193548383 48387
5.0496483870967745 49019
8.639755913978494 51043
8.259891397849467 54049
10.169351935483878 55083
5.046841935483871 8017
10.109883225806461 17105
8.536721658986176 19123
8.918237634408603 19195
7.83960860215054 20041
10.066336021505379 39117
10.082937849462363 39143
8.46642473118279 42111
8.788370506912445 45057
9.826665217391309 45085
6.874503629032258 46013
8.745626523297487 1005
9.28328064516129 13003
9.179829032258063 13239
8.457463225806446 19169
8.008399354838708 22003
8.699153763440863 27067
8.145488709677421 27077
8.031840322580642 28061
8.845896774193545 37165
5.288779569892474 49027
7.5226212903225855 51775
8.17623899107 2188
8.17623899107 15009
8.595408064516127 17127
9.269729569892476 19019
8.380460829493087 21043
9.347835483870963 22031
5.110216129032259 31117
9.55065797962647 34005
9.167648168236742 36005
8.706173753665686 40145
7.6146739454094305 40147
5.63943270817704 4015
9.321016666666665 41017
10.578218064516129 55011
9.55976290322581 55013
4.982190322580644 8011
7.7975698924731205 19001
5.786761290322579 20071
9.275204838709675 22111
7.628625161290322 28159
7.631275268817201 37185
6.4779451612903225 40007
6.358379032258066 48295
8.172079032258065 48391
6.954817741935487 48411
3.528927956989251 8119
8.061722691879867 9013
8.17623899107 2050
7.61745806451613 12077
10.114360215053763 13043
9.199266666666668 19131
8.269690860215052 19145
8.947546370967743 20103
5.683022580645161 20181
7.963065161290326 28127
8.613718145161286 29091
9.679166129032259 39115
10.20138506705329 45079
7.4408311827957 48299
7.081264516129032 51530
7.734852492668614 51660
9.872699999999998 13007
7.737029903225803 13039
8.798474731182793 13055
9.724272043010753 13269
6.031858709677418 16077
9.90635102639296 19111
9.221956608969322 21067
9.62190960986319 21111
5.281977419354839 30071
8.932490029325512 37163
7.738880645161289 46057
7.3920143369175655 48363
7.252484193548393 50005
7.458825806451606 51033
13.02936494623654 6001
4.60732119815668 8083
8.188162933657955 10005
8.276895391705073 1031
7.679627419354834 1091
12.335541984433934 17031
8.59254129032258 19197
8.496074731182796 29143
6.309088018433183 31047
5.142567741935488 35051
7.661297184750729 36007
8.371945322580654 42033
5.048709677419357 46105
7.452815591397849 47117
7.376527598566308 48323
8.199954193548393 13025
9.232021658986175 13133
9.328731612903223 13147
7.137014516129031 20123
7.480894470046085 24023
10.829876426799016 26067
8.844863870967743 27007
9.031217419354835 27161
8.310970514112899 36055
10.520172140762456 55115
7.478022119815669 12051
9.661804516129035 19005
6.515764516129033 20025
8.42428269794722 20037
7.476737096774194 27031
8.57187911944203 31109
7.811620645161284 36069
7.239115483870965 36097
7.050006451612903 37177
9.269703942652335 39015
7.124912903225808 40065
8.558553846153849 40121
11.766427575442247 42075
9.248320430107524 5039
8.477397311827962 51760
9.250198924731174 54037
11.52764274193548 55087
5.864725695216917 8077
6.401726881720427 12087
12.365697625448037 17043
9.774459354838703 18139
9.994116666666667 19097
8.7251814516129 21233
7.547426075268815 23003
8.385530107526884 26089
8.493928225806446 27121
8.766331451612905 29229
8.390110752688171 31021
6.19891612903226 38051
6.719183870967747 38093
8.96156497695852 48149
8.992012376563524 5007
7.5091629032258025 51067
6.565122119815673 54083
11.196664516129037 55139
3.082019032258063 8093
8.17623899107 2240
7.098136774193551 13241
9.66924573732719 18167
9.046199308755766 21209
8.682604516129027 29115
5.494225996204935 35031
7.3416392473118295 36023
8.72362803970224 37047
6.879789032258065 47091
8.273447072879348 51710
7.862073118279571 51735
6.564082795698926 54063
9.226778064516127 13211
6.9311786328725065 16019
10.087385923753667 18081
9.053295645161311 22073
9.722711714770785 24025
8.257280645161291 29203
8.700620774193535 34031
10.103908294930875 39065
7.684838709677419 51630
10.48890071684588 55081
5.573752161290323 56013
9.726732903225805 13267
9.242925806451613 17051
9.537229280397021 27131
7.685143548387096 28037
4.869393548387097 30011
4.88274193548387 30033
5.0084016129032225 30063
8.654027543424329 34019
4.2761516129032255 35006
8.301445564516124 37147
6.37528064516129 46059
6.8480282258064475 48049
8.791331136044883 48469
9.61123010752688 18021
7.039801612903227 20185
7.723577419354844 23019
10.016769032258066 26161
7.665143548387099 28069
7.947503225806451 28153
5.461887903225811 30111
4.894401612903225 40025
4.87114343317972 4005
5.075014516129033 46071
6.621441935483872 48107
6.561287096774193 48275
5.499259139784945 49015
8.719705857385396 51510
6.769435483870963 53017
7.777577688172044 53071
10.688254377880176 55057
5.471029032258067 8087
8.620381003584225 12039
7.976879838709683 20149
9.162846774193547 22007
10.161502016129033 27059
9.981368100358425 45015
9.040128494623657 48177
7.668420967741935 48425
9.113062903225805 5013
7.614311827956988 1063
9.697560645161301 17109
9.513824193548388 18125
7.690408064516129 20027
8.231137634408604 21033
8.719438064516124 21049
10.068245601173023 22015
9.037944168734485 22089
8.330795930521086 25021
9.420588978494637 26087
9.045355913978499 29169
8.131479390681005 37023
7.638239288668324 47125
7.2049702508960545 50025
8.738686451612905 51840
7.7078099846390415 12083
10.22783064516129 18009
11.01052580645161 18049
10.301928225806448 18053
8.607351026392964 19179
8.243792473118283 29087
6.837183870967743 31125
6.943664516129032 38031
7.884200000000004 47129
7.6551258064516094 47151
10.580839278937379 55141
21.025646807109975 6047
5.510527311827956 16043
9.968767741935482 17067
6.9947408602150585 20055
4.887490322580646 30015
7.450985080645169 36053
8.744281406617718 37119
8.25322853598018 42079
6.878899999999995 47081
6.46031935483871 48327
8.938376129032259 48489
11.184774731182792 55047
9.45113064516129 55069
9.128422043010747 55113
7.649068100358414 1025
9.51139838709678 13301
9.095490501792112 13313
10.827360410557182 18017
10.35442032258065 27169
7.7248 28135
4.7626725806451615 30065
7.109805376344087 31081
4.781970430107528 35053
8.570190570719609 37161
8.956469845722301 42039
9.83105387096773 42085
7.85184435483871 48053
9.210753225806446 48419
3.564003225806451 8053
6.519009408602148 16065
5.08209 16081
9.369102150537634 17035
9.632962568472308 17167
8.0086 20085
7.085412903225807 20105
7.86174677419355 21237
11.752526461693545 26081
8.858204838709677 27093
7.726709677419358 28025
8.396309677419353 40077
6.116593548387097 48103
7.743024934612029 48485
5.709252380952385 49053
11.476579271206692 55009
9.589239919354833 29027
4.867287096774193 31075
8.02220391006841 37019
9.855808030679018 42017
8.17623899107 2105
7.890173387096774 1085
9.77429429280398 18065
7.749158064516132 22029
8.0683262672811 28027
8.599581612903215 29023
8.928685366732736 34003
9.367323870967727 45013
7.733158781362009 47051
7.646107903225802 5035
7.754302419354831 51800
11.166395430107528 55021
10.525667741935486 55091
7.882996774193546 20061
7.770317419354833 28079
9.32581451612903 29177
7.781941935483869 31179
6.699521948134095 35001
7.767457096774199 37111
10.72233967741935 42099
9.967926612903225 45053
5.011985483870967 46019
7.154991397849463 47077
8.148774731182796 47115
10.769965645161289 55035
10.527201062837912 6111
7.824208467741935 13137
8.12786451612903 13149
9.164362903225808 17025
9.234066666666664 17145
8.563951419354833 26019
8.193601612903228 29035
7.610876958525345 31141
10.232924976958536 39057
12.12791339950373 41067
8.502199354838705 48273
8.621844086021508 48277
8.346622580645162 5021
7.27457903225806 51790
3.7070822580645157 8021
4.921158024745917 8069
10.641438709677425 39039
9.420763133640563 39079
11.289936798088398 39153
7.2241720430107526 40075
5.7673903225806455 48079
5.265787096774193 48109
9.278301612903222 48407
9.684826881720427 54051
11.515855967741931 55027
9.92399623655914 13091
10.723713333333329 17163
9.157303225806453 18155
8.263927956989248 19151
9.719192688172052 29051
10.178884785748663 42003
9.466429435483871 45071
6.4254494623655924 48445
7.1901294930875554 51027
7.434089677419351 54041
3.584253548387099 8015
7.570735483870965 1099
9.211570967741936 13265
7.832679677419351 26061
8.34141806451613 29069
8.56395 29153
4.539882258064517 30061
5.21148817204301 35037
7.286580184331797 37053
7.741698387096772 38019
10.245556774193547 39041
10.362786901270761 39165
7.996186328725028 40037
9.41473090229079 45083
8.20582880184332 46099
6.845363709677419 47181
7.991132088285224 48099
6.667819999999996 48133
11.076900562258869 48201
13.008658482676239 49011
7.486721290322573 51025
5.929627150537639 56037
9.223044444444445 6035
4.909270967741936 8025
9.07546129032258 13253
9.08820829493088 18077
8.330966129032255 21055
8.611662499999996 22101
8.369392769744158 40017
9.052672305271457 47065
7.271777229601524 48303
9.051559203036048 48309
7.556098533724345 51095
8.645540175953082 54099
8.244333137829909 1071
9.769086451612903 13189
8.271843225806457 13257
11.23386774193548 18131
8.813056451612916 23005
7.4610076645161145 25005
8.531251612903231 26029
9.087275806451613 27079
8.423252000000003 33017
9.082651523769048 36047
7.544945806451614 37091
8.410209677419353 37153
5.74123054435484 4003
9.095164874551969 40135
8.927087976539589 42009
10.281461290322577 45009
8.856434604105575 45023
6.075612903225807 48269
7.097506451612903 54001
7.531427188940095 54059
7.883516935483867 12059
8.683430483870973 13115
7.769106451612902 27155
7.82601765704583 28075
7.835772043010752 28085
4.250313306451613 30093
4.321945161290323 35021
7.027205645161289 38003
7.636482258064516 38079
8.438742741935489 40005
9.417305645161294 42093
7.237558548387102 53041
4.892561290322581 8089
9.628004301075261 13019
9.901855913978496 13023
9.817913172043003 17183
6.96308064516129 20007
7.347008064516133 20029
10.136909032258062 26073
8.127209677419355 27101
6.966438709677424 31107
7.32922304147465 36009
6.921951612903226 37043
10.274350645161284 39031
8.160509677419356 40081
8.196454838709673 41037
9.116743548387094 45033
6.598044086021505 48305
9.17114193548387 48343
6.18481129032258 48501
6.564064516129032 51017
8.961533504848612 1073
11.286994009216581 17007
11.321373732718877 18091
9.10080591397849 29105
7.784364516129032 37013
7.888697670250891 38035
8.627036088709676 48409
8.862942258064509 48467
9.862244623655911 48473
9.106516129032258 5023
9.538073449131522 5131
9.934430066950677 13215
10.509045795875194 17119
7.721636290322584 19175
8.376935483870968 21011
9.281592626728115 21185
9.141427096774189 26039
8.246103763440859 27127
7.981069354838714 28113
8.24315 29075
4.471190322580646 30027
8.631102419354836 31043
6.949171428571429 32001
8.070793763440854 36037
6.01995806451613 41069
9.222211088709685 45031
7.749740816326521 47149
10.112164516129031 55078
10.325969771656387 6083
8.228245878136207 9007
8.360067741935483 19161
8.051200000000001 21165
7.707595698924733 26095
10.035768387096775 27055
8.889913620071685 29101
8.930380645161291 29103
10.457553456221197 39019
8.520109677419361 40063
5.881725000000001 41057
8.543314919354836 48241
7.287845161290327 50023
9.694896505376338 5091
5.837490322580645 53023
5.038084946236562 56003
8.441523118279566 1019
9.60224193548387 13125
7.194422580645161 13291
11.409182795698934 18099
9.125195483870968 18123
8.965378341013823 19011
8.196052016129034 20121
6.021174193548386 20193
8.932288387096774 22049
10.890018775847803 26025
8.171125 40083
7.431922580645161 47137
8.903934408602149 48159
8.127775268817201 48259
7.610288624787774 51680
4.765033870967742 8009
9.46878193548387 17017
9.221902932551318 22095
10.598665207373275 26045
7.7747166666666665 28029
8.303717511520745 28059
9.456150000000003 29111
4.676453225806452 30073
7.065962672811058 36033
5.118229032258063 38007
6.3838129032258095 48483
8.560663225806454 19127
8.116656451612903 21087
9.7832306451613 22005
9.16973801843318 23001
11.263534295415958 26077
9.067632258064519 29059
9.092586451612906 29213
7.4393685483870975 31185
6.923318279569887 37113
7.7900622119815655 37197
8.746080286738351 40115
10.411221357063399 41047
8.995006912442406 42021
6.177653225806451 46015
6.197587096774194 46017
6.277609677419354 46045
7.171976209677417 48143
9.729922269902339 48453
8.56258598014888 49005
8.14126935483871 49045
9.226237634408598 5083
8.008615053763442 5123
9.276227956989242 5149
9.387764516129034 55129
7.1731365591397855 12029
9.153685184127909 13135
8.072977016129032 20099
8.713102150537631 26007
8.176938709677417 27069
9.264962903225802 29186
8.487351612903229 29197
6.973993548387099 31121
6.919652258064517 37011
7.942940322580632 37151
7.5864354838709716 38077
8.661002932551314 40013
10.321614559721027 45063
6.2763564516129025 48081
3.297375806451612 8065
4.2412254032258065 8107
8.522890783410134 1045
9.129135483870968 13035
6.575524423963135 16083
8.460096774193548 19051
9.345351612903224 19089
7.7991520737327225 21025
8.413959592529705 21151
7.816943548387097 21189
8.741805645161286 21225
8.153242985746441 22103
9.562069100169776 27019
9.979402304147467 29113
8.979021290322583 29221
6.0966129032258065 31015
7.336339442815256 36015
7.877276881720428 37123
10.83781707452724 42029
7.353043108504395 44001
6.162196774193547 48191
5.935962903225806 48461
12.638481101643356 49035
4.847570967741935 56015
7.624411290322579 13049
8.892637096774191 13173
8.472593548387097 21039
7.612362365591401 21053
8.430366129032253 21173
8.306905913978495 22083
9.199711436950146 29029
6.550543548387098 31093
5.928562580645162 35041
8.799828876170643 40027
9.594958993985793 42125
8.806027880184331 45043
9.377053763440854 5103
9.06962580645161 51610
12.420748162515318 6081
9.39650483870968 17009
8.33653333333333 19109
7.2322118279569905 20073
7.677050733137835 4027
9.609423167155425 48493
7.263030107526879 50009
8.681963306451612 5001
9.833761751152075 5059
7.409181935483871 51147
6.729241642228743 51185
9.03744451612903 26079
10.289463210445469 29099
9.611841218638007 34015
5.212701612903227 35017
6.330045161290322 38061
6.654212903225806 48059
6.366381451612905 48415
9.361209005376342 5069
11.342916715542525 55015
9.998468279569895 55023
7.415179032258063 12007
7.088129692082106 12111
8.823012365591401 21017
9.48728322580645 27039
10.803445366274666 27053
9.401182795698926 29045
7.823064516129031 31037
4.935961290322581 38087
9.827912903225805 39129
6.2019922580645135 4023
8.216778081058727 47163
5.525612258064518 48389
9.5931209090909 49003
7.630283870967742 1027
7.8618003736455675 12086
8.974880645161292 17181
10.278153046594984 17195
9.401541290322584 19087
9.599525345622121 22047
7.506495161290328 28007
9.535717050691245 29043
9.464551377688194 36061
10.054759032258064 39021
7.915724697580642 40031
8.802127688172046 48073
6.641535483870969 48197
8.428056129032251 5041
7.7367522102748 51179
7.7078156682027625 1133
9.870260215053761 13079
5.002058064516127 16021
11.05791326164875 18033
9.47008548387097 18137
9.78428709677419 19031
8.120735483870964 22021
6.407256451612906 30091
4.293380645161291 30099
9.126612096774192 48013
6.691009677419355 48023
8.795199999999998 48223
6.967238709677419 48503
6.459374193548388 53039
6.710003225806445 6033
9.821691935483868 13163
8.118469949066213 13223
9.714263978494628 18031
9.47549 18071
9.274871774193546 19037
8.876154838709674 23011
6.766241935483871 38021
4.505128024193545 4001
8.478412499999996 40125
8.232891522880728 41039
9.50711505376344 45065
8.492092903225808 45073
8.845530645161274 47105
9.773221324578923 48215
7.587136129032254 51075
7.370192307692309 51191
8.36037304147464 9001
7.451910967741935 1035
7.57296451612903 12123
10.86152596006145 17037
8.294353788447118 20177
8.259051612903226 22023
6.4189580645161195 23029
9.029266129032258 29161
5.590262096774194 30083
5.700487096774194 30105
8.02925622119816 31067
7.36950107526882 37187
7.766450000000001 48247
6.367895698924729 49013
8.143816935483871 5077
6.197970737327193 53007
10.47480258064516 55103
8.17623899107 2282
7.953189771833202 12097
9.564362170087977 18173
7.682125 21171
7.647577419354837 31027
4.373383870967744 31105
7.045016397849463 36017
9.514262365591398 39163
8.13557204301076 47143
6.117370967741938 48117
6.254954838709677 48169
8.253381491274446 48479
8.257737800999562 51041
7.029448387096775 51750
6.855836290322579 54047
34.26379402628433 6031
8.17623899107 2198
8.404202809573368 1015
7.535665322580644 1131
8.548746526054586 13057
9.234157419354839 13105
11.49746912442396 18149
8.184426728110605 22053
10.129780587557605 26145
5.09126129032258 30103
4.922443548387095 31031
8.443256536502552 37195
7.276640860215048 42103
7.85588817204301 46079
7.640236827956988 47031
7.225502639296192 47047
7.348698387096777 51115
7.599347096774192 51690
9.178298924731186 13171
6.6248774193548385 20083
8.31039462365591 27133
7.788092123030749 36093
8.432324193548382 40111
11.070713548387126 41005
5.134624731182794 41063
5.837643548387097 46053
5.812624193548388 46085
8.07092258064516 54087
8.9142631295982 1097
9.344393118279559 19155
8.571225806451615 21167
8.538365898617512 21183
8.816994193548389 24029
8.621581451612903 29133
7.618387341772149 36027
7.658555012140143 37067
8.072973655913978 41031
4.653167741935484 46047
8.013583870967745 46101
8.263759999999996 48007
7.858960215053759 51171
9.208395533498756 5145
10.117716623655902 53061
4.607933548387099 56029
7.227854838709678 20019
7.931417562724012 22009
6.548022580645161 31083
6.7985200000000034 36039
7.5353145161290325 47111
6.69338064516129 48267
8.466071612903226 5067
7.8421092165898605 5111
4.309 56031
4.69737338709677 56039
9.73002974910394 13069
8.159629032258064 13101
9.389423225806453 13237
9.792301233396595 17115
9.480912096774194 17139
9.775219354838713 17187
7.71500322580645 21095
7.8098655913978465 22025
7.320182580645165 28071
9.109474546851022 34013
6.614216129032264 37009
7.165496774193547 38081
9.060707870967734 39007
9.416154117647094 45019
5.902816129032258 46119
9.377705645161294 17135
10.324433640552995 18075
7.320281720430108 20157
8.991489736070376 21073
7.720718548387101 21193
9.028893189964158 26069
7.986921146953404 28109
8.0662575924469 35013
8.393702126099713 37097
9.569366840607216 42095
10.456198387096777 45011
7.5306516129032275 46061
10.128988682340077 48339
6.870111290322582 51580
7.75239974193548 9015
8.383756989247312 1043
8.397694354838706 1117
7.861364838709676 24041
10.000190462833094 26091
10.10643133262821 26163
5.834369354838713 31041
6.764093548387097 31181
6.613777419354838 38023
10.346056451612906 39149
6.55025806451613 48417
9.841031265508695 1113
10.642223502304148 18015
6.938393548387094 20089
6.76202387096774 20175
4.94410430107527 31013
5.397629032258063 31115
7.687376799999992 34029
8.010230521091815 37037
7.1612096774193565 37087
6.5179467741935495 40045
8.233851971326164 40049
4.73085005202914 4017
10.336257070784267 42091
8.999580364656385 45091
9.43464569892473 48015
7.137225806451611 51057
9.34979806451613 5139
23.045477699859752 6039
9.160551612903232 6103
9.926107038123163 6109
7.793582795698927 19053
8.805509032258058 21161
8.177452688172039 26153
7.297957419354838 28117
4.4924488479262665 35047
7.648910868692265 4019
8.979992290869324 51013
7.504929032258064 51720
7.647466129032251 12069
8.40684112903226 20005
8.622632258064517 21135
8.250682795698921 22123
7.118876470588236 24037
9.379496709677433 24510
9.47708258064516 26011
8.480209677419356 26047
8.314524193548388 27023
10.45676132427843 27037
7.759687096774191 31023
6.20408727598566 35061
7.586246607341482 36075
8.44458225806452 40029
8.833514314516137 40101
4.541456451612903 49025
9.760225483870963 5051
9.411074423963134 54003
11.83613211143694 55127
7.437274551971329 1059
7.546538064516124 13111
9.965677915632744 13175
9.246945161290325 22081
11.221904638568393 27123
10.823356839526324 29183
7.98063174872665 36079
9.81210827489481 39081
10.301538005865105 39155
7.892778801843316 48035
8.284768062512523 48141
6.437951612903226 48153
6.501159139784944 48437
7.496275659824041 51195
9.104145161290312 54053
7.380878629032255 54077
10.542344470046086 55109
13.463102304147466 6115
8.17623899107 46102
8.46633345280764 1103
7.212923387096774 12037
8.402155483870967 19047
9.459068795260034 26147
9.582729032258063 27045
5.346770430107531 30041
8.841203225806451 31177
7.524439882697948 36121
8.379864861751152 40131
7.136883870967743 41021
7.192402977667493 51015
10.534088721865608 53033
9.827396370967744 54029
8.925630771663505 13121
6.252728673835126 16017
6.660054838709678 20067
7.888893548387098 21159
7.9948118279569895 21169
6.755297926267286 25001
10.52832382133995 26117
9.535300645161286 29163
5.048970967741934 30109
6.653755913978495 31137
7.357508387096773 50001
8.41363870967742 5087
9.196133870967738 5133
7.941706158357771 51730
9.908521935483877 55005
8.80361290322581 55041
7.73773548387097 1007
9.394698387096778 17005
7.067112903225807 20081
7.995724448217321 21047
9.277146423562417 21059
9.863903584229385 27009
7.459223655913983 28115
4.672067741935486 32033
10.379439170506917 39069
8.028481818181817 41019
10.196872465437789 42073
6.500671774193551 48115
9.195383691756275 48257
8.816845806451612 48395
7.670569677419355 51137
6.387070967741936 53075
8.826404516129042 54079
5.528253225806452 8125
8.187675659824066 12105
9.79949390681004 18107
8.469325806451614 19141
7.125417741935487 20053
7.042713813068656 25003
9.49767700578992 45007
8.791559677419356 48379
8.17623899107 2195
8.406145161290326 19021
9.124818709677415 19067
7.999451612903231 21213
9.159934946236557 27001
7.678157603686637 37145
10.21982842265684 39095
6.718275483870968 40153
8.302505806451606 41059
7.412496360628614 44003
8.825559064766233 51059
6.864198709677421 51155
7.642742150537634 51177
8.656027419354839 54073
7.5197424731182725 28107
8.692040860215057 29015
5.7683645161290285 32013
6.166774193548388 38065
6.81655806451613 40043
8.26789569892473 40127
11.443801579986832 42041
7.853128784119098 42123
7.791234408602153 47103
7.349830322580646 47159
8.708596774193545 5003
7.606524798387087 51019
6.566867741935487 51021
4.908175806451613 8081
10.160777419354838 13031
8.261944838709683 13097
10.858435483870965 18181
8.544535483870972 19079
8.069485483870968 26013
8.260481720430109 27029
8.201735483870968 29179
5.851180645161289 31029
7.788285080645166 51047
6.215755376344084 53003
8.090990322580645 54061
8.338893548387096 55125
5.077908445747799 8101
7.85521586021506 12023
7.822615129486597 12033
9.898675268817204 13131
7.533658064516129 13311
9.631690967741932 19105
9.149000179211466 21029
9.09947511520737 26043
7.51489741935484 33019
7.693443836405521 37021
8.747254504082445 40109
8.17623899107 2261
9.7912623655914 13109
8.044918996415774 21035
8.13538064516129 22091
9.045676075268812 26151
9.19260241935483 26165
8.032195698924728 28111
8.412355913978494 29149
8.512460000000006 31155
7.019400496277914 36003
7.51590473118279 36051
12.278080965855507 41051
7.952040860215052 48505
7.60162016129032 54005
10.650451273344656 55071
10.28264064516129 13205
8.93167565982405 19033
7.876114838709679 21221
10.045684040747027 26111
8.179039354838707 27113
5.1904191850594215 30029
7.016289784946225 36101
8.467843225806448 37107
9.96212670250896 39043
10.036051612903222 39083
10.06658682795698 39097
7.971558064516129 47095
6.4345483870967755 48155
13.894133876510361 6059
8.591661290322577 13083
8.607877419354837 19081
8.395369354838708 19091
8.32616021505376 19099
8.268574193548378 20015
6.12600806451613 20063
6.4857139784946245 20147
8.396893141246464 25013
8.825022580645163 27071
8.551337903225809 29065
5.050306451612903 31171
5.058787096774191 38033
7.589503836094164 47187
7.560487096774195 51117
3.651322580645163 8109
8.17623899107 2016
8.463727598566301 1009
8.824544086021504 13305
9.33012258064516 17049
9.562129280397027 17117
8.680354838709675 21201
8.20596814516129 26103
7.170612096774194 28141
8.437745161290321 29093
4.23808046082949 30049
6.802981524926689 31019
6.373770967741937 31073
5.996182258064517 32021
3.861941935483871 35033
11.252380907726915 39151
8.565868100358424 40097
8.991130604499807 48439
7.251498387096773 51029
6.839736559139783 51063
8.19905419354839 19007
7.344356093189968 24009
8.935678225806454 29049
9.731510093652448 29077
7.518378494623655 38009
9.556565844402288 39141
7.352145564516132 41065
9.042584587813618 45087
7.2560956989247325 48009
8.700800000000006 48123
7.728261559139778 5093
8.17623899107 2164
8.046705985455876 12031
4.495351612903225 16015
8.480275268817202 19071
8.807729838709678 19075
7.8575467741935485 19117
7.732030645161293 21147
9.015393906810035 21211
8.126869892473119 22035
8.283036044880788 24001
7.73699713261649 28001
4.432964516129032 30095
4.71371935483871 32017
7.357984946236558 38071
8.415005806451624 40123
7.307306451612902 41055
7.827599999999999 42047
8.882704301075263 42059
6.976329032258063 47071
9.533187275985666 48037
9.139185952133193 48139
7.50378172043011 51109
8.17623899107 2290
9.23956082949309 13293
8.703767383512538 17165
10.746248387096776 18169
8.138407419354834 21009
9.224321605401336 22055
10.28509903225806 26057
4.769 30035
8.090722401433693 33013
6.844530875576037 36049
11.09518469534052 42011
8.005943548387094 46011
6.553625806451612 46023
5.016358709677418 46093
9.775556989247308 5029
9.709693548387094 5105
8.061297983870967 51187
8.487469354838703 1095
5.39261935483871 31103
8.257564946236561 37063
7.182690322580643 38091
9.213178494623655 41003
6.030364516129033 48125
5.558645161290322 48301
4.65922258064516 49055
9.173244574780055 5033
4.112770161290323 8003
3.9128252688172096 8071
7.9501857142857135 12121
9.131343817204304 17055
9.945232150537635 18035
8.376377777777776 21083
7.596530548387107 25023
8.005493548387097 31051
6.612267137096778 35005
9.22909677419355 41009
7.160093870967744 47043
7.507351612903226 47169
6.496623225806453 48227
8.254986743951603 51087
8.45591451612903 5147
7.62089327956989 51540
10.007517741935487 6009
11.158754838709669 6043
5.674108064516131 16009
9.19236387096774 18143
9.050068145161283 21239
6.702271537001909 23009
10.163564940577245 26075
7.836734408602151 28119
5.19013870967742 31123
8.719611483870976 37101
7.727097849462367 37117
10.289990168970805 39055
5.885754838709676 46107
7.787870322580652 47139
8.767960887096777 5063
7.920336217008798 51700
7.833150691244233 12133
9.831335483870964 13319
11.76292883064517 18127
8.301814516129035 27091
8.275360215053762 27149
8.730430645161288 29199
7.151432258064516 38073
10.139711910669982 39033
7.647274193548388 40053
11.777524863523574 42043
6.956598617511515 44009
5.937451612903228 48105
6.204711290322582 48129
7.720826344086016 48337
9.086255074744292 48423
6.727412903225808 51071
9.476065591397852 5109
7.570345161290323 51113
7.064860685483864 51121
6.9505075268817205 54023
18.609181022649313 6099
8.286277822580644 1083
8.124045161290322 13065
9.311117204301073 17079
9.371945785639953 18105
7.729359139784947 19039
9.290551612903219 22013
9.197055299539171 29109
8.270840694789088 37105
9.820804714640206 39123
7.2244832258064475 40011
8.233440501792115 5055
8.698949999999998 17087
9.98906242371404 18095
8.725583225806442 19085
7.875567741935485 21153
8.406710035842293 21177
8.624057258064516 29215
10.407698387096772 41035
7.3073019354838715 48171
6.709326362625144 48381
7.053533870967743 51141
11.950065001734306 6053
5.2233854838709695 8121
8.17623899107 2090
6.849641430107538 12061
9.296182580645159 13027
9.375104838709678 13243
8.852308064516125 13255
5.9281258064516145 16063
8.535959677419358 19133
5.732006451612901 20129
11.080412903225803 26015
9.960682903225809 27049
8.16285 27051
8.209382258064515 31173
7.571574193548387 46051
6.140135483870966 48003
9.958430360531299 48039
8.288507526881723 55051
4.141786774193549 56001
5.190439784946236 8075
9.116198240469215 13157
9.925589032258067 17053
9.805994623655915 17071
11.151024382069542 17201
7.8789789373813965 20155
7.965725337584386 25027
5.079335483870969 30079
7.732621901528004 36019
8.487398236741406 36029
7.54591129032258 37015
8.205393548387097 40051
9.888513548387097 42067
5.096823655913978 48043
4.764317741935483 49037
7.379338709677421 51051
9.158488808426597 53067
7.598500000000001 12067
10.561191612903228 13321
7.100945161290322 20151
9.606998533724337 21015
9.707904838709675 24043
11.292925426944965 26149
10.728786666666661 26159
8.836675806451613 29057
10.372150896057343 39051
10.226349462365595 39175
7.5270313782991165 40113
6.779977419354839 47135
8.92620483870968 48145
6.535003225806455 48317
7.500805376344087 51111
8.15691698924731 53057
7.244601075268816 54007
10.108359399332597 16027
7.931623655913979 19185
7.871653870967741 21071
6.957471505376344 36105
6.976195340501793 37099
7.4270977419354915 37139
5.389277419354838 46075
7.311844086021507 47075
5.007012903225806 48243
6.796765591397852 48253
7.008442741935482 54019
10.72875831265508 55111
4.3040719196192425 8035
8.280417079632215 12095
7.954003795066417 13045
8.58415340501792 13299
9.673600460829496 18027
9.134146774193544 18061
7.442495698924734 20159
8.442979117147715 22097
9.739521774193552 26085
10.269236950146624 27141
8.359219815668203 28067
9.07898776707163 34021
7.953149525616704 40119
7.305845161290323 47185
7.849632903225806 48019
8.734185558312658 48027
6.992717419354842 48465
4.717077419354839 49031
8.962045161290323 5047
7.688662580645161 51139
5.397268202764977 53009
3.7504537634408606 8105
6.187690950984507 8123
7.663214516129029 13187
6.993064516129034 16041
7.826910322580646 20059
6.6134 20097
8.302358602150534 21155
9.106808602150535 29089
4.139515053763443 30057
6.271993548387098 31077
9.257778763440855 42061
9.7527 45081
9.940462903225805 48071
6.2982532258064525 48369
8.089249299446077 51810
10.014598387096775 6021
7.3810431864891495 12011
7.554725806451611 12049
8.18259564891224 12117
10.422136787920396 19163
8.854347311827961 21023
8.33566480286739 28047
7.417378494623658 28161
4.2629311827956995 30001
4.937145161290322 31033
8.322008357771253 33015
7.95999274193548 34009
5.915220852534573 35043
6.228193548387096 38047
10.970731653225801 39169
10.419453856942496 42001
8.763724943207624 45051
7.085437634408601 47023
9.831220853164142 48029
11.278552466944461 6073
4.067264516129033 8091
3.742813709677419 8097
8.17623899107 15007
9.44298870967742 13181
5.1913967741935485 16035
8.003557661290323 21121
8.842523502304148 22085
10.827615725806455 26021
7.851616129032253 26131
10.89282522347454 27003
8.06336820276498 27083
8.55397741935484 29185
10.284817077798866 42007
7.35705564516129 46109
8.721265591397849 48239
7.584662478777587 51165
10.472653372434023 55017
11.191609677419358 55039
5.444700000000003 56033
7.6846849462365565 1013
7.494682769472875 12091
10.423988248847971 18097
7.730423870967739 21119
5.651619354838709 31057
8.174027859237533 46083
7.619035125448026 47079
7.72359124423963 51053
10.438735080645149 55033
10.532297419354833 55065
9.491351612903225 18083
8.367039784946234 21157
6.624684677419356 25007
8.03868360215054 25015
11.344978299120235 26027
8.076852534562212 28045
7.127094470046081 36021
9.729673533724336 42019
8.750439386698522 48355
8.945170967741937 13231
7.540931612903228 20001
9.389970967741935 29073
6.001851612903228 31183
8.829979957694345 36063
6.9860903225806465 37095
8.896905583126548 37191
11.2121677925647 39035
6.218527956989254 41015
7.249017281105989 42127
11.546782186379916 42133
7.234923655913973 46005
7.788746390168963 47189
5.136845161290322 48205
5.96171370967742 48341
8.14153196480939 48497
9.56954888337469 53021
7.376337760910819 9005
9.040375483870971 19023
8.490432718894006 19167
7.368096129032257 28013
8.141847311827958 28129
7.922050537634407 28163
9.192115053763438 29209
6.639922580645161 31011
7.399138351254483 37169
10.515702614379078 39113
8.652798924731183 48147
7.364722580645159 48507
7.8753102822580665 51590
7.042683870967741 51678
9.106675913978492 53077
3.458350537634408 8049
8.17623899107 2180
7.844360573476701 1021
7.823078494623655 1037
9.208348387096775 13317
10.705125345622129 18001
9.373787096774196 18051
9.193044913151365 21019
7.926493548387101 27073
6.643129032258063 31061
7.451892473118279 37073
7.396419354838709 42083
5.151651612903227 46137
9.315488903225814 48209
8.371249999999996 48297
8.988382488479262 48459
8.643183870967743 5049
6.266274193548391 53027
11.073863870967736 55077
6.606796070381232 16005
10.073812981904025 17113
10.239660297766754 19061
7.878466666666668 21003
8.96227419354839 21223
3.8535419354838716 30059
8.866448624288418 37051
9.94959139784946 39121
6.194573118279569 41001
10.030995096774197 45035
7.469209274193551 47055
6.676253032258069 48451
7.996795511921453 51085
8.736314055299536 55085
16.715458898951834 6067
7.197154569892483 12093
7.894958602150543 13127
9.799251364764265 18109
9.6439198156682 18133
9.876178747628087 18177
7.306405161290326 23013
8.461791417579143 24033
8.199729032258064 27063
8.311754838709678 29223
8.460780645161288 40069
6.532258064516132 41027
8.623710567296998 42081
8.712265102639293 48001
8.404462903225808 5101
6.8385451612903205 51035
8.617703072196607 53029
11.464088091649103 55025
4.507374838709677 56007
4.235277419354841 8033
8.253270967741933 12079
9.930961290322575 13107
6.8474782258064515 16051
9.868224395161288 17095
8.265481720430106 19027
6.676569354838708 20165
9.001852580645156 29201
3.9372870967741944 35007
6.900322580645162 38013
5.312225806451613 38037
10.142554838709689 39139
8.886031221198166 45077
7.86863333333333 48131
8.719301382488482 48225
6.4979548387096795 54071
6.739483870967742 54093
7.485290615835805 12053
5.20565806451613 31017
8.563762751338048 36119
7.913260829493084 54057
16.73784072870736 6077
7.673052304147474 1033
7.539512903225808 12125
10.188349120234603 13021
11.1278391705069 18183
8.236483870967742 21099
7.851330184331792 26033
7.788204301075273 27011
4.42796129032258 35003
6.70333870967742 38045
6.838233870967743 40055
7.909555296270896 44007
10.196302064516122 5045
6.758196370967745 53037
10.042941612903224 55095
8.864432803970224 1101
8.205872408778395 12103
8.448710752688172 21229
8.496454032258063 22127
9.330608064516124 27065
4.217370967741935 30007
8.399680875576042 32510
6.445656451612903 38055
6.9013215053763455 40151
8.890972811059914 45069
6.300532258064518 48011
6.187670967741934 48195
4.365859677419355 49017
7.19338617511521 50015
6.984008064516133 51163
11.69992700460828 55059
6.113424193548389 16007
5.342282795698926 16061
9.156695307917882 17081
6.881966129032258 20167
9.068420967741938 21077
8.921403968253964 22051
7.907153225806449 28041
4.535318064516128 30009
7.64502741935484 31167
6.328010752688178 35015
5.08189637096774 4007
8.536803225806448 47145
5.975409677419354 48017
6.845625806451614 48271
8.196246514047875 51740
11.212799227150546 6095
8.761977419354835 17003
10.884444086021503 18151
8.930623387096773 19101
7.51098064516129 20205
8.924619354838711 21113
8.631614516129032 21181
8.226994354838713 28031
7.464538508064511 33005
6.554690322580645 40129
5.9748709677419365 48345
6.413713548387094 48353
7.7190445564516095 51143
4.075587711213519 56021
7.4344784946236535 12027
9.946583870967743 17083
9.602592473118277 17129
10.496513709677412 17143
8.462147653958953 20045
8.637876344086024 21179
8.928863988269814 24027
10.282582580645165 27025
9.565434037819795 27145
7.728251612903228 28105
8.692134408602147 29017
9.027901612903229 29119
5.510924193548388 35023
6.8496999999999995 37173
7.165709677419353 38069
10.05155571847507 39091
5.786923387096774 46065
6.958850000000003 47039
6.09882258064516 48101
6.222819354838709 48233
8.959495161290324 48287
9.166603533026109 48361
6.813790860215051 50003
7.2607714516129 50021
7.867799999999998 12013
8.292545833333342 21227
8.32734999999999 26141
8.128508064516133 28011
8.581533333333331 29039
6.932501382488479 31079
6.620577419354838 40057
8.724261935483867 42031
8.110039784946236 42053
6.242070967741935 48033
6.599246774193547 48207
8.595385483870972 5089
8.467261290322583 5121
10.925814746543775 55137
4.745319354838712 56017
3.8865419354838706 8007
8.17623899107 2170
8.811074193548382 17065
10.874154949944389 17091
9.726193010752688 17125
8.161004032258065 19063
8.150411954459205 23017
10.107030220713076 24015
7.282709677419353 46111
6.025934838709675 49007
7.328035161290326 51001
4.706542741935485 56009
8.625613427419403 12057
7.417737548387093 16055
7.000786021505379 16087
8.145148387096771 19137
9.73305322580645 19139
7.960643778801846 20113
8.224872580645165 21205
7.745723297491039 24019
9.629829922135704 29019
8.254193548387091 29147
8.93524301075269 31025
7.243980645161292 38063
10.116849032258065 39059
7.84403255131965 40071
8.778691397849462 48289
6.572226451612903 51077
7.718937096774194 51157
8.281170967741936 54105
10.281099193548389 55061
10.654545622119821 55097
27.843202357320084 6107
8.667831741935466 13063
7.95553440860215 19077
8.734924478178364 22087
9.29394331797235 26129
8.64976483870968 27005
8.26518064516129 28073
8.790679999999996 29021
7.517453917050688 47053
8.164610645161288 50011
7.393150000000001 51023
8.221817008797654 12063
9.072999354838712 13119
9.139220860215056 13297
9.60884112903226 18121
8.668351075268818 19171
6.387200000000002 20093
8.004581720430105 22041
8.489928225806453 26031
8.044205376344081 31039
5.531032258064515 31049
5.894891935483871 31089
10.287486635944694 39137
8.954997419354843 48051
10.677196010186744 48157
5.01208064516129 49009
8.629728110599086 5009
6.74671612903226 51045
8.17623899107 2158
9.08581935483871 13061
9.453543225806449 18119
8.31812534562212 19015
6.301558064516128 20195
7.352724193548388 20207
7.694953763440855 25011
8.677241013824883 29001
7.01286129032258 31129
7.488525806451613 47027
6.506055913978496 48165
8.793379032258072 48499
7.578095698924729 51830
9.423520924149967 53005
3.5354064516129036 8079
7.900592473118281 1079
8.54909838709677 1087
10.27183193548387 13071
9.69399354838709 17147
8.21735806451613 19135
8.877795863683643 20173
7.610104193548387 24017
8.844023225806453 26119
7.118554838709679 31035
7.583369634408609 36001
9.823991424848574 4013
7.1687409677419405 42117
5.283867610269904 8005
9.771298279569889 18005
8.829727419354843 21081
8.97113372434017 26041
11.15109196591604 26139
8.285846428571423 47009
7.454625089605732 47097
8.091679569892474 51169
7.706726728110598 1039
6.624537258064519 12035
8.681746774193549 13011
6.218865483870967 16069
9.770309677419352 18161
8.274932258064513 19041
8.257249560117302 40019
4.909021505376345 4011
7.089806451612902 47109
9.24743508064517 48085
9.31079408602151 48185
6.769856451612903 48319
5.944062365591393 48495
3.885408064516131 8051
4.047558064516128 8113
8.252279435483873 1109
9.147153225806449 13013
6.2737451612903214 16047
9.558089247311822 18101
9.400398387096779 22061
6.937370967741936 26083
10.058401270772247 27109
8.946773118279564 29033
8.371653225806451 29079
9.402999999999993 29131
5.0977 31069
7.556946082949304 47035
12.163098903225793 49057
6.218754193548385 53051
6.931000537634407 54109
8.07236451612903 12047
10.459296654719246 13095
10.029966666666661 13235
10.462326451612899 13251
6.535347096774193 16067
8.027547741935473 19049
6.517616129032258 20033
8.878612463343103 22019
9.252739516129033 27147
5.466097849462362 4009
9.518522258064522 42119
7.985740673211762 47037
7.385003473945409 47167
6.981302971137522 48441
6.7039461100569255 54081
3.7760193548387098 8023
9.423923118279568 17033
8.048992741935484 27173
8.264245161290322 29013
8.039767050691244 37065
8.713093548387098 37085
8.360342857142856 37149
7.159909677419355 46091
9.475447580645161 5081
8.64237258064516 5135
10.04655419354839 13017
8.012910967741938 13123
8.864512903225807 17193
6.908637327188945 20057
7.581508064516127 20127
8.571629838709672 23023
7.953669354838707 27081
7.296924787775894 36113
7.879472043010764 37049
9.667459677419352 41053
9.258359677419358 45001
5.386453225806453 46031
8.821206451612902 47173
9.026739032258066 48373
6.574605376344085 54101
6.953552688172041 6027
8.17623899107 2068
8.803115322580652 19107
8.619459139784945 19189
8.020110887096768 21235
9.092370322580646 26135
9.286690967741936 27021
8.05484516129032 29081
8.086853225806449 37127
7.310661290322582 46037
7.589312500000002 47045
8.802977956989242 47063
9.715929262672812 48291
7.430665322580647 51065
10.005361994134883 6041
3.5425354838709677 8027
5.570848387096775 8115
8.17623899107 2130
8.817902508960573 22069
9.453207016129033 26105
7.362776881720433 28145
8.674834408602154 29067
10.033886021505376 42055
7.0280919354838725 54097
12.911699937965242 6087
9.44910225806451 17021
10.599871260997066 17141
11.119975235215062 18003
8.465967741935486 22037
9.233962211981574 29107
8.082279999999994 36073
6.799187096774194 38103
8.753430107526874 42025
9.062147177419353 45067
9.037673821339958 54107
7.064939753039164 12099
8.185929193548384 13191
7.89477419354838 20011
8.384375806451612 21139
8.23074147465438 26053
8.057816129032258 28055
4.8576387096774205 30053
4.329362903225807 46033
5.352887096774193 46041
5.202674193548386 46095
9.254098617511517 48067
6.958961290322583 48093
8.807812258064512 48349
9.032123076923067 13295
9.989779032258062 18171
8.17936129032258 27125
4.290167741935482 35059
7.332268387096774 40141
7.182511290322582 46009
7.492680645161291 46025
6.272580645161289 48211
8.484003763440866 5075
4.749688709677418 8103
8.17623899107 2150
9.337820645161296 13145
10.618596774193547 18179
8.371735483870967 19143
7.881709677419356 19173
7.411598924731184 20031
8.435569354838709 21079
8.13376677419354 27119
8.9357935483871 29121
10.231505069124422 39173
8.098343304007834 42089
9.461865271723347 45045
8.439910752688167 47025
7.504659447004607 51089
7.248951612903223 51099
6.531441935483874 54089
9.427383870967741 6091
9.955454838709676 13209
4.308838709677419 16025
10.214970967741937 17155
7.081006451612902 20009
8.054856989247314 20191
8.835175 21163
7.590455517826817 21195
8.016543010752684 28149
8.583668279569894 29083
8.973925403225813 29195
7.932542431761786 37077
9.099900537634406 39001
7.894674516129028 48221
8.611646774193547 48293
7.774455944700447 50007
8.27645383064516 53025
8.391540591397854 1001
7.95793686635945 13233
9.653750000000002 13307
10.175670645161297 17011
12.05439878687619 18089
9.187523041474654 18129
5.048259677419356 30087
7.822473835125445 37089
7.902942082111431 37129
6.413877419354838 38043
10.570334254992318 39157
10.338049484767037 42045
9.273918475073316 48397
8.488325806451616 54039
8.640458866700802 9009
6.992555238367126 12127
8.445685483870967 17151
9.639252258064515 18165
6.082527419354839 20179
8.330022258064508 22105
9.006359684921241 24031
6.286464516129033 31163
7.2791 40003
4.928827741935484 46081
6.3627322580645185 48075
9.87938364849832 48187
9.117517369727041 48401
5.993014677419356 49023
10.638544516129032 55053
9.531087580645165 6057
7.502017741935482 12003
9.323165161290321 17101
8.723616129032258 17153
8.468413978494622 20079
8.00551505376344 22059
8.8551876344086 26137
7.7480177419354845 36099
7.684835103185706 36103
8.86652052785924 37045
8.78503669354838 40089
7.9192012096774205 41013
7.419088387096771 47033
7.9440414746543775 47123
7.867103225806453 48031
9.234246193548396 48183
9.046500000000002 5025
7.5809944444444435 51161
6.061541935483872 53013
6.069147043010756 53065
11.825230400782017 55079
10.792697518610419 55117
6.119245322580644 6045
7.636650037509379 12005
10.481923821339947 17177
8.391794982078862 24011
8.185883870967741 40085
8.86660383064516 42121
6.737732922201142 48375
7.53643739002932 51003
7.61276666666667 51031
6.678819354838709 6003
8.555392396313366 1049
7.9947132258064535 1123
4.127570967741936 16037
10.357340322580646 17133
8.53690258064516 19157
6.167661290322583 20203
8.718499193548391 22067
8.555485806451616 26071
6.416596774193548 31065
6.5206718894009255 36025
10.3959470046083 39109
7.891529290322595 4021
10.16172022029898 41029
9.555016516129017 42129
6.239454838709677 48433
4.913303225806452 56035
8.17623899107 2122
8.543005107526868 13139
9.405349193548382 17189
10.111435806451615 18059
9.4413311827957 18079
9.352129325513197 21101
8.595342125237186 21145
9.560989112903231 29127
9.43079193548387 29151
8.676608243727596 40041
8.094190322580644 13085
9.521123387096774 18013
9.378596451612902 18093
7.921155107526875 20169
8.229218709677424 21031
8.793887732160297 27137
4.443912903225805 31165
6.577917866004965 36031
6.736954838709675 37055
8.78582745869393 37179
6.538274193548387 48447
5.647754193548387 49039
10.053625038402451 5125
