17039 12.738785161290329
18135 13.493810887096782
20013 11.774781720430106
26023 12.840952419354835
26035 9.915569794721407
26155 11.752427324478171
31001 9.358535483870966
32029 14.045429032258063
37001 9.166856003584233
39159 13.61300548387097
46063 5.797235483870967
47011 10.019293887945672
47073 9.368769727047148
51009 8.303972401433699
13047 10.518943988269797
13249 9.221574193548387
17157 11.171322222222223
22093 10.198844239631338
28133 10.318943317972344
31063 7.439332258064515
38057 6.726558064516128
39161 13.828285663082436
40033 10.434080645161293
47049 8.900268225806448
2275 10.089063527521903
16045 13.096332258064518
17001 12.893300716845868
18085 13.295025806451605
21133 8.02133963133641
21219 9.824216129032253
29207 11.139734677419352
36117 11.862842228738996
37121 7.410737096774193
48173 7.769822580645162
55135 10.785470967741936
16039 9.498196774193547
17175 13.597366129032261
24045 9.572615789473675
28091 9.080101612903226
29227 12.064858064516127
31135 7.4586129032258075
34033 13.128247311827966
34041 15.216536746143067
36077 10.282060341555965
36109 11.486580504908845
41071 16.430339089184063
48061 10.374446136534136
48265 9.20716580645162
48399 8.370914516129028
12065 8.533945161290323
12119 6.811464176570454
13217 9.237152853598012
21207 9.452810967741938
22011 9.696697235023041
22113 10.8001061827957
28015 9.690149999999997
30055 6.0571709677419365
36089 11.136879493087548
37103 7.641692473118279
39127 11.58955698924731
42035 12.485726164874553
9003 12.249598257488467
10001 11.100040120967753
13015 9.999191612903227
13067 10.362022634408602
13179 8.748351152073733
17019 12.824824531132796
17107 12.857088709677429
18023 13.717109677419357
21137 9.5764440860215
21187 11.081277419354837
29167 11.367042741935485
31071 6.920667741935484
31145 7.7535440860215035
38025 6.226535483870968
46117 6.315770967741937
47019 7.920996774193554
48255 11.155132258064514
48383 7.449896774193549
5017 10.276274193548385
6069 16.70727683284458
2070 10.089063527521903
13279 9.468431182795703
13281 7.7761505376344076
21115 8.508148924731183
22039 10.042557661290324
28101 9.88591612903226
37115 7.726
46035 7.983960483870968
46123 6.4104580645161295
8067 5.1749193548387105
27035 12.050433467741932
27115 11.117185080645159
31055 12.136421546732876
45055 8.95085935483871
54075 6.868020967741936
2110 10.089063527521903
13197 9.077806451612902
18045 13.182620645161299
20117 10.828965322580641
21175 8.65346258064516
26157 11.082203970223325
27047 11.912657096774199
28097 9.525541935483872
30081 5.827783387096774
32023 5.718042161290325
37159 9.92329161290323
39009 10.713390967741933
42013 12.277600189753317
46127 9.897289247311832
47113 10.333198207885307
48219 7.774383410138248
51685 11.294714516129032
8019 4.4381162365591384
13285 8.917465668202768
22117 8.58885219941349
27167 8.712830645161292
30025 5.925409677419354
37183 9.509796894945667
40099 11.454113978494629
46055 6.004164516129032
48347 11.14203771712159
5115 11.059146041055715
54065 10.947479838709674
8047 4.752112903225805
17045 12.701144516129027
21045 9.564842580645161
26009 8.337327649769588
29129 11.975335483870962
48083 8.382401075268817
51520 8.480240322580649
53035 11.746569414575868
8013 7.983108728652756
16071 13.277835483870968
21105 10.888338709677422
29011 11.556470967741935
30107 4.745603225806452
39029 12.047372580645165
40091 11.1694935483871
42057 12.264449462365592
47007 9.200361290322583
48045 7.572712903225806
50017 9.832263225806454
56027 5.321809677419354
6075 21.0832092988809
13113 9.132780322580652
13165 9.297616129032257
13259 9.278335483870968
18055 12.904299641577058
23031 10.61505645161291
29181 10.433316129032256
29205 12.116337634408598
36087 13.208759950372226
37059 9.519521198156683
45037 9.084016129032257
46003 7.356212903225807
48245 11.15843969534051
54035 9.404436021505372
56041 10.893480645161288
13169 8.918888172043014
19055 12.87338467741935
23027 8.951881048387103
24003 11.582073263027302
28125 10.294253225806454
29137 12.029110752688174
30067 5.023079838709679
36095 10.099510483870969
37033 8.93461075268817
37035 9.802740270551519
39093 12.635284666372085
48249 10.478125806451608
51149 8.88887557603687
51640 7.325293548387094
8043 4.989533410138251
13141 8.578801612903229
13221 8.956038709677424
13275 9.590433724340174
17047 11.572120430107528
20115 11.380420161290326
21069 9.694393548387096
26101 8.797926164874557
27097 11.597870564516127
28003 10.062380184331795
29085 11.223489247311825
30003 5.6007038709677435
31153 12.10222048012002
37061 8.342087683284449
40023 10.815489032258057
46069 6.624790322580646
49047 8.219233870967743
50019 10.248173548387102
6089 12.144721706989255
13263 8.884483870967742
26097 7.542609677419351
28033 11.29732434017595
29053 11.851587741935488
29117 12.140860000000005
37143 7.5804075268817215
42051 9.600144892473107
47107 9.91054612903225
47165 10.315815514592938
48135 8.06613951612903
51069 10.111677880184338
1075 10.064762365591399
13287 9.227659677419357
23021 8.160310887096776
31111 7.379233064516128
39037 13.704563978494624
39061 13.622841107236223
47029 8.357191039426525
48429 8.808334408602152
51061 9.756683491461086
56025 5.1551066308243785
6065 9.23257913551231
12075 7.505649462365593
13143 9.095869677419353
21037 12.88432296774193
21061 10.600825806451613
21141 10.14935053763441
22109 9.848688632872518
29189 13.43474970011345
37131 8.117269677419356
39111 10.174696774193547
40073 10.559462096774196
48127 9.298667741935484
5073 10.858787096774195
53001 11.54145935483871
55049 12.321171505376341
13195 9.407632258064517
13227 9.194693548387098
16079 7.799729032258064
17059 10.703416129032258
19121 11.679236559139786
21129 8.686654838709678
21199 9.448411751152083
27041 10.314369175627245
31059 9.760133870967742
31157 6.093858064516132
35035 5.92696058467742
38099 7.492667741935482
48421 7.263058064516128
51005 7.4978215053763435
5113 10.762522043010746
12001 7.551558928571424
13001 9.16525225806452
17097 13.68663672780943
17185 11.920730645161298
19181 12.038639784946254
24039 8.840010599078342
25025 11.182332938013927
27157 12.404780645161287
29009 11.144848847926271
29510 13.651500182592846
39099 12.519302534562213
46103 6.403028471248248
48137 8.177061290322579
5027 10.744003225806456
53015 12.307913440860204
55075 9.353527419354839
18011 13.999946451612903
39107 14.1037935483871
48021 12.237696451612898
48087 8.00150322580645
5031 11.05970227703985
12073 8.915168500948766
17149 12.427527096774199
18057 14.30574267990075
21013 9.10603480286738
21117 12.821287804878068
22057 9.865629453015432
30069 5.572170967741936
31113 6.298103225806453
35019 6.169112903225807
38101 6.817417369727048
45029 8.340479211469534
47057 9.961406451612904
55089 11.478834229390698
6063 12.043268202764969
8041 6.542675334987597
13099 9.54554451612903
17027 11.918991532258053
19065 12.352200921658985
19147 10.796939516129033
20141 8.678796774193549
36071 12.48411061657817
36085 13.830717519976274
38029 6.763919354838711
39085 12.202309121245847
40087 11.872158602150533
40117 10.646581935483866
42097 15.614491935483857
50027 10.005611827956987
13213 9.496993951612902
18159 13.701959677419355
20003 11.54070967741935
26099 12.807422520908055
30097 4.753570967741937
39047 12.5452801843318
40139 7.6534077419354825
42015 11.617750000000003
47059 8.793314838709673
47069 10.086615053763445
55093 12.784995161290318
15005 10.089063527521903
1011 9.418716129032262
13059 9.308360322580636
17093 14.001350967741923
23025 9.21931043643264
30013 5.784507038123164
40047 10.78631290322581
45049 8.643523225806454
47093 10.580866820276517
48057 11.118990967741938
51107 11.756713697270452
54085 8.748986021505381
1023 9.624726612903233
24035 10.784321994134888
26133 9.872496236559131
54055 7.146727217741924
13129 10.053384229390682
17103 13.751978494623655
17159 11.917148387096775
18063 14.157706605222737
19013 12.857872835314085
19093 10.746059139784943
27111 9.952596774193555
37027 8.725066793168883
38085 6.415909677419353
39135 13.483507526881722
48089 11.66344387096774
48193 9.688377419354834
2220 10.089063527521903
17023 12.590018548387095
19149 10.460724193548392
27043 11.353291397849457
27085 11.423397695852527
31095 10.243017204301076
39071 11.822556989247309
39145 10.163403064516137
42023 11.125158064516134
46135 8.938284516129034
48321 11.905848064516128
51007 8.171433870967741
53011 17.003261073200957
55133 12.822367479369838
6051 7.580564516129032
6097 13.25364415118929
8061 6.588603225806452
18039 13.440284856630841
18067 13.674979032258051
19059 10.66137741935483
20065 7.926106451612905
20119 8.663403225806452
24005 13.08800280373836
27017 11.384905069124422
27103 11.872751612903233
32019 11.709098064516128
38001 6.102790322580646
39003 13.960779276637354
39053 10.084664976958525
40107 10.847341129032259
46073 7.1425032258064505
49041 6.91033612903226
49049 20.81586088709676
51036 8.82108602150537
54017 8.603337096774192
55105 13.373135059422749
1089 11.349234865223146
13273 9.39365483870968
17061 12.337295483870964
20197 11.01961612903226
37071 9.832159255583127
46029 8.19984746543779
47127 9.977288709677419
48041 12.121093932411672
48285 11.5147317204301
48307 8.234388172043008
5019 10.732592258064512
53031 8.629742718894011
54067 7.327988018433181
18141 13.4635483010753
21085 10.754005990783405
21215 11.314034677419349
27105 10.343195161290327
29219 12.026711612903231
30089 6.5833655913978495
33009 9.400982173174874
37137 7.093095967741932
38095 7.117958064516129
39089 12.795815725806447
42005 11.98781120543294
47147 9.940422580645155
48217 12.450144281524924
48491 12.338179412830735
5129 9.954689247311826
5141 10.469402580645164
13037 9.427770967741932
30085 6.362294623655915
31009 6.2351064516129036
31139 9.164437096774195
36123 11.297267741935487
37081 9.372532095418796
38089 6.404879838709674
40061 11.233479838709679
41061 7.584861290322585
42037 14.407196344086016
46121 6.132932258064516
46125 8.943103225806455
47021 9.300539784946231
47087 9.335883064516128
48097 12.008152016129035
48231 12.058593378607807
48431 7.677735483870967
54011 9.607398998887659
54103 9.31497612903226
2185 10.089063527521903
12041 7.763758709677413
12115 6.387811427590939
19009 11.340504301075269
20153 7.490464516129035
31175 7.4861806451612924
36011 11.851582512733449
37193 8.286334101382483
38105 6.454608294930876
54033 8.399514516129036
6005 14.860831541218637
1115 10.903840446650126
17085 13.340816129032255
20111 11.056513709677409
21197 9.029741935483871
27033 10.418126612903228
27061 10.434432551319645
27117 9.501214838709682
27129 10.642333870967745
28019 9.664076344086018
28039 8.741663870967743
28103 9.956056989247312
37109 9.856956989247312
37155 8.6346289281998
39005 12.790716422287387
39023 13.471981231671588
48237 9.958055913978496
48367 12.036113921901517
49043 16.076924813895786
54031 7.942120430107527
56005 6.5851175115207425
1077 10.53757008797654
12101 6.626619354838698
13051 8.682967560199911
18029 13.02003451612904
18153 12.762700645161297
20199 7.355487096774194
24047 9.153775806451613
28095 10.129497849462366
28121 10.493240860215042
34017 14.535776506024078
37069 8.829164247311825
38015 7.082381494057726
40095 11.797831451612902
47015 9.456993548387096
47141 9.271310967741938
51083 8.674989605734767
5117 10.941445161290323
6007 17.190967425679936
13053 9.475185806451607
19017 12.50725
20049 10.312909677419354
22027 10.55933612903226
22125 8.977191397849465
27015 11.085141935483867
27159 10.810797849462364
27171 12.807719165085391
28077 9.515512903225803
28099 9.876221658986182
29041 11.953229032258061
30005 6.260499193548387
37125 8.770353046594993
39119 11.903324617996608
45027 8.301574193548387
48477 11.855141397849462
55101 12.89456312316715
6025 9.026207388137356
1041 9.305341935483874
1047 10.169415913978492
17199 10.947559784946241
22079 9.825864907135873
28081 10.387670967741935
29125 11.173998924731182
32003 10.357174226667563
37141 7.42352666666666
42087 13.87775779569892
42101 15.035019623655952
48357 7.892864516129033
51135 8.045457258064515
55031 10.859606182795698
1051 10.322607741935485
12017 7.088679808841087
17069 10.572408064516129
20163 8.347114516129034
31097 10.927829032258067
35045 8.089441935483872
40149 9.32305967741936
48481 12.115323460410558
2100 10.089063527521903
1055 10.745065483870981
13117 9.755851899641574
13155 9.274304838709677
18111 13.274743548387105
19187 11.78517983870968
27135 7.959058064516126
30019 6.4273225806451615
37029 7.664112903225804
37189 7.080273697270479
38027 6.837732258064516
47155 8.842958960573478
47157 11.539883053568829
48151 8.30434193548387
48179 7.908652995391709
48235 7.680248387096774
48333 9.128654838709679
48405 10.450115053763438
51093 8.403937903225815
51197 7.0887973118279595
8055 4.569403225806451
13271 9.149008602150536
17173 12.272343010752692
17179 13.620758387096782
18113 13.258067419354859
26115 12.840738957816356
37079 8.587530645161289
37181 8.671072258064525
39027 12.677362007168458
40093 9.366689247311832
46129 6.476987096774194
48229 5.64322258064516
6061 18.743191688804565
11001 11.735433429446763
12107 6.937087855787475
17161 14.539471129032238
18145 13.85019225806452
22071 8.572344742117776
26121 10.720613287250387
35011 6.01780322580645
35025 7.570621666666669
46115 7.359451612903228
55073 10.934538112305843
2230 10.089063527521903
20201 10.403282258064516
22099 10.723384164222873
27075 8.35998924731183
27107 8.437408602150539
28005 8.742465591397847
31091 6.003570967741934
34025 12.115742521994164
35027 4.99058258064516
37171 8.259395454545455
40079 11.339357526881724
47171 7.742846774193549
5143 11.130419556451619
18019 12.934968610421853
20101 8.458693548387096
22121 10.208992903225807
27099 12.130696187683279
30037 4.942712903225806
31005 6.150470967741935
31169 9.806075806451611
32031 15.57641877880187
45089 7.816039589442817
48413 7.951416129032258
5127 10.758113978494627
53053 13.032848439609873
6019 39.803492883773785
6093 11.480685253456217
13153 9.105597194950903
18087 13.299118548387098
19129 11.97012516129032
21089 9.861495340501783
51049 7.941950000000001
8073 5.879508064516127
20161 11.387844239631342
21007 10.9763623655914
21123 10.619460483870968
28087 10.16800645161291
34035 14.14526299810246
35028 5.866037096774197
51125 7.645525806451616
51595 8.242359677419355
54069 10.160731720430107
12113 8.183652516129031
13315 9.088929838709676
21005 10.533294193548386
21041 11.841563440860213
28009 10.19676290322581
34011 11.59765379506639
35055 4.821594623655916
39063 13.615141687344908
46007 5.9393193548387115
48311 9.95399677419355
5011 10.160736774193543
51199 8.746396774193553
55003 8.962149308755762
13183 8.792489247311828
13247 9.50987182795699
17041 12.574736129032265
17057 13.417124193548377
26051 10.158415412186379
31053 10.889654121863801
33003 9.464003519061581
36041 8.767099193548388
37003 9.361093087557604
39017 13.881585483870978
47161 9.097938064516127
48091 12.005590322580652
49051 15.268697580645158
51105 8.726490322580643
55063 11.738828387096772
55123 11.628894930875576
56045 6.1564645161290334
16011 12.063664112903227
17075 12.81972401433691
20125 11.398766749379654
26107 10.381599706744865
31099 8.828775806451613
36083 11.489453302611368
39077 12.728546401985106
39171 13.109207168458783
40137 10.93786774193548
47083 8.826774193548385
48113 14.235522220867036
48261 10.018516129032257
5065 10.248104032258064
5095 10.766995698924738
51091 6.89861935483871
6011 13.433952258064508
8095 7.245572580645161
18025 11.984679569892476
20035 11.36716099706745
21107 10.399072311827961
29055 10.550255913978495
33001 9.90191440860214
39011 13.97259501466276
40143 11.80787281105994
48065 8.038785483870967
48189 8.257626881720423
51175 8.065658064516132
1107 10.174385806451609
12043 6.160292741935481
13009 8.894378853046609
17089 14.209615263571969
19025 11.314914516129038
21051 8.74900994623656
30021 6.238787096774194
30077 5.073377419354839
31131 11.32078709677419
38067 7.679301290322579
41023 8.046200967741932
48315 11.037416129032255
5107 10.696097849462372
51159 8.630780645161286
55037 8.525059677419355
8014 9.560703046594982
13161 9.18467311827957
13193 9.276801612903228
19029 11.477808387096776
21027 11.096190860215055
27143 11.461225806451615
28151 10.455637351443132
29005 11.844496774193546
31003 8.213033333333335
34037 12.781074272226592
42049 11.424164425261248
45005 8.8564376344086
47131 10.787711290322576
51153 10.75103563933153
54013 8.382088709677419
6037 14.597803011028084
6079 15.986149786975078
13075 9.236985483870967
13289 8.970104838709679
17063 13.325843548387098
20187 7.445996774193548
27139 13.17683824884792
27151 9.727078225806451
28023 9.692516935483875
29031 11.195109677419358
29211 11.909717204301076
30051 6.411387096774194
32007 6.167410944700459
42065 11.6243459057072
44005 9.347209824046914
47175 8.884153225806456
12055 5.954187813620072
13005 9.048891397849465
13207 8.86548387096775
13261 9.3611314516129
17013 12.249016129032254
19083 12.527758602150536
22043 9.848400000000002
23007 9.40451433691757
27153 10.995011290322577
28051 9.791712258064518
29171 11.888138709677422
29225 10.953695967741925
31087 7.434670967741933
37093 8.920594623655925
37167 9.360076178660051
42105 10.780137419354839
48161 11.842261290322577
51145 8.402960000000002
51620 8.003798387096774
8057 4.519983870967742
16031 10.242840860215047
17111 13.978859925558325
17131 14.109367741935486
17197 14.357567572156153
18157 13.560660592850901
22107 9.677424731182796
26123 10.77218387096773
27013 11.909503830645159
27087 8.816898387096776
28083 10.081776209677411
37075 7.577990322580644
38017 8.56587820136851
4012 5.950650896057347
49029 19.90583548387096
54009 10.526008064516125
8063 6.761446236559138
18043 12.86796064516129
19115 13.912448387096777
20039 7.723498387096773
21093 11.264225513196484
22045 11.393206451612915
25019 7.869598709677424
29007 12.105704147465437
31127 11.37818225806452
31133 10.864574193548387
34027 13.641950548387097
35057 7.393494354838709
38005 6.857625806451611
38039 6.972674193548387
47085 8.945587096774192
48313 11.586233064516128
50013 11.375703225806445
55119 10.902748387096771
8029 6.951705529953917
1065 10.163819354838715
1069 9.604332551319654
12085 5.046824055299537
13303 9.035293548387102
16033 8.179674193548388
16085 6.2676791397849465
17123 13.417293548387093
21065 8.975107258064517
29175 12.00636720430108
37039 7.952960368663594
39167 10.252490322580643
42107 16.11147532258065
46089 6.931058064516129
47061 9.131335483870965
47183 10.474289442815245
48163 9.948911827956989
49021 5.7639467741935535
49033 13.62603870967742
5119 11.686264312393881
53069 10.592032258064517
55007 8.959458064516129
2020 10.089063527521903
18117 12.484854301075265
19103 13.831130779569884
20069 9.078567741935483
20091 14.059889404466503
28089 10.411180798771118
37025 10.04160496948561
37133 7.561977627471383
41043 14.62680967741936
42113 12.159451612903226
5099 10.719104301075273
55099 9.696202150537642
55121 12.009814112903214
6017 14.077036984246076
6105 8.635839354838705
2060 10.089063527521903
13029 8.747259447004607
18041 13.29530460829493
20075 7.460635483870967
28155 9.583573118279569
33007 8.849151612903222
38059 6.875627096774192
41045 12.064054032258056
48005 10.969392789373813
48095 8.170003225806452
48111 6.523422580645159
48263 7.806558064516129
5097 10.369552688172043
53063 11.928138801843307
13077 8.900109516129032
17137 12.770611290322577
18073 13.686715725806446
19095 13.075652419354835
21063 8.781025806451613
32009 6.184303225806451
36107 11.62297258064516
37041 7.542681720430109
39101 13.4676059139785
46021 6.527600000000001
47099 9.682445747800593
26049 11.741999606008385
28043 9.809632903225808
31161 5.9266709677419325
32015 5.443338709677421
36013 10.953107834101365
39045 12.331182603686626
39133 13.080126820276506
46077 8.05805
51600 11.929257419354837
55055 12.964246129032249
56043 5.969405376344086
16023 7.252185161290324
21143 10.214179569892472
29141 11.4724535483871
29165 14.153238064516113
30043 5.098663440860216
37007 8.87341935483871
37135 9.264572350230408
37157 8.863876036866365
39073 11.357434562211974
46049 6.8137967741935475
48471 11.721478709677436
5057 11.02673806451613
51081 8.201392473118277
51183 8.234487096774194
6013 22.891593238213417
6015 10.549924884792624
6055 14.362857983870985
1067 9.418570430107529
1119 9.912398387096783
19159 11.805772580645158
21217 9.952485806451607
22115 9.609324731182799
45075 8.824280161290329
48121 13.771562679538462
48351 9.853207258064517
48463 9.41920709677419
5015 10.64527483870968
8111 4.342054838709678
1127 10.551113082437272
1129 9.210914838709684
12015 6.3884351443124014
13283 9.470909677419353
16049 6.705887806451612
16053 11.715727096774193
18007 13.016802150537627
19045 14.399086827956975
21075 10.918341935483873
23015 9.637552329749102
29071 11.587201518026571
35049 7.296950129032273
39013 10.408809193548404
39087 9.935025403225819
40105 11.333538709677416
41007 9.343918279569891
47119 9.572831499051238
53045 9.40856612903226
53073 10.051939316888047
54027 8.943419999999996
56011 5.975490322580644
8117 4.218665161290322
13073 9.542652741935498
13087 9.534979723502303
13225 9.195886559139785
20043 12.382516129032256
21097 10.484180000000004
22063 9.064592220113854
26003 7.460260215053765
28021 9.49212150537634
29145 11.688441397849466
30031 5.398441202346036
40035 11.242469677419356
47179 8.54802566619916
48055 12.358081451612899
48063 11.314669892473116
48199 10.566113782991206
51167 7.906272350230419
54095 9.262455913978492
55043 12.586137634408587
6101 19.117476190476175
12019 7.284044516129034
13219 9.192924731182796
17169 13.213665591397856
20131 11.20849462365591
21057 9.465920967741935
28053 10.238509677419355
29217 11.726713440860209
47089 9.858726881720425
48331 12.081407373271885
48449 11.381314112903228
5137 10.181262365591397
51770 8.140515988779807
10003 14.198835186104228
19043 12.299806989247308
21149 11.112743010752688
22065 10.118689032258061
26109 9.244368663594473
31101 7.0774956989247295
36059 12.306114244421332
37005 7.260586021505377
37199 7.424641935483871
42027 12.688237460978142
42115 11.681850146627566
45059 9.180977419354845
48435 8.012225806451612
49001 5.876425806451613
5005 10.368520430107527
5085 11.401051008064522
1003 8.574559521331944
12009 5.7049370254067755
13245 9.997066575154442
18047 13.16526451612903
20087 12.414908064516137
20109 7.672029032258066
22033 9.98356763674615
22075 7.682037992831547
24013 13.396606027164681
24021 12.933090428344805
26063 10.34341397849462
28131 8.569959139784945
29159 11.788761290322586
30023 5.256087096774192
30045 4.770848387096774
31045 5.79785806451613
36065 11.254242153443784
37175 7.637923502304146
38083 6.675309677419355
40009 8.595000806451614
41049 10.030441935483873
48443 7.303290322580645
5043 10.142121290322589
51683 11.11229124423964
54015 7.897346236559142
6023 10.045657634408592
1121 10.280150733137837
17203 13.445689247311833
19165 11.184850806451614
32005 11.079091650853893
35009 8.02182284946236
38075 6.814603225806452
40039 9.272679354838719
4025 5.774943241167428
41033 14.50484717741934
45017 8.957064516129035
47001 10.164100681003594
48279 7.9572741935483915
12089 7.409543279569899
13151 9.324472129032257
20023 7.340890322580643
26093 12.083100898995234
29139 11.902605645161296
36043 10.64675789473684
39025 12.638505564516123
45039 8.660656129032258
46039 8.536658064516127
48281 10.199459354838707
51103 8.398648387096777
54021 8.13942258064516
54045 8.03929713261648
55001 11.304269124423964
8037 4.750353225806452
1125 11.071706177076182
12129 8.388350806451612
13167 9.399981720430107
13177 9.43897032258064
13185 8.83024877419353
13309 9.251509677419355
16029 11.094829032258067
19153 12.365534693877535
20145 8.898570967741936
21091 11.692641935483874
22001 10.450422849462363
37031 6.802268265039239
38011 5.955246774193548
46027 9.413284946236555
47153 9.228384946236558
48181 12.30287605459057
51119 8.433032258064518
51650 8.914490037950674
53047 6.116353161290331
53059 9.265242580645161
16003 7.474774193548384
16073 10.736924731182796
17077 11.005703456221202
29123 10.162980645161293
40103 11.050050806451619
42063 11.393757643758775
46067 8.292363440860216
47067 9.252049999999999
48025 10.83585483870968
48393 7.6939161290322575
48455 11.191792903225808
53049 9.246304147465432
54025 7.220759907834105
26037 12.025855571847503
26125 12.541328240122201
38053 6.281333064516127
39049 13.67856741253977
39067 11.242650967741929
42071 19.069154476629308
45003 9.631595014662748
46043 7.6924967741935495
53019 6.369437634408597
55019 11.329804032258066
1029 9.19143064516129
1105 10.075688172043012
19193 10.51558722084368
20137 7.843209677419357
21109 8.951339784946233
21125 9.240279156327544
21127 8.668609032258068
26017 11.293608188585612
32027 7.354964516129034
36111 11.319096705559355
37017 8.103806451612908
39105 10.182661827956984
42131 12.328888018433181
45041 8.590862658846532
48385 8.393338709677419
51550 8.76007332808812
54043 8.662616774193543
12081 6.386225599669148
34023 13.839174691244253
36035 10.737007956989242
36115 10.777916318785582
38097 7.73395887096774
39131 11.020423118279574
40133 11.184765232974918
42109 15.577579838709676
46097 8.099116129032259
48329 8.282205256869783
55029 9.16327491039427
56023 8.960195161290322
6049 10.715536290322582
8039 6.067850230414747
9011 10.378755781637704
2013 10.089063527521903
1111 8.919225806451612
12131 8.465979765395891
20021 11.664592473118278
20047 8.81074193548387
26005 11.794051881720451
28065 9.513662365591399
29037 13.279638387096776
29095 14.558287647916995
45021 9.305983870967745
47017 9.855883467741936
48167 11.80368743890518
5037 10.643420967741937
51133 8.424705645161293
1081 9.931487335722828
12045 7.960564516129034
13201 9.628424731182792
20135 8.411380645161291
28093 10.456017204301073
31147 11.59478172043011
39075 12.6649616935484
47177 9.168827598566308
48325 10.811333467741935
8031 9.85734903673829
8099 6.615500645161291
1061 9.207795161290322
27095 11.764112903225808
29025 12.549674193548391
29157 10.778941290322583
31149 6.460448387096775
38049 6.829359677419356
41025 9.149112580645165
46087 8.567022580645164
48077 10.177866666666667
48213 11.778834724857687
5053 10.781951612903235
55067 9.572654301075273
1057 10.319805806451612
12109 6.765039999999995
16001 15.299298906506278
17029 12.524456451612915
19191 11.709820645161289
20095 10.274408602150537
26113 9.534931451612904
28035 9.486949146110055
29063 12.721790322580643
30075 5.592120645161291
31151 10.296248387096774
33011 10.885814066016499
34039 14.355390919952214
36067 12.00651458525349
51173 7.081939784946241
6113 20.039436191974808
8001 10.186052411040913
8085 6.30166129032258
15001 10.089063527521903
18115 12.43765967741935
20189 7.925516129032259
20209 14.472103870967743
25017 11.288166818827328
27027 8.89861141439206
28063 9.12460806451613
29047 14.413943914956018
40015 10.120871370967743
41041 10.511344592030365
47003 9.975816487455193
5079 10.533279838709683
55045 13.056820564516133
55107 10.929674193548388
13081 9.174866666666667
17099 13.397065552995384
19035 10.617077419354839
21001 9.657775576036862
22119 10.880029912023456
28157 8.79654193548387
29003 12.669142741935486
30039 5.072906451612903
48283 9.517051612903224
48377 6.032766129032258
51097 8.656329032258062
51101 8.838116935483873
51131 7.98888817204301
51181 8.27538870967742
6085 19.794634200485575
12071 6.348480295375047
13089 10.142342024471628
13103 8.802042903225807
13199 8.7373564516129
16075 14.879083064516125
19177 12.648075806451613
22077 9.394409139784948
26001 9.15211161290322
27163 13.461997354838712
27165 10.920756989247316
29135 11.816007258064523
30101 6.518126881720429
51193 8.844397580645161
1093 9.979133467741924
16057 8.920200921658981
17015 13.7541
18069 13.404549103942658
19003 11.688027419354844
19119 10.309772043010753
19183 13.617631612903228
20107 11.69102258064516
21131 8.339216451612902
26055 8.81626733870968
30017 6.130527419354836
5071 10.790626344086022
8059 8.343155189340793
12021 6.1841539107379555
13277 9.382587455197134
18147 12.186845161290314
20143 10.252303225806452
20183 8.692553225806448
28017 10.09278951612903
28123 9.977147849462375
48487 9.025101612903226
51570 9.112488387096775
8045 6.045351612903225
13033 9.4468876344086
13093 9.210786021505376
17191 11.326107741935484
19057 13.951627565982399
19125 12.320312500000002
26127 9.850889400921666
28049 10.550525050403243
28143 10.734527956989247
29097 11.909847214076246
31143 9.803409677419348
47101 9.065435483870969
51011 8.227143010752686
51037 8.318355913978493
51670 9.162452534562215
54091 8.233741935483868
19073 11.498154838709679
27089 7.893116129032259
31159 10.36368870967742
36081 13.501660706880754
39147 13.36826658986175
40067 10.751793548387093
45025 8.739246129032258
47013 9.240347507331377
48069 8.16073870967742
53043 9.166012096774194
17121 11.608198924731175
20139 11.439623225806455
22017 12.06420075604839
25009 10.672605336519306
28139 10.156498387096773
34007 14.047843764287554
42069 12.63565287042101
47121 9.980410752688178
48427 9.396522580645167
5061 11.024684946236556
53055 9.795571774193544
16013 6.730388548387101
17073 14.047239950372209
21231 9.132736774193551
28057 10.013578709677406
32011 5.30353870967742
35029 7.282891397849465
39125 13.524702580645164
55131 11.883159907834095
1053 8.93764193548388
13229 8.760878225806453
16059 6.752506989247309
19069 12.307775268817206
26059 12.708271774193548
31007 5.423383870967743
40021 11.134252329749103
40059 8.358769354838712
47005 9.241556774193544
48175 11.033446774193548
48203 11.215495391705064
48251 12.989732949308749
56019 5.245308064516129
15003 10.089063527521903
17171 12.553556451612904
18037 12.62381382488479
20017 10.998803225806453
20077 10.675264516129037
21021 9.792898617511513
29061 12.368872580645162
31085 7.371822580645161
36057 11.162532258064513
40001 11.00038193548387
48359 6.769983870967742
48403 10.062098924731187
51073 8.533106048387097
51820 8.052581290322584
6029 31.5249832728051
6071 9.832874927878295
18103 13.477413225806442
18163 12.15752666227782
20133 11.512175483870964
21103 11.537800645161285
21191 10.838441935483871
21203 9.262249999999996
28137 10.64424
29155 11.040296236559143
29173 12.240411827956994
35039 5.824942293906812
39103 13.006298430688755
41011 13.965099999999989
47133 9.074150368663595
48047 9.96577419354839
48371 6.592469354838709
48457 10.218879354838704
51079 8.182675268817203
51127 8.877886021505374
1017 9.401451612903228
13159 8.842350537634408
18175 12.501127956989253
20051 8.74721182795698
20171 8.446793548387097
26065 12.329744324970124
26143 9.32976064516129
30047 6.0980133064516115
31119 9.477214695340505
34001 10.625949883122951
45061 8.879299078341012
48335 8.046467741935482
48475 7.079013978494621
19113 13.620863799283137
27057 10.276066359447011
28147 8.927245161290323
29187 10.470075953079181
36045 10.685448774193556
36091 11.822623096774205
37057 9.63606954459203
37083 8.222157526881725
38041 6.212516129032257
42077 18.314605475382017
45047 8.949974193548385
47041 9.306185483870964
48119 11.428140322580646
48365 11.120685483870977
48387 11.017991935483867
49019 7.188138709677421
51043 10.36648494623656
54049 8.72885752688171
55083 9.855054193548384
8017 6.56436129032258
17105 12.905070322580642
19123 12.819089861751161
19195 11.892644086021502
20041 11.031851612903225
39117 13.111598387096773
39143 13.196167741935492
42111 9.946329339477726
45057 9.104797926267283
45085 9.01590785413744
46013 7.558454838709678
1005 9.365300716845873
13003 8.847235483870966
13239 9.447274193548386
19169 12.414075161290336
22003 9.646944516129029
27067 10.625591935483877
27077 7.977187096774195
28061 9.83915241935484
37165 8.787121658986171
49027 8.396593548387095
51775 7.991299999999998
2188 10.089063527521903
15009 10.089063527521903
17127 11.024106451612909
19019 12.77836344086022
21043 9.11386313364055
22031 11.068040092165898
31117 6.245374193548388
34005 14.023295359366164
36005 14.197850785041357
40145 11.826351319648095
40147 11.103256079404462
4015 5.674168642160539
41017 13.131864220430106
55011 12.31604129032258
55013 11.41051075268817
8011 5.990029032258065
19001 11.50111720430107
20071 7.617941935483872
22111 10.605732258064513
28159 9.755199354838709
37185 8.240430107526874
40007 8.14340107526882
48295 7.874714516129035
48391 10.939004838709677
48411 8.85463548387097
8119 4.7991408602150525
9013 11.538548164627354
2050 10.089063527521903
12077 8.446059677419358
13043 9.382497849462368
19131 12.034354838709682
19145 11.932573118279567
20103 13.2614625
20181 7.3758967741935475
28127 9.940911612903232
29091 10.216233870967729
39115 11.11594758064515
45079 9.261874411018477
48299 9.582436021505378
51530 7.759664516129031
51660 8.6046146627566
13007 9.545898387096775
13039 7.6522383870967765
13055 10.088418279569892
13269 9.089830107526884
16077 11.25955483870968
19111 13.682316129032255
21067 10.691342132179397
21111 12.87239869954394
30071 6.4458967741935504
37163 8.777990029325519
46057 8.271693548387095
48363 10.294797849462368
50005 9.613071290322582
51033 9.005839631336412
6001 22.26327162186377
8083 5.685426728110602
10005 9.882488192331094
1031 9.42932949308756
1091 9.998969892473118
17031 14.75079952273731
19197 12.006740000000004
29143 11.22530591397849
31047 7.749052073732722
35051 5.525765080645162
36007 11.716025043988282
42033 11.602732580645148
46105 5.919712903225808
47117 9.866268817204304
48323 9.37537168458781
13025 8.295532258064519
13133 8.641438709677422
13147 9.620563870967741
20123 9.406767741935484
24023 8.462935944700462
26067 11.879337220843682
27007 9.56910483870967
27161 11.932247096774192
36055 12.269863575268873
55115 10.400487683284457
12051 6.305301382488482
19005 11.733930967741932
20025 8.598070967741934
20037 11.606428445747802
27031 7.177756451612902
31109 11.446537183958155
36069 11.877291096774195
36097 11.161027741935484
37177 6.963451612903225
39015 11.275470609318994
40065 9.233938306451607
40121 10.876220099255587
42075 19.47103267429762
5039 10.438260215053763
51760 9.705723607038117
54037 11.740089892473113
55087 11.375034032258057
8077 10.119309010011126
12087 5.304784301075271
17043 14.733277180406198
18139 13.538781290322587
19097 13.5964311827957
21233 10.721050806451615
23003 7.908058198924729
26089 7.89182849462366
27121 9.98186693548387
29229 10.538445967741938
31021 10.378679569892471
38051 6.8475322580645175
38093 7.080075268817207
48149 11.652648387096773
5007 11.38176346280447
51067 8.031375483870965
54083 7.167088479262673
55139 11.25750133752951
8093 4.080909548387096
2240 10.089063527521903
13241 7.6403187096774206
18167 13.136532949308739
21209 10.844920967741931
29115 11.924037419354834
35031 6.931808728652753
36023 11.302240860215047
37047 7.695284615384619
47091 7.198352903225805
51710 9.010260852250106
51735 8.75941935483871
54063 7.229441935483873
13211 8.982793548387093
16019 12.035394930875569
18081 14.106170527859236
22073 10.826596774193536
24025 13.711695755517841
29203 9.68250806451613
34031 13.948107645161269
39065 13.564178341013825
51630 9.448851612903225
55081 11.481924372759854
56013 6.448362258064518
13267 9.197119999999995
17051 11.913640092165899
27131 12.51310570719604
28037 8.949266129032258
30011 5.638212903225808
30033 5.9539967741935484
30063 6.497739193548394
34019 14.866572332506204
35006 5.851800460829495
37147 8.14813860887096
46059 6.8256774193548395
48049 8.916133870967743
48469 11.43235091164096
18021 13.214871505376353
20185 9.321866129032257
23019 8.482262201963538
26161 12.923958645161282
28069 9.771637096774196
28153 9.373152419354836
30111 6.225084374999998
40025 5.954767741935483
4005 5.677629377880181
46071 5.956970967741934
48107 8.208240860215053
48275 8.641935483870968
49015 7.9895688172043
51510 11.478480390492331
53017 7.828164919354839
53071 10.44123413978495
55057 11.47855576036866
8087 7.624879032258066
12039 9.07590967741936
20149 11.285612096774189
22007 11.091669892473119
27059 12.427399596774194
45015 7.975599354838719
48177 11.668950537634405
48425 10.90496935483871
5013 10.446900000000001
1063 10.008010752688175
17109 13.577058387096777
18125 12.429883064516124
20027 10.596462903225808
21033 10.133138709677416
21049 9.921271612903224
22015 11.88371979472141
22089 9.095620099255587
25021 10.98507610421835
26087 11.295312768817197
29169 10.716690681003582
37023 8.881290860215055
47125 9.079371464019848
50025 9.816665053763435
51840 10.354947741935492
12083 7.209017460317441
18009 13.525841935483877
18049 13.225970967741928
18053 13.522637500000007
19179 12.777253665689152
29087 12.142589247311829
31125 8.963903225806451
38031 6.885809677419358
47129 9.1938135483871
47151 8.846502709677415
55141 11.180852182163196
6047 29.332216589861783
16043 8.543938709677418
17067 13.681273271889406
20055 9.15679435483871
30015 5.868209677419354
36053 11.291006854838695
37119 10.207935179288375
42079 13.37512745037223
47081 8.956693548387094
48327 8.070606451612903
48489 10.103493548387096
55047 11.475011827956994
55069 9.902664838709681
55113 10.126537634408596
1025 9.589784946236563
13301 8.80040322580645
13313 10.132725985663086
18017 13.534060410557181
27169 11.969782580645164
28135 10.086606451612907
30065 5.3505403225806445
31081 9.525420430107525
35053 5.699279569892473
37161 9.009831761786597
42039 11.772656100981754
42085 12.218662365591397
48053 10.462053225806446
48419 10.881367741935486
8053 4.052145161290322
16065 10.669976881720425
16081 7.6226290322580645
17035 12.379170967741935
17167 12.968661959829577
20085 11.654050537634403
20105 9.417299999999997
21237 8.627487096774193
26081 12.302827167338735
27093 11.245199462365594
28025 10.092545161290316
40077 10.808355913978499
48103 7.273558064516129
48485 10.232889450741082
49053 6.49429846390169
55009 11.221825985663102
29027 12.095995967741938
31075 5.981958064516127
37019 7.393302443792765
42017 15.594178547259189
2105 10.089063527521903
1085 9.872495161290326
18065 13.57419702233251
22029 9.409926451612904
28027 10.59324239631336
29023 10.882400000000008
34003 14.156963813299617
45013 8.122884435483867
47051 9.71005555555555
5035 11.175062096774191
51800 8.371841474654381
55021 11.894019623655918
55091 12.55131935483871
20061 11.259700403225807
28079 9.795946451612902
29177 13.031017741935479
31179 9.662558064516125
35001 9.956111068943732
37111 8.083085161290324
42099 16.55025451612903
45053 8.487689516129032
46019 5.837809677419354
47077 9.71492419354839
47115 9.653574193548385
55035 12.33877451612902
6111 10.927703598732068
13137 8.57869435483871
13149 8.73954516129032
17025 11.6995314516129
17145 11.149773118279565
26019 8.430278064516136
29035 9.849541935483868
31141 10.074344239631339
39057 13.578117050691258
41067 19.503176519851095
48273 10.750857419354839
48277 11.19143279569893
5021 10.928583333333338
51790 7.975846774193549
8021 4.223398387096775
8069 7.87088634555901
39039 13.43226164874551
39079 10.698935483870967
39153 13.400672066905612
40075 9.374406451612904
48079 6.906309677419355
48109 5.591974193548387
48407 11.450168548387103
54051 9.850087813620073
55027 12.026326451612919
13091 9.100651075268813
17163 12.848922419354826
18155 12.090955913978496
19151 11.04590752688172
29051 12.087659784946235
42003 12.284797376023109
45071 8.661493548387089
48445 7.592180645161294
51027 7.849471889400922
54041 7.880919354838708
8015 4.0689877419354845
1099 9.40007880184332
13265 8.486032258064517
26061 7.356244193548388
29069 11.164434193548393
29153 10.37310322580645
30061 6.336343548387098
35037 6.540672043010756
37053 7.460261290322582
38019 7.22736129032258
39041 13.630866451612894
39165 13.699919648093845
40037 11.076017972350236
45083 9.626093828891976
46099 9.708687250384019
47181 9.493429032258064
48099 10.991808828522915
48133 8.902963870967733
48201 13.969393400640323
49011 25.461200657108773
51025 8.055876129032253
56037 7.983323655913975
6035 11.26521326164875
8025 6.009074193548387
13253 9.473212903225809
18077 12.355132718894005
21055 10.564061290322579
22101 10.847272177419345
40017 11.48002892102335
47065 10.288615499606616
48303 8.89366940227702
48309 12.848759709044915
51095 8.530052492668617
54099 9.177211730205276
1071 10.168663049853377
13189 9.015684516129037
13257 8.872050967741941
18131 13.42947016129032
23005 10.740124535679357
25005 9.987210193548355
26029 8.075488833746908
27079 12.120427419354836
33017 10.914912903225805
36047 13.724495887096895
37091 7.897298709677425
37153 8.705161876832841
4003 6.393822076612909
40135 11.522823297491044
42009 11.242393841642224
45009 8.84077419354838
45023 8.897626099706748
48269 7.9423548387096785
54001 7.6802540322580635
54059 8.124250230414747
12059 8.879031451612903
13115 9.998321774193546
27155 8.474545161290324
28075 9.975305432937185
28085 9.376334408602148
30093 5.602972983870965
35021 5.368064516129033
38003 7.178315322580647
38079 7.071108870967741
40005 10.823087903225808
42093 15.120190322580646
53041 10.691162693548392
8089 5.963575115207375
13019 9.135038172043012
13023 9.041523655913977
17183 12.985046774193563
20007 9.20016935483871
20029 9.912607258064508
26073 10.848118279569892
27101 9.82507419354839
31107 8.534190322580642
36009 10.779817972350232
37043 7.656858064516126
39031 12.255943870967736
40081 11.260982949308753
41037 13.777916129032258
45033 8.468867204301079
48305 7.997308602150537
48343 11.116188172043012
48501 7.226114516129034
51017 7.161070967741934
1073 11.879800514545865
17007 13.642222119815669
18091 13.589145276497682
29105 10.785138709677422
37013 7.558787976539588
38035 8.038543906810041
48409 10.984491330645167
48467 11.799815806451614
48473 12.594685483870965
5023 10.66198709677419
5131 11.836595285359799
13215 9.702414363968353
17119 13.04292199894237
19175 11.699179032258073
21011 9.43209784946236
21185 12.364151152073731
26039 9.186058064516127
27127 10.373426881720428
28113 8.974218145161288
29075 12.316595161290321
30027 5.135532258064517
31043 10.34626129032258
32001 9.652300921658986
36037 12.125839784946237
41069 7.862210000000001
45031 8.889612298387094
47149 10.137645161290312
55078 9.893106451612901
6083 11.78988194998188
9007 11.896766218638012
19161 11.086013709677422
21165 8.914383870967743
26095 7.09341505376344
27055 11.586041290322582
29101 12.150110394265232
29103 12.051619354838706
39019 11.977347465437795
40063 10.93846580645161
41057 9.685761693548388
48241 9.948744758064512
50023 9.78150679117147
5091 11.374599999999997
53023 8.3839
56003 5.784267741935485
1019 9.902389784946235
13125 8.91391935483871
13291 8.102319892473117
18099 13.401491666666665
18123 11.890173548387095
19011 12.936100000000001
20121 12.46819556451614
20193 7.907556451612904
22049 10.434402580645159
26025 12.583741025641043
40083 11.437950806451617
47137 8.979070967741935
48159 11.435862365591394
48259 10.346983333333334
51680 8.57900492359933
8009 5.911464516129036
17017 13.02546451612903
22095 9.163197360703801
26045 12.272538133640554
28029 9.773612365591397
28059 8.769232142857152
29111 12.58603548387096
30073 5.724585483870966
36033 9.768002304147462
38007 6.171090322580646
48483 7.98831935483871
19127 12.594364516129035
21087 10.05109758064516
22005 10.207290783410134
23001 10.795188248847943
26077 12.628946179966047
29059 11.091540860215064
29213 11.174484193548388
31185 9.858245161290322
37113 7.410129032258064
37197 8.994377880184333
40115 11.551681720430107
41047 17.157944327030012
42021 11.214782718894028
46015 6.890695161290321
46017 6.7410225806451605
46045 6.913116129032257
48143 9.868179032258064
48453 12.811656925125781
49005 21.588828163771694
49045 15.48366451612904
5083 10.996917741935485
5123 10.755863978494624
5149 10.837484946236554
55129 10.871904516129037
12029 7.714624731182797
13135 9.999848644019401
20099 11.420708064516132
26007 8.874006093189966
27069 7.800751612903224
29186 10.834580645161289
29197 11.916177419354835
31121 9.259218279569893
37011 7.185986451612903
37151 9.376702880184332
38077 8.185933333333333
40013 11.482865982404693
45063 9.073685353095037
48081 8.081256451612903
8065 4.188462903225806
8107 5.224382258064513
1045 9.507821889400919
13035 8.92450430107527
16083 10.364443317972357
19051 12.319783870967743
19089 11.752579569892474
21025 8.39254608294931
21151 9.468072156196953
21189 8.620472580645162
21225 10.853002419354835
22103 8.1833033008252
27019 12.88637402376912
29113 12.211017050691247
29221 10.398893548387095
31015 7.208916129032257
36015 11.360616862170083
37123 8.888649999999998
42029 16.005432786429395
44001 10.071933137829909
48191 7.645761290322579
48461 7.342838709677415
49035 25.325615464090042
56015 5.670433870967741
13049 7.682272580645162
13173 8.726416129032259
21039 10.912758064516128
21053 9.192144086021505
21173 9.52272365591398
22083 10.193571505376335
29029 11.166208797653965
31093 8.367664516129032
35041 7.443432903225806
40027 12.293607023933424
42125 10.502816949152542
45043 7.541056912442405
5103 10.673101075268812
51610 12.040541935483866
6081 21.084285749285495
17009 12.919190322580645
19109 11.21306451612903
20073 10.52994946236559
4027 7.6749223460410585
48493 12.086782111436955
50009 9.36599892473118
5001 10.613381451612906
5059 10.916252534562206
51147 8.038760645161293
51185 7.205480058651029
26079 8.922678709677422
29099 12.051131566820272
34015 13.493112544802878
35017 5.693988629032259
38061 6.460633333333332
48059 8.717532258064516
48415 8.05631693548387
5069 10.958698521505381
55015 11.289773900293252
55023 11.96346505376344
12007 7.1838032258064555
12111 5.212191348973605
21017 10.342294623655913
27039 12.201701290322584
27053 14.090062520228756
29045 12.832809677419357
31037 10.213275268817203
38087 5.950745161290322
39129 12.426707692307678
4023 7.074388387096772
47163 8.98940198511167
48389 6.383368387096772
49003 21.29864926686217
1027 9.358781451612902
12086 5.506540036119039
17181 10.927379999999998
17195 14.110906093189985
19087 13.573271612903223
22047 10.458616589861764
28007 9.545211827956988
29043 11.544268202764977
36061 14.480031810035863
39021 13.407372903225816
40031 10.521004233870961
48073 11.237516666666664
48197 8.563
5041 10.360265161290322
51179 9.712874193548378
1133 10.334936405529948
13079 9.042195698924731
16021 6.407383870967739
18033 13.202416845878133
18137 12.77632473118279
19031 13.959286451612911
22021 10.027075268817205
30091 6.553932258064516
30099 5.366701075268818
48013 11.473834677419353
48023 8.850212903225808
48223 11.698714695340502
48503 9.295196774193546
53039 9.090478494623659
6033 9.871411397849462
13163 9.270520161290326
13223 9.745239388794566
18031 13.221898924731178
18071 12.911670645161292
19037 12.15948870967742
23011 10.335691259105104
38021 7.196867741935483
4001 5.426643749999994
40125 11.606648790322584
41039 14.21454827456865
45065 8.767395698924727
45073 8.920839139784945
47105 10.391551612903223
48215 10.821095746502978
51075 8.440120645161294
51191 7.789473945409429
9001 12.77293714285712
1035 9.173972903225804
12123 8.033561290322579
17037 13.62263210445469
20177 12.216089947486855
22023 10.030435483870965
23029 7.017343424317621
29161 10.7116670967742
30083 6.357375806451612
30105 6.4665139784946275
31067 10.768876036866361
37187 7.378468817204302
48247 9.299788709677422
49013 9.661644086021509
5077 10.735258870967748
53007 6.695107603686636
55103 11.853696774193551
2282 10.089063527521903
12097 6.046303461841065
18173 12.298881231671556
21171 9.667364516129034
31027 9.233422580645158
31105 5.66448064516129
36017 10.956086827956995
39163 11.08968817204301
47143 9.615054301075268
48117 7.749083064516131
48169 7.816361290322581
48479 9.376350661025931
51041 9.282382598818709
51750 7.521721505376345
54047 7.354377016129032
6031 43.38341397849457
2198 10.089063527521903
1015 10.146442351716964
1131 9.65241935483871
13057 9.998079156327542
13105 9.157051612903224
18149 13.575708294930875
22053 10.174511520737324
26145 11.571638882488452
30103 5.935074193548386
31031 5.865414516129031
37195 8.868004414261469
42103 11.817929749103937
46079 8.522291397849466
47031 9.696688978494633
47047 10.630008797653954
51115 8.327838709677419
51690 8.59168258064516
13171 8.8846688172043
20083 8.736170967741934
27133 9.990432258064518
36093 12.129868117029254
40111 11.058223870967753
41005 18.326695887096747
41063 6.724603548387095
46053 6.760675806451615
46085 6.5419564516129025
54087 8.678064516129032
1097 9.729676428975642
19155 12.16518559139785
21167 10.066458064516125
21183 10.990411059907837
24029 11.638634193548388
29133 11.065136290322572
36027 12.206225193956739
37067 9.225908255289637
41031 10.397547849462365
46047 5.839882258064517
46101 9.021366129032256
48007 10.657127741935481
51171 8.558293189964157
5145 11.198727047146406
53061 13.502967619354838
56029 5.404392258064513
20019 10.41383870967742
22009 9.600211827956997
31083 8.22825483870968
36039 10.546581290322564
47111 9.672853225806447
48267 8.074364516129032
5067 10.622540645161292
5111 10.830971889400924
56031 5.008061290322582
56039 6.730016129032253
13069 9.145525806451618
13101 8.224590322580646
13237 8.790381935483872
17115 12.749084724857704
17139 12.42603225806452
17187 13.874258064516122
21095 8.42127536656892
22025 9.708904301075266
28071 10.177649354838714
34013 14.431164408602157
37009 6.952573118279572
38081 7.38180483870968
39007 11.613654322580645
45019 7.833162049335882
46119 6.522164516129034
17135 12.27021733870968
18075 13.675939631336407
20157 9.864065591397853
21073 10.881135483870963
21193 8.224884274193546
26069 9.609201792114689
28109 8.402522580645158
35013 8.264061510621556
37097 9.937746114369508
42095 17.368332068311194
45011 9.024231182795695
46061 8.246967741935485
48339 12.796599398578476
51580 7.569575806451613
9015 10.820814967741919
1043 10.993236021505368
1117 11.316614986559138
24041 9.94926290322581
26091 12.839854978962139
26163 13.149138873611813
31041 7.087331451612897
31181 8.923298387096777
38023 6.559109677419354
39149 13.704645806451607
48417 8.70385483870968
1113 9.906381141439212
18015 13.648465437788019
20089 9.195643548387102
20175 8.507798709677417
31013 5.9945677419354855
31115 6.511164516129032
34029 11.083060696774204
37037 9.085411662531017
37087 7.477153225806456
40045 8.202901612903226
40049 11.481131541218634
4017 5.461217585848082
42091 16.127699785965437
45091 9.660151332398328
48015 12.130071505376344
51057 8.7000311827957
5139 10.603208064516123
6039 28.38517643758767
6103 13.078321114369505
6109 12.988725806451612
19053 11.770475268817206
21161 10.19378322580645
26153 7.85070537634409
28117 10.08054
35047 5.693998617511521
4019 8.055730906170531
51013 11.886665117550576
51720 8.166874193548386
12069 6.483032546082954
20005 12.341237903225801
21135 9.593157258064517
22123 10.124765591397852
24037 9.011415939278937
24510 12.968991838709691
26011 10.328249677419354
26047 8.000979032258066
27023 9.907396774193549
27037 13.56672129032259
31023 10.225718279569891
35061 8.835679211469536
36075 11.223197664071177
40029 10.912811290322578
40101 11.55496411290322
49025 5.296545161290321
5051 10.863347580645176
54003 11.967719354838707
55127 13.5513646627566
1059 10.057027240143366
13111 8.499514838709676
13175 9.417236724565752
22081 10.653916129032257
27123 14.069035436778883
29183 12.969030543078775
36079 12.668427164685905
39081 10.852494950911648
39155 12.488904985337236
48035 11.093729493087556
48141 8.157691023842938
48153 7.941098387096772
48437 8.00261827956989
51195 8.161248680351902
54053 9.834825268817204
54077 8.202296774193545
55109 12.81075806451613
6115 18.172671658986182
46102 10.089063527521903
1103 11.45274229390682
12037 7.773045967741932
19047 11.011681290322581
26147 11.876148321263997
27045 11.70379677419354
30041 6.490218279569895
31177 11.208683225806457
36121 11.413533724340182
40131 11.75126923963133
41021 9.032848387096774
51015 7.876897270471466
53033 13.954663751523503
54029 11.027345564516132
13121 10.21659120809613
16017 8.78058709677419
20067 8.325359677419351
21159 8.42128924731183
21169 9.937894623655918
25001 8.54841906682026
26117 11.233747642679894
29163 12.104592258064521
30109 6.083074193548388
31137 8.339912903225803
50001 9.88618838709678
5087 10.31601451612903
5133 11.12365887096774
51730 8.93824662756599
55005 11.399516129032248
55041 8.637520161290324
1007 10.64576774193548
17005 12.044679838709676
20081 9.005412903225805
21047 9.675920373514423
21059 11.7826340813464
27009 12.4939164874552
28115 10.273201075268814
32033 5.397876344086023
39069 13.423180645161294
41019 14.32225571847507
42073 12.589988824884783
48115 7.707685483870966
48257 12.770688888888898
48395 11.879007741935487
51137 8.674802580645162
53075 9.313820000000005
54079 9.421096774193542
8125 7.232506451612899
12105 6.3275663803938045
18107 13.449973476702512
19141 10.665934677419354
20053 9.572033870967747
25003 10.020961703887503
45007 9.870221753515299
48379 11.82684677419355
2195 10.089063527521903
19021 10.882510215053765
19067 12.16826774193548
21213 10.316591129032263
27001 10.75615430107527
37145 8.939578801843322
39095 13.5322529591059
40153 8.638089032258064
41059 10.619222645161294
44003 10.25971182795699
51059 11.703164491122797
51155 7.353497096774194
51177 9.160293655913978
54073 9.319512903225807
28107 10.368058064516132
29015 11.33056666666667
32013 7.062592741935483
38065 6.716322580645161
40043 8.697370967741938
40127 10.56208817204301
42041 17.701836076366018
42123 11.159941439205946
47103 10.168303225806447
47159 9.48456774193548
5003 10.081839631336408
51019 8.281511693548383
51021 7.015812903225809
8081 6.194156451612907
13031 9.110961290322583
13097 9.56951838709677
18181 13.496287499999996
19079 12.219953548387094
26013 7.731970967741932
27029 8.685859139784947
29179 9.593112903225807
31029 7.471532258064516
51047 8.825751612903217
53003 8.766747311827956
54061 8.750325940860224
55125 8.662536774193548
8101 6.686073431085052
12023 7.737544892473117
12033 8.25580467969105
13131 9.669975806451614
13311 8.394809677419353
19105 13.463160645161292
21029 11.96340071684588
26043 8.785915668202763
33019 9.93286
37021 7.976548847926253
40109 12.204702797483606
2261 10.089063527521903
13109 9.077119354838706
21035 10.09050071684588
22091 8.532041935483877
26151 10.865681720430103
26165 9.429296370967748
28111 9.057536559139788
29149 9.997621505376346
31155 10.993794838709686
36003 10.64962357320099
36051 11.505543225806454
41051 19.593767138275833
48505 8.857875268817207
54005 8.0639814516129
55071 10.568234634974537
13205 9.63445806451613
19033 12.092927272727271
21221 9.55770967741935
26111 11.100466893039053
27113 8.05145870967742
30029 6.612141256366728
36101 10.89561881720431
37107 8.29475247311827
39043 12.572514516129036
39083 12.747958333333338
39097 13.25937338709677
47095 10.886529032258062
48155 8.410922580645162
6059 13.229175335328684
13083 10.069324193548388
19081 11.690039516129039
19091 11.533685483870963
19099 12.509121863799276
20015 12.022527047146404
20063 7.988491935483868
20147 8.148247311827955
25013 11.684758565612295
27071 9.49419919354838
29065 9.902987903225805
31171 6.069958064516128
38033 6.054609677419355
47187 9.837019267654735
51117 8.356649103942656
8109 4.136454838709677
2016 10.089063527521903
1009 10.871382078853047
13305 8.810263440860215
17049 12.118899596774186
17117 12.4526888337469
21201 10.205587096774195
26103 7.711137096774195
28141 9.851305645161291
29093 9.851412096774194
30049 5.029696405529953
31019 8.64086656891496
31073 7.792261290322582
32021 7.439733870967744
35033 4.7301548387096775
39151 13.039170892723194
40097 11.409769534050175
48439 13.796460413842945
51029 7.872963709677419
51063 7.243450537634408
19007 12.025365806451612
24009 9.424219534050186
29049 13.095174999999998
29077 11.786314151925072
38009 6.990759139784948
39141 11.681143833017076
41065 9.95095483870967
45087 8.801048745519706
48009 9.60367311827957
48123 11.378375483870972
5093 11.017600537634419
2164 10.089063527521903
12031 7.385534253216486
16015 6.574119354838711
19071 11.723809677419355
19075 12.588312903225805
19117 11.89287016129032
21147 8.982872580645157
21211 11.410736917562726
22035 10.165500000000002
24001 9.631142917251047
28001 9.224967741935487
30095 5.038862903225806
32017 4.937138709677417
38071 6.907974193548387
40123 11.266277096774191
41055 9.286680645161292
42047 11.319934767025085
42059 9.333083512544805
47071 9.740206451612904
48037 11.356299462365607
48139 13.446297710717992
51109 8.332567204301082
2290 10.089063527521903
13293 8.832035483870968
17165 10.640541218637997
18169 13.379726209677433
21009 10.224335161290321
22055 10.840641110277568
26057 11.381309354838713
30035 5.769699999999998
33013 10.456201433691767
36049 9.870492626728112
42011 18.73196881720431
46011 8.736902150537626
46023 7.515578494623655
46093 6.050451612903225
5029 11.241545161290322
5105 10.891856989247312
51187 9.083758064516124
1095 10.976692293906801
31103 6.36268387096774
37063 9.454386989247318
38091 7.134687096774194
41003 15.33134103942654
48125 7.7071
48301 6.419954838709677
49055 6.244674193548385
5033 11.460605571847509
8003 4.851256451612904
8071 4.704059139784946
12121 8.09233133640553
17055 11.067393548387098
18035 13.54102784946239
21083 10.709329390681003
25023 9.920189612903243
31051 9.608038709677421
35005 7.505927822580645
41009 14.259355483870971
47043 8.918466129032259
47169 9.775311290322582
48227 8.090961612903227
51087 9.512168850806452
5147 10.792317741935484
51540 8.33206021505376
6009 13.778299354838708
6043 13.597589784946235
16009 8.659979032258068
18143 12.564220645161294
21239 10.622949596774207
23009 7.6213134724857685
26075 12.586991426146001
28119 10.450666666666665
31123 6.252232258064515
37101 9.209612258064515
37117 7.726716129032258
39055 12.68775944700462
46107 6.524232258064514
47139 8.954429677419355
5063 10.526528629032248
51700 8.830128152492666
12133 8.798959907834101
13319 9.203710752688174
18127 14.258379133064533
27091 10.941672043010753
27149 9.405683870967742
29199 12.143593548387093
38073 7.430310752688171
39033 13.149094292803964
40053 10.712138709677422
42043 18.978764218362297
44009 9.518424884792626
48105 7.57321612903226
48129 7.755501612903225
48337 10.82117956989248
48423 11.6484346970889
51071 7.309198387096777
5109 10.643668817204299
51113 8.225646774193548
51121 7.5987375
54023 7.5788956989247325
6099 27.460664481811964
1083 11.19552600806452
13065 8.104635483870966
17079 12.19781397849462
18105 13.112348074921956
19039 11.662773118279567
22013 10.647861935483867
29109 11.365470046082955
37105 8.96396228287841
39123 12.781629776674924
40011 9.462990967741932
5055 11.011220430107526
17087 10.785439516129035
18095 13.862390584132527
19085 11.10677096774194
21153 8.382355645161292
21177 10.48817741935484
29215 10.173187903225811
41035 14.612942741935477
48171 9.213056774193547
48381 8.419778865406007
51141 7.731329032258063
6053 15.51338883107874
8121 7.002725806451612
2090 10.089063527521903
12061 5.197475268817201
13027 9.031521935483866
13243 9.30208709677419
13255 8.986594354838713
16063 10.504887096774194
19133 10.572312903225807
20129 7.085212903225805
26015 12.227747507331378
27049 12.546568709677425
27051 9.275551612903225
31173 10.036420967741938
46051 8.233616129032258
48003 7.271433064516133
48039 12.816225363693858
55051 8.934691397849466
56001 4.597630322580645
8075 6.826627956989248
13157 9.546721700879765
17053 12.750482580645162
17071 13.917951612903225
17201 13.556668914956052
20155 10.817328273244783
25027 10.987429932483098
30079 6.059551612903226
36019 10.521010356536502
36029 12.27984676052488
37015 7.721078225806451
40051 11.193359354838709
42067 14.987654193548385
48043 6.177400000000001
49037 6.0390379032258075
51051 8.07675564516129
53067 12.44146237656354
12067 7.976766129032257
13321 9.428809032258062
20151 9.580768817204303
21015 12.539735923753659
24043 13.12069173387097
26149 13.048318975332052
26159 11.924315053763438
29057 11.324827419354834
39051 13.27885017921147
39175 13.524210752688177
40113 10.779614662756604
47135 8.98895322580645
48145 12.310310752688164
48317 7.921393548387096
51111 8.111333333333338
53057 9.895550494623668
54007 7.639494623655914
16027 18.23834838709678
19185 11.86390322580645
21071 8.300719354838709
36105 10.809376478494611
37099 7.33206810035842
37139 7.6698264516129
46075 6.1612967741935485
47075 10.480454838709683
48243 5.5755612903225815
48253 8.935528494623656
54019 7.611771774193549
55111 11.778480397022332
8035 7.5182059756742365
12095 6.215427364812218
13045 9.012926185958264
13299 8.454789605734767
18027 12.867025345622126
18061 12.080508602150537
20159 10.031497849462365
22097 10.07058675721561
26085 9.820075000000006
27141 13.007782111436953
28067 9.765393778801833
34021 14.299642438206934
40119 11.154805313092982
47185 9.077983333333332
48019 9.852125806451612
48027 11.972626253101726
48465 8.84773967741935
49031 6.160193548387096
5047 10.946597849462366
51139 8.317850322580648
53009 6.7451084485407105
8105 4.358023655913979
8123 9.79798801843319
13187 8.607838709677416
16041 15.818356451612903
20059 11.971120645161285
20097 8.69018064516129
21155 10.128070967741936
29089 11.900395698924735
30057 5.414036559139786
31077 7.861832258064519
42061 12.799974193548397
45081 8.652970967741933
48071 11.540872580645164
48369 7.955822580645162
51810 8.612435711958302
6021 14.926469354838707
12011 5.483425842194628
12049 6.131952688172045
12117 6.176650862715679
19163 14.540910157858637
21023 10.604153763440856
28047 8.465423799283144
28161 9.942301075268816
30001 5.7828236559139805
31033 6.273920430107529
33015 11.01125395894428
34009 9.914960584677425
35043 8.311041705069124
38047 6.832609677419355
39169 13.055505241935485
42001 15.145827910238411
45051 7.773482189913677
47023 9.893801075268815
48029 12.381014930371919
6073 10.43027653958946
8091 4.977067741935483
8097 4.706069354838714
15007 10.089063527521903
13181 8.701520967741935
16035 7.358040322580645
21121 9.05376435483871
22085 10.199533179723494
26021 12.391459677419368
26131 7.795487096774198
27003 13.63239393703843
27083 9.643033179723506
29185 11.338552688172044
42007 12.328311321948139
46109 7.82802419354839
48239 11.394770967741936
51165 8.360821222410866
55017 11.840967155425233
55039 11.369460645161288
56033 6.117250537634407
1013 9.37190071684588
12091 8.165073721479144
18097 14.693387687211978
21119 8.157798709677419
31057 7.316703225806452
46083 9.708723167155426
47079 9.813271684587809
51053 8.487562211981556
55033 12.265797983870966
55065 13.076049032258066
18083 12.490247419354844
21157 10.601986559139783
25007 8.452876612903227
25015 11.060558064516133
26027 12.971645747800583
28045 7.993625345622114
36021 10.933392933947756
42019 12.424675293255124
48355 11.145374233373163
13231 8.80157419354839
20001 11.497262580645165
29073 11.442565806451611
31183 7.357783870967743
36063 12.862796985721825
37095 6.8084451612903205
37191 9.089552605459064
39035 13.277131223781206
41015 11.754804838709676
42127 11.608223732718896
42133 17.436448207885295
46005 7.6288037634408585
47189 10.24439216589861
48205 6.5939645161290334
48341 7.511733064516132
48497 11.895113489736074
53021 13.212186352357325
9005 11.453370651486388
19023 12.40926709677419
19167 10.449294470046079
28013 9.84527935483871
28129 9.99044301075269
28163 10.1963682795699
29209 11.247321505376346
31011 8.562574193548388
37169 8.55506451612903
39113 13.919078452456286
48147 11.605959856630825
48507 9.414840322580645
51590 9.008506854838707
51678 7.745490322580643
53077 11.01578553405019
8049 4.41859569892473
2180 10.089063527521903
1021 10.350089605734762
1037 9.75054193548387
13317 8.688546774193549
18001 13.828653456221202
18051 12.149535023041482
21019 9.73374789081885
27073 9.0325440860215
31061 8.596366129032258
37073 7.828840860215055
42083 10.87353413978495
46137 5.9937645161290325
48209 12.198696000000012
48297 10.513812096774192
48459 11.313451152073737
5049 10.188049999999997
53027 8.89667923387096
55077 11.514918709677419
16005 12.59368357771261
17113 13.167463493312368
19061 13.299680272952857
21003 10.081090322580646
21223 12.110691935483867
30059 4.663367741935483
37051 9.143909440227697
39121 11.028454838709676
41001 8.699049301075267
45035 8.189676387096776
47055 10.065022580645163
48451 8.479663612903224
51085 9.376749649368861
55085 9.137368202764977
6067 25.310462033173945
12093 5.871783602150537
13127 8.030371397849464
18109 13.748182878411907
18133 13.434052073732717
18177 13.370761859582535
23013 8.644174516129029
24033 11.263785853802908
27063 10.56266290322581
29223 10.171422580645158
40069 11.291846236559143
41027 9.50593620967742
42081 13.54752691879866
48001 11.369036656891488
5101 9.95383064516129
51035 7.405258525345627
53029 11.497961136712751
55025 12.536967952969578
56007 5.3487819354838715
8033 5.124577419354839
12079 8.398144516129037
13107 9.400468817204299
16051 11.421219354838705
17095 13.888390725806438
19027 11.341339247311824
20165 8.739901612903227
29201 11.238695161290323
35007 4.633302150537634
38013 6.718174193548387
38037 6.364851612903227
39139 12.905234193548365
45077 9.434074308755765
48131 9.72352043010753
48225 11.140265898617525
54071 7.119931182795696
54093 7.482950537634411
12053 6.752102785923761
31017 6.194290322580646
36119 13.497656704759173
54057 8.918315668202757
6077 26.155624553260587
1033 10.555676267281118
12125 7.2931182795698914
13021 9.011031451612912
18183 13.317944700460828
21099 10.438862580645164
26033 7.4023216589861764
27011 8.606674193548379
35003 4.712609677419355
38045 7.118332258064514
40055 8.741196774193547
44007 10.787610844200403
5045 11.61787612903226
53037 7.520437419354837
55095 11.966456451612904
1101 10.702657667493801
12103 6.503038326282386
21229 10.248820430107529
22127 9.99645241935484
27065 11.367768548387097
30007 5.0224032258064515
32510 13.057633870967736
38055 6.6027016129032265
40151 8.9300559139785
45069 8.734363594470047
48011 7.812093548387096
48195 7.764414516129033
49017 5.32171129032258
50015 9.884094470046081
51163 7.687488709677418
55059 13.164556774193542
16007 11.594859677419358
16061 7.436137634408603
17081 11.315710850439899
20167 9.000175806451615
21077 11.659370967741934
22051 8.735100896057382
28041 8.828604838709676
30009 5.1330652903225795
31167 9.790401612903223
35015 6.970047849462366
4007 5.3980131048387054
47145 9.964029266862175
48017 7.482170967741934
48271 8.794467741935485
51740 8.929249635796038
6095 18.32040957661287
17003 11.021625000000006
18151 12.984797491039414
19101 13.112775000000001
20205 11.208825000000003
21113 10.214829032258066
21181 10.034075806451614
28031 9.751940322580642
33005 10.100038104838722
40129 8.1373
48345 7.564496774193549
48353 8.270263225806456
51143 8.719048185483867
56021 5.383190629800305
12027 6.082121505376346
17083 12.512768817204302
17129 12.94535913978495
17143 13.782547446236551
20045 12.739118475073305
21179 10.86495734767024
24027 12.45714105571849
27025 12.414513548387095
27145 12.188270300333711
28105 9.946737096774191
29017 10.620494623655915
29119 11.385202419354842
35023 6.21025806451613
37173 7.377508387096776
38069 6.924185483870968
39091 13.428399120234603
46065 6.5735040322580645
47039 9.31615322580645
48101 7.890745161290323
48233 7.891019354838709
48287 11.95201129032258
48361 10.868813978494636
50003 9.592775
50021 9.973429838709677
12013 8.586637634408604
21227 10.71617755376344
26141 8.237550000000002
28011 10.396288306451613
29039 11.390367741935487
31079 9.170923041474655
40057 8.453006451612904
42031 11.793182258064514
42053 11.402825806451611
48033 7.680858064516128
48207 8.776062903225805
5089 10.278978225806446
5121 10.580338709677426
55137 11.101182488479264
56017 5.525870967741934
8007 4.529083064516128
2170 10.089063527521903
17065 10.818344086021504
17091 13.374041601779757
17125 13.08407311827957
19063 10.752733870967742
23017 9.724877988614804
24015 13.802777249575541
46111 7.771167741935485
49007 9.08591935483871
51001 8.327756774193551
56009 5.163230645161291
12057 6.7289107358870925
16055 10.438174322580638
16087 10.36104623655914
19137 11.781096774193554
19139 14.21762999999999
20113 11.075160368663594
21205 9.102702419354836
24019 9.482091039426521
29019 12.329674416017804
29147 12.224407096774197
31025 11.600411290322588
38063 6.9354032258064535
39059 11.488720645161287
40071 11.372226686217
48289 11.525051612903226
51077 7.039891612903226
51157 8.469604838709676
54105 8.983290322580645
55061 10.197258064516125
55097 11.021449769585251
6107 38.39152431761788
13063 9.54959322580646
19077 11.429208602150538
22087 8.144828273244782
26129 9.763883870967744
27005 9.873050967741948
28073 9.277033467741928
29021 13.000695870967727
47053 10.440652764976964
50011 11.205391290322584
51023 7.974009677419353
12063 9.039321407624632
13119 9.504853548387098
13297 9.417174838709675
18121 13.146406451612906
19171 12.62053333333333
20093 8.189164516129031
22041 9.910893010752693
26031 8.141306854838712
31039 10.108754838709675
31049 6.840329032258066
31089 7.062033870967741
39137 13.635579723502302
48051 11.936754193548389
48157 13.890409295415983
49009 6.248454838709676
5009 10.366853456221193
51045 7.356170967741936
2158 10.089063527521903
13061 9.38172580645161
18119 13.162040000000005
19015 12.00807557603686
20195 8.183629032258066
20207 11.153625806451616
25011 10.52706666666667
29001 11.888114285714284
31129 9.390630645161291
47027 9.439674193548388
48165 7.563970967741934
48499 11.426887096774204
51830 8.547045161290324
53005 12.994565649520474
8079 3.95791935483871
1079 10.763633333333328
1087 9.704172849462362
13071 9.439077096774197
17147 12.640336290322576
19135 12.324488172043008
20173 12.988194484911565
24017 9.77192139784948
26119 9.02269483870968
31035 9.5137564516129
36001 11.905240989247295
4013 9.581124816875635
42117 11.12454387096774
8005 9.18658325652841
18005 13.415521290322586
21081 11.049622580645162
26041 8.597586803519063
26139 11.583047048082776
47009 9.602876152073733
47097 10.702648745519706
51169 8.890172580645167
1039 8.950729032258058
12035 6.3802633870967735
13011 9.307757258064514
16069 8.681681935483871
18161 13.245659677419358
19041 10.750124193548388
40019 11.655399706744872
4011 5.316103225806449
47109 9.918634562211976
48085 13.761851103565364
48185 11.96568440860216
48319 8.347587096774193
48495 6.854639784946237
8051 4.615441129032256
8113 4.915341129032259
1109 9.493587499999999
13013 9.556745519713253
16047 10.044932258064517
18101 12.822153763440859
22061 10.756356774193547
26083 6.409379032258066
27109 12.576263343108508
29033 12.094734408602154
29079 12.106275806451615
29131 11.506860645161295
31069 6.183093548387097
47035 9.117136658986176
49057 24.709809290322593
53051 8.791440000000001
54109 7.434289784946237
12047 8.074935483870966
13095 9.545638470728797
13235 9.052245161290324
13251 8.96894838709677
16067 11.645936774193544
19049 11.898267956989253
20033 8.564209677419356
22019 10.892273020527856
27147 12.15113790322581
4009 5.9221476702508955
42119 15.044515483870976
47037 10.284550370667235
47167 10.887979900744417
48441 9.083951782682504
54081 7.371895635673634
8023 4.180387096774193
17033 12.430565591397855
27173 9.492914516129034
29013 11.908372580645162
37065 8.434081566820277
37085 9.18131409796894
37149 8.777364516129033
46091 7.434925806451613
5081 11.30457661290322
5135 10.287113709677424
13017 9.213369677419353
13123 8.872032258064518
17193 11.027296129032266
20057 9.085008294930876
20127 10.909137096774195
23023 10.329615725806454
27081 9.052590322580645
36113 10.511091001697789
37049 7.4139870967741945
41053 15.748607258064506
45001 9.029747849462364
46031 6.292983870967741
47173 9.923085645161285
48373 11.066581935483871
54101 6.998553763440863
6027 7.358893548387096
2068 10.089063527521903
19107 13.094153225806462
19189 11.58883548387097
21235 9.161006854838712
26135 9.366645806451613
27021 10.6284929032258
29081 12.158038709677417
37127 8.67580806451613
46037 7.599847311827957
47045 10.70925524193549
47063 9.97199166666667
48291 11.412739631336407
51065 8.122298387096773
6041 17.92068498533727
8027 4.165722580645162
8115 7.06405806451613
2130 10.089063527521903
22069 10.12865017921148
26105 9.315279032258065
28145 10.294140322580642
29067 10.4921688172043
42055 14.05257192353645
54097 7.524406451612905
6087 17.685295099255587
17021 12.49641903225806
17141 13.595570381231674
18003 13.556056384408599
22037 8.81684903225807
29107 12.585709677419352
36073 11.851409677419356
38103 6.791462903225807
42025 14.89107956989247
45067 8.090651612903224
54107 9.93575012406948
12099 4.89018859002583
13191 8.266845161290322
20011 11.544656774193548
21139 10.762640322580644
26053 8.676003686635944
28055 10.202729032258064
30053 6.546967741935485
46033 5.836751612903225
46041 6.211488709677422
46095 6.085422580645161
48067 11.071265437788012
48093 9.247320967741928
48349 12.432132580645161
13295 10.368999999999998
18171 13.055099999999998
27125 8.167129032258064
35059 5.24378064516129
40141 9.580074838709674
46009 8.283474193548384
46025 7.72204516129032
48211 7.84311935483871
5075 10.763830107526879
8103 6.3502677419354825
2150 10.089063527521903
13145 9.147110322580637
18179 13.597582488479258
19143 10.559574193548382
19173 11.878684946236563
20031 11.220220430107526
21079 9.65349919354839
27119 8.29138032258065
29121 11.999034838709674
39173 13.53761394009219
42089 13.52098582600195
45045 10.042514821272883
47025 9.425849534050174
51089 8.421632258064522
51099 9.158691612903226
54089 7.252518548387094
6091 11.786335483870968
13209 9.415808602150534
16025 6.123987096774193
17155 13.446414516129028
20009 9.36582822580646
20191 11.926076881720428
21163 11.448696774193554
21195 8.201645500848892
28149 10.23005161290322
29083 11.68089086021505
29195 11.962342338709684
37077 9.046390322580649
39001 10.610303763440864
48221 11.431051612903232
48293 11.98286088709677
50007 10.24451170506911
53025 11.077659475806442
1001 10.565681182795698
13233 9.416975576036863
13307 9.252672580645159
17011 13.58598419354838
18089 14.878591094568463
18129 11.48829032258065
30087 5.817062096774193
37089 8.195517323775379
37129 7.358813782991192
38043 6.790912903225805
39157 12.162581105990784
42045 15.117543010752659
48397 13.211659237536656
54039 8.997369202678026
9009 12.763932633555228
12127 6.144640051384542
17151 10.711325806451608
18165 13.00523741935484
20179 7.891235483870967
22105 8.492817903225804
24031 12.353773293323279
31163 7.766945161290321
40003 9.66409892473118
46081 5.7916477419354875
48075 8.085140322580646
48187 12.604851946607338
48401 11.28193151364766
49023 11.108632258064514
55053 11.658840645161286
6057 12.816571612903225
12003 7.368377419354836
17101 12.231953548387088
17153 10.954906451612901
20079 12.179308602150531
22059 9.790503225806452
26137 8.777403763440862
36099 11.853799354838703
36103 11.140066529753598
37045 9.464462609970672
40089 11.075646370967737
41013 10.953811129032257
47033 10.5158864516129
47123 9.305197235023037
48031 10.180469354838706
48183 11.459725032258055
5025 10.424879032258064
51161 8.01484283154122
53013 8.600464516129032
53065 8.161749731182798
55079 12.422782382969519
55117 10.86673957816376
6045 9.556388870967746
12005 8.48124501125282
17177 13.343554342431776
24011 10.527489964157708
40085 11.593931182795698
42121 11.785010887096794
48375 8.443606641366225
51003 8.20581407624634
51031 8.55295349462365
6003 8.334438709677421
1049 10.353378801843322
1123 9.520715806451623
16037 5.683110645161291
17133 12.174308602150528
19157 12.701839354838713
20203 8.019596774193547
22067 10.310359677419347
26071 8.45031935483871
31065 7.891712903225805
36025 10.057850000000004
39109 13.726696159754244
4021 7.9921178924731135
41029 15.128485523210069
42129 11.26504683870968
48433 8.212532258064515
56035 6.490420967741935
2122 10.089063527521903
13139 9.487938530465959
17189 11.471767741935489
18059 14.216195483870973
18079 12.894247311827959
21101 11.731947507331379
21145 11.081058633776093
29127 12.5221879032258
29151 11.594482258064515
40041 11.28519856630824
13085 9.078210752688172
18013 13.225196774193547
18093 12.877936129032255
20169 10.835486290322576
21031 10.609929032258071
27137 10.401010997067461
31165 5.391351612903225
36031 8.992269727047136
37055 6.774542293906805
37179 9.668480015735645
48447 8.735929032258067
49039 9.09338
5125 11.307067127496166
