8.646037333333327 17039
8.812819166666667 18135
7.053795555555555 20013
8.200726944444439 26023
6.769120606060604 26035
7.663633333333335 26155
6.584984074074074 31001
7.303003333333334 32029
7.756158425925917 37001
8.567361333333332 39159
4.157163333333334 46063
8.937374035087712 47011
8.11343769230769 47073
6.207147777777778 51009
9.7363190909091 13047
9.171176666666666 13249
8.410509259259259 17157
8.275472380952381 22093
7.968316190476189 28133
5.956316666666667 31063
5.2389577777777765 38057
9.231202592592595 39161
6.878135000000003 40033
7.337439999999999 47049
7.3012241827757025 2275
11.796622222222222 16045
8.438613148148152 17001
8.878474912280707 18085
7.0235719047619085 21133
8.4733575 21219
8.539715833333332 29207
5.907785151515149 36117
7.004556666666665 37121
5.733386666666669 48173
7.308028055555562 55135
6.883104 16039
9.150425 17175
6.22091210526316 24045
7.771359444444443 28091
7.226936666666665 29227
6.422959999999999 31135
6.892477916666664 34033
7.030911159420303 34041
5.056271372549018 36077
5.6499073913043505 36109
13.52950803921568 41071
6.565419069767444 48061
6.501122999999998 48265
5.762264166666666 48399
6.812350000000001 12065
4.9021368421052625 12119
10.097057179487162 13217
7.598123999999999 21207
6.764145714285717 22011
9.423116666666663 22113
7.517290000000001 28015
4.31649 30055
5.450172023809524 36089
6.4996433333333306 37103
7.754418888888886 39127
5.883959259259257 42035
6.9559894047618975 9003
6.161557708333337 10001
9.975137333333345 13015
10.442954666666683 13067
7.463623571428572 13179
8.559497441860458 17019
8.838816250000004 17107
9.10311833333333 18023
7.67921722222222 21137
7.879386666666666 21187
7.734644166666668 29167
5.46595 31071
6.181368888888888 31145
4.58362 38025
4.682593333333333 46117
6.970943725490195 47019
7.224930833333334 48255
5.618953333333333 48383
7.637135000000001 5017
10.618166969696972 6069
7.3012241827757025 2070
8.119488888888885 13279
7.154575555555554 13281
6.870218333333334 21115
7.256645833333334 22039
8.45681933333333 28101
7.2620661111111104 37115
6.2772774999999985 46035
4.873361666666667 46123
3.8639166666666696 8067
8.38741104166667 27035
7.727737083333333 27115
7.915459935897445 31055
8.507306444444446 45055
5.483287499999998 54075
7.3012241827757025 2110
8.999571666666666 13197
8.689623333333333 18045
6.845348333333332 20117
6.767199333333333 21175
7.541478974358974 26157
8.687947 27047
7.532994444444443 28097
5.320121133333332 30081
4.607241000000001 32023
9.198364000000014 37159
7.671529555555551 39009
6.455315294117647 42013
7.20099 46127
7.890966049382723 47113
6.2380552380952405 48219
7.722006666666666 51685
3.7224988888888877 8019
8.982021904761904 13285
7.2506166666666685 22117
7.318830000000001 27167
4.351486666666667 30025
7.927698966131893 37183
7.464115555555554 40099
4.56845 46055
7.796357948717953 48347
7.792514242424242 5115
6.735991666666667 54065
4.071410000000001 8047
8.638948666666666 17045
7.601294666666664 21045
6.021808571428574 26009
7.308970000000002 29129
5.74406 48083
7.141634166666667 51520
10.216824135802453 53035
7.201239558823522 8013
6.170509999999999 16071
8.404633333333333 21105
7.613234444444447 29011
3.8569100000000005 30107
7.330524444444444 39029
7.297320555555556 40091
6.850952222222222 42057
8.148434444444446 47007
5.728750000000001 48045
5.743245999999993 50017
4.605943333333333 56027
14.801849455782332 6075
9.616429500000008 13113
8.644068333333333 13165
8.862766666666666 13259
8.787000370370375 18055
6.697165083333333 23031
7.6480225 29181
7.849331111111111 29205
6.959417128205127 36087
8.877155714285713 37059
8.846041666666668 45037
5.726149999999999 46003
7.964734444444437 48245
7.018030000000002 54035
5.214305555555557 56041
9.71291888888889 13169
8.383795 19055
6.090643333333334 23027
7.321610192307701 24003
7.878795 28125
7.893077777777781 29137
4.05232222222222 30067
4.958918749999999 36095
7.37400222222222 37033
9.271094193548395 37035
7.363958127853873 39093
6.89522666666667 48249
6.834216190476188 51149
7.142631666666669 51640
4.263994285714288 8043
9.278065 13141
9.850772499999998 13221
8.144671515151513 13275
8.77893888888889 17047
6.840701666666667 20115
7.378110833333334 21069
6.007555555555557 26101
8.452969583333337 27097
7.815276190476192 28003
7.4965255555555546 29085
4.582882000000001 30003
7.833299534883716 31153
7.669393030303032 37061
7.1838479999999985 40023
5.2654733333333334 46069
5.072652222222221 49047
5.638788 50019
8.127381319444469 6089
8.917948888888887 13263
5.574748666666669 26097
8.15972484848484 28033
8.028746000000002 29053
7.544988000000002 29117
5.853861111111112 37143
6.280027499999994 42051
8.46035466666666 47107
8.692725714285718 47165
5.9709838095238075 48135
6.993526190476184 51069
8.205807777777778 1075
8.201781666666667 13287
5.394581249999999 23021
5.872277499999995 31111
9.150575277777778 39037
9.146044429429438 39061
7.644793703703704 47029
5.904894444444445 48429
6.811692156862744 51061
4.385648148148155 56025
8.944297297277418 6065
5.337074444444443 12075
9.257640000000002 13143
8.795911200000004 21037
8.311084166666665 21061
8.562329444444444 21141
8.382601111111107 22109
9.212265845896164 29189
6.688826 37131
7.293302500000005 39111
6.971232499999994 40073
6.0771933333333354 48127
7.73705 5073
11.94253866666667 53001
8.131977777777779 55049
10.217701111111111 13195
9.143256111111114 13227
7.249756666666664 16079
8.491068333333333 17059
7.158625555555555 19121
6.972588888888889 21129
7.56138857142857 21199
7.862099259259256 27041
6.641603333333334 31059
5.916875151515149 31157
4.523668541666668 35035
6.299375 38099
6.125066666666667 48421
6.228234999999999 51005
7.298272222222219 5113
5.529931964285719 12001
7.878153333333333 13001
9.02896376906318 17097
8.95889666666667 17185
7.439371666666668 19181
5.874801904761905 24039
7.265643725490196 25025
9.036415 27157
8.055087619047619 29009
9.4454770754717 29510
7.5471300952381 39099
4.582907246376813 46103
5.435963333333334 48137
7.648804666666671 5027
9.616456249999993 53015
6.629240944444444 55075
9.13625233333333 18011
9.413892592592598 39107
7.699605666666667 48021
5.749653333333333 48087
7.987539803921582 5031
7.119451519607852 12073
8.27017533333333 17149
9.330024871794862 18057
7.529238148148149 21013
8.773436016260163 21117
8.215487536231873 22057
4.030083333333334 30069
5.05473 31113
4.665499999999999 35019
5.286339743589746 38101
7.515655555555554 45029
8.510183333333332 47057
8.02930111111112 55089
9.593359047619044 6063
5.717699282051271 8041
8.050734 13099
8.592919999999996 17027
8.436036666666666 19065
7.918089999999998 19147
6.113323333333332 20141
6.48187417721519 36071
6.920132966360876 36085
5.368816666666667 38029
6.675698333333328 39085
7.413347777777776 40087
6.639832000000003 40117
7.35560625000001 42097
5.814175925925927 50027
8.781962083333335 13213
9.099922499999996 18159
7.030671666666667 20003
7.958980401234558 26099
3.9348366666666665 30097
8.279600000000002 39047
6.479893333333334 40139
5.581629999999995 42015
7.825636444444445 47059
7.490274444444447 47069
9.085278749999997 55093
7.3012241827757025 15005
8.868871111111112 1011
10.500747555555561 13059
8.962237000000002 17093
6.142311176470594 23025
4.898146666666661 30013
6.951782777777784 40047
7.826171999999997 45049
9.153191011904783 47093
7.151293333333333 48057
7.899572102564098 51107
6.376954444444444 54085
8.087271666666668 1023
6.428923636363638 24035
6.646184444444444 26133
6.310723749999998 54055
9.71456925925926 13129
8.992442222222227 17103
8.839176 17159
9.175699682539689 18063
8.66276956140351 19013
7.4234044444444445 19093
7.762647254901962 27111
8.621405098039215 37027
4.824233333333335 38085
8.827822500000005 39135
7.336698666666663 48089
6.701607777777781 48193
7.3012241827757025 2220
8.715761666666669 17023
7.5954883333333365 19149
8.429023333333333 27043
8.501370952380949 27085
6.693053333333332 31095
8.092149629629631 39071
7.695372000000001 39145
5.341631666666667 42023
6.599351999999997 46135
7.643235000000004 48321
6.654593333333334 51007
11.912404807692278 53011
8.531109689922491 55133
4.6559266666666685 6051
10.18295356902358 6097
5.547529999999999 8061
8.640208703703706 18039
9.153327833333336 18067
7.887115999999998 19059
6.094468333333333 20065
6.464133333333335 20119
7.961467772585671 24005
7.569971428571431 27017
8.719672380952378 27103
6.162809333333335 32019
4.546363333333333 38001
8.991507676767664 39003
7.735015714285712 39053
6.944020833333331 40107
5.7204066666666655 46073
4.1604 49041
7.260388385416647 49049
6.471861111111108 51036
6.306026666666666 54017
8.726976754385971 55105
9.395179954337893 1089
8.616195833333334 13273
8.393617333333337 17061
6.743216666666667 20197
9.473095948717955 37071
6.898261904761905 46029
8.381223333333335 47127
7.686842301587299 48041
7.16375444444444 48285
5.7594344444444445 48307
7.538226 5019
7.634805714285716 53031
5.688515714285711 54067
8.508088577777794 18141
8.242032857142854 21085
8.194256666666668 21215
7.827900555555554 27105
8.040607333333334 29219
5.8691877777777774 30089
5.517336315789472 33009
5.456118333333336 37137
5.941626666666666 38095
8.16458708333333 39089
6.855232456140353 42005
8.600626190476184 47147
7.585220303030298 48217
7.99676280898876 48491
7.263843333333335 5129
7.51642 5141
8.275089999999999 13037
4.573884444444446 30085
4.978076666666667 31009
6.474423333333334 31139
5.655903333333333 36123
8.178264565826339 37081
4.6180491666666645 38089
7.294333333333335 40061
6.547966666666662 41061
6.725471111111113 42037
4.7298816666666665 46121
6.947409999999999 46125
8.200131851851845 47021
7.709760833333336 47087
8.00251791666667 48097
7.972558771929817 48231
5.610923333333335 48431
7.532007701149436 54011
6.630976666666667 54103
7.3012241827757025 2185
5.681243333333335 12041
4.873430000000001 12115
7.238124444444446 19009
6.112229999999999 20153
5.9176183333333325 31175
5.8340450877193 36011
8.2547630952381 37193
4.788169047619047 38105
6.115660454545454 54033
8.929970370370365 6005
9.588348717948719 1115
8.703878888888891 17085
6.754946666666667 20111
7.120554999999998 21197
7.88384083333333 27033
6.989220000000005 27061
7.670124000000004 27117
8.16565611111111 27129
8.037334444444447 28019
7.6811099999999985 28039
8.39055777777778 28103
9.30833333333333 37109
8.269256881720423 37155
7.911265454545455 39005
8.536945681818175 39023
6.767755555555556 48237
7.809509824561404 48367
6.105870256410259 49043
6.403236666666669 54031
6.147989523809523 56005
8.261536818181805 1077
4.7966351492537225 12101
7.415029530516432 13051
8.820731999999996 18029
8.942227333333333 18153
6.21169 20199
5.7467108333333305 24047
8.269211851851862 28095
8.780652345679014 28121
7.355874236947771 34017
7.18444638888889 37069
5.782129122807022 38015
7.7441008333333325 40095
7.898685555555556 47015
7.703657111111116 47141
6.790450370370366 51083
7.626216666666665 5117
11.507138758169955 6007
9.14867133333334 13053
8.654632916666664 19017
6.446770000000001 20049
7.607577333333335 22027
6.511443333333334 22125
8.254802499999998 27015
8.087307777777779 27159
9.199573137254905 27171
8.064103333333334 28077
8.300553809523805 28099
7.752955555555558 29041
4.465482499999999 30005
8.117674074074076 37125
7.734621578947369 39119
8.193541666666667 45027
7.676063333333332 48477
8.645612575757584 55101
7.068330645161284 6025
8.565648333333332 1041
8.521757555555558 1047
8.584353333333334 17199
7.0018701010101045 22079
8.285479298245617 28081
7.695632222222222 29125
8.293792662559884 32003
6.560236000000001 37141
6.677209444444448 42087
7.497030434027786 42101
6.179544444444446 48357
6.560971666666665 51135
7.296986388888888 55031
9.122250666666664 1051
5.074389629629628 12017
8.289996666666667 17069
6.1346566666666655 20163
6.871985000000004 31097
6.111914646464648 35045
6.189244999999998 40149
7.715319696969691 48481
7.3012241827757025 2100
9.789390333333328 1055
9.919610740740751 13117
8.062676666666666 13155
8.875409999999997 18111
7.93443305555556 19187
6.499433333333335 27135
4.6431933333333335 30019
5.592525000000001 37029
7.160272307692307 37189
5.990516666666667 38027
7.74501555555556 47155
8.047298868778293 47157
5.943600000000002 48151
5.910556190476191 48179
5.558176666666666 48235
6.476633333333334 48333
7.237661111111115 48405
6.386750833333333 51093
6.7757249999999996 51197
3.7777849999999997 8055
7.927435555555555 13271
8.422611111111115 17173
9.311959555555566 17179
8.76878766666666 18113
7.910745641025623 26115
7.4619149999999985 37079
6.918005666666668 37181
8.318917037037036 39027
6.304614444444442 40093
4.995955 46129
3.993016666666666 48229
12.225098196078395 6061
8.11036899441341 11001
4.851249607843136 12107
9.502003916666679 17161
9.180974333333333 18145
6.875716346515994 22071
6.989551825396831 26121
4.709416666666667 35011
5.792963148148146 35025
6.306488888888889 46115
7.572204691358027 55073
7.3012241827757025 2230
6.650558333333335 20201
9.196827272727269 22099
5.9246533333333335 27075
7.177076666666667 27107
6.808005555555557 28005
4.8230933333333335 31091
6.160778601398586 34025
3.881543333333333 35027
7.824267272727261 37171
7.345407499999995 40079
6.971735833333331 47171
8.169748229166665 5143
9.066360641025641 18019
6.664276666666665 20101
8.256959333333336 22121
8.8964803030303 27099
3.9580499999999996 30037
5.152333333333333 31005
6.543796666666667 31169
8.409650089285703 32031
7.617287878787877 45089
5.501853333333332 48413
7.15371444444444 5127
11.16956028488372 53053
20.82854469011721 6019
7.5750988809523845 6093
9.3276515942029 13153
8.630234583333337 18087
7.485921999999999 19129
7.597628888888888 21089
6.360158333333334 51049
5.133003333333336 8073
6.926459523809534 20161
8.509457777777778 21007
8.084967500000001 21123
8.481621904761907 28087
7.064589411764709 34035
4.621782499999999 35028
5.891926666666667 51125
6.678436666666667 51595
6.841200370370365 54069
7.091696933333337 12113
8.155293333333335 13315
7.935394 21005
8.178053333333338 21041
7.6571316666666664 28009
6.232750294117648 34011
3.848094999999998 35055
8.583192051282047 39063
4.79983 46007
6.721266666666665 48311
7.374563333333333 5011
6.242112142857145 51199
6.540774761904767 55003
7.517065555555559 13183
10.223200666666662 13247
8.51221866666666 17041
8.821072222222218 17057
6.960940370370372 26051
7.215615555555549 31053
5.6275806060606035 33003
4.546751666666667 36041
9.084059523809527 37003
9.186978333333322 39017
7.639105333333333 47161
7.964235555555574 48091
5.714062500000003 49051
7.479763333333332 51105
8.321628000000004 55063
8.057472857142859 55123
4.975553333333332 56045
6.830618750000001 16011
8.633428148148157 17075
7.369393333333337 20125
6.94548909090909 26107
6.5099800000000005 31099
6.078088809523802 36083
7.827689743589742 39077
8.51929925925926 39171
7.042384545454549 40137
7.514966666666665 47083
8.568578916194065 48113
6.16104 48261
7.177946666666666 5065
7.58418222222222 5095
5.6491 51091
9.718741999999994 6011
6.397195 8095
8.459434444444444 18025
6.607440000000004 20035
8.658892222222223 21107
7.509211111111112 29055
6.015682222222217 33001
9.183002727272731 39011
7.497313371428574 40143
6.073939999999999 48065
6.435073703703701 48189
6.444808 51175
8.624522000000002 1107
4.46836 12043
9.495094074074071 13009
9.086351260162594 17089
7.683455 19025
7.120895555555553 21051
4.5323344444444436 30021
4.978797833333333 30077
7.067609333333338 31131
6.253167999999999 38067
6.672896666666669 41023
7.859428333333332 48315
7.796788888888884 5107
5.777593333333334 51159
6.3048633333333335 55037
8.687432592592593 8014
8.008127777777778 13161
9.266969166666664 13193
7.138575333333335 19029
8.304327777777777 21027
8.493381666666663 27143
7.917533859649121 28151
7.158946666666668 29005
6.062973333333333 31003
6.283623008130078 34037
6.102592018779338 42049
8.440994444444444 45005
8.176938999999997 47131
7.372106666666663 51153
6.184666666666668 54013
11.737418158343822 6037
9.738301194968555 6079
7.927126666666664 13075
9.271261666666666 13289
8.78646033333333 17063
6.284406666666667 20187
9.150564285714289 27139
7.797009999999995 27151
8.135544166666667 28023
8.766964166666664 29031
7.443655555555555 29211
5.014060000000001 30051
4.867345 32007
6.113885384615383 42065
5.5299886363636395 44005
7.76393 47175
4.3116946913580305 12055
7.772955555555556 13005
9.580112666666668 13207
8.997567499999995 13261
8.392455000000002 17013
8.293695000000003 19083
6.918642666666665 22043
5.9571207407407405 23007
8.088330000000001 27153
7.675644666666669 28051
7.381721666666669 29171
7.565980833333336 29225
6.01111 31087
8.226381481481482 37093
8.75864923076923 37167
5.179053333333333 42105
7.3673485714285745 48161
6.857008000000005 51145
6.365721666666665 51620
3.6516733333333335 8057
6.084077777777778 16031
9.033868589743593 17111
9.074262500000003 17131
9.181913223684198 17197
8.944568468468466 18157
7.140494444444446 22107
7.1979830303030266 26123
8.770505000000004 27013
7.307346666666668 27087
7.798399583333337 28083
6.4985033333333355 37075
7.372570606060605 38017
4.984618592592589 4012
6.884924999999998 49029
6.667029999999999 54009
5.953978888888888 8063
9.117416166666668 18043
8.670498888888886 19115
6.269921666666668 20039
8.424061212121206 21093
10.030269555555549 22045
4.822762666666663 25019
7.982563809523811 29007
7.066409999999999 31127
6.887633333333334 31133
6.838755933333341 34027
5.515995000000001 35057
5.829807500000003 38005
6.139340000000001 38039
7.477189333333334 47085
7.57729833333333 48313
5.573973333333334 50013
7.6590722222222185 55119
4.218140476190475 8029
8.548151666666667 1065
8.522633787878778 1069
4.040020095238091 12085
9.262117999999997 13303
5.019816666666666 16033
5.223056666666665 16085
9.099107333333334 17123
7.166208333333334 21065
7.845875000000001 29175
6.922199999999998 37039
7.472379999999998 39167
7.461214583333335 42107
5.592433333333332 46089
8.035225833333335 47061
8.105897878787884 47183
6.699139999999997 48163
4.210382916666665 49021
5.574406666666666 49033
8.190942350877195 5119
9.420303333333331 53069
6.530492 55007
7.3012241827757025 2020
8.544241111111102 18117
8.56438597222221 19103
6.872869999999997 20069
8.340355743589756 20091
8.617769365079361 28089
9.250305585585584 37025
6.2891451612903175 37133
13.14436349206349 41043
5.720196666666664 42113
7.713112222222222 5099
6.947589999999999 55099
8.581852916666666 55121
8.624602480620151 6017
6.153619933333332 6105
7.3012241827757025 2060
7.520526190476184 13029
8.66197857142857 18041
6.30169 20075
7.878337777777781 28155
5.174628484848483 33007
5.474553333333334 38059
9.661399166666662 41045
7.486091568627446 48005
5.549726666666668 48095
5.370156666666668 48111
5.658313333333333 48263
7.1758155555555545 5097
11.681008349206353 53063
9.265637666666663 13077
8.520710999999999 17137
9.117451666666666 18073
8.233134166666666 19095
6.695976666666668 21063
4.11811 32009
5.669270666666666 36107
5.907796666666666 37041
8.464958333333337 39101
5.1784333333333326 46021
7.706475757575755 47099
7.839061908396939 26049
7.648434000000002 28043
5.0761216666666655 31161
3.855759999999999 32015
5.69425276190476 36013
8.161943095238087 39045
7.687810380952377 39133
7.024949999999999 46077
8.191749333333332 51600
8.418075999999994 55055
4.630521111111111 56043
4.467560000000001 16023
8.171434444444442 21143
7.778450666666668 29141
8.537315333333332 29165
4.85317211111111 30043
8.412746111111115 37007
7.699048690476192 37135
7.699516984126979 37157
7.838168095238094 39073
5.577946666666667 46049
7.779650666666668 48471
7.878694666666669 5057
6.6637322222222215 51081
6.439283999999997 51183
15.586564679487223 6013
7.795242857142859 6015
11.200764166666675 6055
8.400693888888888 1067
8.297721666666664 1119
7.164023333333335 19159
7.7612306666666635 21217
6.725174166666677 22115
8.587733499999993 45075
8.688314841849168 48121
6.935109166666668 48351
6.215964666666664 48463
7.734574666666669 5015
3.3087866666666668 8111
8.895639074074058 1127
7.793793999999998 1129
4.727491929824569 12015
8.283895 13283
5.947029333333332 16049
7.77094666666667 16053
8.709294444444444 18007
9.30893472222222 19045
8.291856666666668 21075
6.355352592592594 23015
7.908150588235298 29071
5.584839200000001 35049
7.082691499999999 39013
7.718357291666659 39087
7.389937499999996 40105
8.740965000000005 41007
7.758029215686276 47119
8.508625714285712 53045
8.402877450980405 53073
6.366976000000003 54027
4.644916666666666 56011
3.4619346666666653 8117
9.485844999999994 13073
7.9482738095238155 13087
9.496970555555556 13225
7.429361111111111 20043
7.802755333333333 21097
7.022623921568628 22063
5.576132222222223 26003
7.355055555555556 28021
8.050058055555558 29145
4.848001666666667 30031
7.517707999999999 40035
7.463880434782619 47179
7.839297083333335 48055
7.94065111111111 48063
7.460828787878785 48199
6.637857619047616 51167
6.643507777777778 54095
8.375494166666664 55043
13.11006047619047 6101
5.414054222222224 12019
10.414545000000004 13219
8.493153333333332 17169
6.970247777777777 20131
7.5765866666666675 21057
7.9799766666666665 28053
7.5130177777777725 29217
8.663167777777781 47089
7.407064285714286 48331
7.945921666666667 48449
7.1839311111111135 5137
6.878494782608689 51770
7.454401897435909 10003
8.264710000000003 19043
9.110257777777777 21149
7.7263420000000025 22065
6.491480095238093 26109
6.075363333333335 31101
6.298749569892459 36059
7.14988888888889 37005
6.93244533333333 37199
6.110677956989247 42027
5.589621515151516 42115
9.39067294117646 45059
5.4216533333333325 48435
4.147703333333334 49001
7.2987777777777785 5005
7.960534374999993 5085
7.501902903225807 1003
4.190929262536876 12009
9.933971631205669 13245
8.782306 18047
7.350833333333335 20087
6.35543 20109
7.720853152173906 22033
5.903116666666665 22075
8.013718684210525 24013
8.01048366120219 24021
6.9572019444444475 26063
7.541226666666666 28131
7.888957272727276 29159
5.091995333333335 30023
3.709846666666666 30045
4.969005 31045
5.752665585585587 36065
7.144042380952379 37175
5.309823333333333 38083
5.89629 40009
10.475255 41049
5.555886666666666 48443
7.351981333333332 5043
7.613999047619051 51683
6.049044444444443 54015
7.687925777777771 6023
9.382628636363624 1121
9.197788148148158 17203
7.249557499999998 19165
5.748201764705879 32005
6.1061061111111155 35009
5.24153 38075
6.193814666666666 40039
4.694855769841274 4025
12.102988749999993 41033
8.826277777777781 45017
8.596884074074081 47001
6.2995046666666665 48279
5.602640833333335 12089
9.97289493333333 13151
6.13282 20023
7.714460163934435 26093
7.9051575 29139
5.467282280701755 36043
8.59504808333335 39025
8.547753333333334 45039
7.035281666666667 46039
7.051885999999998 48281
5.667338888888891 51103
5.993435000000001 54021
6.613605185185183 54045
7.53885857142857 55001
3.6304880952380945 8037
9.268560000000008 1125
6.5096925000000025 12129
8.910162222222223 13167
8.566575333333335 13177
7.1824173333333325 13185
7.9995449999999995 13309
5.447238333333333 16029
7.626723129251696 19153
6.287075000000001 20145
8.750233333333338 21091
8.136656111111124 22001
5.084152702702704 37031
4.3637733333333335 38011
6.891942222222224 46027
8.243876666666665 47153
8.03003807692308 48181
5.793672500000002 51119
6.289817843137255 51650
4.9099753666666635 53047
7.848847400000001 53059
5.965605 16003
8.10103 16073
8.571888095238101 17077
7.650382222222219 29123
6.9015241666666665 40103
6.462527681159418 42063
6.445082222222224 46067
7.899248333333335 47067
7.02575476190476 48025
5.794966666666666 48393
7.4798426666666655 48455
8.410587619047618 53049
5.9014661904761905 54025
7.811467727272719 26037
7.980238678500976 26125
4.632136666666667 38053
8.682521666666661 39049
7.236712666666664 39067
9.42713088435373 42071
9.531883333333356 45003
5.933036666666666 46043
4.877708888888889 53019
7.922298333333336 55019
9.340203333333337 1029
8.340197777777776 1105
7.408497692307691 19193
6.15693 20137
7.154047777777778 21109
7.386288205128206 21125
6.810771333333335 21127
7.587306410256414 26017
5.053076666666666 32027
5.8706745390071005 36111
7.700244999999998 37017
7.619119444444445 39105
5.751508571428567 42131
8.368436868686874 45041
5.690746666666666 48385
6.266800000000001 51550
6.837089999999998 54043
5.037700641025644 12081
6.990704019047627 34023
5.699206444444439 36035
5.989345490196074 36115
6.632072499999998 38097
7.932918333333332 39131
7.143480370370371 40133
7.39791458333333 42109
6.78625 46097
6.081540987654319 48329
6.219348851851856 55029
4.912171666666665 56023
7.184523333333335 6049
5.281623333333333 8039
6.056050410256409 9011
7.3012241827757025 2013
8.837198888888885 1111
7.307787575757574 12131
7.821084444444443 20021
6.159856666666668 20047
7.600606111111107 26005
8.21180666666667 28065
8.082963333333337 29037
8.690577370184247 29095
9.398929230769223 45021
7.727042083333333 47017
7.390220303030309 48167
7.632734444444446 5037
5.567539999999998 51133
9.54852185185185 1081
6.2403933333333335 12045
7.932126666666663 13201
6.236401666666667 20135
7.6920355555555515 28093
7.0494555555555545 31147
7.901942083333336 39075
7.80631518518519 47177
7.309260000000005 48325
8.71222291666668 8031
5.581646666666665 8099
8.39456666666667 1061
8.403830952380952 27095
7.753291666666666 29025
8.314173333333335 29157
5.052673333333333 31149
5.43714 38049
6.43263 41025
6.928223333333334 46087
6.718419999999998 48077
7.464167843137256 48213
7.497730000000003 5053
7.024224888888885 55067
8.378700666666667 1057
4.782177500000004 12109
12.313198531073441 16001
8.547916666666664 17029
8.422192666666666 19191
6.612875555555556 20095
6.489081666666666 26113
8.179179803921574 28035
7.670175000000001 29063
4.626666666666666 30075
6.731431666666668 31151
6.788125426356586 33011
7.217463734567916 34039
5.899459928571435 36067
6.469372592592595 51173
13.776462682926809 6113
9.337391374570435 8001
4.048230333333334 8085
7.3012241827757025 15001
8.47211166666667 18115
6.647895000000001 20189
8.670489952380935 20209
7.2290317190775815 25017
7.56022871794871 27027
6.908903333333332 28063
8.693843560606062 29047
6.71555625 40015
11.135008235294118 41041
8.33759962962963 47003
7.575275000000001 5079
8.555103749999999 55045
7.790840666666665 55107
8.401036666666673 13081
8.88230071428571 17099
7.614390833333332 19035
7.681779523809524 21001
7.701731212121209 22119
6.414249999999998 28157
7.618766666666664 29003
4.896793999999999 30039
6.468320000000001 48283
4.014088333333334 48377
6.020989999999999 51097
6.26116083333333 51101
5.329224444444445 51131
6.220464999999999 51181
12.993744157706157 6085
4.980020301204813 12071
10.559530183908034 13089
7.610490333333331 13103
8.942066666666667 13199
12.69296500000001 16075
7.731799999999998 19177
7.3703505555555555 22077
6.341768666666666 26001
9.507150066666668 27163
8.163706666666668 27165
8.0778375 29135
4.962104444444441 30101
5.966336666666665 51193
8.03697875 1093
9.214483333333337 16057
8.893527222222223 17015
8.820262592592591 18069
7.093880000000002 19003
7.831676666666666 19119
8.43532666666667 19183
7.217996666666666 20107
7.098558888888887 21131
6.105516041666666 26055
4.567570555555558 30017
7.6045894444444455 5071
7.161555169082134 8059
5.0695201826483975 12021
8.213873703703706 13277
9.257268666666668 18147
6.632768333333335 20143
6.169283333333336 20183
8.211908333333334 28017
8.474853888888886 28123
6.052919166666668 48487
7.160294000000002 51570
4.0523572727272725 8045
9.195637222222228 13033
8.734237777777773 13093
8.625810666666666 17191
8.708406060606059 19057
7.571206250000001 19125
6.558500952380953 26127
8.836858333333327 28049
7.9496044444444465 28143
8.011444242424242 29097
6.650988333333332 31143
7.3068800000000005 47101
6.218280000000002 51011
6.458393333333334 51037
7.015378571428574 51670
5.8536591666666675 54091
7.506087499999999 19073
6.419849166666667 27089
6.841278333333334 31159
6.857736432486297 36081
8.351922142857141 39147
6.972491111111113 40067
8.350281666666662 45025
7.669541212121206 47013
6.443935555555557 48069
9.215203333333331 53043
8.396792222222222 17121
6.953514000000002 20139
8.599542187499994 22017
6.984989753086418 25009
7.753857499999997 28139
7.117102729658791 34007
5.874238644067798 42069
8.664184444444444 47121
6.270401555555555 48427
7.818131111111109 5061
8.656474166666667 53055
4.264285833333334 16013
9.371699487179487 17073
7.473616666666668 21231
7.993461333333333 28057
3.764283333333333 32011
5.283576444444443 35029
9.00288533333333 39125
8.07693607142858 55131
7.596354074074073 1053
7.356525833333334 13229
5.365839999999999 16059
8.384974444444447 19069
8.086171388888886 26059
5.119866666666669 31007
7.412712592592592 40021
5.884398333333333 40059
7.507724666666668 47005
7.1493416666666665 48175
8.042490000000003 48203
8.020149642857145 48251
3.8404250000000006 56019
7.3012241827757025 15003
8.378201666666671 17171
9.173809999999998 18037
6.520463333333333 20017
6.684843333333334 20077
7.785921428571428 21021
7.646423333333334 29061
6.008796666666668 31085
5.843619583333333 36057
7.631256000000006 40001
5.352543333333333 48359
6.958961111111113 48403
6.012027916666669 51073
6.3997160000000015 51820
16.421623046357634 6029
9.817098453477891 6071
9.038125666666666 18103
9.474067278911551 18163
7.278522666666667 20133
8.145790666666665 21103
7.838103333333332 21191
7.410324999999998 21203
8.003856 28137
8.14235111111111 29155
8.157442222222222 29173
4.428258888888888 35039
7.875938378378385 39103
13.044378205128208 41011
7.397579047619042 47133
6.505745000000001 48047
4.797597499999998 48371
7.017881999999999 48457
6.466943333333331 51079
6.3956366666666655 51127
9.098962962962965 1017
9.826881111111113 13159
8.599814999999998 18175
6.280115555555555 20051
6.996066666666669 20171
7.874079506172834 26065
6.505804333333335 26143
5.414522500000001 30047
6.570216296296298 31119
5.819477198067626 34001
8.501301904761904 45061
5.78568166666667 48335
5.217097777777777 48475
8.605191481481468 19113
8.06794 27057
7.530323333333333 28147
7.822109696969697 29187
5.365601733333334 36045
6.424936000000011 36091
8.74828647058824 37057
6.812339166666665 37083
4.481576666666668 38041
8.033730438596487 42077
9.035776428571427 45047
7.763822500000002 47041
7.82142 48119
7.982022222222222 48365
7.542723333333334 48387
4.225488333333334 49019
7.024173333333336 51043
6.242637037037042 54049
6.973661566666665 55083
5.655506666666667 8017
8.736831999999998 17105
7.94462238095238 19123
8.590024444444442 19195
6.796487222222221 20041
8.206640000000002 39117
8.178189777777781 39143
6.207557301587304 42111
8.806636904761909 45057
8.636582898550731 45085
6.337224166666666 46013
8.74972962962963 1005
7.725044444444444 13003
8.746166666666669 13239
7.9213055 19169
6.915482000000002 22003
8.227405277777779 27067
6.447561666666666 27077
8.354461666666664 28061
8.506361428571422 37165
4.570871111111111 49027
6.802972666666666 51775
7.3012241827757025 2188
7.3012241827757025 15009
8.520029999999997 17127
8.477918333333333 19019
6.90978857142857 21043
7.971184285714284 22031
5.058416666666668 31117
7.026154912280699 34005
7.239014198623387 36005
7.601477272727275 40145
7.199911282051278 40147
4.87305843410853 4015
11.134730000000001 41017
8.844800666666666 55011
8.064234444444445 55013
4.88377 8011
7.0564566666666675 19001
6.553013333333334 20071
7.85826666666667 22111
8.086532666666672 28159
6.772045000000001 37185
6.225324444444443 40007
5.842591666666666 48295
7.1149983333333315 48391
6.243198333333334 48411
4.270423888888888 8119
6.670156781609204 9013
7.3012241827757025 2050
6.604645000000002 12077
8.29690666666667 13043
8.677997777777778 19131
7.26070611111111 19145
7.9121666666666695 20103
6.237428333333335 20181
8.442731333333331 28127
7.4580179166666625 29091
7.751883333333333 39115
9.118768576779004 45079
6.781395555555553 48299
5.919963333333333 51530
6.943480000000004 51660
8.102689999999999 13007
5.951615333333336 13039
9.650728888888892 13055
9.264579999999997 13269
6.02501 16077
8.486982727272725 19111
8.349516991869908 21067
9.117941989528795 21111
4.570776666666665 30071
8.042814242424244 37163
7.063466666666667 46057
6.900305925925921 48363
5.494895999999996 50005
6.521482857142862 51033
15.52075457407412 6001
4.310943809523808 8083
5.877034025157238 10005
8.600236428571423 1031
8.19285111111111 1091
9.690896059686338 17031
8.184859999999995 19197
8.482619444444445 29143
6.18768 31047
4.174050833333334 35051
5.71986406060606 36007
5.886919166666666 42033
4.382123333333333 46105
7.972755555555559 47117
6.000828888888887 48323
6.830946666666666 13025
9.699309523809523 13133
9.986338666666672 13147
6.449825 20123
5.734836666666665 24023
7.896921538461536 26067
7.8313880000000005 27007
8.793779333333333 27161
6.184296388888876 36055
7.225360878787875 55115
5.012623809523808 12051
8.216219333333338 19005
6.052999999999998 20025
7.635139999999995 20037
5.346169999999999 27031
7.182279504504502 31109
5.98123173333333 36069
5.550824 36097
5.112356666666666 37177
8.058558888888884 39015
6.123404166666663 40065
7.0565323076923026 40121
9.100876021505373 42075
7.407559999999999 5039
7.510084090909091 51760
7.504842888888894 54037
7.655120891666671 55087
4.930010804597706 8077
4.027039555555561 12087
9.445379722222247 17043
8.938430666666669 18139
8.87914888888889 19097
8.784724166666667 21233
5.2060012499999955 23003
5.7501211111111115 26089
7.812094166666671 27121
7.451582500000002 29229
7.096957777777774 31021
5.5106866666666665 38051
5.8578449999999975 38093
7.295349047619044 48149
8.27531204081632 5007
6.883118999999997 51067
5.269070476190476 54083
7.56317105691057 55139
3.404104666666668 8093
7.3012241827757025 2240
7.21470466666667 13241
9.016031666666677 18167
8.130543571428575 21209
7.5467553333333335 29115
5.157406274509804 35031
5.5234975 36023
7.4257530769230735 37047
6.530485999999999 47091
6.32621588477367 51710
6.162174444444444 51735
6.082644444444443 54063
10.172750666666667 13211
7.403189682539677 16019
9.204067727272722 18081
7.899950833333334 22073
7.683626725146194 24025
7.241013333333331 29203
7.192833333333322 34031
8.57117238095238 39065
6.735888888888889 51630
7.9638748148148135 55081
5.165586300000001 56013
7.967341333333332 13267
8.332566666666665 17051
9.07943897435898 27131
6.833216666666669 28037
4.31627 30011
4.154236666666666 30033
5.76467315 30063
7.043312820512822 34019
4.291902380952383 35006
6.918888333333334 37147
5.564721666666667 46059
6.169172777777778 48049
7.4138137681159435 48469
8.912386666666663 18021
6.359936666666666 20185
5.85527159420289 23019
8.087781200000009 26161
8.124083333333335 28069
8.090367500000003 28153
5.284606770833338 30111
5.066168333333334 40025
4.436474 4005
4.721256666666665 46071
6.068208888888887 48107
5.959666666666665 48275
4.516588888888887 49015
7.959334298245618 51510
6.8248375 53017
10.860799166666672 53071
7.7487895238095215 55057
6.796904583333327 8087
7.460948888888891 12039
6.8536591666666675 20149
9.729498333333334 22007
8.878516666666666 27059
7.138465999999996 45015
7.462707777777775 48177
7.128876666666667 48425
7.576376666666666 5013
8.492739999999998 1063
8.665917 17109
9.133932499999995 18125
6.636116666666669 20027
8.238676666666668 21033
7.825345999999998 21049
8.444422727272707 22015
7.273533589743588 22089
7.006984128205116 25021
7.65643083333332 26087
7.579924444444445 29169
8.69683740740741 37023
8.111487179487181 47125
5.686660740740739 50025
7.107511333333332 51840
5.042497301587301 12083
8.827035833333335 18009
8.857143888888892 18049
8.87628375 18053
7.8278042424242384 19179
7.23752777777778 29087
6.32314 31125
5.987953333333334 38031
7.747798666666663 47129
7.301825333333334 47151
7.657297450980393 55141
16.060512176870763 6047
5.557241111111112 16043
8.581949999999999 17067
7.2587647222222245 20055
4.72582 30015
5.58358041666667 36053
9.506832761087262 37119
6.127190064102563 42079
7.451106666666665 47081
5.5753433333333335 48327
6.396187333333335 48489
7.598784444444445 55047
7.108048000000002 55069
7.3660272222222245 55113
7.898234444444439 1025
9.220248333333332 13301
9.446877962962951 13313
9.17348818181819 18017
8.722224333333333 27169
7.786342500000001 28135
4.383558333333332 30065
6.541368888888891 31081
4.1505422222222235 35053
8.669635641025643 37161
6.60692608695652 42039
7.217573555555553 42085
7.232557500000003 48053
7.746935000000004 48419
3.1261300000000003 8053
6.986548888888889 16065
4.818596666666667 16081
8.631953333333332 17035
8.780299811320761 17167
6.993852222222224 20085
6.359426666666667 20105
6.899648333333332 21237
8.167145156250006 26081
8.471535000000001 27093
8.412950666666669 28025
6.954065555555555 40077
5.452893333333334 48103
6.781895855855859 48485
4.868223333333337 49053
7.603515882716055 55009
8.025564583333331 29027
4.896846666666666 31075
6.309685757575751 37019
7.4255778554778376 42017
7.3012241827757025 2105
8.731597499999998 1085
8.751110000000006 18065
6.708126000000001 22029
7.994891428571433 28027
7.993489666666662 29023
7.2832838361266266 34003
6.919603666666667 45013
8.348521111111115 47051
8.08253066666666 5035
6.372274404761909 51800
7.854276666666663 55021
8.922041666666669 55091
6.821560416666668 20061
8.081055333333332 28079
7.995625833333332 29177
6.720926666666665 31179
7.7248538344226505 35001
7.788120333333332 37111
7.790075333333336 42099
7.306804166666668 45053
4.456271666666667 46019
7.497258888888891 47077
8.661030555555557 47115
8.69823033333334 55035
8.807547784200375 6111
8.491367083333332 13137
8.949277777777779 13149
8.561427499999997 17025
8.527296666666667 17145
5.851874666666668 26019
7.316141666666665 29035
6.7725619047619015 31141
8.625737904761904 39057
14.781851538461549 41067
6.942797999999998 48273
7.601475833333336 48277
7.982267222222222 5021
6.441119444444444 51790
3.418441666666668 8021
6.960900867579897 8069
8.801763703703704 39039
7.933185714285706 39079
8.01050350617284 39153
6.2103699999999975 40075
5.630426666666666 48079
3.9489266666666665 48109
7.580154999999999 48407
6.8612751851851845 54051
7.956475500000002 55027
8.315707777777773 13091
9.130419055555548 17163
8.262276666666665 18155
7.832458888888889 19151
8.190951999999994 29051
7.426679917081259 42003
8.86770041666666 45071
6.11516777777778 48445
6.66534142857143 51027
5.775107333333337 54041
3.3233700000000006 8015
7.778110952380954 1099
9.118456666666667 13265
5.9103160000000035 26061
8.255886000000006 29069
7.316365 29153
5.291640500000001 30061
4.940107777777777 35037
5.255775714285715 37053
6.151994999999999 38019
8.571122476190483 39041
8.957202929292931 39165
6.987306031746038 40037
9.530218888888893 45083
7.560401984126981 46099
7.325644999999999 47181
7.367203157894737 48099
6.086205333333337 48133
9.142718880407166 48201
9.254273271604928 49011
6.652472666666667 51025
5.577091388888888 56037
8.277112962962963 6035
4.9770933333333325 8025
7.892115555555553 13253
8.486350476190475 18077
8.304387499999999 21055
9.337073749999997 22101
7.426333908045971 40017
9.364314959349588 47065
6.912545049019616 48303
7.899790653594781 48309
6.190725151515154 51095
7.249428181818191 54099
9.06639999999999 1071
9.219112666666664 13189
8.77856666666667 13257
9.01232166666667 18131
6.883123888888874 23005
6.211208266666662 25005
5.930206666666667 26029
8.811572777777776 27079
6.933700266666662 33017
6.893434986842083 36047
6.387831333333334 37091
8.367888484848484 37153
4.083856249999999 4003
7.581861111111113 40135
6.442578181818183 42009
8.463301666666673 45009
8.988639696969694 45023
5.648296666666667 48269
5.530449166666667 54001
6.831594285714285 54059
7.853302500000001 12059
9.79651366666667 13115
7.075768333333331 27155
8.292837192982455 28075
7.655764444444445 28085
5.434557916666665 30093
4.415800000000001 35021
6.208409166666665 38003
5.59729333333333 38079
7.063515 40005
7.152120833333334 42093
9.213362416666678 53041
4.898805714285715 8089
7.835168888888892 13019
8.740226666666665 13023
8.654040138888877 17183
6.188770000000002 20007
6.551175000000001 20029
7.28602511111111 26073
7.685047777777777 27101
6.178283333333333 31107
5.502337460317457 36009
6.867704999999999 37043
7.704263000000001 39031
6.945710952380958 40081
7.621604999999999 41037
8.329446666666666 45033
6.198813333333333 48305
7.852462222222226 48343
5.7992033333333355 48501
5.91638 51017
10.128383803680986 1073
8.997896190476194 17007
8.486148095238095 18091
7.558094444444446 29105
6.1093630303030295 37013
6.64034759259259 38035
7.104526458333325 48409
7.660671333333333 48467
8.383609444444444 48473
7.470688571428571 5023
7.7964311538461555 5131
9.327238238993699 13215
9.004707158469941 17119
7.0931983333333335 19175
7.252237777777776 21011
8.636661666666667 21185
6.5260180000000005 26039
7.914506666666668 27127
7.38836916666666 28113
7.444271666666666 29075
3.9672216666666666 30027
7.289275833333334 31043
5.555965714285713 32001
6.159561111111113 36037
6.846435333333333 41069
8.540032708333332 45031
8.478019183673462 47149
7.033851666666666 55078
8.14564363295881 6083
6.69216675925926 9007
7.602952499999998 19161
6.9491316666666645 21165
5.45392111111111 26095
8.325283333333331 27055
7.806801111111109 29101
7.664249999999998 29103
7.397153809523809 39019
7.093811333333333 40063
9.706010500000003 41057
6.921317499999998 48241
5.5100747368421095 50023
8.09307861111111 5091
7.687330000000001 53023
4.482172222222222 56003
9.681716111111111 1019
9.333466666666663 13125
7.507588333333339 13291
8.77096388888889 18099
8.72972066666667 18123
8.309639047619049 19011
7.541124583333331 20121
6.521955 20193
7.411891999999998 22049
8.001853675213694 26025
7.187479166666667 40083
7.3054499999999996 47137
7.876922222222221 48159
7.214188888888887 48259
6.456090000000001 51680
4.936091666666665 8009
8.554199333333335 17017
7.327939999999998 22095
7.862853690476189 26045
8.083186666666665 28029
7.7832451190476215 28059
8.075195833333336 29111
4.743826666666667 30073
4.893645 36033
4.250309999999999 38007
5.730618333333333 48483
8.101692000000002 19127
7.854257500000001 21087
8.059945714285714 22005
7.023113452380959 23001
8.05628093567252 26077
7.595633333333333 29059
7.892259333333336 29213
6.725624166666662 31185
6.663923333333336 37113
8.53682142857143 37197
7.7950322222222255 40115
14.557987126436775 41047
6.407990634920639 42021
5.2658283333333324 46015
5.248 46017
5.641645 46045
6.708668750000001 48143
8.294419373088676 48453
7.234664102564104 49005
6.907512424242423 49045
7.413636666666662 5083
7.6890572222222255 5123
7.39717277777778 5149
7.863931333333336 55129
5.602402222222222 12029
10.420322212389369 13135
7.4906725 20099
6.244363333333333 26007
6.1955100000000005 27069
8.071804166666668 29186
7.452014999999999 29197
6.42129222222222 31121
6.983815333333335 37011
8.418899047619034 37151
7.02637 38077
7.615166060606065 40013
9.24603554054053 45063
5.7566483333333345 48081
3.315826666666667 8065
4.005367916666667 8107
8.673901428571435 1045
9.714286666666668 13035
6.972619523809524 16083
7.556185 19051
8.614828888888887 19089
6.985650476190473 21025
7.690421403508771 21151
6.969576666666667 21189
8.74133 21225
7.012076124031016 22103
9.003467719298245 27019
8.300307142857145 29113
7.563975333333333 29221
5.378989999999999 31015
5.5739543939393945 36015
8.33291222222223 37123
8.084518764367827 42029
6.09100515151515 44001
5.61412 48191
5.565735000000001 48461
9.647123757861658 49035
5.394693333333334 56015
5.944993333333334 13049
7.218286666666665 13173
8.45853777777778 21039
7.475138888888887 21053
7.421371111111108 21173
7.539447777777777 22083
7.661634848484849 29029
6.145491666666667 31093
5.676561999999998 35041
7.635177741935473 40027
6.654151694915253 42125
6.7583290476190445 45043
7.747351111111117 5103
8.316706666666665 51610
14.060090548523215 6081
8.352848333333334 17009
8.188051111111115 19109
6.4330244444444435 20073
6.013550448484838 4027
7.73218272727272 48493
5.4050577777777775 50009
7.477783333333329 5001
7.4988542857142875 5059
6.323457333333334 51147
6.38552393939394 51185
6.255704666666665 26079
8.43131301587302 29099
6.955307619047603 34015
4.327000625 35017
4.881892222222222 38061
5.905626666666665 48059
5.827635000000003 48415
7.692992638888879 5069
7.652198787878786 55015
8.160748888888884 55023
5.3502033333333365 12007
4.072687424242421 12111
7.898225555555553 21017
9.004181333333333 27039
9.75604813823858 27053
7.988405555555552 29045
6.783278888888887 31037
4.268743333333333 38087
8.292006923076919 39129
4.441946933333328 4023
7.652626324786331 47163
4.595145999999997 48389
7.64504878787878 49003
8.914930833333328 1027
4.953902689832681 12086
8.433198666666668 17181
9.178599814814815 17195
8.38429666666667 19087
9.060096666666668 22047
7.694411666666666 28007
8.133978809523812 29043
7.3357523611111075 36061
8.536903666666674 39021
6.920891250000002 40031
7.682283333333328 48073
5.935516666666667 48197
7.451700000000002 5041
6.7946680246913616 51179
8.492217619047615 1133
9.51576888888889 13079
5.394651666666667 16021
8.73715481481481 18033
8.689728333333337 18137
8.832386000000003 19031
7.103581111111112 22021
4.701848333333333 30091
4.470613333333334 30099
7.5556350000000005 48013
6.00385 48023
7.938077407407408 48223
6.1568516666666655 48503
8.396792222222222 53039
7.821124888888886 6033
9.400066666666667 13163
9.928289824561402 13223
8.979215000000003 18031
8.771414 18071
8.625075833333334 19037
6.9037753763440834 23011
6.006287777777777 38021
4.1204208750000015 4001
7.191652083333328 40125
13.356364426356587 41039
8.701034444444446 45065
8.582287333333326 45073
9.065382000000003 47105
7.032521828908574 48215
6.845864 51075
6.745403846153842 51191
6.916618634920655 9001
7.742759333333334 1035
6.219242500000001 12123
8.937699682539682 17037
7.259749767441858 20177
7.668403333333332 22023
4.73838076923077 23029
7.5889653333333325 29161
4.6957033333333325 30083
4.5983 30105
6.858190476190473 31067
5.790778888888889 37187
6.185758333333334 48247
5.387562222222223 49013
7.703550000000002 5077
5.990324285714286 53007
7.9487853333333325 55103
7.3012241827757025 2282
4.715093414634158 12097
9.44517 18173
7.993415833333328 21171
6.625366666666665 31027
5.311343333333335 31105
5.355526944444447 36017
8.016577777777776 39163
8.416156111111112 47143
6.179592499999998 48117
5.735249999999999 48169
6.203511803278688 48479
7.377368685446004 51041
6.760196666666666 51750
6.385284166666669 54047
22.67359283950619 6031
7.3012241827757025 2198
9.735028494623648 1015
7.927471666666668 1131
10.026908589743599 13057
9.561374 13105
8.910742380952383 18149
7.399307619047623 22053
7.7716044047618915 26145
4.751273333333334 30103
4.564543333333335 31031
7.534613859649128 37195
5.80762833333333 42103
7.236412222222222 46079
8.238484166666675 47031
7.552461212121214 47047
5.778184999999998 51115
7.492014666666667 51690
9.531625555555555 13171
6.3603933333333345 20083
7.746725555555557 27133
6.328589922480621 36093
7.115976333333335 40111
13.725553708333315 41005
5.907481111111113 41063
5.127646666666666 46053
4.9526900000000005 46085
6.444555000000005 54087
8.358002485380108 1097
7.875534888888891 19155
7.858366000000001 21167
8.59797761904762 21183
6.713283333333334 24029
8.531189166666666 29133
6.4671175949367 36027
8.293960788530478 37067
9.946403333333336 41031
4.539386666666667 46047
7.5189 46101
6.836825333333334 48007
6.689481481481476 51171
7.820498717948716 5145
10.383659266666678 53061
4.310082666666668 56029
6.517356666666667 20019
6.807528888888885 22009
6.26337 31083
5.367741555555555 36039
8.026385833333336 47111
5.609638333333331 48267
7.623251333333334 5067
7.861589047619049 5111
4.324401666666666 56031
4.184309999999999 56039
7.974447407407413 13069
6.433813333333333 13101
9.860243999999996 13237
8.629746470588227 17115
8.444875833333334 17139
8.958055333333334 17187
7.22717818181818 21095
6.755208888888888 22025
7.844678999999995 28071
7.330422650793659 34013
6.797170000000006 37009
6.3833116666666685 38081
6.341559733333333 39007
6.639673333333333 45019
5.14752 46119
8.417987083333331 17135
9.005214761904767 18075
6.549062222222221 20157
8.053271212121208 21073
7.053281250000001 21193
6.602905185185183 26069
7.327866666666664 28109
6.007487804878046 35013
9.376784999999973 37097
7.711306470588231 42095
8.888593333333333 45011
6.523633333333334 46061
8.35104180790963 48339
6.321318333333335 51580
6.359955200000003 9015
9.338344814814816 1043
9.676147777777786 1117
6.162514000000001 24041
8.14336217391304 26091
8.100738021857913 26163
5.738931666666667 31041
6.263279999999999 31181
4.891803333333333 38023
9.025945 39149
5.844493333333334 48417
9.517106153846154 1113
9.250505714285714 18015
6.3305050000000005 20089
6.795642 20175
5.527963333333333 31013
5.240986666666668 31115
5.892185840000012 34029
7.910078461538455 37037
7.07179291666667 37087
5.744339999999999 40045
7.313973703703705 40049
4.088311849462365 4017
7.720287156398101 42091
9.574724202898551 45091
7.935972777777782 48015
5.972524444444446 51057
7.850967333333335 5139
15.577850579710155 6039
8.939837272727267 6103
7.776492121212117 6109
7.160192222222223 19053
7.641373333333333 21161
5.612964444444445 26153
7.8906680000000025 28117
4.501467619047621 35047
5.201945381742731 4019
8.202040564971748 51013
7.012166666666667 51720
4.652209821428569 12069
7.380999166666667 20005
7.235104166666668 21135
7.635182222222226 22123
5.962907450980394 24037
8.043218499999984 24510
6.952728666666664 26011
5.882269166666668 26047
7.883214166666666 27023
9.545317649122806 27037
6.7402066666666665 31023
6.168892407407404 35061
5.512828160919544 36075
7.1941416666666695 40029
7.482720208333336 40101
4.233933333333335 49025
7.356958833333327 5051
7.442380000000007 54003
8.80589833333332 55127
8.070000370370375 1059
7.706507999999996 13111
8.794805897435907 13175
7.691775000000001 22081
9.869665450121673 27123
8.813812616033744 29183
6.811133684210535 36079
6.862435942028989 39081
7.3324564848485 39155
7.234942857142859 48035
5.784809420289846 48141
6.015741666666669 48153
6.375317777777776 48437
6.974054848484844 51195
7.489496666666669 54053
5.598790000000002 54077
9.06293095238095 55109
12.512784523809522 6115
7.3012241827757025 46102
9.682385308641981 1103
6.072878333333333 12037
7.328332000000002 19047
7.567132040816334 26147
8.700435555555554 27045
4.8675049999999995 30041
7.486475333333335 31177
5.810763636363639 36121
7.65594547619047 40131
10.02822 41021
6.3048894871794845 51015
11.078117493702779 53033
6.7963445833333305 54029
10.519087091503257 13121
7.919157037037035 16017
6.872958333333332 20067
6.947773333333332 21159
7.959771111111113 21169
5.3882401785714285 25001
7.501530769230774 26117
8.158450666666667 29163
4.35205 30109
6.438456666666668 31137
5.390265666666665 50001
7.529818333333332 5087
7.797311666666661 5133
7.027242121212124 51730
8.323877 55005
6.501995499999997 55041
8.95003333333333 1007
8.427244999999996 17005
7.24526 20081
8.333653859649116 21047
9.22862608695651 21059
9.158455185185181 27009
8.11982722222222 28115
3.837343333333331 32033
8.662988095238095 39069
13.195233257575758 41019
7.6615892857142835 42073
6.004381666666664 48115
8.000717777777774 48257
7.3576766666666735 48395
6.482810000000001 51137
9.770767999999999 53075
7.207881 54079
6.1567050000000005 8125
4.834925238095231 12105
8.808912222222222 18107
7.8014941666666715 19141
6.395064999999999 20053
5.683108461538461 25003
9.872039059829072 45007
7.853579999999999 48379
7.3012241827757025 2195
7.7313538888888855 19021
8.610883333333343 19067
8.621940833333332 21213
7.27351055555556 27001
7.144533809523809 37145
8.38335265091864 39095
5.862931333333331 40153
11.154926444444445 41059
6.061828547008547 44003
8.050559069767436 51059
6.722614999999999 51155
6.648571555555544 51177
6.774443333333335 54073
7.973314999999998 28107
7.511492222222222 29015
5.206058333333334 32013
5.365920000000001 38065
5.857665555555554 40043
6.888674444444443 40127
8.376406326530601 42041
5.814996153846154 42123
8.307607037037041 47103
7.8243939999999945 47159
7.445361428571431 5003
6.561392291666665 51019
6.4733383333333325 51021
4.470795833333333 8081
8.140313888888889 13031
9.85143150000001 13097
9.154292499999995 18181
8.059885999999999 19079
5.9308749999999995 26013
7.322339999999998 27029
7.249554999999998 29179
6.356540000000001 31029
6.405887916666669 51047
8.152512222222219 53003
5.980546944444443 54061
6.442554666666668 55125
5.760394666666675 8101
5.81252416666666 12023
7.2214864788732305 12033
8.127230000000003 13131
8.237354000000003 13311
8.685412666666668 19105
8.655294814814818 21029
6.420561428571421 26043
5.840591333333334 33019
7.570212857142875 37021
7.651634951590591 40109
7.3012241827757025 2261
7.950042222222223 13109
8.048715185185182 21035
6.7748849999999985 22091
7.165532499999993 26151
6.338606250000001 26165
7.805889999999998 28111
7.3493200000000005 29149
7.131823999999998 31155
5.345834358974361 36003
5.791557555555552 36051
13.911664951267076 41051
5.951925555555556 48505
6.490799583333329 54005
7.358693508771933 55071
8.30086800000001 13205
8.553027272727272 19033
7.992839999999993 21221
7.466391228070175 26111
6.707982000000002 27113
6.150905614035092 30029
5.409703444444447 36101
7.352735777777776 37107
7.4925062962963 39043
7.963742499999993 39083
8.462015833333334 39097
8.096955000000003 47095
5.828819999999999 48155
11.324713591065313 6059
9.375051666666671 13083
8.335786666666666 19081
8.039384999999994 19091
7.869182962962965 19099
6.8439307692307745 20015
6.343975000000001 20063
6.110665555555556 20147
7.134413754045314 25013
6.380334999999999 27071
7.363981666666666 29065
4.82908 31171
4.301769999999999 38033
8.283413603603606 47187
6.63533666666667 51117
3.3186449999999996 8109
7.3012241827757025 2016
9.378104074074066 1009
7.488809999999998 13305
8.577853333333335 17049
8.500642820512814 17117
7.6060833333333315 21201
5.827073611111117 26103
7.746949166666668 28141
7.433553333333333 29093
4.810760714285712 30049
6.540535757575761 31019
6.201143333333334 31073
4.307113333333334 32021
3.8009866666666667 35033
7.949951782945724 39151
7.579545555555556 40097
8.40710772175538 48439
6.193729166666669 51029
6.602327777777778 51063
7.38159933333334 19007
6.148953148148153 24009
7.976749166666669 29049
8.187563440860236 29077
5.458707777777779 38009
8.10396215686275 39141
9.628386250000004 41065
9.148974074074076 45087
6.40646777777778 48009
7.264302000000001 48123
7.974239999999995 5093
7.3012241827757025 2164
5.616750192678232 12031
5.829576666666668 16015
7.20916222222222 19071
8.401165000000002 19075
7.2756816666666655 19117
7.280349166666666 21147
8.18702074074074 21211
7.681414444444445 22035
6.187292318840575 24001
6.6795862962962955 28001
4.116295555555554 30095
4.091101666666666 32017
6.011862222222222 38071
7.391341000000001 40123
10.042746666666668 41055
5.641376296296295 42047
6.288873703703704 42059
7.468616666666668 47071
8.011516296296294 48037
8.090612473118284 48139
6.572432777777779 51109
7.3012241827757025 2290
9.228120476190476 13293
8.44089074074074 17165
8.884339166666667 18169
8.273675000000003 21009
9.2416162015504 22055
7.581134333333333 26057
4.681689999999998 30035
6.444805462962972 33013
4.998372380952379 36049
8.62190470370371 42011
7.4670149999999955 46011
5.671123333333334 46023
4.397157999999999 46093
7.981953333333333 5029
7.567643333333333 5105
6.576028750000003 51187
9.64505481481481 1095
4.937393333333334 31103
7.711525166666671 37063
6.231209999999999 38091
14.459959629629642 41003
5.5992466666666685 48125
4.75411 48301
4.065226666666666 49055
7.745004545454536 5033
3.7108325000000004 8003
3.7901888888888884 8071
6.245437619047617 12121
8.62476666666666 17055
8.73110544444444 18035
8.413027037037041 21083
6.3671171666666515 25023
6.824894999999998 31051
5.76677729166667 35005
10.550621000000005 41009
7.7264013333333335 47043
8.090955 47169
5.849515000000003 48227
7.3375493749999965 51087
7.708480000000002 5147
6.629583333333334 51540
8.316526666666674 6009
8.085373333333331 6043
10.083065000000003 16009
8.693719333333332 18143
8.165163750000007 21239
5.224785098039214 23009
7.924946403508768 26075
7.985193333333329 28119
5.8527499999999995 31123
8.001705600000005 37101
6.336250555555556 37117
7.101560000000001 39055
5.1255 46107
7.694981999999999 47139
7.492268333333336 5063
6.368757196969708 51700
7.43833952380952 12133
9.41910888888889 13319
9.319966041666678 18127
8.180011666666672 27091
7.622276666666668 27149
7.5918983333333365 29199
6.419514444444444 38073
8.231463589743583 39033
6.7327633333333345 40053
8.774353794871802 42043
5.525389166666678 44009
5.6090133333333325 48105
5.737663333333334 48129
7.206661111111112 48337
7.95878016260162 48423
6.390619166666668 51071
7.5377044444444445 5109
6.298475000000002 51113
6.653741250000005 51121
5.892309999999999 54023
16.321979503546146 6099
9.140584791666667 1083
6.665398333333332 13065
8.752683333333334 17079
8.475538172043017 18105
7.196029999999998 19039
7.62959066666667 22013
8.024352857142855 29109
7.992403076923076 37105
7.653495897435896 39123
6.402869333333334 40011
7.971040740740747 5055
8.368550833333328 17087
9.020296396396407 18095
7.39729 19085
6.849959999999997 21153
8.6332662962963 21177
7.363766666666668 29215
9.891310683333334 41035
6.524810666666667 48171
6.481532068965519 48381
7.084986666666668 51141
9.702525663082424 6053
5.945054999999999 8121
7.3012241827757025 2090
3.986285999999997 12061
7.567946000000004 13027
8.484736666666668 13243
9.621392222222225 13255
6.4058 16063
7.183027500000002 19133
6.0355866666666635 20129
7.98069848484849 26015
9.168719999999997 27049
7.504506666666666 27051
6.956968333333333 31173
6.746158333333335 46051
5.586959166666667 48003
8.162850196078434 48039
6.505227777777777 55051
3.919959599999996 56001
6.019473333333331 8075
10.276558484848481 13157
8.53590733333333 17053
8.761784444444443 17071
9.011018268398272 17201
6.874171764705877 20155
6.649070251937977 25027
4.374509999999999 30079
5.1968603508771976 36019
6.432918149717531 36029
6.271136666666667 37015
7.170633666666671 40051
7.148096000000007 42067
4.18662 48043
4.492743333333335 49037
6.782770833333332 51051
10.956311836734685 53067
6.207581666666667 12067
8.40910933333333 13321
6.348446666666666 20151
8.610326060606061 21015
7.743221145833342 24043
8.321490588235296 26149
7.495773111111115 26159
7.610621666666669 29057
8.491925925925923 39051
8.480666111111109 39175
6.808298181818185 40113
7.242676666666665 47135
7.474770555555552 48145
5.896698333333332 48317
6.485499999999998 51111
7.8599066666666575 53057
5.705450000000001 54007
14.247707816091946 16027
7.268778888888888 19185
7.095044666666671 21071
5.51174 36105
6.630896666666666 37099
5.70544 37139
4.690653333333333 46075
7.745184444444451 47075
3.7649699999999995 48243
6.137517222222222 48253
6.11421527777778 54019
7.840146153846152 55111
6.409256721311476 8035
4.82488252818035 12095
9.237013137254909 13045
7.146961851851859 13299
9.211873333333335 18027
8.705756666666666 18061
6.614107777777777 20159
7.724352982456136 22097
6.5035383333333305 26085
9.400977575757572 27141
8.398812619047625 28067
7.13956272727273 34021
6.917056862745097 40119
7.722322777777776 47185
6.833236666666667 48019
7.727870256410269 48027
5.921922333333339 48465
4.0262199999999995 49031
7.549523333333334 5047
6.467369333333334 51139
6.218186825396825 53009
3.4279177777777767 8105
9.208046969696959 8123
8.498190833333334 13187
6.215221666666667 16041
7.181269333333332 20059
5.982646666666665 20097
7.775778333333334 21155
7.951524444444448 29089
4.363298888888889 30057
5.920883333333333 31077
6.495680277777774 42061
8.706070666666669 45081
7.429312777777775 48071
6.209009999999998 48369
5.88634888888889 51810
10.029751111111107 6021
4.80314734072021 12011
4.598979444444446 12049
4.611493759689927 12117
9.452480567375892 19163
7.762792222222221 21023
7.694937925925928 28047
7.810330000000003 28161
4.840854444444444 30001
5.795118888888889 31033
7.084566252525245 33015
5.457185104166654 34009
6.851920714285716 35043
5.465653333333335 38047
8.100885208333333 39169
8.111349710144932 42001
7.037994976525835 45051
7.568915555555557 47023
8.065210191256863 48029
9.209222892078708 6073
3.5437266666666676 8091
3.471450833333334 8097
7.3012241827757025 15007
8.732338333333333 13181
7.001160499999999 16035
7.337953749999999 21121
7.32264142857143 22085
7.6943627777777746 26021
6.015783333333332 26131
9.61648586345381 27003
7.677346190476193 27083
7.365111111111114 29185
7.520829150326791 42007
6.614657500000001 46109
7.275148888888891 48239
6.756592982456142 51165
8.420733333333327 55017
7.721487499999997 55039
4.631639999999997 56033
8.256280370370362 1013
7.071109024390257 12091
9.491529538690472 18097
7.085621333333333 21119
6.0562499999999995 31057
7.4685460606060605 46083
7.8055377777777775 47079
6.854482380952377 51053
8.714220833333332 55033
8.578123333333332 55065
9.108209666666678 18083
8.352324444444445 21157
5.105233333333331 25007
6.747064074074086 25015
8.196456060606057 26027
7.366463333333334 28045
5.852500634920635 36021
7.368779166666675 42019
7.138395267489727 48355
9.347098333333333 13231
7.1093373333333325 20001
7.712205999999997 29073
5.679336666666667 31183
6.943382786885245 36063
5.050183333333333 37095
7.979992948717944 37191
7.597883437967117 39035
9.61867222222222 41015
5.587549523809522 42127
8.708171000000005 42133
6.352060555555555 46005
8.581061746031741 47189
5.35036 48205
6.082936666666667 48341
7.919724545454545 48497
13.213234871794874 53021
6.3764714379084895 9005
8.583413333333334 19023
7.781110952380952 19167
7.939068666666666 28013
8.514523333333333 28129
7.9858683333333325 28163
8.097632222222224 29209
6.200178333333333 31011
7.751835185185187 37169
8.896634596949909 39113
7.732114444444443 48147
6.167385833333336 48507
7.4121893749999925 51590
5.977373333333332 51678
9.820039555555551 53077
3.6871577777777773 8049
7.3012241827757025 2180
8.845291481481482 1021
8.734844444444445 1037
8.975794166666669 13317
9.23458047619048 18001
9.112197619047619 18051
7.589489487179477 21019
7.329622222222225 27073
6.231224999999999 31061
6.139198888888889 37073
5.452902499999997 42083
4.435656666666666 46137
8.050028266666676 48209
6.909247499999998 48297
7.884416666666667 48459
7.285259999999999 5049
7.974281875 53027
7.579437333333334 55077
6.563723030303032 16005
8.945877886178863 17113
8.71858243589744 19061
8.342926111111113 21003
8.364125000000001 21223
3.915135333333333 30059
8.16084681372549 37051
7.746328888888887 39121
6.964389444444441 41001
7.427012400000006 45035
8.031297499999999 47055
5.911189466666666 48451
7.0181200000000015 51085
6.690115 55085
15.930315909568831 6067
4.343327500000003 12093
6.536701111111108 13127
8.880863076923074 18109
8.804254285714286 18133
8.654076862745097 18177
5.829925666666665 23013
7.67165616207952 24033
7.900497499999998 27063
7.557705833333331 29223
7.510966666666667 40069
8.575640833333331 41027
6.391350689655168 42081
7.461102424242419 48001
7.17293166666667 5101
7.095519523809523 51035
9.647472857142864 53029
8.241171651090337 55025
4.149836666666667 56007
3.9798999999999993 8033
6.549701333333331 12079
8.497843333333336 13107
7.2651275 16051
9.171724791666668 17095
7.474722222222221 19027
6.231023333333334 20165
8.803297999999995 29201
3.8400677777777776 35007
5.0120200000000015 38013
4.703203333333333 38037
7.999733777777778 39139
8.78655345238095 45077
6.491365555555556 48131
7.4110009523809515 48225
5.745425555555557 54071
5.371275555555556 54093
4.8516740909090945 12053
4.888046666666668 31017
7.06415729446938 36119
6.058986190476189 54057
16.340166067146296 6077
8.363552857142853 1033
5.4556000000000004 12125
9.804359166666655 13021
8.873146666666669 18183
8.140212000000002 21099
5.70927833333333 26033
7.049889999999999 27011
3.4714033333333343 35003
5.957328333333331 38045
5.9373433333333345 40055
6.505782009456241 44007
8.088778266666676 5045
6.650242916666667 53037
8.571107000000007 55095
9.676995282051278 1101
5.1695425273223945 12103
7.771082222222222 21229
7.080883333333331 22127
8.051568333333332 27065
4.457120000000001 30007
6.554855238095238 32510
5.2768200000000025 38055
6.059895555555555 40151
8.587113333333333 45069
5.944329999999999 48011
6.401404999999998 48195
3.957869999999999 49017
5.328420000000001 50015
5.9629016666666645 51163
8.759424285714278 55059
5.200778333333332 16007
7.1137611111111125 16061
8.533141212121203 17081
6.2206616666666665 20167
8.07691 21077
6.9846018783068455 22051
7.691668333333331 28041
4.062505999999999 30009
6.675326666666668 31167
5.264850277777783 35015
4.234315249999999 4007
8.508911818181819 47145
5.872240000000001 48017
5.7115866666666655 48271
6.443755698924721 51740
13.323474027777797 6095
8.541190833333335 17003
8.426677037037036 18151
8.013395 19101
7.146109166666666 20205
8.131031851851855 21113
7.595196666666665 21181
8.461098333333334 28031
6.0018352083333335 33005
5.696966666666667 40129
5.6021133333333335 48345
5.892128666666666 48353
7.1163633333333305 51143
4.966449841269837 56021
4.490146296296294 12027
8.597392777777781 17083
8.720597777777778 17129
9.337105000000014 17143
7.517340454545452 20045
8.063442592592596 21179
8.076802787878778 24027
8.800937666666666 27025
8.960823678160924 27145
8.433102500000002 28105
8.066529999999998 29017
8.066506666666667 29119
4.313405833333334 35023
6.483733333333333 37173
5.6039416666666675 38069
8.586645454545453 39091
5.027638333333332 46065
7.292744166666667 47039
5.657803333333334 48101
6.083842380952385 48233
7.4401516666666625 48287
7.814938730158726 48361
5.2815366666666685 50003
5.589469499999999 50021
7.005878888888891 12013
8.718283888888893 21227
6.010145555555559 26141
7.85587166666667 28011
7.437112222222225 29039
6.496860238095235 31079
5.87023 40057
6.401535666666662 42031
5.949988888888891 42053
5.707643333333333 48033
5.995614999999998 48207
7.342299166666668 5089
7.609223333333334 5121
7.411479047619046 55137
4.000726666666668 56017
3.3787791666666673 8007
7.3012241827757025 2170
8.573115555555557 17065
8.880434597701152 17091
8.747536111111115 17125
7.9942866666666665 19063
5.9715403921568635 23017
7.557838421052626 24015
6.260849999999999 46111
4.792306666666667 49007
5.479352000000002 51001
4.591445833333334 56009
5.138096010416672 12057
10.142482933333337 16055
8.840596666666668 16087
7.181594166666669 19137
8.843491666666665 19139
6.986915714285717 20113
6.953491666666668 21205
6.046684814814815 24019
8.205378965517252 29019
7.3214806666666705 29147
7.383321666666665 31025
6.129003333333333 38063
7.587748000000001 39059
6.812126666666665 40071
7.400772222222222 48289
6.840690666666669 51077
6.248283333333335 51157
6.580849999999999 54105
6.965015500000002 55061
7.53161928571428 55097
19.885727991453013 6107
10.10221673333336 13063
7.183854444444446 19077
6.530349999999994 22087
6.798819047619042 26129
7.818112666666666 27005
8.013837083333332 28073
7.824751200000006 29021
7.973133571428569 47053
5.668372333333335 50011
6.475850416666662 51023
7.69307636363636 12063
9.864676000000001 13119
10.325952000000003 13297
8.731984166666667 18121
8.125690555555561 19171
6.798263333333334 20093
7.209924999999998 22041
5.9893504166666665 26031
6.8953677777777775 31039
6.142333333333335 31049
5.409776666666663 31089
8.851458095238092 39137
7.5183413333333355 48051
9.130024166666681 48157
3.933933333333333 49009
7.481115714285712 5009
6.184843333333333 51045
7.3012241827757025 2158
8.342126666666665 13061
8.639974000000002 18119
7.699731428571429 19015
6.135276666666669 20195
6.939543333333333 20207
6.30298203703703 25011
7.534349047619047 29001
6.363641666666666 31129
7.762405000000001 47027
5.8556533333333345 48165
7.810916333333336 48499
6.1858499999999985 51830
12.611577747747752 53005
3.1112499999999996 8079
8.92168333333333 1079
9.32884666666667 1087
8.207991333333334 13071
8.509489999999998 17147
7.512859999999999 19135
7.4913906182795795 20173
6.664152555555559 24017
6.372192666666667 26119
6.510110000000002 31035
6.147032844444438 36001
6.966746759825329 4013
5.3587873333333365 42117
7.991326712018149 8005
9.001450888888881 18005
7.874230833333334 21081
6.002331818181818 26041
7.499141635220121 26139
8.337019523809532 47009
7.798334444444447 47097
7.545067777777773 51169
8.186963095238093 1039
4.332165166666668 12035
9.644316666666665 13011
8.362937666666669 16069
8.658279999999998 18161
7.853129999999998 19041
7.608239999999993 40019
3.9524833333333333 4011
7.639591428571425 47109
8.621033070175425 48085
7.8260744444444414 48185
5.934420000000001 48319
5.193794444444444 48495
3.4849833333333335 8051
3.5843441666666687 8113
8.64473458333333 1109
10.390755370370371 13013
6.911196666666666 16047
8.889347777777772 18101
7.842426000000007 22061
5.122148333333332 26083
9.306786969696969 27109
7.702880000000001 29033
7.4797924999999985 29079
7.868699333333333 29131
5.396469999999999 31069
7.8547080952380925 47035
8.80720053333333 49057
7.468090666666667 53051
6.254457777777778 54109
6.169354444444444 12047
8.556517037037036 13095
8.53407333333333 13235
8.242980000000003 13251
6.912168666666671 16067
7.374964000000001 19049
5.8350833333333325 20033
7.585569696969688 22019
8.938361666666674 27147
4.474924814814814 4009
7.1545280000000036 42119
8.81891544513457 47037
7.740670000000003 47167
6.184982368421055 48441
6.091353725490191 54081
3.4080000000000004 8023
8.907147777777775 17033
7.584078333333329 27173
7.493648333333335 29013
7.06488357142857 37065
8.100569259259267 37085
8.307088571428574 37149
6.437926666666666 46091
8.005085833333332 5081
7.331507500000002 5135
7.9972353333333395 13017
8.494551333333332 13123
8.672196666666663 17193
6.5422176190476184 20057
6.626285 20127
6.806548749999999 23023
7.436565000000001 27081
5.862777719298243 36113
5.9367388888888915 37049
14.160150555555555 41053
9.28882222222222 45001
4.679313333333334 46031
8.350938333333335 47173
7.41238366666667 48373
5.304718888888889 54101
4.650866666666668 6027
7.3012241827757025 2068
8.119689166666669 19107
8.411710000000001 19189
7.39923666666667 21235
6.5901320000000005 26135
7.895742 27021
7.355448888888887 29081
7.246041481481481 37127
6.490970000000001 46037
7.916146666666665 47045
8.679956944444442 47063
7.602367380952381 48291
6.507851666666666 51065
12.534507393939387 6041
3.5076733333333348 8027
6.316856666666666 8115
7.3012241827757025 2130
7.302202222222215 22069
6.262534999999996 26105
7.992362777777781 28145
7.3825388888888845 29067
7.7164174074074126 42055
5.498368333333331 54097
11.274882499999986 6087
8.471760666666661 17021
8.948704242424242 17141
9.008244722222237 18003
6.551032666666663 22037
7.941782857142854 29107
6.1186183333333375 36073
5.524818333333333 38103
6.848520555555556 42025
7.953303749999995 45067
7.302331153846149 54107
4.235645351137463 12099
6.884219999999997 13191
7.335522000000001 20011
8.36834833333333 21139
6.4266709523809515 26053
7.743203333333332 28055
5.576802666666665 30053
4.0430383333333335 46033
4.614034999999998 46041
4.617173333333333 46095
7.8350685714285735 48067
6.4306458333333305 48093
7.513456999999999 48349
9.681433589743587 13295
8.642009999999999 18171
6.897933333333335 27125
4.334886666666667 35059
6.360010666666665 40141
6.234848333333331 46009
6.760813333333333 46025
5.656086666666668 48211
7.720010555555559 5075
4.159065000000001 8103
7.3012241827757025 2150
8.928943333333335 13145
8.996262380952379 18179
7.854339999999999 19143
7.160746666666664 19173
6.881127777777778 20031
7.7856383333333365 21079
6.918938000000002 27119
7.696294666666669 29121
8.473265714285713 39173
6.405614141414137 42089
9.463494444444443 45045
7.8741440740740725 47025
7.397217142857146 51089
6.308661999999998 51099
6.028572500000002 54089
8.471486666666667 6091
8.072353333333336 13209
4.34996 16025
9.026928333333334 17155
6.446635833333334 20009
6.9056411111111125 20191
8.445670833333338 21163
7.0341701754385975 21195
7.962432222222219 28149
7.527092222222222 29083
7.969992500000001 29195
7.180045128205131 37077
7.7737405555555545 39001
7.3963309999999955 48221
7.318745833333333 48293
5.307643714285707 50007
10.078589999999993 53025
9.180740833333331 1001
9.515264761904758 13233
8.873555 13307
9.044542333333338 17011
9.55207316239317 18089
9.083664761904762 18129
4.692079166666667 30087
7.796832962962967 37089
6.129044924242429 37129
5.428279999999999 38043
7.605862857142863 39157
7.60726388888889 42045
8.321133333333329 48397
6.941808301886799 54039
7.104393368606716 9009
4.290406607669617 12127
8.296228333333332 17151
8.750257333333339 18165
6.339715 20179
6.976533166666665 22105
8.316837581395339 24031
6.01591 31163
6.403115555555554 40003
4.264867333333337 46081
5.779246666666665 48075
8.111040114942538 48187
8.032776666666669 48401
5.031908333333334 49023
8.243410000000003 55053
8.905734333333346 6057
5.458268333333332 12003
9.00185266666667 17101
8.451964999999996 17153
7.300091111111109 20079
6.767388888888892 22059
6.335964444444441 26137
5.944218333333331 36099
5.889056552795046 36103
9.232618333333331 37045
7.477076249999997 40089
9.12473441666666 41013
7.932634666666666 47033
7.994948571428579 47123
7.1448883333333315 48031
8.111621466666675 48183
7.463723333333332 5025
6.783481111111113 51161
8.016623333333333 53013
6.769736388888889 53065
8.513456105499445 55079
7.578791666666658 55117
7.247918950000004 6045
6.870680542635651 12005
8.724041282051285 17177
6.3200388888888925 24011
7.650509999999997 40085
6.540344166666663 42121
6.452815490196078 48375
6.5240522727272765 51003
6.515346111111114 51031
4.757666666666666 6003
9.737201190476183 1049
8.80880733333334 1123
4.176446666666666 16037
8.777778888888896 17133
8.03209333333333 19157
6.732373333333334 20203
7.595610833333329 22067
6.247049999999999 26071
6.238003333333334 31065
4.907555952380944 36025
8.979571269841285 39109
6.112757017777777 4021
11.970522439024398 41029
6.920210099999997 42129
5.810486666666666 48433
4.1533983333333335 56035
7.3012241827757025 2122
9.676504907407418 13139
8.499005833333335 17189
9.254536333333336 18059
8.820126111111115 18079
9.416078484848496 21101
8.616325490196068 21145
8.2998625 29127
7.862629166666668 29151
7.7475677777777765 40041
9.123863333333336 13085
8.569210000000002 18013
8.540641999999995 18093
6.89674444444444 20169
8.429058666666666 21031
7.003105303030301 27137
4.846943333333334 31165
4.7439797435897475 36031
4.672109259259263 37055
9.204309674796741 37179
5.878240000000001 48447
4.517003333333335 49039
7.841637142857148 5125
