8.297362666666668 17039
8.917272083333335 18135
8.352888888888888 20013
7.7731011111111155 26023
5.662295969696971 26035
7.037517058823531 26155
8.363413333333337 31001
6.646456666666669 32029
8.149055462962975 37001
9.342820333333332 39159
6.814536666666668 46063
9.672411578947372 47011
9.649995641025631 47073
7.312247777777778 51009
9.818400303030309 13047
8.67380333333333 13249
8.886962222222216 17157
10.808166190476197 22093
12.103343809523814 28133
7.356736666666668 31063
7.649672222222227 38057
8.734618518518516 39161
7.331609999999998 40033
8.445237499999996 47049
8.007004627206044 2275
15.141219999999999 16045
7.752975185185184 17001
8.509646140350872 18085
8.182579047619042 21133
9.7066775 21219
9.722805416666663 29207
6.850492575757571 36117
7.713439999999998 37121
6.22432 48173
5.669030555555556 55135
13.42217866666667 16039
7.841028333333331 17175
7.114258070175438 24045
9.198306666666666 28091
7.300673333333332 29227
7.673933333333334 31135
7.716718472222225 34033
7.531362028985506 34041
5.593153137254903 36077
6.502494927536231 36109
9.215126078431366 41071
6.5651999612403085 48061
6.351793333333335 48265
6.061829166666669 48399
6.575306666666669 12065
5.467966842105264 12119
9.494327948717949 13217
8.416783333333328 21207
8.957953809523818 22011
9.16578472222222 22113
9.813501666666665 28015
6.380073333333335 30055
6.028712500000002 36089
7.049068888888885 37103
8.843514444444445 39127
6.8736229629629655 42035
6.0964599404762 9003
7.106823541666656 10001
9.966161777777767 13015
10.186644083333336 13067
7.055480000000003 13179
8.378316279069763 17019
8.344768333333334 17107
9.084218333333334 18023
8.291668333333329 21137
8.480707777777777 21187
7.135146666666669 29167
7.28219 31071
7.566588888888887 31145
7.415136666666666 38025
6.838489999999999 46117
8.381537647058831 47019
6.597260000000001 48255
6.01838 48383
11.689160833333325 5017
8.129932727272726 6069
8.007004627206044 2070
7.842124444444445 13279
8.177733333333334 13281
8.341986666666667 21115
9.231235000000003 22039
9.595496 28101
8.046409999999996 37115
7.670299166666667 46035
7.116015000000001 46123
4.8717836666666665 8067
6.800183958333333 27035
5.968773333333336 27115
9.250026196581214 31055
8.583322888888892 45055
6.75437 54075
8.007004627206044 2110
8.553115 13197
8.354206666666666 18045
8.048418333333334 20117
8.107599999999998 21175
6.751962564102571 26157
7.593597666666663 27047
9.45824111111111 28097
27.60936099999998 30081
5.3226823333333355 32023
8.76883177777779 37159
8.657286666666664 39009
7.842040588235301 42013
8.066712222222225 46127
9.620271975308649 47113
7.370301428571422 48219
7.7021299999999995 51685
6.114926666666667 8019
9.131013571428573 13285
9.056573939393948 22117
7.959476666666668 27167
6.9102433333333355 30025
8.268360481283393 37183
7.86264222222222 40099
7.1091066666666665 46055
8.94515282051282 48347
9.619177272727281 5115
7.63029916666667 54065
6.36822 8047
8.302846 17045
8.257181333333335 21045
5.112065857142856 26009
7.048680000000003 29129
6.055317777777778 48083
8.808330833333336 51520
8.506777592592593 53035
7.9170125980392045 8013
12.111913333333332 16071
9.47413 21105
7.096208888888888 29011
9.850153333333333 30107
9.037118333333325 39029
8.105717222222218 40091
7.620525555555556 42057
8.732005555555556 47007
6.86895 48045
5.284236999999996 50017
8.014100000000001 56027
8.458458690476192 6075
9.593876499999999 13113
8.335416666666665 13165
8.437713333333331 13259
8.741742222222218 18055
5.888754000000002 23031
8.568461666666668 29181
7.564046666666666 29205
7.053922769230763 36087
8.64852904761905 37059
9.347580000000006 45037
7.440886666666668 46003
8.580282037037025 48245
8.571799444444448 54035
9.786036666666666 56041
9.374028888888883 13169
7.167079166666663 19055
4.814200833333335 23027
8.177170897435904 24003
10.894986666666664 28125
7.632440000000001 29137
10.863908888888894 30067
5.359166250000001 36095
7.822798888888889 37033
8.793418172043003 37035
8.963323972602753 39093
6.76347380952381 48249
7.366231428571427 51149
7.739423333333332 51640
6.118452619047618 8043
8.692443333333332 13141
9.142284166666661 13221
7.948551515151509 13275
8.748908888888888 17047
7.441370833333335 20115
8.185720833333331 21069
5.019221851851852 26101
6.795047916666664 27097
9.264978571428568 28003
7.026747777777776 29085
9.073815333333336 30003
9.26756356589146 31153
7.397939393939398 37061
8.565280666666668 40023
7.024346666666665 46069
7.923170000000001 49047
5.181253666666668 50019
7.999223263888888 6089
8.6769 13263
4.612146 26097
10.504603939393936 28033
7.709226666666671 29053
7.367006666666661 29117
6.713982222222225 37143
8.699506111111102 42051
9.570874000000003 47107
9.79220119047621 47165
6.84185416666666 48135
7.577414285714285 51069
9.350812222222222 1075
8.116678333333335 13287
4.3766336249999975 23021
7.4053987500000025 31111
9.271113611111106 39037
10.0780426876877 39061
8.768777407407407 47029
6.353153333333331 48429
7.2476419607843034 51061
8.913456296296301 56025
10.200833855776295 6065
5.2916796296296305 12075
9.421706666666665 13143
9.67283853333334 21037
8.742748333333331 21061
9.647737777777778 21141
8.35197301587301 22109
10.16268368509214 29189
7.229982 37131
8.461840833333335 39111
7.629465 40073
5.564629999999999 48127
9.627493333333332 5073
12.053857333333337 53001
6.030347222222219 55049
9.494244444444448 13195
9.027003333333335 13227
10.74926111111111 16079
8.687991666666667 17059
7.388781111111113 19121
8.07813111111111 21129
8.578015238095244 21199
7.071174074074073 27041
8.096026666666665 31059
8.27809818181818 31157
7.0177537500000025 35035
7.884704999999999 38099
7.685 48421
7.312372777777773 51005
8.530173333333334 5113
5.711052440476199 12001
7.452997333333334 13001
7.7833029847494375 17097
9.0515825 17185
7.552819722222223 19181
6.6281809523809505 24039
7.439939542483657 25025
6.978704444444443 27157
7.60155285714286 29009
10.334412578616362 29510
9.093871142857147 39099
8.081725362318837 46103
5.401291 48137
9.700155999999998 5027
9.036564583333327 53015
4.937551111111108 55075
9.42563533333333 18011
9.119081851851853 39107
7.758263000000002 48021
6.92087 48087
10.662606078431372 5031
6.917006568627462 12073
7.824173999999998 17149
9.895009658119662 18057
8.71423592592593 21013
9.597464471544702 21117
8.948738115942026 22057
7.91374 30069
6.888599999999999 31113
6.224683333333334 35019
7.044776153846151 38101
7.134918888888895 45029
9.752743333333337 47057
6.3334411111111 55089
5.768318571428572 6063
7.164581435897427 8041
7.872581999999996 13099
8.876480416666668 17027
7.057751428571436 19065
7.480835000000001 19147
8.173223333333334 20141
6.5158463291139315 36071
7.733014128440365 36085
7.059726666666667 38029
8.533454080459771 39085
7.986639444444444 40087
7.14102466666667 40117
7.803959583333329 42097
5.39235777777778 50027
9.26095708333333 13213
9.290448333333332 18159
7.213435 20003
8.489634799382713 26099
10.716636666666666 30097
8.998286190476191 39047
7.701181333333335 40139
6.597249047619045 42015
9.107772888888894 47059
9.033725555555552 47069
7.217865416666667 55093
8.007004627206044 15005
8.858151111111107 1011
9.492728444444447 13059
8.844259000000006 17093
4.712878627450979 23025
11.194453939393936 30013
7.48693527777778 40047
7.443380000000002 45049
10.171343005952352 47093
6.564263333333333 48057
7.968418102564109 51107
8.050842222222222 54085
9.154183333333332 1023
7.367781212121219 24035
5.650935944444443 26133
7.55709854166666 54055
9.959750000000001 13129
7.7060707407407385 17103
8.631680000000001 17159
9.548681587301592 18063
7.720468421052634 19013
7.787873333333337 19093
7.1928888235294 27111
8.281495098039217 37027
6.968540000000003 38085
9.324600277777774 39135
7.682574666666663 48089
6.663812222222224 48193
8.007004627206044 2220
8.466165833333331 17023
8.019010000000003 19149
7.637791666666668 27043
7.916965714285713 27085
8.110235555555555 31095
8.779207037037034 39071
8.864375500000005 39145
6.500936666666664 42023
7.707755333333335 46135
7.708830333333333 48321
7.030225 51007
10.584135673076922 53011
7.011678992248072 55133
5.329726666666667 6051
7.417038518518516 6097
7.268819999999999 8061
8.34142351851852 18039
9.135822166666676 18067
7.526015999999999 19059
7.7061133333333345 20065
7.502296666666668 20119
8.496275654205629 24005
6.1953719047619025 27017
8.035739047619046 27103
6.258215333333334 32019
6.855873333333335 38001
8.854349797979808 39003
8.941111428571423 39053
7.556197499999998 40107
7.47477 46073
6.099644666666668 49041
9.744175026041642 49049
7.181762222222221 51036
8.001731666666666 54017
6.968762192982446 55105
10.847002100456614 1089
8.427924166666664 13273
8.299302666666664 17061
7.562025 20197
9.26490579487181 37071
7.301349047619051 46029
9.347536666666667 47127
8.15780007936509 48041
7.09052833333333 48285
5.905694444444446 48307
10.178339333333334 5019
6.768170476190481 53031
7.385055238095239 54067
8.243615999999987 18141
8.568913333333333 21085
8.397960833333336 21215
7.6066205555555575 27105
8.569516 29219
10.459333333333332 30089
5.2140149122807 33009
6.408858333333332 37137
7.304546666666667 38095
9.35807322916668 39089
8.902694912280701 42005
9.913245476190472 47147
8.183823333333333 48217
8.295490973782771 48491
8.362178888888891 5129
9.325549999999998 5141
8.071648333333334 13037
6.572493333333332 30085
6.863913333333333 31009
7.7532466666666675 31139
6.469298666666666 36123
8.412829159663854 37081
7.067013333333332 38089
8.467565 40061
9.849808750000003 41061
7.340727111111111 42037
6.949146666666665 46121
7.924261666666668 46125
9.642752222222217 47021
8.722828333333332 47087
8.541269166666668 48097
8.875638421052631 48231
5.912023333333334 48431
9.027154252873562 54011
8.183047333333334 54103
8.007004627206044 2185
5.562558666666664 12041
5.227023333333327 12115
7.81683 19009
7.665779999999998 20153
7.644963333333337 31175
6.6285100000000075 36011
8.183308333333327 37193
6.958635714285714 38105
7.940943030303038 54033
7.782067037037036 6005
11.027849487179486 1115
6.801084444444445 17085
7.124692499999999 20111
8.0587 21197
7.415727500000002 27033
5.879162424242424 27061
7.601268666666668 27117
7.577865000000002 27129
9.450715555555556 28019
8.827654666666666 28039
9.417896666666666 28103
8.946718703703707 37109
7.792647311827953 37155
8.89894272727273 39005
9.270158333333322 39023
7.119178888888891 48237
8.229273157894738 48367
9.780277179487184 49043
7.112677777777779 54031
9.891601428571436 56005
9.817625909090909 1077
5.739344875621872 12101
7.161957370892022 13051
9.350989333333333 18029
8.816295999999998 18153
7.713003333333334 20199
6.815376458333336 24047
9.69010518518518 28095
9.86313765432099 28121
8.122911586345392 34017
7.597760833333337 37069
7.611290877192988 38015
8.413838333333334 40095
8.892595555555557 47015
8.740773555555556 47141
7.5608218518518555 51083
12.074072222222217 5117
7.527204444444449 6007
8.765826666666667 13053
7.455818750000001 19017
6.6397499999999985 20049
9.838070000000005 22027
9.224014444444443 22125
7.691409583333337 27015
6.772365555555555 27159
8.218993333333337 27171
9.222653333333334 28077
9.549295238095239 28099
7.538869999999999 29041
7.159148333333335 30005
8.03324518518518 37125
8.959599298245617 39119
7.838259722222225 45027
8.012964444444448 48477
7.066055909090912 55101
8.069782150537632 6025
8.525029444444444 1041
9.556971555555556 1047
8.638491111111108 17199
9.405236464646459 22079
9.727888947368418 28081
7.4028433333333306 29125
7.815905284052005 32003
6.511748222222224 37141
7.416331944444446 42087
8.742872560763898 42101
7.295235555555555 48357
7.029655000000002 51135
5.746000555555555 55031
9.993921555555541 1051
5.452871851851852 12017
8.498488333333334 17069
7.971263333333335 20163
7.895086666666669 31097
7.098876666666665 35045
6.973643333333331 40149
8.15604333333333 48481
8.007004627206044 2100
10.89310766666665 1055
9.475546148148151 13117
7.894151666666667 13155
8.608638333333337 18111
7.829566388888889 19187
6.329558666666669 27135
6.226316666666667 30019
6.568815000000002 37029
7.71568025641026 37189
7.299076666666665 38027
9.144603703703705 47155
10.28889656108597 47157
6.253153333333333 48151
6.937483809523814 48179
5.7739400000000005 48235
6.295555000000001 48333
8.538167777777778 48405
6.923555416666665 51093
7.65810555555556 51197
5.484648333333333 8055
7.6888677777777765 13271
8.311136666666664 17173
8.467717888888892 17179
8.28439333333333 18113
8.68246076923078 26115
7.554450000000002 37079
7.481993666666669 37181
9.09158703703704 39027
7.207383333333331 40093
6.911181666666666 46129
6.220373333333333 48229
8.359151960784294 6061
8.539416648044682 11001
5.098486862745093 12107
7.988957416666662 17161
9.557183333333334 18145
9.330551450094159 22071
6.458613333333335 26121
6.50771 35011
7.386495740740741 35025
7.443292222222222 46115
5.680954938271603 55073
8.007004627206044 2230
8.134143333333334 20201
10.509096363636363 22099
4.795886666666666 27075
7.7024588888888905 27107
8.730148888888888 28005
6.7696533333333315 31091
6.962865221445219 34025
5.967252666666667 35027
8.084126969696966 37171
8.721944166666658 40079
8.186713333333334 47171
8.424890000000008 5143
9.207800512820516 18019
7.855373333333334 20101
11.204823333333332 22121
7.498253030303027 27099
9.212786666666666 30037
6.975773333333333 31005
8.144358333333335 31169
6.558944285714286 32031
7.3168906060606025 45089
5.676226666666667 48413
8.640019999999996 5127
10.154184593023233 53053
10.579135025125623 6019
7.925989285714287 6093
9.033963768115937 13153
8.196409999999997 18087
8.591372000000002 19129
9.04351777777778 21089
7.035643333333337 51049
6.9399516666666665 8073
7.9993235714285715 20161
9.15131888888889 21007
8.483623333333336 21123
9.750565 28087
7.400033137254902 34035
5.79069833333333 35028
7.014201111111112 51125
7.333931666666664 51595
8.787497777777771 54069
7.59268026666666 12113
7.978926666666661 13315
8.222545333333336 21005
8.849345555555558 21041
9.142478333333331 28009
7.2599502941176475 34011
5.2743988888888875 35055
8.70846743589744 39063
7.105705000000002 46007
6.124430000000001 48311
10.556290000000004 5011
6.770372857142854 51199
4.795289999999999 55003
7.1466988888888885 13183
9.646189111111097 13247
8.332078666666671 17041
7.77508416666667 17057
5.7814370370370405 26051
8.438948518518526 31053
5.218095454545456 33003
5.002420833333335 36041
8.545293809523812 37003
10.12442145833334 39017
9.075710000000003 47161
7.978225555555559 48091
9.159556666666667 49051
8.75468277777778 51105
6.4039059999999965 55063
6.071873809523812 55123
8.49102 56045
13.653950833333344 16011
8.431509629629629 17075
7.340515128205129 20125
6.016351272727275 26107
8.217190000000002 31099
5.996489523809526 36083
8.787189230769238 39077
8.100264814814809 39171
7.60629545454545 40137
9.032043333333334 47083
9.504551392564535 48113
5.910556666666667 48261
8.617362500000002 5065
12.105428888888888 5095
6.763300000000001 51091
8.171466666666662 6011
7.886553333333336 8095
8.523575555555558 18025
7.006480606060605 20035
9.272273333333336 21107
7.609538888888888 29055
5.688841333333335 33001
9.081486969696972 39011
8.358062571428597 40143
7.16323166666667 48065
7.552808518518521 48189
7.044143333333332 51175
9.39624466666667 1107
4.221133333333333 12043
9.013256296296294 13009
8.628401097560982 17089
7.745641666666669 19025
8.28342444444444 21051
6.740080000000001 30021
15.128743333333334 30077
8.24080666666667 31131
7.778016666666669 38067
8.820156666666668 41023
9.668107500000001 48315
12.290026666666666 5107
6.653796666666668 51159
4.615548333333333 55037
8.719861296296292 8014
7.633859999999999 13161
8.86213916666667 13193
7.755388666666665 19029
8.580822777777778 21027
7.931541666666663 27143
12.042479649122802 28151
8.150369999999999 29005
7.531878888888887 31003
6.712013739837392 34037
7.495997981220657 42049
7.850392222222222 45005
9.658385333333333 47131
7.548482489959853 51153
7.920898333333336 54013
11.757769029734014 6037
7.48577220125785 6079
7.656493333333332 13075
8.828839999999998 13289
8.661972666666665 17063
7.851969999999998 20187
8.768753492063489 27139
7.3629133333333305 27151
9.298329166666669 28023
9.30009833333333 29031
7.111295555555552 29211
7.151979999999999 30051
8.172141904761906 32007
7.606237692307692 42065
5.197581060606062 44005
8.473821666666666 47175
4.337231481481484 12055
7.323151111111111 13005
9.336280000000002 13207
8.65886375 13261
8.687011666666669 17013
7.709681111111113 19083
9.479235999999998 22043
4.639093703703703 23007
6.798655000000005 27153
10.102094666666664 28051
7.084741666666668 29171
7.421842916666667 29225
7.460736666666667 31087
7.970773333333333 37093
8.61533000000001 37167
6.17691266666667 42105
8.382840952380949 48161
7.191019333333333 51145
6.948031666666667 51620
6.316529999999998 8057
12.034351666666662 16031
7.822925833333345 17111
7.796152499999999 17131
9.314565570175455 17197
8.731128558558558 18157
8.80247222222222 22107
6.305446969696969 26123
8.008140833333336 27013
6.829771666666668 27087
11.036138333333332 28083
8.183757777777778 37075
8.674657777777771 38017
5.721758148148147 4012
10.746874999999998 49029
9.008537777777777 54009
7.458576666666662 8063
8.985971000000001 18043
7.634446666666664 19115
7.693768333333335 20039
8.459859393939395 21093
10.143420444444454 22045
4.993315333333336 25019
7.806270476190474 29007
8.032745 31127
7.812970000000002 31133
7.150680000000007 34027
6.5093175000000025 35057
7.154350833333335 38005
7.5336366666666645 38039
8.938393999999995 47085
8.281925000000001 48313
5.906015 50013
5.277918333333331 55119
5.696840476190478 8029
9.32900166666667 1065
8.2502996969697 1069
4.223357999999997 12085
8.602862666666665 13303
13.829613333333334 16033
14.690232222222221 16085
8.068228000000003 17123
8.111085833333332 21065
7.623370555555555 29175
8.272484761904765 37039
8.738709583333332 39167
7.655896916666663 42107
6.8529133333333325 46089
8.641414999999999 47061
9.309237878787883 47183
6.116212222222223 48163
5.528007916666662 49021
10.533689999999998 49033
11.92766603508773 5119
7.319226666666669 53069
4.833720666666666 55007
8.007004627206044 2020
8.554654444444441 18117
7.736325000000004 19103
7.797978333333334 20069
8.343892717948687 20091
10.238878730158746 28089
8.960693603603602 37025
6.763723548387097 37133
10.029210634920638 41043
6.588901666666668 42113
9.745304444444445 5099
4.924833333333331 55099
6.277648333333333 55121
7.015660775193786 6017
7.399009333333336 6105
8.007004627206044 2060
7.1946090476190525 13029
9.022155714285718 18041
7.753966666666667 20075
9.408828888888888 28155
4.559733030303031 33007
7.599097999999999 38059
12.092756250000004 41045
8.577924705882353 48005
5.773296666666666 48095
7.387301666666668 48111
6.316573333333335 48263
9.071982222222225 5097
11.093389619047613 53063
9.515730999999997 13077
8.089351333333333 17137
8.704879166666668 18073
7.623391666666667 19095
8.206255000000002 21063
4.719356666666666 32009
6.5788116666666685 36107
6.698424444444443 37041
9.265013333333336 39101
6.881656666666665 46021
9.217155454545448 47099
7.314539592875324 26049
9.876266666666666 28043
7.340594999999997 31161
5.948733333333334 32015
6.896021904761899 36013
9.318868214285711 39045
9.341182095238095 39133
7.440901666666664 46077
8.106766666666669 51600
6.820129999999999 55055
10.037901111111115 56043
13.191663333333334 16023
9.025104444444446 21143
7.439264666666668 29141
8.48018633333334 29165
13.59814111111111 30043
8.48502722222222 37007
8.266205357142855 37135
8.006808571428575 37157
8.750434761904767 39073
7.081526666666667 46049
8.582147333333333 48471
9.668782 5057
7.284623333333333 51081
7.094291333333335 51183
9.403399919871802 6013
7.1615623809523825 6015
8.160134250000011 6055
8.064504444444445 1067
9.426339166666667 1119
7.194083333333335 19159
8.324083333333334 21217
8.848918055555561 22115
8.214641833333333 45075
9.50081180048665 48121
8.517659166666666 48351
5.935229333333333 48463
7.800443999999998 5015
4.457786666666666 8111
10.27629333333333 1127
8.861982666666668 1129
4.691718947368419 12015
8.088231666666665 13283
19.38909466666667 16049
13.53985933333333 16053
8.48465666666667 18007
7.68089972222222 19045
9.702539999999997 21075
5.046983333333331 23015
8.53030196078432 29071
6.728213066666651 35049
8.739800833333339 39013
9.211606250000008 39087
7.392754999999999 40105
6.565930277777784 41007
9.309196862745093 47119
7.111229285714285 53045
9.806210882352946 53073
7.35973533333333 54027
8.125316666666667 56011
5.712252000000002 8117
9.584990833333343 13073
7.680099047619049 13087
9.095901111111111 13225
8.46054555555556 20043
8.332996 21097
10.03425784313725 22063
4.494941777777778 26003
8.63536777777778 28021
7.577541944444446 29145
12.465760757575751 30031
7.552926 40035
8.986864637681155 47179
7.69429583333333 48055
9.258631111111109 48063
8.63980030303031 48199
8.255565238095233 51167
8.184467777777774 54095
6.425146388888882 55043
8.801159047619048 6101
5.626806000000003 12019
9.40002 13219
7.641032222222221 17169
8.129608888888887 20131
8.452256666666665 21057
11.065251111111106 28053
7.058693333333338 29217
9.789393703703704 47089
7.75003 48331
9.289679583333333 48449
8.972545555555554 5137
7.857103768115945 51770
7.86285866666665 10003
6.735146111111112 19043
9.647964444444446 21149
9.750576000000004 22065
4.9092504761904765 26109
7.600582222222223 31101
6.890986893667863 36059
7.741739999999998 37005
7.738309999999999 37199
7.181230430107517 42027
6.487907272727275 42115
9.340276470588236 45059
5.526103333333333 48435
5.768783333333334 49001
8.159462592592597 5005
11.939441666666676 5085
8.173287634408606 1003
4.474132035398236 12009
9.855036950354608 13245
9.140417333333328 18047
8.314043333333336 20087
7.816083333333334 20109
10.950489311594199 22033
6.7307525925925935 22075
8.355930263157905 24013
8.320603770491813 24021
6.009524722222218 26063
9.090221111111111 28131
7.407203939393947 29159
16.90069 30023
9.626466666666666 30045
7.832676666666666 31045
6.149777702702695 36065
7.907884761904755 37175
6.914693333333333 38083
6.985475 40009
10.874505 41049
6.024982333333336 48443
11.282143333333336 5043
7.634820952380948 51683
7.798344444444444 54015
6.8570027777777804 6023
10.467308787878789 1121
8.294351851851857 17203
7.997544166666672 19165
5.98640960784314 32005
7.613719166666667 35009
6.770899999999999 38075
7.060966666666671 40039
5.1003788888888835 4025
8.420191458333338 41033
8.399431111111113 45017
9.851635925925926 47001
7.566855333333336 48279
5.637058888888887 12089
9.601527733333326 13151
7.596966666666669 20023
7.543376284153003 26093
7.921651666666667 29139
5.80989157894736 36043
9.483968583333327 39025
8.67113733333334 45039
7.258174999999996 46039
6.877929333333333 48281
6.430298888888891 51103
7.788561666666666 54021
7.955750370370372 54045
5.721248095238098 55001
5.832275238095237 8037
10.345992695035463 1125
6.161955000000001 12129
8.329486666666668 13167
8.459379333333334 13177
6.9425102666666705 13185
7.7227099999999975 13309
11.535181666666668 16029
7.913868843537417 19153
7.872396666666666 20145
9.241666666666665 21091
9.386545277777781 22001
5.933607387387379 37031
6.662588333333335 38011
7.912188888888887 46027
8.733033333333335 47153
8.932517051282046 48181
6.510973333333334 51119
6.7886733333333344 51650
8.039937666666665 53047
11.486117333333329 53059
14.813085 16003
12.13850111111111 16073
8.739534285714278 17077
8.187545555555555 29123
7.330976666666661 40103
8.627028405797102 42063
7.667035555555553 46067
9.216333333333331 47067
6.697562857142859 48025
6.850686666666667 48393
8.351564666666663 48455
6.158800000000004 53049
7.271133333333334 54025
7.044371666666665 26037
8.160395779092715 26125
7.066982500000001 38053
9.984779014084548 39049
8.749587999999996 39067
9.01813312925172 42071
9.702322626262612 45003
7.4322533333333345 46043
7.122243333333331 53019
5.524000833333338 55019
9.645929166666667 1029
9.256021111111112 1105
8.22238346153846 19193
7.766223333333333 20137
8.205623333333333 21109
8.55411871794872 21125
8.377334000000003 21127
6.5383823076923155 26017
6.664596666666668 32027
5.90998035460992 36111
7.290010000000001 37017
8.801925555555558 39105
6.743375238095243 42131
8.141499292929295 45041
5.561936666666667 48385
6.992516097560986 51550
8.340533333333331 54043
5.7026058974359 12081
7.434052323809532 34023
5.667492444444437 36035
5.750918431372551 36115
8.359761666666667 38097
8.771334999999997 39131
7.647405925925925 40133
7.850629583333336 42109
7.499223333333334 46097
6.8772506172839485 48329
4.813347407407406 55029
10.243828333333335 56023
7.53068583333333 6049
6.991450952380955 8039
5.337862769230764 9011
8.007004627206044 2013
9.150160555555553 1111
7.207806060606062 12131
7.547866666666664 20021
7.805378333333332 20047
7.162750416666658 26005
9.39981 28065
7.822377333333329 29037
8.378854187604693 29095
9.284974871794875 45021
9.1805275 47017
7.933600707070717 48167
11.46152444444445 5037
6.390334166666671 51133
9.481248888888903 1081
5.856407777777779 12045
7.823404444444443 13201
7.688220000000002 20135
9.380547777777776 28093
8.12816888888889 31147
9.105637083333335 39075
8.67048925925926 47177
7.098674999999994 48325
8.891970532407392 8031
7.258108666666666 8099
8.152457777777782 1061
6.585723333333333 27095
7.577186666666666 29025
8.874107333333331 29157
7.011236666666666 31149
6.918946666666667 38049
8.83793 41025
7.763158333333335 46087
7.149254444444443 48077
8.635799411764703 48213
11.149682500000006 5053
5.01916333333333 55067
9.475136 1057
5.016960583333342 12109
15.996026836158197 16001
8.350344166666668 17029
6.612411999999994 19191
7.627372222222224 20095
5.442476916666664 26113
9.691309999999998 28035
7.702918333333334 29063
8.266609999999998 30075
8.100286666666673 31151
6.454908837209296 33011
7.75479345679013 34039
6.607462214285723 36067
7.724268888888887 51173
9.122349837398373 6113
9.152419656357386 8001
5.235266999999998 8085
8.007004627206044 15001
9.189555 18115
7.911656666666671 20189
8.571103190476185 20209
7.185188930817606 25017
8.472842564102567 27027
8.431121666666666 28063
8.383066590909097 29047
7.421091249999999 40015
6.566253921568635 41041
9.44473555555555 47003
12.038756666666663 5079
6.45462625 55045
5.384598666666665 55107
8.262226666666665 13081
8.222815714285721 17099
7.748023333333338 19035
8.374262380952386 21001
10.117436060606058 22119
8.587488333333333 28157
8.054813333333335 29003
18.388236666666664 30039
5.756349999999999 48283
5.292321666666669 48377
6.866389999999998 51097
7.10384083333333 51101
6.167954444444442 51131
6.9033316666666655 51181
9.028250698924753 6085
4.830006706827332 12071
10.124098505747115 13089
7.477694666666671 13103
8.892832499999992 13199
14.467601666666663 16075
7.269825000000001 19177
10.007750555555553 22077
5.310137199999999 26001
8.248965666666649 27163
7.592612222222221 27165
7.665350000000003 29135
7.334075555555554 30101
6.775160000000001 51193
9.278136250000001 1093
14.443846666666664 16057
7.182937222222222 17015
8.602894444444443 18069
7.538886666666667 19003
7.921864444444446 19119
7.56194466666667 19183
7.13051 20107
8.236165555555553 21131
5.199095687499999 26055
7.2346333333333295 30017
8.882022777777777 5071
8.04085147342994 8059
4.617605616438358 12021
8.042015925925922 13277
9.747924 18147
8.29673 20143
8.197698333333332 20183
9.730200833333333 28017
9.508105000000002 28123
6.760675833333333 48487
7.480798000000003 51570
6.310265151515151 8045
8.650270000000003 13033
8.567484444444442 13093
8.521608666666665 17191
7.709064242424241 19057
7.461365416666666 19125
5.692086666666667 26127
10.044694166666652 28049
11.579417777777781 28143
7.537313333333331 29097
8.179696666666668 31143
8.693251666666667 47101
7.150372222222222 51011
7.322372222222222 51037
7.496320952380954 51670
7.753302500000001 54091
7.733546666666673 19073
6.8671966666666675 27089
8.235690000000002 31159
7.596088231190838 36081
8.902726190476194 39147
7.468884444444443 40067
8.377083333333339 45025
9.041568787878782 47013
7.801998888888889 48069
9.743817500000004 53043
8.534730555555562 17121
7.600462666666667 20139
11.250860416666674 22017
6.890637469135824 25009
9.235825000000002 28139
8.263112729658818 34007
6.857824067796609 42069
9.572388888888888 47121
6.060609999999997 48427
9.338448888888893 5061
9.017730000000006 53055
11.559654166666668 16013
7.89249846153847 17073
8.37944133333334 21231
9.303044000000005 28057
6.014813333333335 32011
7.525382777777777 35029
8.420075333333335 39125
6.426420238095228 55131
8.260266666666658 1053
6.917005 13229
19.62208888888888 16059
7.639328888888891 19069
7.714146944444445 26059
7.604883333333333 31007
8.278262962962966 40021
7.116041666666667 40059
8.981239333333331 47005
6.627956666666666 48175
9.946628333333342 48203
8.608006190476194 48251
9.016958333333337 56019
8.007004627206044 15003
8.011441666666666 17171
9.485801904761896 18037
6.931633333333333 20017
7.387564444444443 20077
8.212520476190482 21021
7.441303333333333 29061
7.311790000000001 31085
5.811305000000008 36057
8.284573333333334 40001
7.109266666666665 48359
8.41116 48403
6.630272916666661 51073
7.360766666666667 51820
9.123146997792475 6029
10.559414878048782 6071
8.918573999999994 18103
10.030028639455786 18163
7.182076666666663 20133
8.58836333333333 21103
8.438281111111111 21191
8.319092499999998 21203
10.37468 28137
9.961646666666665 29155
7.819014444444447 29173
5.7842611111111095 35039
9.55781765765766 39103
6.462963589743598 41011
8.517092380952379 47133
6.129039999999999 48047
5.880575833333331 48371
8.260274666666668 48457
7.155610000000001 51079
7.151711111111111 51127
9.257205925925927 1017
9.262852222222225 13159
8.463844444444447 18175
7.985954999999995 20051
7.982070000000001 20171
7.278368806584367 26065
5.3444569 26143
12.64778166666668 30047
7.8805085185185195 31119
6.936355024154593 34001
8.376983333333333 45061
6.137146666666668 48335
6.471703333333333 48475
7.80269785185186 19113
6.525809999999997 27057
8.973225555555558 28147
8.355646969696974 29187
5.920706933333329 36045
6.110012266666663 36091
8.627467156862744 37057
7.295978333333339 37083
6.940106666666666 38041
8.214870701754384 42077
9.05813285714286 45047
8.810089166666668 47041
8.698596666666667 48119
9.565644444444443 48365
8.906495000000001 48387
6.145806666666664 49019
7.557801111111111 51043
8.056207777777777 54049
5.145040333333335 55083
7.346913333333333 8017
8.302321999999998 17105
7.607782857142855 19123
7.476990000000001 19195
7.9675583333333355 20041
9.012364999999999 39117
8.907620888888896 39143
8.046016666666665 42111
8.778130952380952 45057
8.435831884057977 45085
7.516280000000004 46013
8.590535185185182 1005
7.259582222222221 13003
8.378753333333334 13239
7.84569566666666 19169
8.979718666666667 22003
7.453113055555559 27067
5.748023333333333 27077
9.458306666666667 28061
8.161768095238093 37165
6.600825555555553 49027
7.833207333333336 51775
8.007004627206044 2188
8.007004627206044 15009
8.8239575 17127
7.433357222222229 19019
8.36542238095238 21043
9.943363809523806 22031
6.8997866666666665 31117
7.8743361988304255 34005
7.8150052605703335 36005
8.521224848484854 40145
7.287451282051293 40147
5.688241007751929 4015
13.40037944444447 41017
6.487642666666664 55011
5.855558888888887 55013
6.8239800000000015 8011
7.478938888888889 19001
7.924266666666668 20071
10.21916166666667 22111
9.352892 28159
7.219425000000001 37185
7.324742222222225 40007
7.031965 48295
6.442323333333333 48391
6.206621666666664 48411
6.242753888888891 8119
5.872140229885055 9013
8.007004627206044 2050
6.221893333333332 12077
8.140374444444449 13043
7.243602222222223 19131
8.04162111111111 19145
8.407559999999995 20103
7.742068333333333 20181
9.373573333333335 28127
7.814381250000001 29091
8.765651666666667 39115
8.986109475655434 45079
6.60136611111111 48299
7.166836666666668 51530
7.637118787878783 51660
7.896784999999999 13007
5.763483000000002 13039
9.840673888888888 13055
8.817765555555553 13269
12.89707666666666 16077
7.641062727272728 19111
8.616594999999982 21067
8.982992722513085 21111
6.853236666666666 30071
7.664356363636365 37163
7.433396666666665 46057
7.194671481481486 48363
5.026634666666667 50005
7.312263333333334 51033
9.552141759259284 6001
5.002340952380957 8083
6.987230880503142 10005
8.441089523809527 1031
9.350201666666663 1091
9.146344992412676 17031
7.731988666666664 19197
10.037486666666668 29143
7.659848095238091 31047
6.2292066666666654 35051
6.5614336363636205 36007
7.266276166666663 42033
6.850176666666667 46105
9.46025166666667 47117
5.743475925925927 48323
6.354998888888887 13025
8.912475238095238 13133
9.601114666666668 13147
8.4577 20123
7.493763333333331 24023
6.982439230769227 26067
6.204696999999997 27007
7.691525333333334 27161
7.334029861111105 36055
5.3909127272727275 55115
4.717269999999997 12051
6.415180666666668 19005
7.256063333333334 20025
7.309180303030306 20037
4.385365000000001 27031
8.579503828828834 31109
6.8797467999999995 36069
6.422646 36097
6.173616666666667 37177
8.756054814814819 39015
6.998574999999998 40065
8.146400769230773 40121
8.760978387096767 42075
10.62116 5039
7.717660252525271 51760
7.988336444444449 54037
6.062127999999993 55087
6.303143333333337 8077
3.8123511888888864 12087
9.239225015432101 17043
9.171639333333333 18139
7.149377222222223 19097
9.334497500000001 21233
4.451033472222228 23003
4.713229499999996 26089
7.176685833333332 27121
7.428670000000003 29229
8.164005555555558 31021
6.863656666666667 38051
7.269303888888886 38093
7.401361428571426 48149
8.175711836734688 5007
7.693028999999998 51067
6.9163557142857135 54083
5.940394552845529 55139
5.6392799999999985 8093
8.007004627206044 2240
8.196905999999997 13241
8.726314880952383 18167
8.521154285714287 21209
7.291738000000005 29115
6.214262941176471 35031
6.329274166666658 36023
7.0459912820512836 37047
7.830615333333335 47091
6.930975596707815 51710
6.669347777777778 51735
7.426629999999998 54063
9.264771333333332 13211
13.850340793650785 16019
9.78427787878787 18081
10.29670166666665 22073
8.055239005847955 24025
7.444433333333333 29203
7.543315633333334 34031
8.731707142857145 39065
7.308433333333335 51630
5.891525185185186 55081
12.139932666666668 56013
7.664758666666665 13267
8.36165190476191 17051
7.930556153846163 27131
8.602898333333334 28037
7.135203333333333 30011
6.909383333333334 30033
18.027040999999997 30063
7.560946153846163 34019
5.394145714285718 35006
7.365570520833325 37147
7.249674999999999 46059
6.372567777777782 48049
7.121193043478262 48469
8.69959111111111 18021
7.892965 20185
4.6548173188405855 23019
8.274772799999996 26161
9.273114999999999 28069
9.036557499999999 28153
9.940159479166674 30111
7.09114833333333 40025
4.678368214285718 4005
7.166534999999998 46071
6.913994444444445 48107
6.431681666666666 48275
6.748146666666663 49015
8.225344210526323 51510
16.478762083333333 53017
11.201211666666664 53071
5.773501428571426 55057
7.939011249999999 8087
7.073683333333334 12039
7.999444166666668 20149
10.539364999999998 22007
7.0853525 27059
7.334226444444434 45015
7.015813333333337 48177
7.3570899999999995 48425
10.32931333333333 5013
9.253961111111115 1063
7.607783000000001 17109
9.422710833333335 18125
8.122136666666668 20027
8.99369888888889 21033
8.347125 21049
11.131446818181812 22015
9.650444358974362 22089
6.922351564102565 25021
7.195779722222228 26087
7.312082962962964 29169
8.304415740740735 37023
9.769113247863238 47125
5.46936629629629 50025
7.671458666666663 51840
5.54160343915344 12083
8.659005 18009
8.593906111111115 18049
8.806017708333327 18053
7.479820303030303 19179
8.224806666666664 29087
7.993906666666665 31125
7.352673333333332 38031
8.958144666666662 47129
8.581804 47151
5.798343137254895 55141
9.545803741496584 6047
12.803865555555555 16043
7.5897423809523765 17067
8.042485277777786 20055
8.531896666666666 30015
6.170103124999994 36053
9.452360729613762 37119
6.956794262820507 42079
8.843759444444446 47081
5.65244333333333 48327
6.28095266666667 48489
5.849565 55047
5.17410066666667 55069
5.156498333333332 55113
8.887847777777777 1025
8.809389999999999 13301
9.761909074074076 13313
8.902218181818185 18017
6.735005666666667 27169
11.115664999999996 28135
8.724419999999999 30065
8.284298888888891 31081
5.671313888888889 35053
8.569422307692314 37161
7.9597721739130405 42039
8.775925333333339 42085
7.019642083333333 48053
9.059456111111114 48419
4.40952 8053
13.64332722222223 16065
12.37023333333333 16081
8.442212222222224 17035
8.52077238993711 17167
8.09872111111111 20085
8.272116666666667 20105
8.064314999999999 21237
7.442854036458338 26081
7.609002222222224 27093
9.816029333333331 28025
8.134125555555554 40077
6.333283333333335 48103
7.2390395495495525 48485
5.8499282539682484 49053
5.919570925925924 55009
7.773009583333326 29027
6.822563333333335 31075
6.319713030303031 37019
8.149996783216777 42017
8.007004627206044 2105
9.260750833333331 1085
8.973095897435895 18065
8.669508666666667 22029
12.419803809523808 28027
9.04326999999999 29023
7.7104320111731885 34003
6.528561499999995 45013
9.013591481481482 47051
11.059535166666665 5035
6.93748797619048 51800
6.034763888888889 55021
6.577641666666665 55091
7.921860000000004 20061
9.473852 28079
7.818475833333337 29177
7.815614999999999 31179
7.868811982570799 35001
7.907946666666667 37111
8.036134333333342 42099
7.085381666666665 45053
7.550918333333338 46019
9.043193333333337 47077
9.104667222222224 47115
6.267799000000002 55035
8.932431117533724 6111
8.723146249999994 13137
9.182138888888886 13149
8.417508333333336 17025
8.698525000000002 17145
4.845585266666671 26019
7.7968199999999985 29035
8.200181904761907 31141
9.442003714285718 39057
10.476043974358973 41067
6.890429333333336 48273
8.753050000000002 48277
9.904956111111112 5021
7.367144444444445 51790
4.614965000000002 8021
8.021890958904095 8069
8.363301111111113 39039
8.81372142857143 39079
9.781368345679029 39153
6.941402222222224 40075
7.0134533333333335 48079
5.882176666666666 48109
8.729090833333334 48407
8.560052592592593 54051
6.285505666666663 55027
8.022368888888888 13091
9.854874277777764 17163
9.038747777777777 18155
7.606868888888887 19151
7.854447999999997 29051
10.092041019900563 42003
8.814228750000005 45071
7.16664 48445
8.190539523809527 51027
7.611457333333336 54041
5.087070000000001 8015
8.479410000000003 1099
8.706903333333333 13265
4.585222999999997 26061
10.119031333333332 29069
7.6722116666666675 29153
13.311621666666666 30061
6.8937300000000015 35037
6.230570476190479 37053
7.3711216666666655 38019
9.72513609523809 39041
9.934101414141416 39165
7.784185396825389 40037
9.656675603864734 45083
8.189072619047607 46099
8.782796666666671 47181
7.3810777192982515 48099
6.42578666666667 48133
10.958956051738767 48201
11.920557777777757 49011
7.130589333333334 51025
9.755470833333332 56037
6.3005070370370415 6035
6.863333333333332 8025
7.703202222222222 13253
8.915962380952381 18077
8.777962500000001 21055
8.957161666666662 22101
8.149394137931031 40017
9.590746219512209 47065
7.6964722058823405 48303
8.375295098039214 48309
6.867000606060606 51095
8.756887878787882 54099
9.643851515151514 1071
9.022264 13189
9.031119999999996 13257
8.621550000000003 18131
5.726995454545455 23005
5.7519975466666695 25005
5.0204430256410255 26029
7.920430555555553 27079
6.297482400000001 33017
7.770573315789447 36047
7.021134666666669 37091
8.19228242424242 37153
5.462303229166671 4003
8.868981851851855 40135
7.756096666666665 42009
7.976964999999998 45009
8.939862727272736 45023
6.403313333333332 48269
7.3550925 54001
8.133496666666666 54059
7.7219566666666655 12059
10.115615 13115
7.413560000000002 27155
9.714177017543856 28075
9.03263 28085
15.307692916666669 30093
6.519133333333332 35021
7.7163066666666635 38003
6.679959166666668 38079
8.290515000000005 40005
7.747763333333334 42093
9.100805666666671 53041
6.7828633333333315 8089
7.541238888888888 13019
8.333397777777776 13023
8.285159305555561 17183
7.312031666666668 20007
8.36821583333333 20029
6.257285111111112 26073
7.371302222222219 27101
7.490092222222222 31107
6.521021746031749 36009
8.16405 37043
8.911948333333328 39031
7.561075238095245 40081
8.099951666666664 41037
7.96995388888889 45033
6.91722333333333 48305
9.30110333333333 48343
7.2290783333333355 48501
6.8755533333333325 51017
11.849560613496939 1073
7.464262857142852 17007
8.176877500000005 18091
7.350692777777779 29105
6.77979636363636 37013
8.061807222222214 38035
6.836644791666666 48409
8.822900333333333 48467
9.241561666666668 48473
9.861798095238091 5023
9.314283333333334 5131
9.112546100628931 13215
9.687346939890745 17119
7.2955016666666666 19175
8.087273333333332 21011
8.920046190476183 21185
5.2835600666666656 26039
7.416172777777775 27127
8.975969166666669 28113
7.483339999999999 29075
8.738628333333336 30027
8.210406666666668 31043
6.2087833333333355 32001
7.336735333333335 36037
9.204796666666669 41069
8.392690833333338 45031
9.63778857142855 47149
5.099525 55078
7.457312097378273 6083
5.774101944444443 9007
7.761893333333332 19161
8.021793333333333 21165
4.430326777777778 26095
6.409257333333336 27055
7.406376296296295 29101
7.333329999999999 29103
8.874006190476184 39019
7.729402666666666 40063
6.690402083333338 41057
8.401558333333337 48241
5.232580877192984 50023
9.703595833333331 5091
10.900960000000001 53023
9.761640000000005 56003
10.239091111111112 1019
8.807023333333332 13125
8.29418722222222 13291
8.436816388888897 18099
9.195292666666665 18123
7.595720476190478 19011
7.667534166666668 20121
7.918586666666668 20193
9.857186666666669 22049
7.582999658119672 26025
7.741173333333336 40083
8.322169999999998 47137
9.041335555555557 48159
7.188569444444445 48259
7.542900526315788 51680
6.929176666666665 8009
7.931711333333336 17017
10.061740303030303 22095
7.228172619047616 26045
9.16325111111111 28029
8.62154261904762 28059
7.565756666666668 29111
8.087795000000002 30073
5.535303809523806 36033
6.671249999999999 38007
6.8939 48483
7.678397 19127
8.462237499999997 21087
11.085907142857144 22005
5.450387500000004 23001
7.731935672514626 26077
7.206394444444446 29059
7.769514999999994 29213
8.227664999999998 31185
8.103940370370367 37113
8.469074761904764 37197
7.610546296296293 40115
10.477346954022988 41047
8.26645214285715 42021
7.321876666666666 46015
7.235633333333332 46017
7.119166666666668 46045
6.718649166666669 48143
8.484441697247684 48453
12.234856282051295 49005
9.573412424242422 49045
9.069211666666666 5083
11.80633333333333 5123
9.430903888888887 5149
5.500665333333333 55129
5.290656666666668 12029
9.853806253687335 13135
7.364829166666668 20099
5.260637296296298 26007
6.927716666666667 27069
8.850343333333326 29186
7.170531666666667 29197
8.166715555555557 31121
7.648074666666662 37011
8.317165357142857 37151
8.060573333333334 38077
8.608833333333331 40013
8.948680270270266 45063
6.008253333333332 48081
5.301538333333336 8065
6.6108195833333365 8107
8.325561428571426 1045
9.339167777777776 13035
12.47098952380953 16083
7.215613333333334 19051
6.836929999999996 19089
8.140767619047617 21025
8.336184210526321 21151
8.130641666666666 21189
9.187018333333329 21225
8.86700240310078 22103
8.73536842105263 27019
8.784030476190477 29113
7.905052666666665 29221
7.0880166666666655 31015
6.554568333333329 36015
8.334114444444442 37123
8.297697212643692 42029
5.50691878787879 44001
6.8433 48191
6.214390000000001 48461
11.399243191823933 49035
8.17750333333333 56015
5.674408333333333 13049
6.875923333333333 13173
9.30838111111111 21039
8.378491111111115 21053
8.144777222222219 21173
10.016794444444448 22083
7.475540909090909 29029
8.042758333333332 31093
7.2013539999999985 35041
8.282782580645161 40027
9.049106949152547 42125
6.598331904761906 45043
10.110830555555555 5103
8.394222222222224 51610
8.108054282700413 6081
7.592048333333333 17009
7.600317777777778 19109
6.6215322222222195 20073
6.387760666666666 4027
7.349861818181815 48493
4.796982222222223 50009
12.458064166666675 5001
10.571758571428575 5059
7.131877333333334 51147
7.718643333333331 51185
5.254773266666665 26079
9.448705000000007 29099
8.05930333333334 34015
6.129037916666664 35017
7.080777777777778 38061
6.276275555555554 48059
6.313375833333335 48415
11.955714722222215 5069
5.978959696969698 55015
6.306640555555555 55023
5.491925833333332 12007
4.260815378787876 12111
8.357497777777784 21017
7.523199333333333 27039
9.341970613154967 27053
7.428792222222224 29045
8.076505555555554 31037
6.50147 38087
9.291245897435894 39129
5.147069000000002 4023
9.364880854700846 47163
6.125647333333331 48389
12.311896666666659 49003
9.479119166666667 1027
5.60563813706564 12086
8.74689733333333 17181
7.733271851851851 17195
7.576210666666671 19087
11.215322857142855 22047
9.407906111111116 28007
7.714590952380954 29043
8.08587496527776 36061
9.065094 39021
7.576185000000004 40031
8.572562222222219 48073
6.84837 48197
12.228873999999998 5041
7.283490740740738 51179
9.723614285714282 1133
9.128882222222217 13079
6.802628333333335 16021
8.280104814814816 18033
9.034207222222227 18137
7.5801466666666695 19031
9.327935555555554 22021
6.282446666666666 30091
10.350281111111112 30099
7.044920416666668 48013
6.438693333333335 48023
8.848428148148148 48223
6.632489166666664 48503
12.075685555555555 53039
7.503488222222215 6033
8.696140000000003 13163
9.845172456140345 13223
9.24104333333333 18031
8.836842999999998 18071
7.112420833333333 19037
5.1084651612903205 23011
7.406102222222223 38021
4.974677291666668 4001
7.741181666666666 40125
9.354842674418613 41039
8.947091111111114 45065
9.159812222222218 45073
10.082202333333331 47105
7.0433842477876105 48215
7.267136666666668 51075
8.27859256410256 51191
6.353893920634898 9001
8.240706 1035
5.817782500000002 12123
8.030000158730166 17037
8.22584310077519 20177
7.279701666666664 22023
4.54277948717949 23029
7.438313000000006 29161
6.813690833333337 30083
6.284839999999999 30105
8.052676666666663 31067
6.5751311111111095 37187
5.73313333333333 48247
7.902226666666666 49013
12.062816666666667 5077
17.154792142857136 53007
5.921035333333332 55103
8.007004627206044 2282
5.331658699186981 12097
9.960690909090916 18173
8.785185000000006 21171
7.735224999999999 31027
7.473293333333333 31105
6.024569999999998 36017
8.724648888888886 39163
9.180013333333335 47143
7.5609091666666695 48117
6.54912 48169
5.684431967213117 48479
7.492407840375585 51041
7.825996666666663 51750
7.723885833333336 54047
10.389976790123452 6031
8.007004627206044 2198
10.765939032258066 1015
8.809975833333338 1131
9.74799564102564 13057
9.216962666666666 13105
8.503675238095237 18149
8.820522857142858 22053
6.931318095238085 26145
8.126076666666668 30103
6.763844999999999 31031
7.691385263157889 37195
6.407057222222232 42103
7.710794444444445 46079
9.075184999999998 47031
9.31411545454545 47047
6.381316666666668 51115
7.868781999999998 51690
9.240002222222222 13171
7.669193333333334 20083
7.782915555555558 27133
6.071296976744189 36093
7.840430666666666 40111
11.646653500000014 41005
10.438961111111114 41063
7.120136666666665 46053
7.127493333333331 46085
8.115640833333332 54087
9.49951959064331 1097
8.899379000000003 19155
8.219193333333335 21167
9.169376190476186 21183
7.451518000000001 24029
9.720899166666667 29133
6.294599957805908 36027
8.554054516129048 37067
10.767863333333327 41031
7.699333333333333 46047
7.855926666666665 46101
6.182891333333333 48007
7.267342592592594 51171
11.025706410256404 5145
10.184020244444431 53061
10.888412000000002 56029
6.773110000000001 20019
9.188104444444443 22009
7.889779999999999 31083
5.535632000000002 36039
8.978760833333341 47111
5.603035000000001 48267
10.70892399999999 5067
10.882247619047625 5111
7.518811666666667 56031
12.624263333333326 56039
7.628264814814811 13069
6.131203333333333 13101
9.049484666666663 13237
8.473417745098036 17115
8.329179166666664 17139
7.765976 17187
8.424306666666672 21095
8.863236666666669 22025
9.62782999999999 28071
7.8589752698412685 34013
7.635979444444445 37009
7.585860000000001 38081
7.959979600000008 39007
6.918799411764716 45019
6.988076666666667 46119
8.434294583333328 17135
8.805181904761907 18075
8.313665555555557 20157
8.381115454545453 21073
8.226598750000003 21193
5.486503851851849 26069
9.147989629629636 28109
9.354577886178859 35013
8.895996590909089 37097
8.019614950980383 42095
8.347462222222223 45011
7.6784300000000005 46061
9.876123728813539 48339
7.410648333333335 51580
5.529824266666662 9015
10.66940222222221 1043
11.108707083333343 1117
7.170914333333332 24041
8.131069275362323 26091
8.920119136612058 26163
7.339925833333335 31041
8.08759666666667 31181
6.556706666666667 38023
9.194730999999996 39149
6.280843333333334 48417
9.205750769230773 1113
8.963210476190474 18015
8.321711666666667 20089
7.720585999999998 20175
7.747098888888891 31013
7.07588 31115
6.867014400000009 34029
8.19544743589743 37037
7.9032452083333355 37087
6.917551666666668 40045
7.735229629629629 40049
4.886010860215058 4017
8.604633949447086 42091
9.458915434782615 45091
8.424858888888885 48015
6.854008888888891 51057
10.043546999999998 5139
9.497828840579704 6039
7.633926666666664 6103
8.091310606060603 6109
7.088184444444443 19053
8.379631333333332 21161
4.545491888888887 26153
9.334277333333334 28117
5.819510476190476 35047
6.306903803596123 4019
8.436257627118641 51013
8.342196666666666 51720
5.207304047619037 12069
8.411591666666668 20005
8.270744999999996 21135
10.96898888888889 22123
6.762350784313719 24037
8.637125999999972 24510
5.771522 26011
4.939275958333332 26047
7.480435 27023
8.821628210526322 27037
8.143337777777777 31023
7.034637037037043 35061
6.296880574712644 36075
8.09626833333333 40029
8.432046666666665 40101
5.096826666666668 49025
10.114479666666668 5051
8.03937857142857 54003
7.240307272727267 55127
9.358071111111112 1059
8.48266333333333 13111
8.333225384615393 13175
10.118486666666664 22081
9.06020294403893 27123
9.619160126582265 29183
6.456251754385959 36079
9.069267681159424 39081
8.992944424242424 39155
7.4898519047619025 48035
9.4266204347826 48141
7.009685000000001 48153
7.440173333333334 48437
8.323934242424238 51195
8.897550555555558 54053
7.571512083333328 54077
7.269087619047618 55109
8.386316428571439 6115
8.007004627206044 46102
11.07117296296296 1103
5.46931833333333 12037
7.902297333333332 19047
7.9214906802720915 26147
6.797871666666663 27045
7.29766277777778 30041
8.586455333333335 31177
6.889011818181813 36121
8.198338809523804 40131
10.298726666666665 41021
7.288025641025637 51015
10.927176725440795 53033
9.08007791666666 54029
10.198867761437906 13121
8.546036666666664 16017
8.097211666666665 20067
8.342097777777777 21159
8.616238888888889 21169
5.287218630952377 25001
6.609466923076923 26117
8.04338333333333 29163
6.696663333333333 30109
7.987782222222221 31137
5.406058999999999 50001
7.935135000000001 5087
9.106303333333333 5133
7.414113333333334 51730
5.817254333333336 55005
4.652575833333332 55041
9.86899 1007
8.592310833333332 17005
7.993060000000001 20081
9.563101578947375 21047
9.762517826086963 21059
7.363367407407403 27009
9.677534444444445 28115
5.301161111111112 32033
8.440422380952379 39069
8.05209363636363 41019
9.162136547619044 42073
6.8633266666666675 48115
8.91534333333333 48257
8.069092666666664 48395
7.1372360000000015 51137
13.332342333333337 53075
8.812728666666672 54079
7.714744999999997 8125
5.668266601731601 12105
8.692818148148152 18107
7.739134166666669 19141
8.036528333333335 20053
5.678174273504276 25003
9.853173846153847 45007
8.852673333333337 48379
8.007004627206044 2195
7.671235555555555 19021
7.253110666666665 19067
9.619821666666667 21213
6.014103333333333 27001
7.848331904761905 37145
8.897792834645655 39095
7.110740000000001 40153
11.262047777777775 41059
5.367224700854707 44003
8.100147351421173 51059
7.737674000000009 51155
7.257252111111108 51177
8.315924999999996 54073
10.375292222222223 28107
7.117134999999998 29015
8.09521583333333 32013
7.475466666666667 38065
7.010361111111111 40043
8.23951777777778 40127
8.498314421768727 42041
6.796767179487184 42123
9.63039592592593 47103
8.961704666666664 47159
10.697707142857139 5003
7.604194374999994 51019
7.570888333333334 51021
7.390896166666668 8081
7.908357777777774 13031
9.877730833333331 13097
8.755023750000001 18181
7.804584666666668 19079
4.484859999999999 26013
6.341448888888888 27029
7.4550350000000005 29179
7.640453333333335 31029
7.088042083333336 51047
12.556513333333339 53003
8.14202569444445 54061
4.757785333333333 55125
6.9765114545454665 8101
5.812291944444447 12023
7.742943568075132 12033
7.823937222222226 13131
8.510068 13311
7.393327999999997 19105
8.588993703703698 21029
4.793579047619048 26043
5.536259333333333 33019
8.11887119047618 37021
8.34582526970952 40109
8.007004627206044 2261
7.701482222222223 13109
9.049770740740747 21035
9.02850333333333 22091
6.66947166666667 26151
5.35977566666667 26165
8.989419999999997 28111
7.926625555555556 29149
8.491895333333327 31155
6.299234358974361 36003
6.876770444444444 36051
11.459793235867474 41051
5.571853333333333 48505
7.955406666666666 54005
5.623542631578949 55071
8.02177866666667 13205
7.553748181818187 19033
9.08962333333333 21221
6.425528947368418 26111
6.7029406666666675 27113
9.776107719298249 30029
6.32938166666666 36101
7.396257333333331 37107
8.584616666666669 39043
8.901140833333331 39083
9.2900575 39097
9.774528333333334 47095
6.580956666666666 48155
11.39959305841918 6059
9.412609166666666 13083
7.646544166666667 19081
7.716848333333335 19091
7.712370370370367 19099
7.165037692307696 20015
7.771788333333332 20063
7.967743333333333 20147
6.561939579288031 25013
5.236799166666669 27071
7.338860000000003 29065
6.741840000000001 31171
6.694526666666666 38033
9.651232162162184 47187
7.269883333333328 51117
4.624169999999997 8109
8.007004627206044 2016
10.60973037037037 1009
7.02774 13305
8.462875 17049
8.523645897435891 17117
8.234956666666667 21201
4.634672083333333 26103
9.063344166666663 28141
7.746886666666666 29093
13.745061666666663 30049
8.232396363636365 31019
7.667319999999999 31073
5.511663333333334 32021
5.446613333333333 35033
9.557591937984533 39151
8.178616666666667 40097
9.1552300840336 48439
6.985634999999999 51029
7.527185555555559 51063
7.133091333333335 19007
7.030000925925921 24009
7.865641666666664 29049
7.695617204301072 29077
6.778592222222221 38009
8.97331882352941 39141
10.309732916666663 41065
9.05548666666666 45087
6.8371066666666644 48009
6.825791333333329 48123
10.258419166666668 5093
8.007004627206044 2164
5.940488092485565 12031
13.127783333333333 16015
8.337197777777776 19071
7.658959166666666 19075
7.1242283333333365 19117
8.496866666666667 21147
8.445844074074074 21211
10.747195555555553 22035
7.745640869565233 24001
8.531014074074077 28001
10.157721111111114 30095
5.252529999999999 32017
7.332573333333334 38071
7.841621666666663 40123
10.060599999999999 41055
6.888044814814814 42047
8.403147407407404 42059
8.868023333333337 47071
9.535492037037034 48037
8.811853870967747 48139
7.178596666666669 51109
8.007004627206044 2290
9.01127476190476 13293
8.44912592592592 17165
8.737847916666668 18169
8.891022 21009
10.439324418604652 22055
6.602750999999996 26057
7.328491666666666 30035
6.086738888888892 33013
5.47088 36049
8.487027814814804 42011
7.756263888888887 46011
7.318733333333333 46023
7.744161333333336 46093
10.264348333333336 5029
10.213086666666662 5105
7.195538750000003 51187
10.699974259259259 1095
7.09326 31103
8.347835388888905 37063
7.737713333333334 38091
8.588712592592591 41003
6.49201 48125
6.387156666666668 48301
5.801403333333334 49055
9.095012121212122 5033
4.972384999999999 8003
5.613823333333332 8071
6.044927142857147 12121
8.671556944444452 17055
8.878159111111115 18035
9.204847037037048 21083
6.219268666666665 25023
7.854999999999998 31051
7.679200833333343 35005
8.700902000000005 41009
9.197970666666665 47043
9.165776666666668 47169
6.4496466666666645 48227
7.660797187500008 51087
11.52512 5147
7.324753333333329 51540
7.640720666666669 6009
9.327644444444445 6043
12.05718833333333 16009
8.81727866666666 18143
8.443880833333331 21239
4.813267254901961 23009
7.594773157894737 26075
11.59311888888889 28119
7.77488 31123
7.942311066666675 37101
6.952043333333336 37117
8.891390634920631 39055
6.995973333333333 46107
8.753073333333331 47139
9.857180833333341 5063
6.861909015151525 51700
7.384255714285715 12133
8.857615555555556 13319
8.751263333333336 18127
7.587224444444446 27091
7.3620222222222225 27149
7.246091666666667 29199
7.8076244444444445 38073
8.937787948717945 39033
7.238746666666668 40053
8.719718410256423 42043
5.119200357142848 44009
5.932677000000001 48105
6.909550000000001 48129
7.767993333333334 48337
9.254000000000001 48423
7.605643333333334 51071
9.387093333333333 5109
7.015780000000002 51113
7.7866539583333285 51121
6.985054444444443 54023
9.456818262411348 6099
10.84855041666666 1083
6.202095000000003 13065
8.531852222222224 17079
8.64026537634409 18105
7.166804444444444 19039
10.081719333333332 22013
7.484735238095241 29109
8.10929538461539 37105
8.50880897435898 39123
7.233407333333333 40011
10.242625925925921 5055
8.476037499999999 17087
9.284613333333334 18095
8.269220666666666 19085
8.195354166666668 21153
9.360858518518526 21177
7.338899166666666 29215
8.32962316666668 41035
6.422065333333338 48171
7.709380689655167 48381
7.653434166666666 51141
7.400320107526883 6053
7.3452850000000005 8121
8.007004627206044 2090
4.062335999999996 12061
7.283081333333332 13027
8.215794999999998 13243
9.310190277777776 13255
13.257563333333335 16063
8.050016666666668 19133
7.690143333333334 20129
7.323060606060605 26015
7.511103333333332 27049
7.354429999999998 27051
8.022696666666668 31173
7.102799999999999 46051
6.798485000000003 48003
8.926390718954258 48039
4.795652222222223 55051
7.568233666666668 56001
7.6422044444444435 8075
9.611260303030297 13157
8.279693999999997 17053
7.673801111111109 17071
7.296329090909097 17201
8.002772941176476 20155
6.279868042635663 25027
6.6925 30079
5.63592350877193 36019
7.8080455508474405 36029
6.917334166666663 37015
7.914924333333336 40051
7.645659333333333 42067
5.522204444444442 48043
5.280392499999995 49037
8.25608833333334 51051
8.952290952380954 53067
5.819583333333332 12067
8.256891999999993 13321
7.782181111111108 20151
9.34928393939394 21015
8.245558541666659 24043
8.009999019607841 26149
7.26876755555555 26159
7.095023333333334 29057
8.409164444444446 39051
8.962732777777772 39175
7.2638945454545425 40113
8.659341666666666 47135
8.011741666666667 48145
6.734721666666666 48317
7.136753333333332 51111
9.008966333333328 53057
7.502998888888888 54007
15.555277356321849 16027
7.04991 19185
8.342539000000002 21071
5.854414027777778 36105
7.994397037037032 37099
6.650291000000005 37139
7.3322400000000005 46075
9.540582777777777 47075
5.370946666666668 48243
6.52041111111111 48253
7.732447222222228 54019
5.884409487179489 55111
7.6215566120218545 8035
5.663271400966196 12095
9.446357450980399 13045
6.666382962962957 13299
9.25521476190476 18027
8.461597222222217 18061
8.007831111111111 20159
9.663752105263168 22097
5.492646416666667 26085
7.891763636363633 27141
9.710565952380952 28067
7.601643030303029 34021
7.466141960784318 40119
8.607681111111113 47185
6.751954666666664 48019
7.891853384615392 48027
5.840751266666669 48465
5.509223333333333 49031
8.880735555555558 5047
7.160246000000001 51139
5.859693809523814 53009
4.6577633333333335 8105
9.058976450216441 8123
8.555712500000004 13187
11.734495000000004 16041
7.740389333333327 20059
7.591903333333335 20097
8.26360166666667 21155
7.702007777777778 29089
12.655334444444444 30057
7.701513333333333 31077
7.4913402777777796 42061
8.748140000000003 45081
8.315643888888891 48071
7.65352 48369
6.703982121212111 51810
8.09322166666667 6021
5.169812622345345 12011
4.820291666666669 12049
5.43190647286822 12117
7.918481489361696 19163
8.41178 21023
8.907954074074063 28047
9.84830222222222 28161
15.468648888888891 30001
7.599903333333335 31033
6.634085707070696 33015
6.703957500000002 34009
7.309246071428565 35043
6.873220000000001 38047
9.505616249999996 39169
8.34085623188405 42001
6.867819624413135 45051
9.066752222222227 47023
8.233646420765051 48029
11.173341945773535 6073
4.742196666666667 8091
5.419373333333332 8097
8.007004627206044 15007
8.917168333333333 13181
18.875688333333333 16035
8.536058333333333 21121
8.945770000000003 22085
7.503210555555565 26021
4.513025555555554 26131
8.56966369477911 27003
7.324069999999998 27083
6.8887588888888915 29185
9.451920653594762 42007
7.167980000000002 46109
7.064966666666665 48239
7.450588245614035 51165
5.9691981818181805 55017
5.973500666666669 55039
9.289437777777772 56033
8.49633814814815 1013
7.109019024390237 12091
10.27754639880949 18097
8.220523333333338 21119
7.427766666666667 31057
8.157282121212123 46083
9.080352592592593 47079
7.193875714285715 51053
6.3729245833333374 55033
6.404848 55065
9.102373000000004 18083
9.133390000000004 21157
5.132031666666666 25007
6.395493796296297 25015
7.949040000000001 26027
8.806264761904757 28045
5.854651111111111 36021
9.160463333333317 42019
6.9809179012345695 48355
9.101040833333334 13231
7.108068666666666 20001
7.724600666666664 29073
7.360296666666667 31183
8.254410710382526 36063
5.957356666666667 37095
7.873036794871802 37191
9.60254091180864 39035
6.763575555555555 41015
6.326548333333341 42127
8.858505370370366 42133
7.5162055555555565 46005
9.738303968253984 47189
7.277859999999999 48205
7.617739166666667 48341
8.547425757575754 48497
12.828337948717946 53021
5.825311699346397 9005
7.564283999999998 19023
8.009933809523803 19167
9.639917333333335 28013
9.623541111111109 28129
10.162143333333335 28163
7.784662777777775 29209
7.760978333333336 31011
8.108241481481484 37169
9.732927647058842 39113
8.769364074074083 48147
5.755350000000001 48507
7.822961250000004 51590
7.174779999999999 51678
12.652245407407404 53077
6.164733333333333 8049
8.007004627206044 2180
9.722329629629629 1021
9.532224444444447 1037
8.821676666666665 13317
8.780392380952387 18001
9.427295714285714 18051
9.132610256410254 21019
7.278235555555556 27073
8.050118333333335 31061
6.818502222222222 37073
6.4843283333333295 42083
6.896559999999999 46137
7.974224399999991 48209
6.627384999999996 48297
9.292300952380954 48459
8.204831666666667 5049
6.314626250000005 53027
5.800556666666668 55077
13.231549242424249 16005
8.305238048780483 17113
7.008168461538455 19061
9.124666111111114 21003
8.840094999999998 21223
10.995613333333331 30059
7.943210441176461 37051
8.677876666666668 39121
9.977546111111112 41001
7.391354133333334 45035
9.643678333333336 47055
6.017106800000002 48451
7.598256521739135 51085
4.920910238095237 55085
9.698208916929548 6067
4.2568883333333325 12093
5.985103777777779 13127
9.18917025641026 18109
8.720000952380952 18133
9.039241372549018 18177
5.031532333333338 23013
8.308388012232422 24033
7.539399166666661 27063
8.017298333333335 29223
8.117407777777776 40069
10.578785833333333 41027
7.260350344827584 42081
8.374522727272728 48001
7.931010000000002 5101
7.747169999999998 51035
8.64205825396826 53029
6.389358753894075 55025
7.7752079999999975 56007
4.828460000000001 8033
6.298266000000003 12079
8.268524444444445 13107
14.049118333333327 16051
7.886386041666663 17095
7.818717222222223 19027
7.861063333333332 20165
9.755744666666669 29201
5.5958844444444455 35007
6.796186666666667 38013
7.121246666666668 38037
8.778712888888885 39139
9.352409999999999 45077
6.065008888888886 48131
8.193792857142856 48225
6.805514444444444 54071
7.001745555555557 54093
5.479393939393941 12053
6.873823333333335 31017
7.176235605381169 36119
7.532483809523814 54057
9.565729784172657 6077
9.843107619047627 1033
5.591393333333331 12125
9.455916287878795 13021
8.523032857142857 18183
8.61766066666667 21099
4.991013738095235 26033
7.230135555555558 27011
5.065563333333333 35003
7.398984999999999 38045
6.907378333333332 40055
5.7286309929077985 44007
10.986060666666665 5045
14.818174583333343 53037
6.348676999999994 55095
10.394792307692313 1101
6.181782773224047 12103
8.174475555555553 21229
9.659625833333337 22127
6.244738333333334 27065
12.554991666666668 30007
6.233393571428574 32510
7.293395000000001 38055
7.097180000000001 40151
8.246236190476187 45069
7.017669999999998 48011
7.509646666666668 48195
5.23875 49017
5.147070952380951 50015
7.153485000000002 51163
7.213944095238092 55059
10.715425000000002 16007
15.28970999999999 16061
8.599370606060608 17081
8.079658333333334 20167
8.868965 21077
9.466576957671975 22051
8.688209999999998 28041
9.708705999999998 30009
7.8839916666666685 31167
7.204493888888889 35015
5.416213541666662 4007
9.685170303030308 47145
7.282343333333333 48017
5.554446666666667 48271
7.042956129032261 51740
8.890585104166695 6095
9.250442500000004 17003
7.943124444444444 18151
7.423079999999998 19101
7.130922500000001 20205
8.467848888888886 21113
8.173273333333336 21181
9.711761666666662 28031
5.726385416666664 33005
6.842409999999999 40129
6.615750000000001 48345
6.129748666666664 48353
7.696259166666672 51143
8.019325873015871 56021
4.559322592592593 12027
8.94782277777778 17083
8.241363333333336 17129
8.3501721527778 17143
8.289882878787877 20045
8.367569629629628 21179
8.626041030303037 24027
6.954739000000001 27025
7.529066896551732 27145
9.637941666666672 28105
8.71155 29017
7.646756666666665 29119
6.005593333333335 35023
8.175725999999997 37173
6.954585 38069
8.827870909090906 39091
7.052805833333332 46065
8.790140833333336 47039
6.676833333333334 48101
7.23745380952381 48233
7.510820833333335 48287
8.805023492063485 48361
5.235374166666668 50003
5.314733000000001 50021
6.757462222222222 12013
9.396395277777769 21227
4.923428722222223 26141
12.523736666666672 28011
6.928908888888885 29039
8.358667619047615 31079
6.913296666666667 40057
7.773831666666666 42031
7.03386111111111 42053
6.421526666666668 48033
6.403231666666664 48207
8.022164166666668 5089
9.174845833333334 5121
5.722943333333332 55137
10.457356666666671 56017
4.623220000000002 8007
8.007004627206044 2170
8.543942222222222 17065
8.781210574712642 17091
8.08785611111111 17125
7.482418333333333 19063
4.907407450980394 23017
7.72917228070176 24015
7.585443333333333 46111
7.158154 49007
6.327182666666667 51001
8.489524999999999 56009
6.422090093750007 12057
11.018956800000002 16055
13.047184444444449 16087
7.88008 19137
7.669906333333338 19139
7.962806190476194 20113
8.122777500000003 21205
6.982834074074072 24019
7.935958965517239 29019
7.8371346666666675 29147
8.741041666666666 31025
7.5710700000000015 38063
8.708243333333336 39059
7.198466363636362 40071
8.25954 48289
7.631476000000003 51077
6.938246666666665 51157
8.172798333333331 54105
5.257431666666667 55061
5.858667619047615 55097
9.717840641025653 6107
9.871025000000001 13063
7.595022222222221 19077
8.675014117647063 22087
5.523312857142856 26129
7.187651999999996 27005
9.542363749999994 28073
8.345850399999998 29021
9.527525952380946 47053
5.670729333333337 50011
7.618065833333334 51023
7.42353727272727 12063
9.527406000000004 13119
9.566230666666671 13297
8.424913333333334 18121
7.588250555555556 19171
7.974953333333333 20093
9.211807222222221 22041
4.946069833333332 26031
7.992664444444443 31039
7.664986666666666 31049
7.124685833333332 31089
8.56558428571429 39137
7.732233999999997 48051
10.31454986842108 48157
7.849726666666668 49009
7.892497142857145 5009
7.457833333333332 51045
8.007004627206044 2158
8.082590000000001 13061
8.629710000000003 18119
7.770331904761909 19015
7.699966666666668 20195
7.014398333333334 20207
6.014083518518515 25011
7.2822614285714256 29001
8.171528333333336 31129
8.693826666666668 47027
7.163727777777778 48165
9.022365333333331 48499
6.852468888888888 51830
12.73026783783785 53005
4.404840000000001 8079
10.09057444444445 1079
9.316548888888892 1087
7.959124999999996 13071
8.32236166666667 17147
7.320781111111112 19135
7.874074516129034 20173
7.367923999999991 24017
5.203554533333331 26119
8.199933333333334 31035
6.048572177777776 36001
7.931695698689936 4013
6.327480333333336 42117
8.51546011337868 8005
9.19461911111111 18005
8.527464999999998 21081
4.794375272727271 26041
7.024249056603776 26139
9.529234880952364 47009
9.728692592592592 47097
9.123767222222225 51169
8.162597142857138 1039
4.563063999999995 12035
9.30932666666667 13011
13.634870000000005 16069
9.142918333333334 18161
7.542178333333334 19041
8.047641818181816 40019
5.665012222222222 4011
9.083910476190471 47109
9.598821776315798 48085
8.533279999999998 48185
5.982060000000001 48319
6.565931111111111 48495
5.028677500000001 8051
4.677469166666667 8113
8.707121666666664 1109
9.634009999999995 13013
13.193838333333334 16047
8.95774222222222 18101
10.166293333333337 22061
4.285113333333332 26083
7.482459696969691 27109
7.610413333333335 29033
7.211579166666664 29079
7.561469999999998 29131
7.213546666666668 31069
8.725590476190474 47035
12.379610066666675 49057
7.924796666666663 53051
7.626336666666667 54109
6.012007777777776 12047
8.366425802469138 13095
8.262744444444442 13235
7.937306666666666 13251
13.068248666666666 16067
7.7153586666666705 19049
7.0982633333333345 20033
9.328278075757567 22019
7.661209583333336 27147
6.143300740740742 4009
7.805622999999994 42119
10.073803126293956 47037
9.814061538461537 47167
6.517889649122815 48441
7.598187450980393 54081
4.882386666666668 8023
8.73271444444444 17033
7.344525833333339 27173
7.098039999999998 29013
7.347593333333337 37065
8.049896666666672 37085
8.443777142857142 37149
7.221423333333334 46091
9.421057499999998 5081
8.724592500000002 5135
7.874863333333333 13017
8.754128000000001 13123
8.785089999999999 17193
7.73673809523809 20057
7.2289266666666645 20127
5.319663750000005 23023
7.353583333333334 27081
5.70867298245614 36113
6.780660634920629 37049
9.037949444444441 41053
9.189307222222222 45001
6.905379999999999 46031
9.618664166666665 47173
8.545223333333336 48373
6.979943333333334 54101
4.919206666666664 6027
8.007004627206044 2068
7.547635833333329 19107
7.6045799999999995 19189
8.653172500000002 21235
5.294879666666664 26135
6.2276496666666645 27021
7.188485555555555 29081
7.492305740740749 37127
7.1313755555555565 46037
9.659080833333327 47045
9.889433055555557 47063
8.998508809523813 48291
7.156755000000002 51065
7.574783999999997 6041
5.223863333333335 8027
7.80191 8115
8.007004627206044 2130
9.611096666666665 22069
5.317642916666667 26105
9.495632222222222 28145
7.5131144444444455 29067
8.148718395061728 42055
7.3208094444444445 54097
8.009962179487188 6087
8.366537666666668 17021
7.469582727272734 17141
8.654099374999989 18003
9.230671333333339 22037
7.751561428571426 29107
7.2025616666666705 36073
7.147476666666665 38103
7.276870833333342 42025
7.613973750000002 45067
8.70841076923077 54107
4.348656251236379 12099
6.336976666666668 13191
7.072786666666665 20011
8.845621666666664 21139
4.7625590476190505 26053
10.584700000000002 28055
7.807818666666664 30053
7.574666666666665 46033
6.609965 46041
7.09828 46095
9.496740476190476 48067
6.443582500000003 48093
8.278567666666662 48349
9.65324205128205 13295
8.358210000000001 18171
6.8989150000000015 27125
6.494693333333333 35059
7.030707333333331 40141
7.522875 46009
7.186386666666666 46025
6.8104200000000015 48211
9.866931666666662 5075
7.018666666666667 8103
8.007004627206044 2150
8.913319333333332 13145
8.639895714285714 18179
7.654810000000001 19143
7.465053333333334 19173
7.079794444444442 20031
8.306321666666669 21079
7.497828333333335 27119
7.433188000000003 29121
8.797629047619049 39173
7.013356161616154 42089
9.771094594594611 45045
9.131089259259264 47025
7.825688333333336 51089
7.048208666666667 51099
7.458645833333334 54089
5.213526666666667 6091
7.8050500000000005 13209
11.429449999999997 16025
8.049411666666668 17155
8.017297083333332 20009
7.443585000000001 20191
8.366633749999995 21163
8.309591052631575 21195
9.49331944444444 28149
7.08442222222222 29083
7.667399583333335 29195
7.8399348717948705 37077
8.497421111111114 39001
7.699538999999998 48221
8.176557916666667 48293
5.618709142857136 50007
12.35272041666666 53025
10.016638611111121 1001
9.721270952380948 13233
8.47629333333333 13307
7.882864666666669 17011
9.167225669515672 18089
9.457021904761902 18129
8.855326666666667 30087
8.10329666666666 37089
6.351779090909084 37129
6.939063333333333 38043
8.99347730158729 39157
8.622377268518521 42045
9.306149393939398 48397
8.598102201257852 54039
6.124197001763666 9009
4.7669662831858455 12127
8.443941666666664 17151
8.380034 18165
7.757661666666669 20179
9.249363166666669 22105
8.617219147286823 24031
7.863136666666667 31163
7.2033744444444485 40003
7.7584726666666635 46081
6.896203333333333 48075
8.016354367816092 48187
9.228787435897441 48401
7.496541666666668 49023
5.892477333333334 55053
6.431849166666663 6057
5.5682158333333325 12003
8.906740000000006 17101
8.92041666666667 17153
7.7579038888888885 20079
9.176344444444444 22059
5.2309275555555566 26137
6.722044000000002 36099
6.196588995859204 36103
8.961256060606058 37045
8.793685000000005 40089
10.154269166666666 41013
9.639091999999996 47033
9.258943809523807 47123
6.97252 48031
9.551965599999987 48183
10.884904999999998 5025
7.801053888888885 51161
10.306546666666666 53013
7.8339130555555485 53065
6.9559197979797975 55079
5.837091025641023 55117
6.821999833333343 6045
6.677544806201543 12005
6.82849897435898 17177
7.323610000000003 24011
8.146128888888889 40085
7.816145000000001 42121
7.719507745098042 48375
7.263520909090908 51003
7.522430000000006 51031
5.44608 6003
10.193184999999994 1049
9.375921666666667 1123
13.503846666666666 16037
9.617081111111114 17133
7.607812666666664 19157
7.961833333333335 20203
10.59946708333334 22067
4.581559999999999 26071
7.670513333333334 31065
5.469487857142852 36025
9.39577857142857 39109
7.177877644444433 4021
8.842814715447155 41029
9.616576399999996 42129
6.33529 48433
10.23557333333333 56035
8.007004627206044 2122
9.348278148148154 13139
8.76257166666667 17189
9.759896999999995 18059
9.07284222222222 18079
9.993717272727272 21101
9.06662117647059 21145
7.873127083333327 29127
7.563975 29151
7.824546296296295 40041
8.91291666666667 13085
8.777176666666666 18013
8.526480666666666 18093
8.249596111111105 20169
9.110377333333332 21031
5.741501767676763 27137
7.686710000000001 31165
5.151803076923077 36031
5.64417296296296 37055
9.099532113821136 37179
6.273876666666665 48447
6.851376666666668 49039
11.357665079365082 5125
