12033 3199.0042746884446
12086 3825.4191361209573
13097 2818.950317089886
13103 3023.897944338789
16013 2613.0554562900843
17001 2425.890645848407
17035 2403.4158997162144
18075 2191.4572043180824
18103 2195.866278093596
18173 2489.093461279658
19041 2212.551711146899
19047 2344.3491961509885
19079 2268.8845276109637
19195 2175.777530399501
20005 2499.855552615033
20045 2553.2427903257353
20091 2526.305490911014
20109 2893.311201412427
20171 2930.8164214689236
20177 2549.9724817033616
20203 2987.7784666666666
21039 2675.420417075536
21049 2390.2424187206516
21105 2695.1406802259917
21165 2408.5854966429656
21197 2412.702880994098
21199 2500.5782943215827
22007 3363.8126320369506
22097 3287.097663510877
23023 1891.0349928110143
24019 2359.7381952202254
24027 2242.6939523320184
25001 2118.4711232139916
26033 1927.9799595692973
26041 1963.9213802088898
26099 2027.5371602138707
26159 2124.856094628334
27031 1857.1036191170415
27037 2052.7131771138156
27095 1959.3750487778252
27149 2037.8029681973078
29057 2707.087629725933
30039 2180.7711694915274
31151 2494.262621435763
32001 3021.641932334916
34015 2216.7373043408966
35045 3434.143018585568
35047 3478.7016480354578
36009 2025.7139160025063
36039 1998.0560828174011
37061 2741.8748388763843
37185 2620.8374635938426
39011 2172.0913297639254
39093 2106.468225931832
39133 2089.0361536840405
40033 3074.5096294409022
40097 2883.322760264579
40111 2931.345344632004
41041 2055.1332448119247
41067 1954.9499857351973
42027 2048.73362563204
42057 2151.8965238201545
45039 2793.1364723650568
47027 2579.037894031244
47123 2723.8072071769234
47189 2546.894858387146
48043 3881.287741598818
48057 3586.399274910762
48115 3542.849917403814
48165 3593.1343877500035
48171 3506.6493445397764
48191 3189.628987288133
48287 3393.4670424841515
48295 3037.710442064859
48325 3538.669418018815
48331 3371.2219046713285
48363 3184.896007683079
48447 3231.7206457627103
5011 2977.3857572573147
5071 2822.765681651385
5077 2898.3259099456213
5079 2932.8787523925143
5123 2900.9398417275142
5137 2769.8573935480517
53011 1927.29744813832
53065 1971.7363571455471
54001 2242.225603068134
54085 2248.6888875118934
54097 2249.5962354512703
55077 2033.772836353131
55081 2074.7438798394055
55121 2023.9141364277104
56043 2532.0139438844344
6029 3260.0330435788137
6045 2818.699018464732
8037 3958.6258612285883
8047 3414.4693262711876
8063 2964.3083438813296
2180 2621.5644560440855
12005 3331.00801677862
13145 2943.2716681756765
13181 2883.823088073021
13285 2897.8425244305636
17033 2418.404751375112
17133 2545.2341858536006
17141 2188.202336130283
18023 2269.425551165897
18181 2219.2902466001237
19009 2348.225374506722
19103 2272.384916298545
19171 2244.3735709170687
19173 2436.154534066863
20013 2505.320222160507
21009 2539.7957089107063
22115 3203.9632579466115
22125 3299.9188122412716
24013 2225.761296511953
24045 2370.715292747627
25009 1970.0481238807765
26039 1924.6297578480733
26091 2102.708636714178
27049 2064.3437931720937
27123 2035.180492033981
27145 2015.9017207126483
27157 2056.062560552987
29109 2768.1154468211867
29155 2757.147302251186
29229 2707.43271908856
32013 2824.7759501253013
34025 2193.596818411035
35043 3544.748062725739
36019 1813.4643777101383
37017 2771.230945649235
37053 2655.963587326299
37079 2738.2079124922598
37103 2729.4892743338974
38023 1893.7844322033905
38033 2110.4801460451977
38079 1816.822422708955
39065 2144.240727102326
39085 2139.5406769320743
40055 3124.693207363955
40087 3022.753593236439
41029 2574.036285202718
42061 2104.335868669349
42131 2033.4838192257619
45041 2825.1164182988146
45073 2797.121178289181
47015 2615.547867090678
47063 2650.333952909295
47155 2660.364774035651
48135 3676.5380448466685
48175 3493.3141656757884
48189 3380.857288676215
48409 3726.714989723472
48499 3057.104298367653
5005 2759.126835049859
5053 2920.093305693303
51033 2427.3677192878963
51079 2340.1377414083922
51131 2594.7604123764136
54049 2218.516484579718
54063 2419.2229148440983
54073 2246.119215841497
55019 1992.4177152112088
56009 2661.8770356172586
6005 2955.638973050144
6077 2935.3705688635314
6093 2696.753008768475
8003 3419.8611626904503
8051 4078.4357456696334
8061 3096.2002022598904
8071 3061.4972000397183
8075 2792.1522636519508
8115 2751.832784745764
2020 2621.5644560440855
1027 2871.4205606961027
12003 3203.5531121576555
13123 2744.1652137165534
13183 3093.876819761526
13217 2911.571211726045
13297 2877.364988348585
16005 2627.88202081946
16019 2601.0182416988437
16049 2170.014803262759
17011 2244.190170200332
17023 2399.641549944125
17027 2507.3772834637566
17093 2166.59666412713
17139 2410.8418471324303
17163 2530.136882389746
17171 2457.794447426984
18007 2259.2443909623776
18123 2473.185844755507
19053 2413.8673087406773
19111 2368.131413285563
19177 2342.5013796530625
19193 2333.707802941584
20039 2789.7778625412175
20067 3016.936066665
21007 2659.884700580141
21175 2398.617372362344
22035 3155.504318113392
22065 3153.756710572796
22107 3205.1309697816937
23015 1896.7296855675322
24017 2338.136859703503
26147 2013.3009045490498
27005 1919.9361316992688
27043 2163.855458180656
28137 2886.018342550621
28143 2898.3589891458464
28147 3169.5480966683876
28163 3124.8950055920363
29079 2429.8951134962126
29085 2666.507944364773
29159 2575.4206226326846
29510 2523.1467734789276
30047 1989.9165562820922
30057 2338.8861637492096
30097 2208.6776036723177
30111 2186.038939964462
31003 2416.717659553142
31063 2701.5342686440654
31149 2448.3332943502837
31155 2417.4650920358467
32009 3361.543294915252
33015 1939.680834382289
34017 2113.1686509001916
34031 2086.515632697849
35006 3499.298032371557
35021 3381.6480836158207
35025 3654.6268973395186
35027 3564.6980467291805
36107 1972.156502393685
37005 2590.715512671556
37047 2816.3140093640986
37111 2670.807998322232
38001 2141.303405367232
38097 1816.6260712244966
39005 2088.983266545112
39025 2269.4252875770344
39031 2139.5939062568236
39131 2276.0423533395456
40047 2883.8834683798027
40089 2977.026796269039
41065 2220.326710599209
42055 2156.4235919264593
42101 2186.628855987241
42105 2028.8196067371268
45029 2896.2248219771172
45083 2817.335203251808
46007 2509.5552836816673
46057 2186.6194537998063
46099 2242.5318446384454
46109 2065.319962561873
46117 2334.594566101695
47011 2727.745221302064
48029 3465.903350340904
48067 3056.9358665942664
48113 3097.040210963193
48301 3835.2942700564945
48303 3450.1586196449716
48411 3397.5143198463525
48433 3375.8770841807936
48503 3214.4462971415824
48505 3824.6129010625427
5003 3043.2308169126836
54053 2265.93541009616
55039 2078.4754684377963
55123 2082.0984903831913
6047 3012.700965027767
6105 2748.4554873517213
8021 3544.8259912877393
9007 2063.097978534924
2164 2621.5644560440855
1005 3060.388652877091
1133 2801.984287653927
12031 3294.6500802338983
13175 3047.6749461136133
13209 3080.704179193641
16067 2594.362862002744
17025 2470.4443097473177
17045 2372.0182236747396
17053 2315.0015200433254
17159 2420.7487004222025
18069 2178.143095507786
18169 2193.8708830092437
19013 2216.9049263600955
19125 2323.6270635168667
19139 2273.634261254798
19145 2456.8299470247443
19153 2328.823028697288
20021 2758.2107071865253
20035 2850.6322738773183
20063 2849.5827093893226
20065 2775.617354725679
20073 2737.182794016442
20093 2988.1501313559315
20103 2525.358955864171
20121 2580.1024150364487
20127 2676.219485836102
20183 2657.9807846392387
21031 2517.767180797287
21067 2412.7565410482794
21103 2374.2436070392646
21183 2512.2534357223926
21225 2541.6692390187864
22121 3306.4315726162404
23017 1835.9981453812538
26087 1999.3178296528565
26109 1994.2237744702597
26141 1945.641081149392
26145 1975.3832488545381
27025 1993.4020448353197
27061 1829.2555221423531
28131 3156.823853124803
28153 3101.6358651172586
29019 2534.1706336941456
29171 2391.8632964962026
30011 2237.182122316384
31061 2649.975555677912
31119 2400.631897879266
31175 2490.9704344189277
32510 3093.2603313238105
34007 2211.3278599679397
34027 2090.267418736717
35035 3709.3295872830786
36045 1945.5428030408007
36081 2119.440039266825
37097 2735.990350283898
38053 1999.6586777837867
39035 2111.520350106048
39037 2210.9887365853997
40123 3001.1789206940953
4019 3675.2979374461606
41021 2245.8901779661023
41047 2060.277150771067
41055 2253.35446779661
42013 2096.100824346187
42043 2136.6843463803957
42091 2173.849192087709
45019 2944.3980846747154
46053 2354.6481660611075
47101 2671.2981603272865
48007 3794.234846705142
48019 3484.740962147004
48121 3085.0163790152546
48149 3411.5647822876
48193 3304.254317798223
48267 3533.046438245536
48285 3443.0775382222605
48419 3136.4860469947166
48439 3102.296315997033
48469 3466.3891690370915
48501 3630.1098885126294
49047 2958.642608157797
5051 2861.9066035838114
5111 2876.87089702226
51141 2527.0515405434744
51197 2513.949418300255
51199 2556.3555271068353
5125 2874.905046780226
51570 2493.371062490621
51620 2578.344309919551
51710 2569.4417078145757
51790 2364.0887533625987
53003 2113.630020099333
54065 2212.1278614835287
55119 2007.5610873691928
56015 2717.289430260255
6039 3063.1204930939552
8011 3103.464941525424
8023 3947.885032853159
8069 2787.6119262182483
8085 3082.440451223081
1077 2737.8157170006207
1121 2862.2145753495797
12029 3310.9896094470323
12109 3323.520522819659
13039 3214.85515358045
13091 3097.4048262444926
13095 3129.52302275
13131 3216.950021504068
13257 2819.716868232881
13267 3091.368664577681
13271 3076.765196535142
13281 2740.272456508531
16003 2349.2981849902944
16031 2604.049681991669
17101 2430.436833333219
17169 2402.854073196016
18071 2373.1720217692646
18095 2242.7582787973715
19055 2217.0256066735383
19065 2168.7802956719574
19067 2176.9371462126555
19157 2253.104219274556
21021 2444.7952455214745
21061 2514.82519773616
21085 2496.7389570960163
21109 2437.5996664556496
21231 2522.1628202738993
22017 3120.226770211949
22071 3342.514315005849
22087 3371.9892576497205
27003 2007.3363573416584
27069 1712.9787253421905
28017 2902.5620691085865
28029 3123.940706987062
28047 3265.577769711975
28069 3031.5995125746035
30059 2188.463610734463
30087 2237.415723361808
31127 2464.9976345794057
31131 2445.940450208558
31145 2749.0996533029065
32015 2821.316439548022
34001 2312.4586817022905
34003 2095.702004114158
34005 2209.7005942786295
34039 2107.9890953290824
35053 3581.808777828584
36017 1965.7703877071867
36087 2088.226816535481
36121 2004.7400446953386
37177 2657.1090172316412
38067 1716.8671515311667
39071 2222.3351816748036
39079 2285.8791819087287
39161 2166.9179532528333
4003 3781.6101838964673
40057 3132.284016949154
40063 2991.0344369541813
41049 2254.2320928630625
42007 2124.912686005571
42089 2067.259293796442
42117 2032.8518067853654
46075 2400.590103107346
46085 2324.1827903265435
46087 2253.612528104417
46091 2066.112944632768
47009 2703.148986660565
47095 2706.640485629041
47127 2699.0282751235027
48027 3328.970128584775
48039 3392.597885126782
48225 3240.5401142252804
48297 3572.145768622287
49025 3246.7610252218074
49045 2792.89669709486
5007 2799.997253260338
51025 2576.7828307614955
51091 2350.550055649717
51105 2587.66559788305
51111 2560.5062043931152
51165 2303.256624770509
51590 2574.484146531572
53005 2196.045779615416
53029 1807.9008157661235
54051 2183.9039350788826
55007 1911.686257253372
55065 2172.438894016
55083 2015.310719660226
55095 1970.9997309011176
55103 2105.7087352384656
56017 2594.888188579662
56045 2545.9482347652556
6065 3467.884415592745
6111 3363.3618224525167
2013 2621.5644560440855
2060 2621.5644560440855
1059 2797.127876110874
1093 2845.2039953426556
12103 3677.8737270276874
13021 2954.723978624011
13077 2883.92757147486
13115 2807.11377200551
13149 2885.938167587118
13157 2846.502147055397
13163 2965.844668616186
13185 3219.464503729776
13201 3214.379735991639
13215 2948.238004015195
13225 2973.4773475897755
13321 3152.581494220422
17147 2382.5456158044894
18009 2209.700422117642
18013 2376.17548370579
18091 2149.3777153857213
19005 2149.9554643066103
19095 2261.8173210777386
20081 3003.37002062147
21093 2448.004059155649
21167 2443.2489243915584
22053 3354.889369368531
22093 3390.6517820292406
22095 3405.926879378985
23011 1839.162207112825
23025 1803.3690469920202
26031 1936.7849176682864
26057 2004.1214532718382
26067 2052.0288662730522
26157 1984.6815422922587
27023 2092.6165752950383
27083 2150.406274566637
27105 2185.2655691279465
27119 1778.1397971918982
28015 3003.6617318822905
28115 2831.2789177941527
29111 2416.1230220229854
29145 2793.019385056468
30075 2269.720811299435
30091 1970.0950215276987
31015 2374.361930225988
34029 2232.502312124491
35007 3147.0148352338697
36007 1985.8019759010333
36035 1971.7020383003392
36043 1953.844362641301
36057 1954.1664766586316
37101 2711.231786967427
37119 2770.9644241086985
37189 2581.424981124859
38093 2015.986692410262
39123 2153.561722511123
39173 2138.018878809566
40029 3001.660218640057
40035 2870.1254210131933
40051 3039.94448480113
4007 3659.8336604896344
40083 2947.5749784159593
41011 2236.6336808814735
41023 2447.8693347853587
42083 2046.3418073637456
44009 2103.351173955517
45005 2927.318583026358
45007 2842.1717291951404
45017 2824.0400634781076
45033 2808.2134791398876
45051 2840.636553569748
46011 2165.7439895738494
46095 2438.499324293785
47085 2625.718819372263
47109 2754.9424568740656
47133 2557.742398482711
47151 2548.8569156656777
48035 3246.181733700509
48093 3320.1042085201716
48185 3323.3462387137024
48241 3238.8393739564417
48277 3015.0729817960437
48339 3320.398142190874
48375 3244.4880600974
48387 3045.8718111705643
48485 3121.007668826888
49005 2700.9692256650283
50021 1919.3087292373905
5049 2751.7823556947164
5075 2789.61331287122
51027 2465.1598081730713
51071 2437.566672958363
51077 2558.4748385161593
51580 2392.5441784428244
51630 2370.9720856658205
51840 2238.1560134597757
54007 2286.9436454521174
54045 2371.583752542739
54057 2192.769850008517
54093 2208.1270410192938
54109 2427.883690627629
55037 1974.1674472979546
55059 2163.297864431953
55133 2101.225720391405
8027 3844.251211864414
8055 3283.754658686299
8057 3784.310355649717
1057 2884.51812120698
1117 2869.5003930452826
12067 3280.140052410479
12111 3619.866172410875
13247 2880.7681062738966
13315 3098.21245912952
16025 2514.2302361581933
17031 2189.2555555484555
18003 2162.7645750293495
18043 2409.833304165
18117 2402.69512093428
18159 2231.31811507437
19169 2305.6526398275705
20049 2758.7198477401125
20157 2620.5983179885866
21001 2496.2150679654533
21051 2461.9562880105664
21143 2611.1609408309882
21211 2393.911593629773
21235 2487.842371620649
22085 3167.063269078926
23005 1886.760640560576
23019 1802.3363759762353
24023 2187.0966009378244
24041 2342.5051487339847
26007 1953.5994880680043
26035 1963.2986330874844
27077 1797.5484012765899
27143 2086.3229701508812
27151 2073.494220797362
28019 2967.743034118193
28039 3139.2162874444343
28077 3143.8451556594646
28083 3029.8289912738983
28093 2818.9214332190127
28123 3017.970008607598
29073 2554.619053401666
29105 2676.0661020839652
29113 2509.954577841319
29115 2426.6157480026004
29125 2572.160057012205
29175 2478.803372788057
29199 2379.135777475112
29217 2669.1925825753096
30003 2261.9297715871476
30081 2184.119344771496
31113 2601.584666101694
32007 2719.31372921819
35055 4122.548414983222
36021 1992.576099547351
36061 2110.0228319792586
36065 1954.6241002069753
37003 2706.280947008673
37007 2780.854455133503
37025 2753.0141241437873
37039 2753.1952725962165
37075 2703.4973879587283
37159 2727.004822058138
38031 1989.7334169491528
38075 1878.641013559324
39113 2240.510864279406
40059 3023.6805530731076
42051 2138.8165433788977
42077 2118.186087810583
45067 2811.7866550926547
47025 2580.8590834018664
47091 2563.856337202147
48015 3379.6523277729666
48105 3620.9587220338935
48127 3662.7690823885605
48237 3165.771218975087
48251 3160.521045880622
48421 3166.0755129943504
5001 2910.8466378772036
5099 2979.6245165646897
51035 2519.6159776844333
51061 2311.433592268686
51133 2465.3026213235867
51153 2323.8648993036686
51800 2584.9088926643226
53009 1764.2086705149002
53057 1737.7823411233228
53063 2018.2282166657315
55078 2018.8535601673161
55113 1970.339313617534
6033 2929.277490285822
8045 3598.6365414925444
8049 3910.9997685765584
8109 3715.6414594650846
8117 4049.40139213842
9001 2099.517177800829
2068 2621.5644560440855
12009 3582.5034883504536
12023 3205.627404496015
12045 3317.9506174589583
12101 3497.0340462491204
13053 2967.12470567624
17007 2160.490701929937
17081 2518.9367179239844
18057 2270.541640895467
18099 2148.3634511917517
19017 2197.7118654400956
19099 2288.0112574257055
20037 2729.3674824826
20145 2839.2197715627967
20175 3022.3711201624
20207 2729.2829041017512
21135 2315.375201760086
22001 3322.8284484576843
22013 3136.3368134024004
22029 3236.081780171471
22043 3190.5357195116676
23029 1801.813135990747
24011 2283.8955329991163
25003 1955.1096783552503
26009 1956.6492652632533
26021 2169.0869059412707
26049 2028.244158616691
26101 2065.195289573306
26165 1934.744485468043
27029 1861.697070735017
28049 3080.6772121279646
28067 3096.0405263629345
28075 3014.3293491019767
28161 2916.1781223066396
29063 2491.965331184152
29119 2809.2902286184462
29129 2410.6483636406665
29143 2689.9348421510435
29167 2691.115733625536
30001 2439.70663854305
30023 2218.82151650876
31083 2655.934142655367
33019 1926.5402711273834
36115 1941.4596042375338
37045 2767.161968790678
37051 2742.778758160228
37071 2777.4665015496316
37169 2647.7895233941804
38089 2057.717958076753
39077 2082.0612298724964
39107 2167.0079709897436
39159 2149.379166259355
39163 2257.7947534565465
40031 3070.6478478140393
40073 2923.321333716387
4015 3496.2321040587562
41069 2347.7993923728836
42063 2093.8369096044357
42069 2044.8106992317635
42085 2090.4479405337725
42121 2067.8894309354546
45013 3057.312332798164
45087 2802.022587828193
46037 2133.6130345359475
46039 2158.1171417892347
46073 2238.2964968926563
46107 2225.4691466101676
47023 2732.5222652265247
47033 2759.237157031411
47141 2565.134153733615
48025 3516.3951422562723
48229 3901.970517514122
48273 3680.721506761668
48373 3260.0991548173133
48377 4033.531167992232
48393 3134.5453596045186
49033 2744.5076675141268
50019 1813.3788391949072
5031 2826.3207161065225
5067 2802.696408121724
5095 2924.003733711327
51143 2553.8644887887076
51169 2601.7806380590387
51680 2497.4313202159788
53019 1924.7079732114025
54061 2182.06466873014
54079 2308.1888905067503
54101 2312.965734682541
55027 2097.305738895255
55033 1987.9839917513161
55139 2053.809074529861
6009 2993.2025444197184
8015 4059.1414954623438
8059 2851.2558084557645
8093 3766.8575589049124
2070 2621.5644560440855
1029 2828.5322356577412
1087 2992.6796890162977
12053 3432.9483307192386
12079 3259.713103154043
12117 3359.826650287176
13047 2757.756034476526
13057 2832.2994773065543
13089 2843.6058038256797
13197 2979.443350975736
16083 2658.097209962937
17041 2381.3769266985873
17043 2157.010710366008
17097 2160.6126028999925
17127 2603.9803975372315
17161 2274.8714256474495
17193 2496.5180078872886
18045 2324.5892235339106
18119 2377.754931184779
18127 2183.259142137701
19115 2305.437474270777
19119 2241.3538097004066
20041 2645.6461639324593
20107 2627.7629456112563
20133 2740.621629323589
21075 2706.0321721744644
21095 2534.8238205462153
21125 2465.4887818447764
21147 2511.4256537311276
21215 2415.5815830889833
22003 3232.1835863705933
22113 3360.4593646025146
26079 1932.9871313365504
27137 1859.2346585329374
27173 2115.9223474158216
28045 3298.535140389493
29099 2526.1047172890308
30013 2040.5615016608028
30021 2100.968321860615
31057 2851.945620056498
31101 2694.505708139293
35059 3328.8771350282495
36001 1998.7213017694455
36015 1981.410468669746
36073 1996.135583095467
37055 2696.9509706925987
37173 2700.089411094236
39039 2138.697621725489
39083 2110.3101341529573
39091 2160.161806114965
40039 3006.2642756539803
40093 2932.7666970739547
40105 2848.4692860428536
40145 2872.58951029565
41013 2432.868294362878
45065 2846.8745064369505
45091 2801.174350950055
46077 2199.777109023628
46111 2214.159639265538
47045 2728.2326223407626
47121 2709.555583761385
47137 2532.2407884180793
48023 3252.905457627117
48119 3044.763991040991
48355 3785.0762400885314
48493 3484.4672096659597
49007 2984.008861122234
49037 3282.8955950002833
50011 1802.947755537544
5009 2784.8871728082754
51019 2486.8556696730666
5117 2885.4925855783304
51650 2577.9364847808197
51735 2569.0038381096065
51810 2583.180567049662
54039 2304.3385673470893
54095 2222.637523481592
55001 2042.2353774390626
55023 2159.958393891724
6069 3070.851868929886
6081 2840.340204256836
8079 4227.4982135593245
8083 3534.547598533978
1017 2904.610548916896
1033 2763.3330164007357
12105 3520.661931652064
13001 3104.419895947313
13027 3240.345410929916
13051 3049.450945255112
13191 3193.1380508027123
13211 2918.390891854324
13239 3059.0410550847455
13279 3086.354690238447
17055 2547.1137644196606
17059 2522.328442070478
18015 2254.173953761078
18061 2428.176494046019
19015 2326.784689064011
19035 2267.1432202316873
19057 2327.135739604942
19063 2198.4335632695356
19185 2398.3017870374806
20135 2866.263839943841
21117 2289.900779659435
21121 2498.023090080084
22023 3420.707388465198
22079 3215.3717766293526
23031 1914.2052583456118
26085 1990.6879982477765
26095 1942.864268994579
26103 1927.3450383242841
26125 2029.2272069840863
26129 1936.565026862854
27035 1922.8872823127424
27163 2037.4425140276692
28001 3250.8259306885907
29089 2485.9873729224987
29209 2774.6768608959314
30031 2295.3511877550895
30043 2180.8045669363564
30083 2030.1425823058971
31065 2704.466388983052
31067 2531.7220963321724
31075 2647.4013689265535
31173 2359.8330936383413
33003 1882.0587351936595
34009 2378.9691529650286
37105 2752.326628304464
37161 2783.5695998876554
38091 1900.565648870055
39023 2200.5888152525404
39115 2208.4115277805226
40023 3004.0673946703687
40045 3036.228252694832
42095 2114.900023118022
44001 2042.36687599999
46005 2181.721051252952
46071 2464.1319693079167
47013 2560.6289280833043
47055 2715.16511720421
47065 2731.093057476753
47081 2667.0700581596316
47157 2827.8220670928813
47163 2614.024094299211
48103 3760.653777683614
48117 3354.9745542009628
48233 3201.5679094468614
48243 3715.9014607344643
48253 3348.793806233023
48349 3165.971884398447
48415 3462.3663734062748
48427 3842.667788598274
5055 2818.2818404635295
5085 2872.6947359844066
5105 2791.5991171231635
51089 2558.884575386777
51195 2512.410459808361
5147 2868.2810458164986
53035 1794.6074363998266
53069 1837.9401581920888
54089 2408.6512963254527
56035 3058.912788635282
8029 3322.6888264609647
8041 2953.3889060160454
2016 2621.5644560440855
2100 2621.5644560440855
1009 2828.3791828471476
1067 3097.103329139408
13055 2820.23346544096
13277 3162.1139729852566
16085 2340.906505450637
17019 2352.62251662133
17063 2206.9958025946694
17113 2347.443975032575
17117 2466.169261111018
17121 2490.200827920763
17129 2427.8347978273423
18001 2192.0415747657094
18079 2331.1213832878
18151 2139.9799729644647
19133 2369.276895524831
19181 2343.9695830637907
20007 2895.9144667530204
20017 2702.95346779661
20111 2661.2266297917263
21023 2301.357177110058
21161 2313.5335444757347
21213 2510.8779361923735
21221 2619.190118538625
21229 2443.715884357881
22069 3194.7361686974023
25005 2029.679972371944
26089 1985.063182137989
27019 2055.6466745258845
27135 1754.1232474831934
27139 2069.226806144181
28011 2995.903672598024
28133 3016.8827557386185
29007 2491.369099166103
29029 2642.44604234226
29189 2516.400501587412
29211 2414.5877542315006
30089 1974.0383739230226
31047 2623.4859641728794
31165 2693.2923918079096
31169 2567.6377091548884
35049 3557.3134722489026
36031 1891.344357271042
36047 2132.9394519886728
36091 1981.7501943122568
37057 2696.215522210932
37077 2628.0738057479093
37153 2736.902438731665
37155 2809.7518677706234
38077 1978.2973638004316
38105 1963.8145475375673
39125 2146.744469952264
39139 2113.8582460739085
39167 2237.3915427725506
40081 2946.546633077205
42035 2051.4697561622534
46041 2255.42112025401
47039 2729.2079021972036
47049 2520.6919577878534
47073 2666.888511409803
48011 3239.025582485875
48049 3408.961389748898
48125 3380.2781838983005
48131 3636.0572850368058
48239 3478.0596332827113
48265 3519.4720889970913
48275 3322.694043025111
48327 3524.9056192090447
49031 3688.7625132768335
5013 2938.894089247176
5025 2967.7671604452826
5027 3039.271041199353
51043 2260.525680031912
51115 2531.9142784014984
51510 2299.2932602790224
54103 2203.1614029925204
55109 2011.6771615246528
56031 2723.165032847063
6059 3353.167192476384
6061 2875.911556175369
8091 4006.1999833333316
9009 2076.1711638566894
9013 2003.9350801844023
1097 3155.2979711510166
1103 2770.0194381847746
12047 3207.573072274379
13013 2860.388135528502
13025 3098.218810683841
13049 3144.094950906243
13071 3194.4604814206505
13085 2792.9097876106784
13241 2717.8956249086164
17091 2231.299602835961
17109 2364.640734048062
19051 2384.297023825962
19089 2119.8609527825092
20115 2695.398470674436
21069 2354.2380319958884
21073 2376.6914878946054
21077 2308.1411811022813
21119 2477.8165038866096
21209 2363.882461607456
22033 3303.4440725542077
23003 1699.8860384442473
25011 1975.4843997490339
26071 1961.9736275869977
26117 2015.5595135923165
27053 2034.6899857872593
27161 2117.9183724629947
27169 2080.9832641675744
28027 2911.2623441896885
28061 3067.4383683303663
29005 2497.932129125535
29011 2713.637309636242
29047 2513.0100148122297
29059 2688.0657980956435
29101 2601.529188032787
29117 2455.4407185822593
29147 2468.5388565668163
29225 2678.8399695539006
30015 2030.3592609271252
30029 1926.6278780462042
31037 2396.0610002649864
31043 2336.0344180916563
31161 2614.1314664388988
32019 3051.0733546018055
36075 1978.708116697971
38039 1903.5921985875716
38041 2103.8235738444914
38099 1752.3173049786683
39043 2133.5039454789317
39045 2188.9738023787277
39053 2293.075812367937
39075 2126.251360319388
39147 2092.2595573113895
39171 2113.458005901137
41025 2552.349829013946
41033 2524.505051654487
42011 2126.7420884376124
42017 2166.46859271309
42059 2177.7296134717794
45001 2874.967186409971
45015 2872.848257612541
46113 2546.876355228841
47019 2603.5926737165537
47037 2545.564331019862
47043 2641.5938344208216
47087 2572.333852340567
47097 2804.7246895525986
47099 2705.4710082807355
47131 2709.1481187246873
47169 2571.537340000254
48065 3194.4117560472037
48187 3441.5892719619233
48435 3610.4617943502844
48481 3436.1726172047734
49021 3107.5095990189543
50005 1856.55756724978
50027 1906.8925176585785
51003 2390.2299894765133
5103 2972.436367923474
51137 2362.706683025284
51179 2367.5543855627284
51191 2557.207174200311
5129 2791.018805214887
51520 2583.480083460225
51660 2308.563708542431
53021 2190.1379201811797
54025 2404.3008022259974
54087 2291.4887904411876
54107 2259.0700065843503
55117 2104.721262188333
55131 2092.451402166187
6015 2386.6314224993735
6057 2923.5160550198307
6099 2974.0110225028257
8035 2855.1001009152524
1003 3220.7159013672576
1041 3084.319395321922
1107 2933.496686972204
13029 3050.363485064266
13037 3112.2690148534184
13111 2741.8418625493227
13121 2827.6319434825427
13133 2937.974318938164
13151 2901.3750703842647
13171 2923.165541177769
13249 3050.0968865119485
13273 3112.34214184842
16033 2484.404784745762
17087 2596.738259266921
17137 2457.395789487118
17151 2572.499675142374
17167 2425.297685342176
18063 2332.5560968627124
18107 2309.2322431769235
18153 2407.8864205107184
18167 2372.510367037911
18175 2414.690483930035
20003 2683.7372890907345
20015 2765.6447883944347
20053 2747.5623051098023
20089 2629.4650116857442
20097 2868.5568607344626
20105 2681.016750847459
21079 2437.212873058361
21091 2505.620209976327
22073 3109.6394407907933
25019 2214.3249816629063
26025 2086.916851564232
26065 2037.7212359311857
26123 2013.2255133408646
26151 1985.49588802145
27011 2081.519157349038
27153 1975.7094924980215
27171 2019.9427193336542
28005 3204.802584401133
28101 3022.295336332516
28105 2948.3204900533347
29015 2618.205663366132
29049 2506.134514365915
29163 2466.5604007067454
29173 2451.8484481694913
29201 2633.4754471900933
29213 2738.0185009693228
29219 2532.290251856441
30025 2170.432170621471
30063 2121.051663758107
31035 2530.2903335940946
31089 2432.0781563539695
31135 2735.7118957627113
33009 1906.4766915586094
35005 3613.246702815648
35029 3822.475900948022
37019 2849.8753700409907
37031 2810.524891934265
37065 2693.0668218467245
37121 2624.8647016061855
37133 2790.6434749227687
37181 2628.76412319065
38103 1966.296923200881
39099 2091.5156889233895
39149 2181.8517265900805
40067 3094.4297452762717
40149 3063.321264910622
41015 2368.1647418603325
41071 1993.8969468049452
42039 2066.540262317451
44007 1995.2375944513913
45045 2827.4852761532225
46045 2152.582443761483
47093 2641.885248989578
47115 2731.1588603736436
48063 3068.53935351627
48129 3203.2057985322895
48177 3444.6786703418916
48199 3279.766019968673
48203 3111.3633244601997
48211 3069.007898022602
48361 3296.221546228616
48365 3156.3497112512982
48379 3048.503745736187
48383 3695.2467285310745
48475 3716.7856140583594
48479 3791.307785654974
49009 2820.9591242937868
50025 1972.7234795445117
51001 2545.0438353196064
51059 2294.862388254418
5115 2798.471669599718
51185 2451.1432860613563
53013 2183.0537669491528
55063 2071.8840246830505
6109 3042.4659361018935
8007 4100.278700578443
8067 3904.1533443934136
2090 2621.5644560440855
2185 2621.5644560440855
2240 2621.5644560440855
15003 2621.5644560440855
1013 3080.697315493896
1045 3103.9976491542643
1079 2769.556412162683
1113 2954.8353997222057
12037 3458.431089953501
12049 3629.7725101258748
12091 3222.030346810903
12131 3227.4343215719223
13033 2926.4273512982486
13045 2829.006347662203
13141 2955.5554617832763
13161 3118.2163603151985
16009 2015.5990391963626
16075 2453.916370104561
17143 2333.908727238026
17181 2620.427142891016
17185 2433.2120250678254
17191 2477.9131551524288
17199 2560.1389232605916
18019 2397.5750686314404
18027 2414.41537606949
18105 2379.964441189595
18139 2280.5771284983643
18171 2297.8499125096346
19189 2173.5134064455524
20061 2639.265754553051
20117 2529.498334362936
20167 2738.2884516961576
20199 3007.422467796609
21063 2375.546629582541
23013 1900.4449192366983
23027 1857.4844519514752
27073 2113.4670291529137
27103 2091.2780260634677
27147 2117.668282761099
28085 3141.5618732867233
28099 3040.656405461018
29041 2449.624584917569
29127 2437.621162356325
29181 2704.4342413503646
29186 2577.0924307427117
29227 2440.141358192089
30033 2113.5993610169494
30085 2005.5911731843237
31025 2411.152378497485
31033 2734.2866252532217
31081 2495.911174207121
31085 2756.507266949153
31121 2497.0619627375695
34033 2239.7695620193676
34035 2119.575463011285
35028 3384.4877602345196
36025 1990.1711879963252
36049 1942.4467054730414
36059 2134.1601270779506
36095 1978.9694373633358
36103 2198.1158064704737
36117 1986.729229179127
37151 2695.0852601414413
39073 2222.102436222116
39111 2198.295530720474
39121 2201.7889311056488
39129 2216.371075374126
39135 2260.8720700934737
39141 2259.192075023358
40075 3089.6962812462975
40079 2835.034020981468
40107 2980.4258639771447
4012 3569.229760600112
40151 2913.4413121809284
42009 2129.4934617715144
42015 1999.951743647221
45071 2799.730284373615
46051 2114.394004898229
46067 2263.108896364202
47007 2631.2527059943795
47077 2737.138343393504
48005 3195.133425258477
48147 3078.315829757628
48151 3411.1765321823455
48155 3217.3760096045194
48215 3830.712005194579
48299 3410.067914309716
48309 3233.1445479251447
48321 3517.270880856018
48333 3375.924739449861
48385 3592.7853887005654
48395 3315.5994167808185
48405 3191.6956101881647
5083 2812.850642410648
51083 2570.564546041271
51193 2408.9737589397187
5145 2798.3814240972033
53047 2004.035442367709
54009 2136.051246223983
55015 2065.891386152966
55031 1909.7555349442189
55047 2051.0610176714076
55137 2025.6092886818128
55141 2008.751529845617
56013 2807.5323896901696
56039 3269.2323541312153
56041 2805.9969902313273
6103 2756.21452619612
8005 2876.400891713472
8081 2968.0991520370903
8095 2802.9449997879656
8107 3704.389369532236
2195 2621.5644560440855
15005 2621.5644560440855
1053 3122.657604918899
1075 2896.8536204253974
1083 2746.554535717515
1131 3077.3799463296336
13081 3087.843316300421
13105 2889.5060272987853
13109 3068.953719516892
13113 2882.059562458955
16037 2471.5540217514126
17157 2560.482866278424
17203 2331.3962041005198
18059 2267.60974956692
18093 2397.0526131052907
18155 2306.1700747658174
19001 2360.821902194349
19019 2197.762930653434
19131 2153.830355571338
20055 2976.629661153644
20059 2599.9402053109584
20169 2666.7476110859884
21035 2651.9404184267814
21111 2404.1378195775983
21181 2329.835440298306
21239 2406.173634311641
22019 3324.1244435621757
22027 3087.061315148335
22051 3340.034955884351
22075 3391.118439396613
24025 2245.78583739014
26081 2037.3161561701875
26127 2076.9474386436855
26155 1998.9568181865284
27057 1884.3775777967278
27087 1855.0946403112216
27089 1739.288511380153
27097 1966.05033146331
27101 2158.0340522726865
28065 3130.554431284295
28117 2802.1155946022886
28155 2955.393975820029
29001 2428.047588126072
29017 2623.719010330339
29027 2566.8943128771457
29055 2591.867766061583
29067 2701.594589822149
29139 2530.8230118886445
29195 2533.622601013701
30037 2158.4690028248588
30061 2038.3407314357603
30073 1986.450029585414
31133 2508.425901129943
31143 2442.5397022745415
31167 2409.9246780801436
32003 3306.78527469325
32031 2996.918834051307
34023 2135.601706736093
35013 3892.195702106075
36079 2050.0801120558067
36083 1992.2316825439575
36097 1983.1001118227246
36099 1955.0300799224335
36101 1990.4216879474588
36109 1961.3137872735585
37013 2700.231340999437
37081 2646.607990159179
37171 2572.113785428898
38005 1880.4181618784073
38071 1854.0124267428678
39087 2302.661106187175
39095 2151.9133988664503
39143 2111.3701690492485
39151 2129.5192039776866
40131 2847.0755410766124
42003 2105.4899484478146
42081 2053.429323817987
42133 2189.655109967395
45055 2781.74395325031
47061 2676.5455612062137
48013 3527.966375141381
48075 3183.991534529015
48163 3597.7425532824595
48227 3537.5776412710725
48245 3301.1957918045496
48255 3519.867137637403
48257 3113.0014646701393
48279 3448.9299379440095
48323 3622.6991138328794
48397 3099.0792096427117
48459 3100.789424545904
48467 3069.8262110636997
49049 2870.2721605609613
50015 1850.6970296889208
51103 2476.9222484406205
51183 2553.2170913232767
53027 1799.1928823104302
54021 2278.911492057541
54055 2456.6609237059033
55005 1945.5599435792826
55029 2016.0833753439138
55079 2128.9401119346635
55129 1959.6706054772794
56023 2852.3843669303087
6089 2714.696769061157
6113 2880.769054286721
8087 2886.4079133974574
10001 2266.0677098159636
1123 2932.366325787799
1125 2922.881370337656
12071 3720.542406709915
12087 4216.831104550731
13031 3022.175998666467
13059 2878.321563640058
13063 2850.476809978019
13139 2830.4794161893496
13309 3067.8916811620334
13311 2759.0647568703703
16035 2129.702361296786
17085 2212.0542328078463
17153 2653.862301076386
17189 2519.160317837261
18039 2135.599168590792
18089 2205.151439348644
18101 2415.1629328880113
18129 2480.2207504843504
18131 2179.4232701399437
19121 2352.023868123625
19167 2275.2602219859687
20079 2726.978210639209
20113 2690.452868902117
20151 2820.20719644678
20163 2737.9876367013258
20173 2759.6182411047166
21059 2515.086193884066
21157 2622.479363136835
22041 3118.7772399866644
22057 3332.710059596383
22063 3304.7068691853096
22081 3146.200557363812
22105 3302.478835166414
24009 2354.9633412221183
26059 2122.132615910368
26083 1979.8302677966074
26115 2113.906070198941
27013 2100.3757992689248
27017 1879.6391320907192
27033 2142.683690991781
27099 2150.415755560649
27111 1939.2512035165043
27115 1948.907708529921
28057 2823.84226032226
29025 2501.87161049822
29087 2489.1162398756514
29149 2718.312428355989
30051 2036.4551138418078
30107 2156.358150564973
31005 2697.1774929378553
31053 2408.0407706024153
31183 2464.1974248587594
33011 1912.4067529163594
37143 2638.692535561188
38015 2070.329009434557
38043 2046.9000132768363
38047 2105.2115559322006
38073 1970.4751209531885
39015 2279.2743551371755
39057 2231.8981009102804
40027 3000.6249330490414
40129 3060.562509039548
42037 2065.7488050800043
45023 2800.3118814783597
45063 2791.9310903444625
46049 2230.5929381355927
47005 2668.613404604461
47119 2661.787388300734
47135 2681.557141464322
47159 2574.5619551275154
47179 2629.323602819378
48081 3539.6646450928856
48133 3286.7402341751135
48259 3482.350173561072
48461 3763.317798816922
48489 3734.2385502995176
49017 3112.003604231019
5061 2976.087101243618
51017 2348.179597175139
51139 2264.459052771043
5127 2844.2948285312145
54011 2312.213926103784
55051 1933.6387019251126
55053 2031.4281065721757
55085 1984.0779091487927
55125 1967.8193323804157
56037 2848.0121176159873
6087 2980.6317931577696
8039 2864.100116939831
1049 2809.5760029830226
1115 2843.349809763023
12001 3242.9754841883087
12015 3718.101366076496
12069 3383.117591159465
12119 3351.415633838191
13007 3178.4000355929657
13011 2835.4643868757335
13079 2973.3403967679096
13219 2879.0420578354783
16017 1940.9598959229447
16063 2673.262084745763
17013 2496.911098908738
17071 2321.743916867937
17107 2385.7601099128537
17197 2187.02817773613
18065 2245.7947836801995
18083 2426.9698954212536
18133 2335.2520466809638
19025 2298.590019438291
19029 2374.9861737493165
19087 2315.2053852465065
19135 2356.8288665709865
19163 2271.763350764654
19175 2386.9060644434753
20131 2513.411928307627
21043 2336.890132506779
21151 2426.0809254415526
21185 2380.5805855752546
21217 2459.452506694267
22005 3363.7964013094947
23001 1855.205084428982
25007 2150.546201007352
26045 2048.8685484864386
26121 2128.395332208417
27021 1886.4949685238682
27133 2225.615638750483
27159 1928.6889869034603
28051 3067.992500919436
28089 3072.64352066791
28119 2902.8282934255913
28145 2823.431339284634
29053 2521.926337913447
29081 2442.3062301538166
29169 2640.4738181161288
29221 2595.573727642343
30093 2242.770413143755
34019 2133.539709659008
34037 2054.612903237844
35057 3549.0734594496926
37129 2864.110607667316
37195 2716.860221679689
37197 2665.279895105083
38021 2053.2386359385696
38049 1896.4605258420077
38101 1895.7728543254932
39009 2218.0536999479664
39033 2084.939342140289
39069 2133.0233195846477
39103 2060.3229595454495
39165 2256.6108918048867
40015 3065.1832358047172
40017 2979.477499565624
40061 2866.6052276007067
40119 2891.2133330794077
40139 3110.0242207925453
42019 2097.3222214992416
42031 2079.5479546785573
42103 2050.4381603102975
42111 2134.7964087466953
45089 2859.982018608165
46013 2113.3425160670668
46103 2392.9824238841784
47057 2634.795211089832
47067 2625.454151907655
47075 2779.515104026721
48085 3090.5251432156474
48143 3263.48539775133
48313 3280.2691151587
48347 3155.6141105792926
48403 3228.464209205508
48407 3285.170375266353
48417 3307.232131638418
48423 3091.2356672796636
48437 3314.3323204950007
48471 3273.035107000114
49015 2940.648801168109
49039 3062.8749776648897
50023 1850.2118106973028
5081 3008.5173685912714
51009 2477.4164226087
51051 2469.6486944664985
51109 2419.162086108785
51119 2487.1909316366246
51121 2512.2551064756194
51163 2431.917789113673
51177 2374.4126020290682
51181 2554.7267682553415
5135 2763.3228854935583
51550 2582.3726016881915
51600 2286.611515988502
51820 2386.9431060465567
51830 2523.98457136593
53041 1811.4273909049084
53049 1835.9353278192957
53071 2184.8054332965967
53077 2178.829336236896
54031 2211.1281527547444
54059 2392.1823849358752
54091 2222.8936952923164
55003 1907.583034387164
55009 2016.91127255596
55089 2119.3301065367446
55115 2005.5293491188993
6021 2794.5410270672874
8001 2853.016242800395
8121 2877.1743885614987
1051 2949.5253671210726
1061 3131.103340776045
1095 2803.959834865338
1119 3012.3981636488147
12073 3250.777631596691
13003 3139.1520080416653
13005 3081.1490663009304
13043 3043.1735552181635
13075 3183.9701742650836
13119 2845.3347039104506
13179 3061.3954126406215
13189 2911.0097981982212
13195 2871.0194115190684
13207 2935.8955888345204
13265 2905.6011098870063
13317 2912.9841958880784
16065 2531.3495088387085
16073 2507.4363465335573
17135 2460.5463726063267
18005 2320.640697709492
18113 2141.8820742280386
19023 2214.319718524697
19069 2214.724608667712
19113 2246.8136383448414
19117 2377.268047561753
20009 2806.223085829801
20011 2680.5759780710114
20029 2621.4163532296893
20033 2914.296396045199
20165 2813.481552029632
21015 2306.074077765904
21019 2307.2332145436712
21127 2353.7026769268086
21155 2459.062948827995
21233 2559.5730689539987
21237 2409.269770446553
22067 3082.1898000763003
24003 2266.947051886297
24510 2233.838187935422
26001 1941.855495061744
26143 1933.879711838764
26161 2075.442418765303
27131 2088.518035759567
28023 3073.047581120792
28135 2945.3031833249734
28151 3054.6078266921195
29091 2704.571462878052
29103 2426.8476233902816
29183 2518.50382231209
29215 2675.711864217147
30009 2223.6778571420905
30041 2009.42026029925
31077 2493.373926271186
31123 2746.4086870056526
31125 2452.1587878531077
31129 2600.846194183052
31159 2467.1341615165275
33001 1904.8640997316263
36011 1945.6545209396497
36069 1972.827603744948
36105 2023.462881069509
37135 2669.6253156563575
37141 2816.5453390711305
37157 2623.8233974402815
38061 1927.053091586829
39029 2105.4454237378795
39119 2183.9362998533056
39137 2154.8485462557082
39153 2095.0359374055824
40025 3199.055627772173
40085 3056.5497151259306
40115 2807.3098493209877
4027 3659.036804611214
41003 2072.3390961509044
41009 1876.8837580069687
41027 2165.060769850153
41035 2669.5769152387456
42045 2195.683763852708
44005 2089.3607842937067
45021 2788.029103934099
45047 2869.2471343081365
45079 2781.244560162796
46069 2261.7024042372896
46097 2224.2639127118646
47107 2744.1286705094917
47147 2547.199438023331
47173 2626.0959295578514
47183 2710.5145619815266
47187 2602.077479573756
48169 3481.831854519773
48197 3169.265324576269
48207 3320.7867600369796
48223 3052.762016438078
48291 3319.2854841294343
48345 3309.958546610173
48357 3081.3519412378523
49029 2844.7105066442064
49035 2793.0604176876273
49057 2836.0369566760164
51011 2489.7861787744837
51015 2379.0561008072636
51049 2476.7810823611617
5107 2877.6488084632483
51113 2318.583204396299
51147 2519.8297626419494
51167 2501.212708975341
51750 2513.983839446354
51770 2457.2348387363572
53031 1773.1103249283124
54043 2336.578952186358
54069 2164.2082617213287
55071 2085.032013926639
6011 2842.8021123872027
6035 2875.1560658583735
6071 3499.146334497055
6085 3053.216510410057
8073 3003.195458214662
8105 3678.9365730915274
9003 2012.2012535486888
9015 2001.2870846191006
1035 3128.4026909172885
1129 3110.682063148817
12019 3271.1973707163284
12055 3620.1534834095482
12107 3279.4821652544333
13125 2946.080421751411
13153 3001.408759013756
16015 2492.2394327683623
17047 2448.4197497778523
17049 2425.64276199353
17177 2177.3476884708107
18143 2374.411830345036
19059 2202.4582236324877
19107 2277.410639992894
19197 2229.9771017266103
20001 2717.5343726346614
20027 2629.4428298125986
20047 2860.5919561225414
20057 2926.428589471129
20069 2983.118783421721
20141 2702.567986723165
20143 2631.420251113306
20161 2614.3722432793493
20209 2513.44873635628
21195 2427.155473811765
26029 1997.776842035353
26075 2092.012200224039
26139 2110.236205139585
27129 2075.8132347245114
28025 2938.0784168166665
28059 3265.495180744859
28071 2852.5740651018064
28087 2943.314178725848
28149 3152.501487771697
29069 2762.257108944493
29177 2542.1356267062715
29187 2610.687906406781
29203 2659.0130875066407
30067 2252.7436206907055
30069 2072.7060355932185
31007 2741.747390395478
31031 2516.6288482955088
31045 2623.340453408278
31073 2646.6177087570622
31091 2605.971718644068
31141 2410.2020885367942
35001 3568.409347359068
36085 2142.258827140917
36113 1950.9527921817316
37049 2719.504443270311
37131 2610.6239634462154
37149 2779.349976949462
37179 2792.3169255211874
37183 2687.025366527569
38003 1949.308736352051
38081 2003.2034382554025
39017 2264.685230144859
39019 2131.1162273841624
39047 2212.1601573094376
39155 2087.9374887784265
40005 3010.4593217014126
40013 3027.25704098989
40021 2882.036930799041
40043 2990.463681553446
40091 2909.9138630913253
40095 3041.421605366696
40125 2982.444084605906
42073 2116.250488427743
42125 2145.7980990054957
45081 2817.5486049257634
46023 2318.260280320353
47071 2759.906871511299
47103 2713.2223306081355
47167 2841.3977435080233
48033 3518.4378621468936
48099 3300.9645789066094
48173 3578.9894175141285
48179 3181.5639594070635
48217 3195.931818357824
48371 3684.942485239718
48445 3548.0687411043814
48463 3582.6402881187855
48495 3741.4372802716675
49023 2959.27511122257
49027 2993.6284203357905
5019 2941.7942505066108
5033 2821.9820203745753
51081 2571.5006872809886
51161 2464.6391906945173
51640 2542.38884550743
51685 2314.8247432639837
51700 2569.5907836393517
54099 2335.9228833319794
55013 1969.144526338423
55057 2060.78396024431
55087 2044.8500787057626
56027 2619.8857889830488
56029 2419.830899047374
56033 2428.9468896094077
6053 3033.330116278361
8025 3141.0178293785293
9005 2011.6191308292598
9011 2089.0794252703863
1099 3107.4116582520915
12013 3172.035111672204
12021 3791.712542324296
12077 3209.8769053370643
12089 3250.917063607683
13065 3156.404395090482
13099 3163.504291627768
13159 2938.718694766751
13235 3081.5192332620622
16061 2134.9066429815093
16079 1961.099298760631
17003 2656.4510817494624
17057 2382.68376855879
17061 2465.532587683783
17083 2500.082212940269
17123 2292.1485717389382
18021 2360.381964365875
18035 2221.9688338945057
18085 2163.6042465062505
18149 2176.363320071886
18177 2257.7873309706742
19149 2300.9152665456227
19151 2265.416653241243
20191 2807.1323670846587
20205 2758.1133371951396
21097 2313.748439898785
21107 2539.528295243006
22009 3266.8668501776265
22021 3103.14728374
22031 3119.579459837432
22077 3276.8025466105955
23009 1853.4034386325106
26047 1978.3782645469564
26105 2074.541390951122
27001 1902.6103246899072
27039 2107.0284672633165
27041 1983.7281980941573
27091 2191.8590375004464
27113 1799.0315611352569
27121 2003.836944270489
27125 1813.4278587263161
28007 3012.558800895536
29065 2660.552437580339
29071 2546.3075620756495
30109 2104.223944915253
32011 2895.930901694915
36089 1868.6082660882753
37063 2668.9013157721165
37085 2736.017518667798
37087 2715.4992299342935
37193 2635.247150203755
37199 2650.5273526647443
39059 2177.281840245536
40141 3124.6761617731613
42053 2072.922239546587
42113 2030.2129929496605
42123 2046.967003254238
45027 2844.899333336979
45035 2874.341574094068
45069 2787.028143151749
45075 2856.414312254575
46015 2307.717341954974
46027 2320.1433265445216
46089 2167.0092423728843
46101 2198.4288997055355
47165 2538.1361650567246
47185 2595.1677627144045
48041 3322.426410684207
48123 3472.920755760732
48367 3138.1159712372328
48507 3618.8027295584498
49055 3425.4084112994396
5021 2771.3831360671784
51013 2291.3687641991028
51057 2446.3814339836717
51135 2538.468702160622
54005 2348.20412812122
54083 2243.5506395835882
55041 2011.7460781218842
56011 2453.534899607115
6003 3336.898253389829
6023 2476.046547397276
6075 2764.905895837375
2050 2621.5644560440855
46102 2621.5644560440855
1047 3022.8530973173747
1091 3030.0149735277137
1109 3065.19916554836
12063 3189.463475767962
12099 3699.876001730309
13221 2884.5951865758198
13227 2789.5922798444335
13233 2844.200211463616
13237 2940.4755626604524
16023 2521.0919788135584
16045 2484.264543945563
17021 2443.399690348416
18097 2293.2179136780933
19073 2324.9224055753375
19093 2315.0568448530626
19179 2341.502410677176
20101 2912.765947457628
20119 3012.2097243523986
21045 2471.574032560199
21141 2533.812665421243
21159 2359.3262606104654
21203 2458.081277301184
22059 3134.632993981214
22101 3381.994521927629
24005 2242.1675601114066
24031 2256.100364759791
24035 2310.507326714021
25013 1990.935069993897
26063 1977.3828041621284
29045 2378.6714537728462
29137 2468.6051529532056
29185 2632.0774041637283
29197 2415.405449142599
30027 2066.836724599686
30049 2171.346274238674
30053 1910.0775283322137
30077 2188.8231332030814
31071 2478.2884813559317
31109 2441.058959399605
31157 2734.304702299153
32017 3232.0501522294594
32021 3145.541626819946
34021 2156.9118384696244
34041 2103.3385491403524
35019 3495.4607155367207
37035 2750.0414185242635
37093 2746.166923820733
37117 2678.4317963220615
38007 2048.4049824858766
39021 2171.4430154152196
40037 2904.9372216422576
40077 2866.3785799671177
40103 2882.841993241949
4011 3750.1312086889525
4021 3684.0143011599707
41007 1901.995717201496
41031 2364.3635024711093
41059 2227.0942593522273
42079 2061.7394119137653
42115 1994.4504680550988
46003 2251.9460816384153
46043 2268.2611364406785
46063 2247.445623446328
46081 2369.4324648647266
46105 2220.4499768361575
46115 2198.1912727727085
46123 2363.9316727939868
47017 2728.558111548927
47029 2666.348372319521
47059 2696.2532071520077
47129 2574.3050652220054
47143 2675.5061414203387
47149 2576.935607787174
47161 2633.9849895536154
47171 2621.6864557382787
48053 3372.5741967786994
48107 3411.1210135239803
48359 3300.68986581921
48457 3220.4912570050305
50009 1843.3569122585595
5015 2830.271934007711
5073 3043.301903250253
51021 2476.8754796922317
51036 2507.4879844840384
51093 2581.712326843445
51107 2281.3546402332818
51117 2592.6200257528258
54075 2341.8417177796914
54081 2393.8170866087853
55097 1987.6982258351863
55101 2139.7431388265563
6013 2951.97300077613
6073 3486.530861939579
6083 3317.6000649934754
8089 3121.2293271535323
2150 2621.5644560440855
2282 2621.5644560440855
10005 2321.7441949811014
1069 3142.4542298316383
1073 2822.728481870422
1089 2740.6091750642363
1111 2873.692965364972
12041 3267.514949616836
12133 3181.933885551663
13073 2857.146313657512
13083 2788.040967823249
13165 3004.736742724604
13261 3075.5199192309606
13275 3208.695642413757
13289 3006.876756598702
13301 2933.678759471892
13319 2992.007402730536
16001 2519.313922343446
17079 2411.917762529063
18125 2432.6744208071477
19037 2171.5428032506334
19061 2221.1177897963416
19101 2328.2902419900643
19127 2281.2806718642055
19159 2424.1810917029293
20031 2674.5267108377398
20075 3035.3170881355923
20149 2550.4324644103967
20153 2821.846860451977
20155 2742.3183773018072
20159 2759.384453098447
20195 2829.5812516949154
21169 2531.0828602144366
21207 2508.5818992923178
22091 3265.664248736808
24047 2412.1854151294906
26043 1978.911951387651
26107 2000.4205300283486
26113 1937.1860041996758
26135 1918.7419636869977
26137 1925.7433116981972
27071 1754.2337328906617
27155 2035.9626895383722
28031 3106.9896299678235
28103 3007.358754969943
28113 3183.5529783848865
28121 3044.61030160856
29003 2490.8420863787564
29023 2684.267667996585
29035 2673.3184387857345
29051 2592.021763274013
29061 2455.941119282732
29123 2615.004076740515
29133 2657.7099989747758
29141 2595.2047831489263
29205 2456.0687080882567
31021 2370.355704667683
31179 2407.8505968286777
35003 3488.5535663841792
35009 3491.5247047753387
36013 2040.0317785861441
36111 2033.1918107253946
37001 2644.853424478644
37027 2675.6200434648003
37043 2743.6068802027685
39169 2088.137535475057
40053 2838.7050846622037
4009 3733.6398769953385
42021 2113.28333288726
42087 2081.749844757781
42093 2059.411955475889
46017 2295.6419194915266
46065 2322.588291284152
46121 2478.527994974292
46125 2271.690072559492
47125 2610.6695970862133
48045 3285.6465593220346
48079 3570.120291242936
48195 3153.648670567345
48249 3594.0152935040687
48329 3658.9004005967254
49011 2837.7011904622877
49013 2924.912958035029
50013 1796.3629525627607
5017 3075.5287776215805
5023 2749.649817968391
5029 2763.813944217261
51007 2494.2316044599434
51053 2510.1938573960806
51063 2539.4406270434456
51067 2512.9570225183334
51095 2523.121782733842
5113 2865.7832875816393
5131 2805.5332782472037
5143 2797.6079803562984
53059 2043.2910133141336
54003 2230.8005268101383
55055 2100.944382875006
55107 1985.8408091036974
55127 2107.309696019523
56001 2825.2573545649157
6043 3099.6973093266424
6051 3572.059412784379
8043 3280.546446694296
8065 4063.5915982971787
8119 3521.7713019447197
2105 2621.5644560440855
15007 2621.5644560440855
1021 2920.2536541705663
1063 2975.662709202852
12043 3673.8031434015243
12083 3266.464595212433
13019 3174.6863355765267
13117 2831.210859115904
13143 2824.5794076213265
13231 2906.405241436891
13283 3082.3413597739545
13291 2764.7923921879087
13295 2765.4003118784185
17051 2463.3399749603377
17105 2297.679675115538
17187 2323.8120081421303
18031 2291.3052424330494
18041 2276.5810829211027
19075 2233.484089722192
19141 2250.379401646506
19143 2194.2731392353003
20193 2889.3836752516095
21025 2442.0484771053657
21027 2477.91790181407
21173 2392.837547767627
21177 2504.6773761200616
21223 2355.0379023512423
22109 3345.352921473699
25027 1955.440345642431
26005 2107.0608196058147
26013 1892.4989882787313
26027 2117.568409248193
26053 1916.8211860730567
26061 1952.1767262222102
26073 1992.51452447991
26077 2071.0111883973877
26097 1934.2559323403389
26153 1972.0872980943495
27009 2001.28432421659
27063 2173.5292152534744
28003 2771.350922025566
28081 2825.430171743644
28095 2885.5429730523438
28139 2785.4720157998604
29009 2781.439677473476
29043 2726.521190756892
29075 2450.6188655849064
29095 2529.416966282156
29165 2516.5507944998294
30017 2171.313220335555
30045 2085.8402539548015
30101 1995.989773608878
31099 2630.9401042978525
35015 3739.2696933162993
36005 2108.0215760691085
36055 2001.0038150337539
37033 2615.9661366079094
37069 2670.674345619885
37099 2713.790045750084
38055 1985.7797590179791
39001 2268.308966228957
39175 2105.0640303915684
40101 2883.946921000847
40109 2970.7977875753368
40127 2955.045334568702
40135 2853.1643995032496
4017 3479.2466408046894
41001 2360.8645865274766
42025 2092.8356225312177
45003 2806.0040576355655
46025 2179.394097175139
46119 2292.0178505649706
47041 2627.6368094116374
47069 2750.246298463164
47175 2623.462121605338
47177 2654.553898714689
48077 3129.132918014462
48091 3439.9969304210717
48137 3607.8509483050825
48161 3217.243758941526
48183 3121.6955386588725
48221 3176.713761888501
48235 3625.5426353107314
48315 3093.524749570028
48319 3457.9656735016943
48391 3639.119402559211
48425 3197.335599508134
48455 3245.903765452203
51031 2496.263211709903
51087 2455.585651207799
51145 2455.0533226506295
51595 2566.9925318219766
51678 2436.047649717514
53073 1742.7191095975465
54013 2277.6707710265246
54023 2193.784152273532
55045 2183.3419209632953
56003 2462.844965522287
56007 2959.793632196781
6001 2936.9804695483344
6025 3575.118621696019
6055 2937.053700035424
8101 3113.873210558818
2198 2621.5644560440855
2220 2621.5644560440855
2275 2621.5644560440855
1043 2777.553574810707
1127 2839.291455904717
12039 3208.0646444068047
12061 3641.0674541537865
12097 3476.3234160823445
13015 2820.171561596835
13069 3135.4454702920634
13193 3059.8942166299994
13305 3104.495047871637
16055 1994.2674925156898
18077 2344.167847078671
18081 2326.088596349863
18115 2298.713888286811
18135 2214.8460278951825
19091 2265.537380720905
19161 2309.827866032695
20187 3039.882848305087
21011 2387.1812857117543
21047 2597.0725476049906
21191 2300.1582185900575
22083 3116.750763439943
25023 2020.4771190616345
26015 2072.7656218437205
27045 2109.9620935863213
27067 2044.5022168385788
27081 2144.4502900631865
28035 3155.638901098331
28063 3209.670617147264
28097 2977.9040275181087
28107 2891.554710265112
28129 3057.3185907694074
28141 2789.5059934178807
29013 2630.21748216782
29207 2650.1438551022334
30007 2189.4649673792737
30079 2136.0568689265547
30105 2003.306132447001
31011 2463.0270114038403
31019 2587.648195670708
31163 2544.995770621469
35011 3509.951717514125
35031 3437.2950408110437
36123 1989.126809582376
37109 2772.92773852096
37137 2719.418493147289
37145 2614.8679876735864
37187 2680.6513518065813
38095 1791.9025867231635
39003 2163.57295449454
39089 2147.4067527464713
39105 2244.321603754069
40009 3096.4511265287033
41045 2444.573456472841
42047 2063.9790441024547
42099 2130.5575046492067
45009 2885.110856325876
46093 2365.6660063023432
46129 2198.0252556981245
47035 2576.944291290451
47113 2753.885837890198
47153 2663.080831941159
48001 3188.4303610432507
48157 3256.511939412708
48213 3111.0046736959052
48247 3756.3304936071763
48293 3227.9042627904237
48473 3339.763209713984
48491 3367.159888856412
5037 2894.9494635247197
5089 2758.944095580396
5093 2822.4961585606216
5101 2808.1406773748326
51023 2444.1205713140544
51069 2242.111079656712
51097 2463.0294681313544
51127 2484.1318885098594
51760 2451.792224568234
53001 2161.327152726418
53043 2026.922959779035
54017 2239.590599954319
54019 2357.393527832996
54041 2246.3216005917143
8097 4001.6524542264942
1015 2844.217056853277
1019 2833.3572954108477
12075 3325.1849590979405
13101 3205.604081730167
13205 3204.3448723157617
13287 3113.20243932935
13299 3085.322678217178
17015 2199.642130785475
17037 2164.6393063502446
17145 2565.04451675274
18047 2280.6796011512415
18051 2446.325504289178
18141 2133.9579940412445
18183 2167.2906196536164
19165 2368.8321572607356
20043 2498.691530037448
20087 2534.2500836647077
20147 2687.1742557129764
20189 3071.5888097732495
21037 2275.7047944466394
21055 2597.687402794197
21071 2418.486125175255
21099 2511.6695801848578
21133 2509.1779244899417
21139 2610.236914349548
22047 3357.7601735681073
22123 3125.780817557203
22127 3159.2180018233626
24015 2215.589443024293
25017 1962.8142746189137
25021 1984.8863891925016
26023 2125.034484571287
26111 1976.44198576102
26119 1910.7241028370706
27047 2167.2080906525416
27075 1899.8416310093232
27085 2055.2520849726116
27127 2102.210839477499
28033 2864.082341835593
29083 2619.9991229129096
29093 2634.7708565336707
31017 2456.2997706214687
31069 2684.8313550847433
31087 2766.6302499999993
31103 2381.4899022598884
31105 2737.749349152544
31171 2555.75930621469
31185 2465.3901759367764
33005 1933.2061378258054
35039 3527.58616178486
37095 2765.8622166666664
37113 2703.870611172598
38019 1740.949453295926
38035 1781.7770759580233
38085 2130.1424585005334
39157 2138.9700472712425
40041 2845.1305220150857
40121 2925.242004079011
40133 2991.5764720450297
40143 2856.108479270623
40153 2979.688211848391
45049 2958.5925384707616
45053 3021.9874530123748
46009 2306.6118042465678
46047 2568.751663706066
47047 2790.484014354237
47083 2621.531909424236
48031 3450.9276328183905
48059 3377.0321146364404
48073 3139.967918678051
48153 3378.1422076227714
48181 3053.9423258092675
48205 3278.4234392655385
48219 3502.785039066981
48271 3610.825860734463
48289 3277.719137884603
48337 3094.969108651812
48353 3442.225262884152
48429 3251.8548777894625
48431 3559.170302542376
48443 3839.864010734464
48453 3390.3147423115565
49001 3092.410998559605
49019 3224.971888676327
49043 2861.2144994494643
5047 2807.747212329464
5087 2800.959102493303
5097 2816.5780396149435
51530 2446.4046887005647
51690 2560.4886968222036
53037 2159.8869894399404
53039 2213.7062082642833
53075 2099.061278808907
54033 2211.720108466852
55017 1953.8100765417507
55091 2014.1440684214185
6115 2839.2083783592384
8014 2822.037396767004
8103 2940.772353541526
1023 3080.605114509491
12059 3161.802876145452
12123 3359.977539812599
12127 3345.0414971446316
12129 3302.983683906272
13107 3027.752095126895
13155 3139.486915948166
13169 2946.284497610139
13253 3216.0811576871206
16041 2620.7354529855565
16059 2386.409290815962
16081 2601.283446327683
17029 2396.069532308021
17115 2413.4309922309335
17165 2533.8947017827927
18025 2441.088005178371
18053 2208.2869370289363
18055 2401.18820391531
18137 2297.341665409237
18147 2481.1349389714405
19011 2233.1025775218236
19085 2365.4903134581928
19123 2307.8008440182393
19129 2401.462178843757
20051 2807.7603115878796
20129 3090.6337646892666
20139 2593.6852855642073
20179 2825.513817187315
20201 2593.2769558749437
21137 2454.1155047750835
21149 2516.5365033028775
21171 2565.867459931807
21205 2369.7338049992654
22025 3161.8741502887274
22103 3328.0990330250274
22117 3205.904833609266
26131 1917.9509242734844
27007 1840.1840468880785
29157 2588.400203791949
30005 1980.76508340323
31117 2659.8591878531074
31147 2505.831788136047
32023 3403.613076190816
32027 2928.105134180791
35033 3604.404502824855
35051 3708.1523956246024
37029 2654.139603564009
37089 2727.296090146553
37163 2727.227893023842
37165 2754.67243347924
37191 2729.271954300201
38059 2084.772822943901
39007 2132.389854830506
39041 2143.0968863204525
39051 2130.2250509076584
39067 2147.7852779565787
40049 3059.3153805938973
4013 3641.8661905501963
41043 2092.441153268124
42127 2034.1433336796185
45011 2848.9143721198316
45031 2800.7647613776
47031 2661.343327006075
47117 2661.2995401622325
48037 3025.7496105207047
48209 3415.7758217976843
48263 3380.3829039548
48307 3450.2300248494935
48311 3584.8336372881336
48381 3258.395503947118
48401 3155.97799596802
48465 3612.082090422175
48483 3132.8900119633904
49051 2985.1976060801717
5043 2965.841098490422
5063 2772.041357223332
51029 2458.6759775520563
51125 2416.4735238688945
51155 2485.677666113898
5121 2774.995198210006
51610 2285.6919705878827
51683 2317.8770769635025
54067 2329.526950276468
54071 2295.728367214324
55021 2084.6252513674303
55035 1975.3069051296088
55049 2134.0796305150225
55111 2108.5579399018975
55135 2006.0816241028247
56025 2707.6248994685875
6041 2855.5000661075724
6101 2829.799284694123
8019 3564.8128672852245
8099 3076.4453213918077
8111 4163.482816949146
2110 2621.5644560440855
2170 2621.5644560440855
1011 3044.4646897496646
1065 2988.2340626674027
12017 3377.319806275794
12125 3207.8324924345757
13009 2972.7274763747178
13177 3118.261026184661
13243 3064.971417554296
17005 2496.2997904367235
17075 2256.233604583871
17149 2460.867520138569
17173 2419.697159502262
17179 2352.4322165175777
17201 2172.653130915211
18157 2267.6616721910077
18161 2295.2379360290415
19039 2388.083509553792
19049 2324.9019588376545
19083 2236.1185284572284
19147 2235.7277176505218
20019 2801.925849717514
20077 2856.1782388504816
20095 2805.550673592232
20125 2807.0918555163557
21081 2326.031756110367
21089 2305.553346168359
21193 2483.8892625913563
21201 2308.72886977401
22011 3252.230937011385
22055 3316.5999563787013
22099 3311.8543650714664
22111 3083.6631323958454
22119 3099.4585713253646
23021 1796.8017154597658
24029 2276.587007291706
24039 2444.8653248886435
26163 2063.3498262707994
28073 3142.8387161098035
28091 3158.735757154777
29107 2560.870343181255
29151 2569.1980518494906
31041 2540.9051943199447
31137 2661.9188070465243
31181 2596.0549065057357
32033 3012.1164538351145
33013 1911.1919034676475
35037 3403.8524809359324
36051 1979.3218069443785
36067 1944.4714565305674
36119 2095.120964650383
37037 2697.4887731175136
37139 2653.6569105407343
38009 1857.3965846846572
38029 2082.7061031073436
38037 2076.333415819208
38069 1888.8952509206433
38083 1983.392858757062
38087 2107.2387838983054
39097 2189.380001694829
39109 2211.654829610933
40003 2900.5931932583335
4001 3424.187088921554
41037 2647.9100717398715
41039 2171.4295099046294
41057 1974.2041261863817
42001 2202.4826406779853
42033 2091.6417902307508
42129 2112.7135492313846
45059 2851.3291778461585
46031 2178.8202571897637
48017 3479.2397929378517
48021 3407.6762246979956
48083 3409.3188796787554
48101 3299.2600350282446
48159 3068.7116019496066
48261 3724.5173850282463
48317 3599.118150850083
49053 3301.8286688279377
51037 2575.104654056385
51041 2473.90718061709
51149 2515.9500171108134
51730 2502.5350366229677
53033 1788.5404468584934
53051 1936.1659947819396
53053 1802.4294751241778
53055 1827.705495321111
54077 2199.5092795865817
56021 2684.5408158699156
6017 2976.8271298313566
6097 2902.162909562542
8009 3133.9748050225157
2188 2621.5644560440855
2290 2621.5644560440855
1081 2947.755262042261
12085 3654.2784040081888
12121 3238.6051344330795
13023 3075.0184993441235
13137 2811.128748477994
13173 3199.9000705458457
16021 1910.6851619197205
16027 2503.4530274494637
17073 2259.0728377125956
17155 2266.82542028064
18049 2177.268902510503
18121 2335.403557722119
19183 2301.7118975199883
19187 2267.6185053229087
20025 2991.5124669491533
20099 2801.460825447544
20185 2811.0337493212432
21029 2423.5628536739823
21033 2587.8324992561015
21123 2467.5902687123735
21189 2428.9631316427394
21219 2591.3289178853092
21227 2517.806653616442
22015 3113.667730064153
23007 1795.43609932739
24001 2206.217585596504
25025 1988.7420047549094
26003 1978.4585120657935
27141 1995.5369128316902
28009 2797.6451039324015
28041 3123.8374738028833
28055 3159.640260169489
28079 3037.433159785874
28109 3213.748037314041
28159 3001.613812482851
29077 2700.0263730776287
29121 2452.321063009879
29135 2579.7145174283323
30095 2176.14382532099
31039 2379.013402822008
31049 2738.074743502825
31115 2480.8434587570628
31153 2384.643737742119
33007 1849.7227822056961
34011 2284.9236877587473
35041 3528.044427463304
36063 2025.5080639570106
37073 2602.439070463587
37107 2745.6020491726536
38027 1954.9359166666663
39049 2168.785798474974
40069 3021.2982881187554
40071 2878.3399094289266
40137 3096.138167353222
4025 3451.3878256801418
41017 2435.0020447405423
42049 2088.427704207543
42065 2082.8624736837282
42067 2094.166158248878
46029 2185.314635566948
47021 2581.0702598094945
47053 2755.1198004717235
48003 3649.908432374772
48097 3034.4863760598014
48139 3115.8635710807052
48231 3069.4599068326834
48283 3640.71963898305
48305 3509.674954878163
48351 3248.7880945511315
48369 3452.06105315308
48399 3465.8952217563547
48487 3146.75584026825
50003 1945.5289855726135
51175 2583.4740578935307
5133 2993.8525060816655
54029 2125.6656820466633
55093 2026.003785763246
6007 2820.102776940676
6031 3126.982793923445
6063 2918.2137508949427
6067 2875.3298505165258
8077 3116.881189638644
8125 2873.657974292317
1025 3102.3178595696295
12007 3224.6049971143198
12115 3769.028735365197
13127 3216.1198579201114
13213 2765.2991920857908
13245 2837.2479870999155
13251 2986.8310741043524
13255 2900.7471131032758
13269 2977.6998555650275
13303 2987.8217511063003
16043 2498.166258877149
16047 2661.12976174678
16071 2604.4019389830532
17017 2421.3409603321606
17065 2514.079577230565
17069 2584.9600055055657
17089 2144.0583012513803
18033 2144.25114684443
18073 2190.7028599398395
18087 2134.134327371762
18109 2375.1718333977237
18163 2485.146772801017
18165 2345.187072350423
19027 2338.7694731273987
19043 2194.67079395179
19045 2227.73006211531
19077 2332.5958519314854
19109 2225.113794834591
19191 2126.5017964745207
20123 2644.3551817023704
20137 2719.5958271186464
22037 3278.078314159661
22049 3126.2713402527097
24021 2226.8714191101726
26037 2028.9018567253938
26133 1973.2317369378347
26149 2121.469744555312
27093 2041.4240468473358
27117 2185.85719902768
28013 2901.469528876838
28111 3173.75079313771
28157 3269.9064186485543
29021 2492.890875257992
29161 2602.149607008135
29179 2639.975814011528
30099 2038.595644686232
31009 2546.35996299435
31013 2686.1878987743507
31027 2361.611941223613
31055 2375.9992117367806
31095 2588.6435402411944
35017 3740.8468370025707
36053 1955.866726048866
36093 1988.709656600239
37015 2629.697267685762
37115 2702.9859840504496
37147 2713.328253286695
37175 2692.2805050028796
38017 1904.5710367613283
38025 2005.5258799435026
38065 2005.9155491525441
39055 2085.477590108082
39063 2143.132502896388
39127 2186.4358240985885
40099 3048.3821648756766
41019 2310.2037964697033
41053 2041.1206475018037
41061 2298.8515088474132
42005 2080.55701233272
42041 2150.962217174214
42119 2062.8797238130232
44003 2027.6451854716383
45037 2837.857628883387
45043 2902.714432442825
46055 2425.887489265537
46083 2246.769637941444
47001 2611.4747862804807
47079 2698.9057379133774
47105 2705.8717101357897
48061 3836.615092022744
48089 3434.3742242618378
48109 3876.787009039549
48111 3280.0402730740398
48145 3283.1113323236723
48167 3470.4241244272016
48335 3502.154006257516
48497 3089.4210801106783
49003 2751.2518622372063
50001 1882.383020508078
5035 2894.9817799563602
51005 2392.5725384159045
51073 2523.074419909944
51099 2387.4806589472596
51101 2460.652002636383
51173 2530.6682552232473
5141 2754.403167349409
51515 2500.137648305082
51670 2501.5470247344083
51720 2510.567385028248
53017 2084.6872327681085
53045 1790.9545942137852
54047 2455.7508340507616
55099 1991.840463700677
55105 2142.804482120725
6095 2949.5492426624296
8033 3323.0580988700553
2230 2621.5644560440855
1085 3040.1697106880515
12051 3668.6251982087
12057 3498.3500805065264
13067 2818.4325399884465
13187 2758.353153786017
13259 3005.3292260227126
13307 3036.937483504773
16057 2102.8697891648703
16077 2622.7679244642677
17009 2442.7649290093195
17095 2308.9718568687554
17099 2237.3292239577586
17175 2275.4082418626836
17183 2318.6835644498296
18011 2297.6953181208164
18029 2292.7235866687847
18111 2206.6364542424044
19031 2258.9813775075263
19081 2187.881171442164
19105 2253.7669644217312
19137 2445.8806962044905
19155 2377.536366194606
20023 2883.4481112994345
20083 2911.1177782485875
21013 2509.640772027541
21065 2421.1512203872603
21083 2670.571055733137
21113 2442.3751342090395
21153 2401.414744230902
24033 2277.5610032392597
24037 2392.3573244871204
26055 1940.327752834421
27015 2091.3153826567514
27055 2119.47763641692
27167 1959.6583373793019
28037 3196.5762570862976
29031 2623.9063397020313
29037 2585.1483960725404
29223 2649.936454405987
30019 2003.0839649717502
31059 2518.398746174202
31079 2533.033434722057
31097 2491.048260568361
31177 2381.2452718783466
36029 2039.279658320247
36033 1845.6590705500876
36037 1987.5531627195871
37023 2693.079452852287
37083 2638.1571609081957
38057 1972.5769280409224
38063 1861.1717680790962
40065 3134.7287811592632
40147 2822.4774112415535
42023 2049.5312489413577
42075 2118.8275971748076
42097 2072.426550167367
46079 2224.1356487277394
46137 2298.0129864406804
47003 2654.510015014943
47181 2714.6746375705375
48069 3384.58973936596
48071 3328.1863863129943
48095 3502.5458920903957
48201 3269.7915472387576
48269 3303.63366242938
48389 3755.3663204148284
5041 2976.1360786341525
5059 2903.974747193279
51047 2341.108729718839
51085 2456.785073177528
5109 2901.8031854601695
51187 2275.405841292401
5119 2862.0481057151396
5139 3002.006182237739
5149 2805.04758182839
51540 2397.6696214787835
51740 2574.4448165134745
53015 1854.022479250986
53025 2126.6183023001795
54027 2221.9418083991245
55011 2022.126772701343
55067 1998.9322406352353
55069 1994.7888030773565
55073 1994.2474064977407
56005 2484.0543478015243
8017 3041.08776638418
8123 2820.6036983734734
1031 3105.359222348473
11001 2283.8551906903017
12065 3250.1284590330815
12093 3602.00174902754
13017 3112.5363400006477
13087 3238.5205169885335
13147 2856.084313262343
13229 3075.0191620885603
16011 2631.6919756426287
16029 2596.5604737459607
16053 2664.0947662692483
17125 2393.1400512460673
18017 2211.987347896921
19007 2385.362075772023
19033 2186.4244469116666
19071 2436.507433543248
20071 3020.9528387005653
20181 2971.1885088155946
20197 2606.7436247345477
21003 2525.3492784060727
21017 2337.6717533861874
21041 2335.903308805504
21053 2553.7692657936163
21087 2475.2638771360475
21129 2416.591995099603
21187 2339.201646624858
22089 3341.1282406630835
26011 1958.6938791765256
26019 2010.0732364355529
26051 1969.9967906159177
26069 1967.8361113049446
27051 2000.169079400865
27059 1975.2807255802793
27065 1951.8474369686617
28043 2962.878015643248
29039 2680.000731330481
29097 2755.8650826593207
30035 2021.5990403272424
30065 2158.840977039096
30071 1982.77067316384
31001 2546.411870846018
31051 2357.3577368220535
31093 2494.349776693276
31107 2350.4994733074955
32029 3016.2071627118626
33017 1925.0461273811693
35023 3788.1107949779907
35061 3622.775196404603
36003 1996.911049828985
36077 1964.0930499109247
37123 2746.2862641449456
38045 2023.8666067366182
39061 2268.9331226200543
4023 3819.465309114322
41051 1946.909507932292
45085 2828.694484047797
46059 2231.9353591337144
47051 2702.6930775114674
47111 2573.9597714075435
48051 3363.8058610525145
48341 3237.1507787723153
48413 3599.0424663841804
48441 3382.5682833032174
48449 3048.2116190592383
48451 3568.561084086218
50007 1859.1308431123146
50017 1873.7156358799443
5057 3005.2238183596332
5065 2754.245631837515
51045 2416.134968926555
51157 2300.93800197353
53061 1756.9718448074361
54037 2247.589062180092
55043 2179.945612277033
55061 2014.5863326537567
55075 2009.0457697420948
56019 2469.028179306412
6091 2974.1018324858746
6107 3149.011452735789
2130 2621.5644560440855
1001 2944.226466124719
1037 2916.8336762649406
1055 2829.519794634152
1101 2973.267494732175
1105 3009.760800836723
12011 3773.251552153841
12081 3751.8356372156477
12095 3373.734263113078
13093 3060.6583269385305
13129 2782.232829119885
13135 2834.4109602452254
13199 2933.184119476867
13223 2817.081635690508
16039 2650.4511210612413
16087 2431.5252811370633
17039 2368.5677919957616
17195 2225.981850725602
18145 2282.3498580515297
18179 2181.273276343576
19003 2408.0138194927117
21101 2521.258291719861
21115 2369.3009577578828
21145 2614.88864624085
21163 2460.2140188004237
22061 3126.8449160219743
24043 2215.557159883865
25015 1974.1688303605445
27107 1824.6454453720326
27165 2123.5065465864272
28127 3057.8170496550006
29131 2608.6799705790695
30055 2079.4166559322043
30103 2197.122029378531
31029 2808.8620437853124
32005 3149.7101971156776
36023 1946.0438775307275
36071 2043.8413385831384
37009 2609.972685550197
37041 2641.7604536738695
37067 2665.036919502288
37091 2603.0751478604257
37125 2707.8606256076846
37127 2695.5018888670334
37167 2771.7588118460717
38013 1891.5779443502806
39013 2170.795895524849
39081 2136.4042737103955
39145 2298.032217421723
40007 3039.9547593747175
40011 2969.9573446717786
4005 3339.8888998212137
40117 2870.144645254408
41005 1983.3175223630117
45061 2809.4929236361
45077 2795.2266457146607
46019 2342.7242989982788
46033 2497.5859805564405
46035 2263.520783686194
46127 2311.757555868257
47089 2660.5706165399997
47139 2735.0671650442378
47145 2653.792867492062
48009 3152.211480359803
48047 3674.3651002638135
48055 3432.028274748757
48087 3166.745309604518
48281 3314.600116294579
48343 3066.3469035264393
48477 3378.9435044603974
5039 2943.124546949859
5069 2922.9079099940973
51065 2430.525115631539
51075 2448.312294384424
53023 2142.475200282486
54015 2309.967593163389
54035 2267.493817356525
6019 3060.433580088587
6027 3548.8677284102578
6037 3412.7112928137853
6049 2757.477624881582
6079 3229.2919457316107
8031 2863.019116366102
8113 3905.5305390893795
2158 2621.5644560440855
2261 2621.5644560440855
10003 2222.566458144225
1007 2948.880543651893
1039 3147.346104210648
1071 2770.593739413559
12027 3671.4326510663846
12035 3308.727358638388
12113 3182.1994954380784
13035 2917.618171745649
13061 3102.827791807908
13167 3023.5932156643494
13263 2963.835563841666
13293 2953.658675913363
13313 2775.586684114774
16007 2632.72792280209
16051 2562.379619078418
16069 2128.618739064785
17067 2379.2034330133733
17077 2591.8052278602813
17103 2213.9215047739685
17111 2126.0784275356905
17119 2508.8195218173983
17131 2284.7620577124144
18037 2417.2757803103104
18067 2217.243067211409
19021 2287.7901195232594
19097 2234.9998784023483
20085 2527.3327755074447
21005 2413.6751174141805
21057 2549.9846159151975
21131 2476.292145367797
21179 2437.2196972976826
22039 3240.5107320555376
22045 3341.9228012596323
26017 1965.1672649976904
26093 2036.2410644355639
27027 1910.259869799035
27079 2079.693340823784
27109 2086.5486084285076
28021 3185.600140618787
28053 3069.4229060833322
28125 3134.776578344689
29033 2500.951925525932
29153 2728.199932857091
31023 2412.324082964721
31111 2635.4097746561865
31139 2376.189334249888
34013 2101.6500186120024
36027 2030.0374393501068
36041 1976.263480003731
37011 2581.9196735473156
37021 2721.281875525026
37059 2682.4599468783904
38011 2151.3063563714977
38051 2122.6863435028263
39027 2233.9655529775946
39101 2118.8923450441666
39117 2092.4543609338725
40001 2842.445749383841
40019 3049.7592391542653
40113 2855.4008025368644
41063 2273.604709223503
42029 2182.186871020454
42071 2149.4144732247396
42107 2111.9724154495175
42109 2079.836546161549
45025 2792.9532624238977
45057 2812.6492389472583
46021 2160.9534511299435
46061 2256.1944779661026
46135 2331.989977804657
48141 3923.559344472801
49041 3054.840786783194
5045 2811.4569508119484
5091 3026.61639113096
51159 2442.516234806608
51171 2247.7756012784453
51775 2468.1998740288973
53007 2093.4820201351877
53067 1790.4369864216926
54105 2244.661472652882
55025 2114.03558454003
8013 2871.270754326864
8053 4152.353457062139
2122 2621.5644560440855
15001 2621.5644560440855
15009 2621.5644560440855
