12033 3281.6935873410243
12086 3881.0264258425987
13097 3052.8326442126
13103 3101.4116543446207
16013 2768.657046539219
17001 2622.5694984472107
17035 2648.243223543558
18075 2481.7740672601
18103 2493.56885963617
18173 2772.7118813322686
19041 2422.7002847488197
19047 2571.38780053371
19079 2512.8851181657483
19195 2318.457085084542
20005 2755.07928631779
20045 2727.642087602088
20091 2782.83374176895
20109 3169.5400058631913
20171 3207.4490247557005
20177 2752.960106379763
20203 3220.926269072166
21039 2874.8306839639663
21049 2614.860879147589
21105 2887.0664738983023
21165 2585.29841237963
21197 2601.2187465187835
21199 2722.7981417374967
22007 3354.2010006246755
22097 3350.1053253005953
23023 2073.940217587848
24019 2543.8052274463844
24027 2422.368295466321
25001 2234.516944233809
26033 1977.9328169419691
26041 2001.6145548521072
26099 2284.4123676695085
26159 2379.335916203811
27031 1894.8250648746766
27037 2232.9301273507176
27095 2118.3275217387672
27149 2158.881600932036
29057 2887.6389972848674
30039 2333.205393906812
31151 2716.9645461546947
32001 3293.103779798738
34015 2397.035897479347
35045 3600.5767191487466
35047 3645.179467610626
36009 2103.501623067592
36039 2155.3349512964696
37061 2852.2373714718924
37185 2784.266640313616
39011 2457.4080532668704
39093 2334.4517293621952
39133 2312.7585310801555
40033 3240.6175190626955
40097 2973.4434671979925
40111 2990.311185949423
41041 2094.5926781441426
41067 2006.091191539145
42027 2241.9288044308455
42057 2372.7421046784757
45039 2996.185845051617
47027 2803.285919590726
47123 2957.433897496281
47189 2828.340168248649
48043 4004.4827659264283
48057 3690.2636643467113
48115 3683.492338336361
48165 3763.46367122286
48171 3694.7048450964794
48191 3397.446648514849
48287 3512.0459262156314
48295 3303.1794939793485
48325 3724.3624353369487
48331 3525.9614464731385
48363 3418.661888229032
48447 3441.971551298699
5011 3190.895065182415
5071 3014.5779216393253
5077 3094.494075298038
5079 3194.0387877575413
5123 3082.9519053305053
5137 2981.5384661488856
53011 1970.1930986452478
53065 2031.1231546363356
54001 2462.5763963542004
54085 2474.7478416697627
54097 2479.242342674071
55077 2246.0827487853267
55081 2225.3698513566787
55121 2265.2514753608552
56043 2729.2733797609985
6029 3462.6735285672576
6045 2947.64581358198
8037 4076.771474497931
8047 3342.1553040816334
8063 3180.2098015861347
2180 2802.7737565231855
12005 3449.4088413728277
13145 3194.669115946897
13181 3109.8951462056248
13285 3192.1813884808075
17033 2647.471715838725
17133 2736.8020819245417
17141 2379.9337271146387
18023 2485.3305731810347
18181 2516.592662147627
19009 2595.551718820819
19103 2535.008506926015
19171 2469.8395149205417
19173 2665.7853432344236
20013 2681.392838956811
21009 2833.644834472839
22115 3331.4688583682255
22125 3376.2098871973444
24013 2389.9706128272164
24045 2527.3724017879804
25009 2147.478994900067
26039 2124.978562555936
26091 2334.3899795671077
27049 2257.4290937867922
27123 2205.6227786344025
27145 2138.1060000431867
27157 2240.5263259871226
29109 2926.212911331756
29155 2989.3157181162373
29229 2894.616743726135
32013 3114.459409399448
34025 2270.9328261405417
35043 3789.7800046798707
36019 1990.548255898887
37017 2906.965692990875
37053 2805.703601068535
37079 2798.7313115185816
37103 2812.763556427458
38023 2027.6112006711398
38033 2308.3716889273355
38079 1920.1542905439799
39065 2447.3049521935245
39085 2350.8221111456196
40055 3334.6864884665288
40087 3144.305269456521
41029 2630.3429460042275
42061 2280.138657995898
42131 2161.7290538345583
45041 2931.3021455326366
45073 3038.114733937397
47015 2844.6170630884462
47063 2784.1115715484793
47155 2871.9054307755814
48135 3805.063217826344
48175 3602.0546834451875
48189 3584.5818407891175
48409 3808.0176320584505
48499 3255.564662619709
5005 2947.2585397101343
5053 3166.3488795761455
51033 2602.7453213016547
51079 2558.7432790881016
51131 2695.158770662443
54049 2429.3105459169824
54063 2637.3999091783394
54073 2477.2259858241155
55019 2220.5227899406486
56009 2835.2365537816727
6005 3163.4824592994632
6077 3140.5079193033325
6093 2816.803927457164
8003 3683.240612730662
8051 4233.529861240506
8061 3299.2680170648487
8071 3403.844436848378
8075 3025.621543835119
8115 2968.8555491166044
2020 2802.7737565231855
1027 3179.604995602563
12003 3335.051397702057
13123 2982.1755421575067
13183 3189.7017623363636
13217 3087.0452176268013
13297 3101.8680563086205
16005 2792.112051215237
16019 2760.7125251649104
16049 2278.6552516906063
17011 2469.00839759573
17023 2600.935221657882
17027 2711.6225993981034
17093 2426.937625437171
17139 2626.998083661085
17163 2725.9655688856938
17171 2652.1782526562374
18007 2522.7228265489844
18123 2750.152263724462
19053 2665.7302605911896
19111 2570.3319603884365
19177 2553.4216147698967
19193 2503.9960227962238
20039 2980.161176223824
20067 3333.400899457601
21007 2855.8407323579304
21175 2563.6986030343264
22035 3268.451024099362
22065 3306.7477483326957
22107 3355.9344874499307
23015 2065.37837340138
24017 2541.1380594403363
26147 2247.1908887176737
27005 2046.2048612660071
27043 2349.3137705952226
28137 3080.781958347185
28143 3100.5868116565216
28147 3323.9608738012853
28163 3265.9317668389012
29079 2654.9169117322704
29085 2803.679188819485
29159 2742.3610521595924
29510 2716.027651463796
30047 2126.6748694855987
30057 2545.2294408778475
30097 2500.0569147482015
30111 2446.9998792592264
31003 2624.851179705964
31063 2905.642380212013
31149 2691.3220535461014
31155 2626.533699803254
32009 3557.916672881359
33015 2130.5181121789806
34017 2210.4838333980756
34031 2194.4424654411728
35006 3728.470171874889
35021 3565.6217257525104
35025 3725.1728177149844
35027 3786.1081124929638
36107 2083.4341929775214
37005 2724.3528368599
37047 2939.357270646866
37111 2794.124883326431
38001 2326.566575172413
38097 2051.8810585346437
39005 2389.3200556709817
39025 2535.992135079357
39031 2376.7412882562994
39131 2507.609370689526
40047 3129.0141220917194
40089 3149.6360341221994
41065 2286.1797955036513
42055 2356.7191579081004
42101 2361.489870366634
42105 2140.8661095758976
45029 3064.3246715986875
45083 2966.3288759045236
46007 2720.2506708044584
46057 2299.0218413728176
46099 2444.7935015599646
46109 2194.850832594586
46117 2453.406183985764
47011 2960.5347833083833
48029 3695.0037037725724
48067 3232.65953631152
48113 3331.404427493157
48301 3845.385582154882
48303 3646.7375508580885
48411 3614.0449850037594
48433 3543.460118481848
48503 3384.1582996496177
48505 3986.214361673911
5003 3202.3801281713477
54053 2486.6306753626122
55039 2256.6680259342675
55123 2330.4075918550507
6047 3215.3130268437108
6105 2868.1910137367117
8021 3785.0783840291883
9007 2207.9874319449314
2164 2802.7737565231855
1005 3289.3951308603423
1133 3060.84126760357
12031 3362.967602429128
13175 3169.4171458972933
13209 3170.1540517860076
16067 2846.1604750155675
17025 2711.265904972611
17045 2609.212329252905
17053 2497.970972655118
17159 2696.251989714324
18069 2486.978179633694
18169 2480.7636657800667
19013 2443.5264091885383
19125 2540.9091844267673
19139 2522.4794161888085
19145 2684.7667784042865
19153 2540.186776507246
20021 2914.204954981382
20035 2987.901212453409
20063 3105.911143890033
20065 2977.876355093174
20073 2925.850821940635
20093 3296.573837800687
20103 2755.8649015057968
20121 2813.931826548918
20127 2866.630822912248
20183 2862.658020511107
21031 2787.0946364791525
21067 2667.6154254244634
21103 2654.4546746719666
21183 2786.1232037714176
21225 2791.3793298215883
22121 3398.937900733085
23017 2045.9848902103713
26087 2250.047815084015
26109 2112.6640400429374
26141 2084.58232309364
26145 2228.0094633931726
27025 2138.3554603633434
27061 1886.7168062694602
28131 3300.08934751579
28153 3239.0229441275305
29019 2653.200165382755
29171 2602.4332752990854
30011 2471.14480238908
31061 2869.914673494175
31119 2612.6910954804034
31175 2703.313020148762
32510 3377.357349173494
34007 2383.0754394328424
34027 2230.2570392118005
35035 3873.1045403491858
36045 2077.872303448961
36081 2211.096317806509
37097 2881.318366693859
38053 2099.5678366638776
39035 2368.1925618675036
39037 2468.967843860853
40123 3044.337646993109
4019 3817.2654481990194
41021 2323.767238848921
41047 2120.2835248563356
41055 2304.338039928058
42013 2291.9907167878437
42043 2293.3040967850316
42091 2337.8678526380377
45019 3201.63028591928
46053 2553.8778163872134
47101 2910.3368187104393
48007 3873.528690310178
48019 3723.9774190440203
48121 3311.2240232466584
48149 3513.3090727902268
48193 3476.844765067209
48267 3755.436369044341
48285 3565.645683835147
48419 3319.8813443512654
48439 3384.1942808655103
48469 3586.232373058524
48501 3759.9689303832993
49047 3153.8033885383447
5051 3107.6265025554067
5111 3019.785315715776
51141 2688.6617105028376
51197 2709.965623782079
51199 2640.968212799371
5125 3112.1806831875538
51570 2634.5274460064184
51620 2677.2134800880076
51710 2660.482474500097
51790 2579.1372974869446
53003 2284.688395824932
54065 2409.474410157492
55119 2185.9287758350843
56015 2898.6484405635847
6039 3253.9626584197367
8011 3346.4495766101704
8023 4079.8799659765573
8069 3014.0750898255196
8085 3461.75113593007
1077 2992.889378243066
1121 3156.8753576758454
12029 3452.9993657818095
12109 3425.269920621612
13039 3305.6559327219115
13091 3207.7943912122123
13095 3229.455741712954
13131 3310.9431328774335
13257 3007.008463016341
13267 3150.624607614578
13271 3168.389590005248
13281 2975.597122237927
16003 2513.9788243567236
16031 2842.045071420511
17101 2689.62180265088
17169 2621.401777639115
18071 2610.0361870286515
18095 2531.0562752924075
19055 2387.243676143892
19065 2389.544453504648
19067 2396.8161482241494
19157 2496.6105778484352
21021 2697.1957610001364
21061 2802.4763525556054
21085 2794.4579636658123
21109 2582.7525212314954
21231 2754.8993312454736
22017 3244.3092144305274
22071 3400.917143292242
22087 3427.4278713308413
27003 2192.8318472246756
27069 1909.8324322376084
28017 3102.384737000575
28029 3253.8447335087676
28047 3346.3555884531024
28069 3209.364767465689
30059 2350.6498240000014
30087 2393.8053538685253
31127 2716.4410364622895
31131 2681.7455636117124
31145 2938.808450123629
32015 3135.830117346939
34001 2432.3393215126794
34003 2205.1191117913418
34005 2355.9321081832386
34039 2244.304008883927
35053 3800.632602141751
36017 2097.6380136159037
36087 2202.6517238228184
36121 2099.412253379624
37177 2787.3717121212117
38067 1897.4567063351385
39071 2515.8103755056263
39079 2509.004471239152
39161 2458.988686720882
4003 3963.132729898163
40057 3381.270007792208
40063 3021.1890513260205
41049 2262.6551323486365
42007 2255.087975771692
42089 2241.6257750065693
42117 2117.7628613064594
46075 2536.8695311475412
46085 2458.5684362060815
46087 2445.6897161988204
46091 2177.2514661870505
47009 2905.2304342164352
47095 2958.1600144054587
47127 2922.52191895983
48027 3486.5255129075904
48039 3494.083355851636
48225 3330.365915476602
48297 3685.980380878
49025 3424.980385437601
49045 3070.1287331615727
5007 2937.525860516353
51025 2700.3395765600317
51091 2557.592715770607
51105 2678.8881892147983
51111 2713.191712421528
51165 2547.0349428518766
51590 2770.657410948277
53005 2246.923894300204
53029 1755.2349573563438
54051 2398.0988743243056
55007 2014.3234846202067
55065 2305.963257063382
55083 2178.5701330197653
55095 2142.9743002606115
55103 2348.576248104316
56017 2786.266128266213
56045 2697.649661288632
6065 3619.81856375412
6111 3526.7556358880715
2013 2802.7737565231855
2060 2802.7737565231855
1059 3055.8868105117263
1093 3066.340070650439
12103 3763.461018477559
13021 3199.4672217019192
13077 3101.6042344894436
13115 3022.682593904803
13149 3186.9161714020215
13157 3057.0927147766
13163 3145.9373645122887
13185 3289.302907347653
13201 3312.695397281008
13215 3219.1233693370327
13225 3230.2515614722565
13321 3247.440387000314
17147 2544.944246365324
18009 2496.6080732786436
18013 2586.620922256872
18091 2402.2849082447
19005 2358.515588941672
19095 2491.287116911088
20081 3297.50492993421
21093 2731.6018694476165
21167 2690.3863234710125
22053 3385.586538032522
22093 3367.1005486624153
22095 3346.949647894783
23011 2034.916465062141
23025 2004.749306771806
26031 2107.8007092737093
26057 2239.289801312413
26067 2256.056039461736
26157 2232.4356222662122
27023 2232.8069261139403
27083 2325.6195984121914
27105 2438.1345720702375
27119 1985.104365641767
28015 3175.585739594697
28115 3082.6697191747635
29111 2630.013300301802
29145 2947.2496401488816
30075 2477.12086459854
30091 2041.1018355077179
31015 2620.84594261745
34029 2323.9747064552944
35007 3470.4902786190896
36007 2135.3412364306687
36035 2133.911485794596
36043 2141.509926103937
36057 2123.6408129584556
37101 2875.036134905236
37119 2949.143308004721
37189 2733.0189605609785
38093 2090.964425686167
39123 2372.8181732232056
39173 2349.097742347255
40029 3085.610728579933
40035 2975.8941046161185
40051 3179.203120194871
4007 3814.8107393846863
40083 3069.118841305695
41011 2194.96185191481
41023 2584.3885104976644
42083 2119.8420496510093
44009 2241.3160896834224
45005 3058.581830252159
45007 3082.33592576044
45017 3009.6552648131315
45033 2933.9854498846953
45051 2995.5811105415237
46011 2308.1892679666207
46095 2596.319944918032
47085 2896.104001618047
47109 2980.742491071267
47133 2740.965735312581
47151 2741.6213023298615
48035 3506.0616253113326
48093 3539.1694004056208
48185 3388.3004403167274
48241 3367.3108150133885
48277 3180.383682733616
48339 3352.620816118407
48375 3449.865370008147
48387 3207.238940281466
48485 3294.7151529165963
49005 2978.0170332417647
50021 2049.222831449164
5049 2929.029150438152
5075 3014.56573892662
51027 2647.3402512716593
51071 2641.3757156390843
51077 2721.608379686611
51580 2626.278318602981
51630 2578.940380772231
51840 2447.5713382471044
54007 2512.9100274410857
54045 2580.1655162637944
54057 2432.222411931773
54093 2491.3396116342487
54109 2618.152439655253
55037 2043.5022925769863
55059 2344.882720726295
55133 2313.187409743332
8027 3879.770971186441
8055 3600.0450799009154
8057 3830.4045537414986
1057 3084.345765694279
1117 3147.22129221538
12067 3375.089184932518
12111 3747.296071993092
13247 3081.0038918238033
13315 3264.143589481783
16025 2685.274728911564
17031 2404.1554257338457
18003 2415.0406284340793
18043 2641.855799735302
18117 2708.296632320744
18159 2533.4097110740013
19169 2495.2164179370748
20049 2907.680467346939
20157 2806.499810642752
21001 2757.257312052163
21051 2607.907400300778
21143 2840.413241940034
21211 2667.2482492747117
21235 2711.63240208178
22085 3357.7626854649193
23005 2104.3779875643345
23019 1959.795619718762
24023 2432.5570342985056
24041 2523.428802344495
26007 2064.0242998994663
26035 2202.6589979401383
27077 1888.813591995521
27143 2226.044501373165
27151 2192.395075494656
28019 3100.545256046358
28039 3263.5379140038976
28077 3273.595134958496
28083 3164.4223240122956
28093 3027.6838508497403
28123 3270.536745791279
29073 2732.9902050186474
29105 2819.939519503592
29113 2658.5703977980684
29115 2639.8151049074922
29125 2752.111318765866
29175 2662.470314697741
29199 2580.4713270163948
29217 2859.344799714746
30003 2419.955169646977
30081 2279.2848615616053
31113 2823.829331958761
32007 3066.022728167999
35055 4125.91832379997
36021 2175.6097131879874
36061 2210.954456818056
36065 2107.3608307497707
37003 2829.442559336994
37007 2867.289951658684
37025 2945.6846180720095
37039 2961.694234048285
37075 2892.22163022363
37159 2935.190113290315
38031 2013.2988637931044
38075 1975.7028353535354
39113 2464.186392038338
40059 3275.538750237003
42051 2389.252923286541
42077 2280.3109862841816
45067 2946.1632110230726
47025 2762.848504353772
47091 2734.6985394745275
48015 3451.9775214431133
48105 3813.097210561052
48127 3847.878819996587
48237 3390.455045726297
48251 3433.4389109685467
48421 3470.6000471380466
5001 3125.763523949076
5099 3204.2214501392923
51035 2726.3780750211786
51061 2523.813293705033
51133 2571.8888631480145
51153 2534.527875760269
51800 2678.784403470607
53009 1776.2330623275557
53057 1756.9581878095462
53063 2065.5215006883072
55078 2157.3829135170313
55113 2065.178114869214
6033 3085.416904478608
8045 3783.6364923789874
8049 3971.9654195315957
8109 3885.2616688626194
8117 4119.273410725507
9001 2245.460107316408
2068 2802.7737565231855
12009 3654.986716496799
12023 3351.1945329959217
12045 3453.7263458207794
12101 3600.263612671252
13053 3233.0395553050025
17007 2350.7369015068903
17081 2709.5799453915456
18057 2549.2876369028813
18099 2441.5390556773564
19017 2439.259429417246
19099 2470.5519754414527
20037 2902.1411185523057
20145 3087.689425629182
20175 3282.0329945239537
20207 2910.044135099699
21135 2556.589066598137
22001 3399.2978288445306
22013 3293.2975278073404
22029 3348.9085838638553
22043 3351.4259858532346
23029 1942.4233640114826
24011 2476.924539662509
25003 2182.6038947398274
26009 2133.8052628241726
26021 2397.2685459520058
26049 2223.418470117882
26101 2212.4425463181547
26165 2181.68903377332
27029 1983.4425823899282
28049 3269.257385431561
28067 3253.423606754159
28075 3245.8367033564978
28161 3118.8971873928485
29063 2676.7363901837293
29119 2960.276540606721
29129 2658.648441500781
29143 2916.8685929130165
29167 2815.863313703321
30001 2593.1098129865245
30023 2384.7577502364534
31083 2856.07531633987
33019 2122.5379841720824
36115 2120.1838900679168
37045 2947.3699016409464
37051 2833.8335287010154
37071 2978.100764985742
37169 2759.306762989392
38089 2207.0865395181077
39077 2352.225527538128
39107 2462.208382150849
39159 2411.7510602896414
39163 2490.243884388574
40031 3215.7198132623384
40073 3141.123339426319
4015 3570.90526080181
41069 2430.686025179857
42063 2281.050872748751
42069 2232.1062690099343
42085 2221.559636054666
42121 2184.846136876157
45013 3232.3877147388566
45087 3010.1073081232125
46037 2198.9491983424105
46039 2286.4140036315034
46073 2431.092106909092
46107 2358.7472744827583
47023 3010.6519368596605
47033 2991.959790773717
47141 2781.0602189711876
48025 3619.3084890181967
48229 4010.7890702265368
48273 3789.998471692649
48373 3297.8940119454905
48377 4056.962198579442
48393 3353.4638102310223
49033 3042.9274072916674
50019 2025.299796060453
5031 3019.724955271286
5067 3001.4107228829052
5095 3130.924572403697
51143 2737.765670992119
51169 2709.6804560331134
51680 2686.354967138779
53019 1967.6272781123037
54061 2384.497494951111
54079 2503.7772948994916
54101 2536.5934346324766
55027 2265.1122987956464
55033 2228.3438756125943
55139 2259.997522357107
6009 3225.7867402727156
8015 4156.7788123563405
8059 3131.3323155355256
8093 3738.7819069336974
2070 2802.7737565231855
1029 3149.5545868294253
1087 3239.3583469392156
12053 3611.481272879736
12079 3318.111428717582
12117 3513.1283712843283
13047 2952.3371844304284
13057 3076.484546381783
13089 3092.5583444226604
13197 3178.6962062537173
16083 2789.534297542042
17041 2568.438017922712
17043 2404.663631672924
17097 2368.959524860511
17127 2807.6919436380354
17161 2503.5104477012947
17193 2753.811937153815
18045 2580.070637149085
18119 2644.6346374742716
18127 2457.0770320628485
19115 2534.410359922482
19119 2427.1203381287073
20041 2825.8724487968807
20107 2851.710926795018
20133 2920.618193728931
21075 2914.658437031458
21095 2636.8713432340887
21125 2677.1635169117817
21147 2749.706816634392
21215 2668.8116700866103
22003 3358.5491600329797
22113 3439.3762720169807
26079 2168.5502976932416
27137 1919.3339485413007
27173 2267.6634900847857
28045 3400.279853659462
29099 2698.372960437093
30013 2254.0136892481887
30021 2259.7133154620465
31057 3052.0218713310596
31101 2915.458223328463
35059 3519.464926440677
36001 2138.566482734329
36015 2094.094774849738
36073 2115.807784467404
37055 2889.826504637104
37173 2872.1553362510303
39039 2416.7808586939964
39083 2419.483078475968
39091 2428.277514718337
40039 3228.525918927751
40093 3164.2219933248216
40105 2974.897692931474
40145 3000.7832888413386
41013 2533.904275667901
45065 3109.2350542171716
45091 2984.5999873492224
46077 2359.4782562653804
46111 2377.0309340425542
47045 2972.8511377203386
47121 2933.9259045948997
47137 2796.3417361486486
48023 3468.985172727272
48119 3225.63330659379
48355 3854.379583163848
48493 3643.684458081807
49007 3208.011870835833
49037 3466.6910963152386
50011 2018.5198077265773
5009 2950.6234784696703
51019 2678.176024131526
5117 3148.437638126553
51650 2642.9490407035614
51735 2643.378150183509
51810 2737.2970120218247
54039 2505.5208440698984
54095 2451.821483061491
55001 2241.711848471223
55023 2371.2125755619113
6069 3216.3318344996665
6081 3009.9774807202025
8079 4367.191595932202
8083 3752.0506624842874
1017 3208.347731395454
1033 3029.515236128221
12105 3573.600894091495
13001 3207.5269003919734
13027 3300.051666337249
13051 3209.7259454079995
13191 3185.053846876105
13211 3060.825504661717
13239 3295.2967929530196
13279 3180.3975430513124
17055 2747.135379222717
17059 2787.1758844532746
18015 2496.616856446488
18061 2711.699448226793
19015 2529.595970910953
19035 2507.6094333911233
19057 2547.0052746416904
19063 2352.3115409826282
19185 2617.52562325449
20135 3115.2305286356545
21117 2526.0313384137276
21121 2702.154930806132
22023 3463.3636917717467
22079 3352.052956671755
23031 2134.713919898132
26085 2190.058226072999
26095 1957.7084078438859
26103 1942.0792802888118
26125 2263.6590425744084
26129 2131.779141291216
27035 2015.9279412088667
27163 2196.8938547611265
28001 3371.7782077085885
29089 2668.6379514963046
29209 2896.0731136364616
30031 2474.2280604573375
30043 2386.1471553478736
30083 2142.5797919478805
31065 2912.993996732026
31067 2750.4681165115417
31075 2900.0518599999996
31173 2537.820008437054
33003 2122.2626342849426
34009 2502.577211966831
37105 2859.7941961896686
37161 2887.4126773977423
38091 2032.4069541958042
39023 2445.0133308190843
39115 2450.6273246101355
40023 3165.7452334853265
40045 3298.6905601389585
42095 2261.743096868728
44001 2188.963583933992
46005 2373.990309986688
46071 2588.058649862484
47013 2734.8693792228037
47055 2943.5474382151842
47065 2924.98024165398
47081 2905.468982783164
47157 3026.4444281975834
47163 2753.686154599122
48103 3839.551144444448
48117 3553.403743147364
48233 3406.051926141143
48243 3846.443540264029
48253 3543.3551845712154
48349 3401.844019065198
48415 3606.4649048236047
48427 3931.8089771256896
5055 3031.966568808853
5085 3104.6927949456053
5105 3070.3578744034785
51089 2727.951384280674
51195 2630.5431546395043
5147 3047.032986209372
53035 1800.032410488673
53069 1863.8027247349823
54089 2613.5269786227136
56035 3217.2586067480265
8029 3652.3918491669224
8041 3346.654679835564
2016 2802.7737565231855
2100 2802.7737565231855
1009 3054.6531478443553
1067 3260.114348739461
13055 3020.729001633906
13277 3308.53959475781
16085 2501.649344450036
17019 2512.862415970035
17063 2457.630104348308
17113 2528.5489382479295
17117 2684.49181151695
17121 2710.0080466643453
17129 2588.738649267959
18001 2459.6602781328324
18079 2624.4429346334578
18151 2383.328556634045
19133 2592.1874207076194
19181 2563.0689170228925
20007 3160.3284209791523
20017 2866.383140425533
20111 2836.381079313489
21023 2591.1557536145415
21161 2591.195666393051
21213 2823.97080467767
21221 2853.527518345612
21229 2701.0192141001357
22069 3351.2808630378586
25005 2202.4282792884014
26089 2156.527849997799
27019 2222.5773359487666
27135 1904.242116388355
27139 2245.487710406109
28011 3161.877929962682
28133 3185.8683579716862
29007 2665.5039099238634
29029 2761.299490090643
29189 2719.2723080030055
29211 2612.8077598276273
30089 2090.9760494658503
31047 2833.475242773955
31165 2825.9059382671494
31169 2778.8106206056696
35049 3809.9803821901655
36031 1975.1896967345485
36047 2217.9905498538924
36091 2133.838758362685
37057 2870.1486601715874
37077 2789.047777668848
37153 2864.038486933378
37155 2897.1052702591405
38077 2097.9195595547267
38105 2050.118978219034
39125 2438.532173532651
39139 2389.544634803458
39167 2458.704684776941
40081 3017.478412286321
42035 2235.4916834239166
46041 2410.924370913752
47039 2940.5445757673133
47049 2770.6828396713845
47073 2756.752989815641
48011 3433.155172053873
48049 3594.19655660139
48125 3577.484839057238
48131 3772.3463688214933
48239 3594.416513850517
48265 3737.794653898817
48275 3507.5908804582796
48327 3692.272757236842
49031 3963.063850000001
5013 3121.037967078847
5025 3168.526315638517
5027 3231.6506339596294
51043 2483.1239337390516
51115 2620.497975788385
51510 2513.8533103331765
54103 2432.6894998698644
55109 2182.134574900719
56031 2864.790097146861
6059 3580.821862023334
6061 3082.3516211089404
8091 4146.962599999999
9009 2202.475813795979
9013 2171.9393752058704
1097 3282.730090933563
1103 3037.081604800595
12047 3314.0291617150006
13013 3102.844763769363
13025 3205.2943087818467
13049 3275.237969641579
13071 3264.3332439206574
13085 3048.14870041754
13241 2901.2108707508264
17091 2468.251132512279
17109 2588.539918150783
19051 2570.419323178741
19089 2352.6300892224313
20115 2913.920005661673
21069 2596.3226160888153
21073 2694.495261067694
21077 2636.181834337492
21119 2575.1503628624996
21209 2686.9730872374225
22033 3378.367135440336
23003 1821.2738589570065
25011 2119.11309046031
26071 2015.6806735743762
26117 2243.4804704755775
27053 2220.7848261705117
27161 2272.9737712321594
27169 2287.4962800919106
28027 3150.849685513278
28061 3244.041662490165
29005 2733.6453694267702
29011 2891.1203394647628
29047 2740.3701580673887
29059 2813.778655483052
29101 2720.468206513562
29117 2665.708350195898
29147 2667.6807258125186
29225 2857.5745255857964
30015 2162.047895128988
30029 2029.4228909017747
31037 2601.781031480437
31043 2483.198378797747
31161 2765.920162779214
32019 3325.76141709451
36075 2094.654665488159
38039 2028.4477747292412
38041 2268.866059766931
38099 1962.5166123671415
39043 2356.9630676253405
39045 2462.7002144439903
39053 2493.918159940032
39075 2377.1345100021863
39147 2387.454972869492
39171 2381.9978633271435
41025 2695.3937801893508
41033 2580.025233073663
42011 2262.0677311638474
42017 2332.725694574742
42059 2371.5232424314586
45001 3096.0919769054867
45015 3042.3542136980695
46113 2683.6887980497695
47019 2732.1698187543516
47037 2842.138807190158
47043 2887.0587199274087
47087 2813.873296645285
47097 3002.7263084663373
47099 2928.530522392325
47131 2939.156682281798
47169 2824.5378857945943
48065 3425.2706522366675
48187 3603.602967491905
48435 3805.5603257425746
48481 3532.390591580727
49021 3330.943334218346
50005 2071.0140157660367
50027 2097.8157527433696
51003 2564.900225409084
5103 3193.2212097976385
51137 2573.9068936890994
51179 2576.3513639070616
51191 2740.1151171896963
5129 3011.7755797733444
51520 2726.3467857255346
51660 2541.149287095699
53021 2224.186437583034
54025 2614.4117880221374
54087 2490.9615439470253
54107 2442.589660181751
55117 2247.9612164390132
55131 2290.3484956856464
6015 2412.434356396517
6057 3116.6511443614586
6099 3190.9467105951016
8035 3173.553048411689
1003 3331.2315634544093
1041 3329.1806302654677
1107 3125.408645649373
13029 3151.4255221655794
13037 3271.7827450502014
13111 2994.0247815394946
13121 3070.2919781619057
13133 3074.4597562031377
13151 3102.0734804971385
13171 3188.9333752879447
13249 3178.616861221613
13273 3221.6738300437178
16033 2700.5549804428033
17087 2783.671970308776
17137 2644.633199056848
17151 2782.5124162653537
17167 2588.1591512625314
18063 2565.3586897929804
18107 2574.354058973728
18153 2674.8937632816273
18167 2637.871124107762
18175 2631.2036067350814
20003 2809.6573031343505
20015 2946.4307399551503
20053 2935.0081290325847
20089 2835.8624732520802
20097 3138.1813872548996
20105 2892.31572114094
21079 2687.346062585136
21091 2766.6610026179424
22073 3254.8866531194917
25019 2307.1348523015645
26025 2323.3274358927215
26065 2286.379012120069
26123 2252.023953872763
26151 2230.930112762398
27011 2186.553356721036
27153 2088.596159545615
27171 2205.317399590001
28005 3353.3626125771048
28101 3186.0139778707576
28105 3116.651660906388
29015 2765.0996561226457
29049 2705.8234609834913
29163 2641.6182144581
29173 2627.3426948184347
29201 2861.088079116678
29213 2878.20819461695
29219 2675.8947282286085
30025 2391.8285211072675
30063 2242.01301373782
31035 2745.462042317452
31089 2616.2047214698337
31135 2929.2253679738565
33009 2106.178985508981
35005 3768.415807311676
35029 3992.7840496867652
37019 3107.81157372718
37031 2978.198675733513
37065 2792.313477606239
37121 2741.847020449966
37133 2896.0866263530993
37181 2794.774455632135
38103 2009.041339513422
39099 2283.044997667712
39149 2449.479384908374
40067 3257.211743690258
40149 3271.5487156952267
41015 2409.0556658154605
41071 2070.3256896142543
42039 2185.519890805819
44007 2199.581561471414
45045 3010.0809089574327
46045 2286.149282278675
47093 2814.7914482305264
47115 2928.521819259057
48063 3291.999664998666
48129 3430.4792351024253
48177 3601.134643654154
48199 3394.450799400834
48203 3286.723259709735
48211 3309.6436543973955
48361 3431.1354356639877
48365 3304.243577435734
48379 3263.568305898632
48383 3829.8815661129547
48475 3790.010856549606
48479 3899.6877389938177
49009 3093.456681362006
50025 2111.1529354101676
51001 2641.381426242835
51059 2503.611247293177
5115 3049.021299647284
51185 2658.868852880136
53013 2235.423155956679
55063 2298.7729579804095
6109 3281.2855196156206
8007 4190.443504812191
8067 3942.931523976857
2090 2802.7737565231855
2185 2802.7737565231855
2240 2802.7737565231855
15003 2802.7737565231855
1013 3315.098336020871
1045 3300.6959616867957
1079 3041.6103653718496
1113 3236.893620361745
12037 3541.1401322542506
12049 3651.797590891119
12091 3309.498249059033
12131 3360.0829581404355
13033 3129.315364842219
13045 3113.810458789701
13141 3111.2393687268027
13161 3167.160142757107
16009 2061.3451189689254
16075 2577.1244649263717
17143 2524.4737522232413
17181 2823.4896021591194
17185 2711.710889648275
17191 2711.9650612015876
17199 2781.1913802966556
18019 2656.332013671118
18027 2718.1943026385807
18105 2659.8994031714547
18139 2572.4275542094247
18171 2559.2388722722712
19189 2374.599827988778
20061 2781.595053752023
20117 2797.378410393559
20167 2984.24373629474
20199 3229.4297902027015
21063 2575.799783226925
23013 2002.49738211491
23027 1999.3907372834078
27073 2230.744778040727
27103 2286.290998052012
27147 2302.940371275119
28085 3294.0296536403657
28099 3166.5058410981587
29041 2663.3928956262043
29127 2619.346835234217
29181 2905.3440284616554
29186 2789.7671462471844
29227 2689.0676124542124
30033 2258.0633162454897
30085 2111.551353724419
31025 2652.6052857244968
31033 2961.6999372821015
31081 2716.9092826251863
31085 2964.8208980392196
31121 2675.996150284765
34033 2401.2122504050167
34035 2261.4949513497054
35028 3635.939963606691
36025 2137.7452993050697
36049 2073.589715887138
36059 2236.5576850869106
36095 2144.367834224059
36103 2266.2713526910297
36117 2120.292623135344
37151 2894.179733004966
39073 2470.4699078648123
39111 2422.7902509002624
39121 2441.7115384150316
39129 2470.8296360405993
39135 2466.715171809718
39141 2460.69530892661
40075 3264.8679863699363
40079 3055.0352166829057
40107 2990.383354159736
4012 3651.1561827387486
40151 3154.8523427912037
42009 2340.987338661831
42015 2137.077451328238
45071 3042.0621424646247
46051 2239.158167956259
46067 2480.362289356539
47007 2830.867783848448
47077 2964.1005991629704
48005 3338.151888810589
48147 3271.328813088334
48151 3565.618638477545
48155 3385.4041558441545
48215 3955.755210296892
48299 3622.880415174985
48309 3506.459265575907
48321 3600.996565712946
48333 3593.499073220098
48385 3840.678584280933
48395 3470.31497033902
48405 3380.080251084001
5083 3036.1274991992873
51083 2739.30031466766
51193 2567.447138448187
5145 3031.4977408684585
53047 2042.2694553766546
54009 2333.5702099598975
55015 2259.0079651455085
55031 2007.174990211825
55047 2258.4719404154607
55137 2214.8942146933464
55141 2198.8839539059545
56013 3043.6429958842077
56039 3558.6676242646854
56041 3048.866230403698
6103 2891.40739885377
8005 3171.64866738173
8081 3288.466165492304
8095 2992.586842754069
8107 3855.132949106743
2195 2802.7737565231855
15005 2802.7737565231855
1053 3302.6282957084177
1075 3054.9715651208962
1083 3025.3627828921553
1131 3217.7596841793224
13081 3221.5235737834323
13105 3085.6507980414553
13109 3145.5132044594625
13113 3112.37990711003
16037 2561.7361649446507
17157 2775.118800766745
17203 2517.1161827403057
18059 2548.400526651323
18093 2689.838729343377
18155 2621.905956806069
19001 2609.7778357216607
19019 2424.3726089924767
19131 2356.183575033516
20055 3273.054320789577
20059 2756.9897188270975
20169 2876.946658718052
21035 2889.185957698043
21111 2678.1900683446156
21181 2626.711257597762
21239 2692.7972565146765
22019 3375.1659114087047
22027 3267.861876194983
22051 3332.717433694308
22075 3455.913100486324
24025 2408.730763790194
26081 2256.7788214358843
26127 2294.1099283482777
26155 2254.563553670039
27057 1996.053291911441
27087 2018.0603264887475
27089 1947.5230546116593
27097 2100.355623666785
27101 2390.078760446062
28065 3253.526993156228
28117 3068.571236333919
28155 3091.969008578961
29001 2562.4864496972405
29017 2835.5267176892203
29027 2715.2009345546107
29055 2759.9544402250513
29067 2902.3590143108477
29139 2671.151559050068
29195 2702.018182311964
30037 2388.567595666667
30061 2190.416977624218
30073 2152.034814367913
31133 2758.083188590603
31143 2670.25603569206
31167 2603.5658006505023
32003 3515.422077604152
32031 3292.8651420056262
34023 2277.831939497418
35013 4082.050333335254
36079 2223.8685311287923
36083 2153.4362029792264
36097 2050.4163607079345
36099 2071.050145492525
36101 2074.0737302870175
36109 2078.351339142236
37013 2779.7347703402
37081 2836.3183322231057
37171 2741.6185576734483
38005 2001.6870658281193
38071 1973.6137851444628
39087 2494.6423607891506
39095 2371.0988841697276
39143 2365.2739902888766
39151 2367.067153564081
40131 2976.7073055614683
42003 2312.669433435784
42081 2213.16075864098
42133 2345.2569754133665
45055 2953.060294909898
47061 2888.856742566859
48013 3722.972346874733
48075 3444.1961343349667
48163 3771.4556253533888
48227 3668.7976778781845
48245 3421.3601278754486
48255 3656.855096610345
48257 3330.2644125137017
48279 3641.3807345797313
48323 3867.7419549449314
48397 3295.6073227555667
48459 3327.3060545988546
48467 3337.897486951834
49049 3111.36860987634
50015 2046.1845561766224
51103 2581.8253968379727
51183 2653.601201353784
53027 1798.6125166043503
54021 2495.5997335710513
54055 2632.126245121491
55005 2149.811744964334
55029 2182.81369070662
55079 2321.2810549317883
55129 2062.5570518813606
56023 3058.555643063913
6089 2856.696294693139
6113 3028.8085765815513
8087 3090.8399886630277
10001 2416.275192767689
1123 3205.8725339825323
1125 3127.312283405394
12071 3881.454044102691
12087 4209.16909721333
13031 3115.9685137104643
13059 3053.8288266929026
13063 3106.4619732318874
13139 3069.6510525597305
13309 3142.8599795439436
13311 2993.98514754074
16035 2223.1547731755923
17085 2382.314622644013
17153 2841.0695091800694
17189 2727.1981024104393
18039 2406.2275966954567
18089 2447.812105431865
18101 2718.140314331048
18129 2761.2252945914547
18131 2459.4012802523744
19121 2583.815170251974
19167 2462.984541822482
20079 2959.735862950738
20113 2930.6215143737472
20151 3113.8073033832898
20163 2963.072445871504
20173 2952.149939644782
21059 2783.402503359865
21157 2869.1927793249674
22041 3309.8842954899055
22057 3339.9748293927046
22063 3407.6752362053903
22081 3306.3183633476365
22105 3360.969269704949
24009 2501.23467227259
26059 2360.1094482041485
26083 1971.6203087108008
26115 2342.4839102822807
27013 2307.5415816656355
27017 2001.423710633721
27033 2336.338505146846
27099 2317.860693259761
27111 2072.8288354666643
27115 2111.7161662393137
28057 3069.4467182780745
29025 2647.8304949840153
29087 2722.129414189693
29149 2949.633435025638
30051 2135.2269741258733
30107 2440.7207028776984
31005 2937.436429180326
31053 2593.594971644426
31183 2672.0500976510093
33011 2120.021749817925
37143 2758.330814045452
38015 2114.756585975217
38043 2095.7552932384356
38047 2167.5404631205683
38073 2085.7582795850003
39015 2557.524850378204
39057 2456.233954541592
40027 3120.049437429351
40129 3319.040819543975
42037 2216.3749535602947
45023 2981.5310789640903
45063 3045.532065530869
46049 2329.4875872262787
47005 2927.4961485587864
47119 2867.0035921328686
47135 2926.6617703551847
47159 2817.569639178242
47179 2742.3366697506617
48081 3622.5155372389245
48133 3533.677669036052
48259 3722.8889816464753
48461 3876.4282926564665
48489 3902.385550950905
49017 3380.716432207669
5061 3152.1464434131635
51017 2570.8184344709907
51139 2517.342241455252
5127 3074.036491285674
54011 2491.3724271703036
55051 2029.7915979425475
55053 2227.211530700369
55085 2108.954723393757
55125 2072.9703378938298
56037 3049.7478376583003
6087 3178.755520713378
8039 3146.4209519550163
1049 3016.8549746797307
1115 3078.439758336237
12001 3366.81241732204
12015 3902.882026324967
12069 3510.9263921556376
12119 3487.20059102819
13007 3266.6213711820733
13011 3046.4249067039273
13079 3211.6641297324218
13219 3053.4148464770633
16017 1985.7992486080686
16063 2781.7467200680258
17013 2633.692331700071
17071 2546.577489152039
17107 2548.4933438134144
17197 2427.1369985252704
18065 2528.0408753714723
18083 2721.7540042769265
18133 2604.3594795169492
19025 2492.5704890763086
19029 2629.8483490928575
19087 2555.995701459966
19135 2564.438726865612
19163 2492.4984835684686
19175 2591.6585777346586
20131 2742.388446048088
21043 2547.482998904238
21151 2631.9593264180207
21185 2658.63723318434
21217 2743.5319743250193
22005 3403.4572377516506
23001 2061.628095682452
25007 2285.6655595852376
26045 2291.7196083315293
26121 2332.343962313435
27021 1986.3641203340671
27133 2423.7622005886383
27159 2036.7557506707776
28051 3213.4515092139195
28089 3259.907901664781
28119 3146.3669162112487
28145 3057.8942318862187
29053 2693.596175209625
29081 2654.0093649035666
29169 2776.048208187897
29221 2770.642334557492
30093 2419.5689431256546
34019 2267.8503522242504
34037 2235.3617756741514
35057 3790.293860958179
37129 3091.2549411188184
37195 2859.7255480159483
37197 2798.979095332236
38021 2133.4632164267446
38049 1989.1944778562213
38101 1995.6662597299949
39009 2445.8876515923052
39033 2400.0286774272854
39069 2419.4337254517773
39103 2346.699379915453
39165 2494.296381423221
40015 3206.331437010193
40017 3119.7713596312087
40061 3044.8305164667227
40119 3024.2597759114387
40139 3375.626824593208
42019 2262.9249599112163
42031 2214.530179328493
42103 2229.673070669967
42111 2350.52122643539
45089 3006.4245833643868
46013 2258.0385085894973
46103 2571.924272900266
47057 2782.1258191343923
47067 2738.5400428330745
47075 3010.487216813139
48085 3289.4957804996598
48143 3461.0994738308764
48313 3388.873854318006
48347 3342.34811267671
48403 3362.9948706057435
48407 3336.448487021568
48417 3513.6221631067965
48423 3328.926487705474
48437 3538.3531950443758
48471 3333.6898946870424
49015 3195.290342005053
49039 3378.875172405695
50023 2052.4706076966995
5081 3183.0584596713197
51009 2644.295386380203
51051 2626.5043964527094
51109 2583.4368400610147
51119 2585.3627539310232
51121 2651.1725610266553
51163 2635.187174070442
51177 2583.8115977099646
51181 2652.3733760317596
5135 2929.6374049709448
51550 2668.2390475860075
51600 2508.0800686573975
51820 2600.107292987695
51830 2668.1905179513865
53041 1900.4721197620638
53049 1830.5154804321169
53071 2244.001654199089
53077 2204.1210889813865
54031 2466.5884648791193
54059 2590.589592990067
54091 2443.7663423858153
55003 2012.1606211297328
55009 2200.9081788271947
55089 2297.9686450063286
55115 2182.3116448809537
6021 2939.160050827066
8001 3122.74417558893
8121 3088.7584646725254
1051 3194.436929016071
1061 3326.888115216166
1095 3087.0445446729063
1119 3222.062607471348
12073 3323.2825212888483
13003 3275.609662570494
13005 3225.9166816556567
13043 3163.9618144307055
13075 3294.7311320849667
13119 3088.555724802517
13179 3159.6990925292725
13189 3137.943408994881
13195 3063.421115370617
13207 3179.238280270609
13265 3117.3698489864864
13317 3090.308813969528
16065 2790.1816440372354
16073 2629.0918471533223
17135 2673.253038890604
18005 2583.2382079488125
18113 2442.53771928254
19023 2424.0781332600345
19069 2440.522055817382
19113 2490.6342718282285
19117 2583.1827055139474
20009 3032.997717050914
20011 2865.9256253378953
20029 2807.8471518790257
20033 3180.6341604811005
20165 3071.515446410653
21015 2577.3862382371863
21019 2464.2303979241256
21127 2513.6069587058278
21155 2732.4180509737157
21233 2824.1953562070616
21237 2553.746454594863
22067 3267.8889119201344
24003 2470.1512703188278
24510 2470.0497801289243
26001 2104.343075369879
26143 2126.8263569982664
26161 2293.211534534353
27131 2291.6996644245382
28023 3237.830725859908
28135 3174.386945179864
28151 3167.9185829224093
29091 2897.0569104353754
29103 2617.177026322993
29183 2665.96007731563
29215 2825.7027771514904
30009 2515.5875768941974
30041 2140.45465177669
31077 2694.3803932885903
31123 2930.5303376271186
31125 2695.564816040956
31129 2811.0494302228194
31159 2690.8585546959707
33001 2129.6472202770065
36011 2074.6014951667016
36069 2064.0811035100655
36105 2210.948740165442
37135 2826.416444138377
37141 2981.449621463548
37157 2786.4368273861846
38061 2076.2977644253424
39029 2292.407862670315
39119 2442.1680525389284
39137 2432.9705047738103
39153 2350.9637328238086
40025 3414.4305662360725
40085 3215.562946615033
40115 2959.438788146964
4027 3737.0559361376286
41003 2137.38536981182
41009 1932.4576368648684
41027 2200.172998626562
41035 2779.1073746313077
42045 2343.650421746996
44005 2219.1657908294264
45021 2977.1255961386464
45047 3078.4485762549343
45079 3014.4408195129936
46069 2415.5470828282823
46097 2384.5129026936015
47107 2947.1930784739548
47147 2857.6170519322645
47173 2779.1044312718795
47183 2927.102726144122
47187 2842.0616493073103
48169 3598.409331333336
48197 3375.835112337663
48207 3532.8240010272816
48223 3227.7023761746395
48291 3364.0455190191806
48345 3552.3052124579112
48357 3331.3719814282545
49029 3102.123865860441
49035 3063.5955353363734
49057 3049.525783165966
51011 2655.039689826915
51015 2589.13903854529
51049 2665.334886776548
5107 3118.0429093753723
51113 2527.7468865810874
51147 2683.803000924677
51167 2665.463101286914
51750 2643.003445383885
51770 2683.2128711463492
53031 1741.1503985251832
54043 2530.32585932129
54069 2372.7674445174143
55071 2231.134410708351
6011 2993.4571828787934
6035 3095.143715634059
6071 3646.3756892554584
6085 3254.7822247510003
8073 3248.179314557766
8105 3883.134729081932
9003 2174.636761220166
9015 2182.3389939983235
1035 3338.466256489126
1129 3265.8644814921536
12019 3369.1691140718403
12055 3683.729414488783
12107 3360.7162137580344
13125 3149.517260269357
13153 3232.022474619024
16015 2614.6871737201386
17047 2713.6955660841554
17049 2703.5139429119354
17177 2329.119510821539
18143 2647.8588488937285
19059 2388.958257909521
19107 2532.040633295237
19197 2475.9001673433
20001 2896.801896105436
20027 2784.5626098376074
20047 3114.39290758124
20057 3210.195164308044
20069 3251.005730438274
20141 2871.9220250871076
20143 2836.651210749326
20161 2818.827625581173
20209 2758.574059734847
21195 2598.7943666252377
26029 2151.753625650009
26075 2321.234629188876
26139 2338.8132857825844
27129 2250.1809635738227
28025 3108.2056073922604
28059 3357.6989911778232
28071 3062.333865050793
28087 3121.11760043517
28149 3296.211180015446
29069 2969.3871357090084
29177 2688.3909862265346
29187 2734.0106202178813
29203 2890.659764983898
30067 2509.973898207782
30069 2284.885236330936
31007 2931.2480823529427
31031 2704.039670920098
31045 2780.3577452086392
31073 2867.8645794117638
31091 2824.7032890070914
31141 2617.085960434088
35001 3787.231310829781
36085 2233.073788383106
36113 2117.516289344836
37049 2873.6185702262587
37131 2712.411029175893
37149 2820.360296621257
37179 2961.905891470266
37183 2808.173439928445
38003 2032.6077955209703
38081 2108.370252904173
39017 2511.85363955814
39019 2337.5520315305007
39047 2453.795210024643
39155 2277.2853166150344
40005 3104.8602326566743
40013 3204.829394243933
40021 3015.785646995885
40043 3226.531789785513
40091 3054.916533829697
40095 3186.3270345701644
40125 3025.5437574255184
42073 2224.0825771202826
42125 2336.7092205222975
45081 3057.3973252946053
46023 2567.8212546353684
47071 2976.020058664455
47103 2927.190551068022
47167 3039.9485258445934
48033 3580.406193399343
48099 3480.5308041723574
48173 3721.065724422442
48179 3411.0805331576507
48217 3466.4049413237144
48371 3758.4646461930306
48445 3725.4600898512485
48463 3748.6784190077947
48495 3782.265930635182
49023 3210.1982355341015
49027 3160.132944167813
5019 3179.62750720473
5033 3031.560830080737
51081 2662.9090525151696
51161 2676.1953823284466
51640 2723.1063068729704
51685 2518.2061991297296
51700 2641.632324482434
54099 2509.2486817272206
55013 2130.406115345478
55057 2265.528530374796
55087 2246.0888070801366
56027 2792.8874638376383
56029 2654.344587639352
56033 2623.1585176485996
6053 3175.243912600428
8025 3389.874334576271
9005 2204.025823766241
9011 2245.3413668185585
1099 3272.6226437236814
12013 3335.8585094043287
12021 3906.1168693518107
12077 3361.880134637014
12089 3326.3695432850695
13065 3255.5191243793765
13099 3272.5781991559397
13159 3146.2451623262637
13235 3256.717929491418
16061 2230.192019870507
16079 2040.3247242628704
17003 2852.333818569354
17057 2552.31240380289
17061 2653.646541732067
17083 2676.3493641847786
17123 2481.6796841786104
18021 2626.65233649339
18035 2505.6282933192456
18085 2449.5911605663696
18149 2417.910967325581
18177 2520.729314041425
19149 2494.6251983621414
19151 2437.4121047946746
20191 2984.8138085936143
20205 2939.376960095906
21097 2616.4348168178494
21107 2847.098691031352
22009 3340.650090911452
22021 3226.075955057131
22031 3273.3678640867324
22077 3355.808467242127
23009 1996.807611535241
26047 2113.8349097490172
26105 2277.655013590156
27001 1988.3139770156665
27039 2294.567609909966
27041 2151.217355360093
27091 2333.603103139076
27113 1965.1196912990652
27121 2168.4252179668074
27125 1982.9357109245495
28007 3160.7915154056127
29065 2802.3036356243388
29071 2718.3332003051873
30109 2284.2484733564015
32011 3193.0431350340145
36089 2024.185999140068
37063 2807.6152918521684
37085 2862.6890700199056
37087 2845.1350714715504
37193 2782.301593431488
37199 2807.163857234699
39059 2433.410561057618
40141 3288.500856538158
42053 2157.5389285462256
42113 2190.978943413269
42123 2137.117342530021
45027 2984.436954670689
45035 3030.2479318787464
45069 2910.810617105543
45075 3035.1368193935346
46015 2476.8719529765094
46027 2510.06944356208
46089 2221.09199751773
46101 2337.2655564784523
47165 2843.0263953394942
47185 2812.2016721083514
48041 3416.063695428135
48123 3630.9556574710555
48367 3407.6483733935406
48507 3824.319378865686
49055 3603.7080003378387
5021 2982.7861867208735
51013 2497.102800280777
51057 2594.1142832415585
51135 2675.456895790834
54005 2552.8666507300004
54083 2504.0863846795055
55041 2109.698291678641
56011 2576.3719042907883
6003 3812.6812623655915
6023 2534.337084525402
6075 2955.1118087474265
2050 2802.7737565231855
46102 2802.7737565231855
1047 3249.025024875974
1091 3175.936419782939
1109 3295.33233388839
12063 3303.422344556638
12099 3802.276563701745
13221 3082.0104309304716
13227 3009.758050202897
13233 3037.0412811929386
13237 3133.5475820949173
16023 2767.9126809523814
16045 2606.6152187891485
17021 2627.5761846092923
18097 2557.240289548168
19073 2559.754255928062
19093 2544.99717201109
19179 2567.623338768573
20101 3181.9566420195415
20119 3251.4478777918257
21045 2719.4743326107086
21141 2814.5381221208786
21159 2524.3248188936864
21203 2686.7442548355066
22059 3266.1632879604967
22101 3398.5707728874695
24005 2462.839516995798
24031 2457.166362819728
24035 2476.13241686329
25013 2159.897867282136
26063 2221.134712831364
29045 2557.5805209006817
29137 2628.0875117212904
29185 2785.48523522777
29197 2560.570609530072
30027 2296.6962401801975
30049 2356.5116626913273
30053 1995.6590419712059
30077 2283.6724574922223
31071 2724.1293657243805
31109 2669.88229915168
31157 2908.892815931591
32017 3456.034376962882
32021 3468.3698859304404
34021 2304.1599025516666
34041 2258.762231932515
35019 3745.286550675677
37035 2884.203200761521
37093 2833.186194837845
37117 2767.049774550503
38007 2209.282294551282
39021 2434.49060538749
40037 2963.955803674625
40077 3082.2026180537337
40103 3028.285404969765
4011 3945.228391838191
4021 3760.7155157539005
41007 1886.2215130647808
41031 2432.246299304842
41059 2311.0076733972865
42079 2186.862310533249
42115 2160.7982018373755
46003 2455.4166665454545
46043 2481.1772309090875
46063 2464.746702422147
46081 2571.4123641018737
46105 2359.0116162068985
46115 2317.730270765542
46123 2593.192329977096
47017 2934.6838000676225
47029 2823.5847222035814
47059 2805.9692128331094
47129 2781.171115432869
47143 2912.861680532223
47149 2841.804749177872
47161 2868.5277227027705
47171 2728.328797491823
48053 3569.1569758323485
48107 3641.2983492791755
48359 3543.984679054056
48457 3336.9096627721697
50009 2067.3336342795674
5015 2935.8404126372634
5073 3213.7571340735676
51021 2642.1912480286146
51036 2634.2907629513847
51093 2664.6163428657437
51107 2486.7671530853368
51117 2752.870308097322
54075 2556.288641405534
54081 2564.0467239024506
55097 2215.5106363232953
55101 2341.9461296317686
6013 3121.6445684864216
6073 3592.625717246062
6083 3439.0664048069343
8089 3368.661874627727
2150 2802.7737565231855
2282 2802.7737565231855
10005 2467.421456861975
1069 3285.9140845891284
1073 3138.7602543867333
1089 3011.2188600155428
1111 3189.2697512191235
12041 3407.4810978888586
12133 3301.342783000362
13073 3133.8723223363295
13083 2971.381480080437
13165 3142.3342530572017
13261 3195.938854542344
13275 3297.7504647698433
13289 3222.543336267272
13301 3166.9034540983153
13319 3162.7305836163378
16001 2634.7307823175765
17079 2675.4420241070166
18125 2742.215925880037
19037 2398.479614157654
19061 2412.180198150479
19101 2542.1433539784343
19127 2420.380135548622
19159 2658.5438533641923
20031 2842.5484925461406
20075 3306.806249324324
20149 2799.850470403089
20153 3025.4289558823543
20155 2994.4285394702792
20159 2971.897905023403
20195 3024.534474914091
21169 2796.583016618186
21207 2754.7410738590575
22091 3346.9601422915475
24047 2520.07923872411
26043 2060.9778681897496
26107 2220.4131067899825
26113 2174.265008656058
26135 2115.435720331051
26137 2102.558951452579
27071 1814.282212973594
27155 2135.17193054034
28031 3286.798389579997
28103 3149.6133487323905
28113 3307.860865846502
28121 3271.146929363165
29003 2702.8238101605416
29023 2899.3127247890543
29035 2873.2762759888133
29051 2668.9026581327134
29061 2653.290127528133
29123 2774.9340098911425
29133 2889.011570498816
29141 2752.571029501693
29205 2622.0061928021773
31021 2572.0937040280646
31179 2580.1803947651338
35003 3740.8987888888923
35009 3638.486880072131
36013 2107.6545992367514
36111 2165.197514282516
37001 2840.6978251571845
37027 2814.6150587847965
37043 2968.308726022441
39169 2383.423655553749
40053 3072.405222477539
4009 3931.1672292886865
42021 2337.901779222724
42087 2265.8491350997624
42093 2225.9568454206856
46017 2455.3879942953004
46065 2458.679015853844
46121 2674.1029216875736
46125 2492.6903723625956
47125 2868.2951496145965
48045 3468.6539410774376
48079 3680.4581858108136
48195 3418.1618668244787
48249 3737.7084051035486
48329 3771.7922006999997
49011 3061.629819057762
49013 3178.9072397306422
50013 1998.0759384942085
5017 3224.2810985307738
5023 3008.7978495917914
5029 3049.410657920752
51007 2634.575891028671
51053 2655.677566740101
51063 2683.7441857030417
51067 2716.7427521205755
51095 2658.568693055069
5113 3080.5972047389437
5131 3068.180512958425
5143 2979.179790262804
53059 2093.9900698724086
54003 2432.124353758948
55055 2303.2001285777706
55107 2104.9750113417304
55127 2334.236968807159
56001 3162.8327111183667
6043 3332.881062078349
6051 3794.028859863583
8043 3598.015062781323
8065 4249.198423298529
8119 3774.1364589202076
2105 2802.7737565231855
15007 2802.7737565231855
1021 3211.926421737744
1063 3156.6975895285686
12043 3757.9351026560807
12083 3426.6324605199065
13019 3316.8308170099003
13117 3065.111897899561
13143 3136.077846628383
13231 3162.5222382443126
13283 3167.729346617849
13291 2997.655247707744
13295 2954.6082135425318
17051 2715.198810535559
17105 2490.8310768028136
17187 2556.1688348412927
18031 2589.4101444659977
18041 2541.3680040342715
19075 2448.2162221526523
19141 2463.4709829637754
19143 2444.9453588049655
20193 3105.505007625813
21025 2533.072487542533
21027 2767.8935361415206
21173 2613.4193177895922
21177 2785.763821743819
21223 2636.199331773866
22109 3372.975615417382
25027 2153.5415925955563
26005 2351.28851103983
26013 1998.6924536644092
26027 2385.4917419406133
26053 2026.1299377145856
26061 2000.932215792893
26073 2237.0485374722157
26077 2339.050391792425
26097 2050.8359922672903
26153 1978.2868694301346
27009 2152.762188052457
27063 2385.0767287654235
28003 3026.2296503520956
28081 3066.8623704522292
28095 3073.8618188754394
28139 3026.301700552636
29009 2924.8610324617566
29043 2848.660871334111
29075 2676.193092616575
29095 2776.5746737555924
29165 2749.2142051183755
30017 2300.455679605986
30045 2286.104156678703
30101 2108.206386125792
31099 2824.674127612651
35015 3822.0739294935647
36005 2199.9537405580545
36055 2111.2792051911806
37033 2796.3279602817847
37069 2799.5959940052026
37099 2879.2993541869278
38055 2056.118863370237
39001 2550.8581123377962
39175 2406.559549229523
40101 3020.3411710705986
40109 3102.7517275405908
40127 3141.2090124588553
40135 3010.9182197513205
4017 3616.902026605593
41001 2512.846370181063
42025 2219.9565914730074
45003 3060.2282590168124
46025 2297.8457053872053
46119 2424.50559031142
47041 2836.052334961317
47069 2994.3730686349345
47175 2862.9234368955827
47177 2870.8567042093246
48077 3303.5145408516537
48091 3623.3109160413346
48137 3848.187874832218
48161 3428.5155827832405
48183 3298.9481215632654
48221 3435.3264731765603
48235 3790.962521682848
48315 3270.907070204464
48319 3697.32279812056
48391 3726.5956992498745
48425 3468.4621562802918
48455 3292.722674259934
51031 2692.8143392586785
51087 2592.705939298446
51145 2606.8555030799325
51595 2661.3031449684104
51678 2620.352090322581
53073 1730.096142586007
54013 2507.8476644195953
54023 2486.6796814305417
55045 2315.323753608615
56003 2693.8021189201027
56007 3164.9707380515138
6001 3117.594776662309
6025 3703.762480600998
6055 3109.5011207974544
8101 3388.3539080378473
2198 2802.7737565231855
2220 2802.7737565231855
2275 2802.7737565231855
1043 3050.814973742246
1127 3086.350067486701
12039 3329.9553452689247
12061 3711.1727984479558
12097 3536.155376524112
13015 2999.7295739665674
13069 3258.635594546579
13193 3193.8752915114665
13305 3206.6754457136026
16055 2002.0409308786977
18077 2633.102248057254
18081 2551.238891256241
18115 2598.9988991105747
18135 2481.942382612005
19091 2440.188037314915
19161 2536.6787235847605
20187 3341.2652030405407
21011 2591.22803876522
21047 2842.0536794507407
21191 2611.238123799034
22083 3263.6955427160933
25023 2201.0656859499
26015 2287.2999127926873
27045 2291.8105702284283
27067 2201.2490570829036
27081 2324.835622084517
28035 3329.06423709771
28063 3320.4897875644124
28097 3131.580699809627
28107 3148.532127965777
28129 3297.614228744611
28141 3026.041114713661
29013 2852.044393170337
29207 2872.44477377356
30007 2381.7126951554324
30079 2291.5129322580633
30105 2122.7959610843914
31011 2671.649972811617
31019 2764.969432433506
31163 2727.0872568421055
35011 3688.424446621623
35031 3603.7564939784943
36123 2073.8178066107535
37109 2961.959601252095
37137 2859.251498298218
37145 2792.684645623391
37187 2771.2175950821215
38095 1963.8807697986579
39003 2437.939454364184
39089 2440.420869973341
39105 2461.5597746155236
40009 3342.7531956593507
41045 2589.048266749186
42047 2156.8896150674586
42099 2263.3747755585446
45009 3054.289381241414
46093 2537.1179614577586
46129 2342.2666187936757
47035 2805.052984822803
47113 3011.4454812128397
47153 2925.0773005145124
48001 3393.9074830473114
48157 3414.5372161836726
48213 3368.910154360065
48247 3846.4877712508883
48293 3423.291172806442
48473 3406.8106000128687
48491 3528.671825641595
5037 3061.1294802128054
5089 2954.285512442102
5093 3005.7039113941064
5101 3010.7759856271873
51023 2671.62566330329
51069 2457.9921337108835
51097 2588.591180809256
51127 2613.024582989595
51760 2594.338946543547
53001 2199.055124530267
53043 2059.160852921453
54017 2464.6031077993225
54019 2581.0571729213984
54041 2471.353323896949
8097 4176.367305409826
1015 3110.2643214026284
1019 3065.3163160802005
12075 3474.864910392074
13101 3312.4236408582883
13205 3262.1034559727964
13287 3256.400136887742
13299 3198.9411003531136
17015 2358.4085430747323
17037 2393.9415924251534
17145 2768.7779801556608
18047 2574.7500620784035
18051 2706.0788032302316
18141 2400.895801047062
18183 2459.9618753233876
19165 2613.7464672739125
20043 2727.9574085881363
20087 2712.1631555688314
20147 2896.032128080848
20189 3380.07136095919
21037 2522.9477689209916
21055 2814.17109211429
21071 2531.2953100507607
21099 2747.4533915402008
21133 2595.020034469933
21139 2837.3109126415557
22047 3388.747414042031
22123 3262.551532636061
22127 3299.9521045160946
24015 2374.9937456169946
25017 2165.0880682220063
25021 2199.2291136900326
26023 2353.2784400970077
26111 2221.301429482491
26119 2110.4441597474265
27047 2327.022334057168
27075 1937.648934566704
27085 2200.5024497987047
27127 2290.5321081799975
28033 3042.2526333788082
29083 2753.4128883588073
29093 2790.6413615995575
31017 2755.0725115894065
31069 2940.9866233215553
31087 2970.726671568628
31103 2668.2471184397164
31105 2969.1082981617665
31171 2751.7683374149674
31185 2727.6710281281075
33005 2104.386374158757
35039 3763.234455556825
37095 2892.0013202020195
37113 2905.8212047699044
38019 1894.3887276298262
38035 2018.3968918024455
38085 2214.4068499001373
39157 2395.827692505407
40041 2967.527916042377
40121 3072.4911797823843
40133 3027.5725064897324
40143 2974.329033491428
40153 3240.705117778821
45049 3091.465900108501
45053 3139.974872977803
46009 2499.1367640436392
46047 2712.715308159014
47047 3032.2476866139414
47083 2886.8261805117563
48031 3683.9086989803536
48059 3564.561698431295
48073 3343.6294771800967
48153 3566.6454229065303
48181 3267.9517396960123
48205 3556.5649668918923
48219 3681.618875563771
48271 3821.3236993769456
48289 3428.7590986251766
48337 3328.586872620554
48353 3577.940122674563
48429 3482.2389416435067
48431 3701.0346003300324
48443 4001.287395709572
48453 3557.7919152401205
49001 3271.768304374427
49019 3395.69289164183
49043 3132.792187853148
5047 3018.2178221205068
5087 2987.141060653345
5097 3068.787275121522
51530 2607.8988193661953
51690 2730.4640184576706
53037 2195.321621056911
53039 2235.7497918528693
53075 2187.362009821536
54033 2458.517807222744
55017 2174.394246163033
55091 2253.131442528293
6115 3046.99217277708
8014 3127.867832526794
8103 3212.075854892119
1023 3250.654980936667
12059 3308.6903562181583
12123 3365.7765981890675
12127 3457.7002221226408
12129 3336.9299583779534
13107 3166.9344805567657
13155 3325.545300704984
13169 3180.57269349586
13253 3316.52397249
16041 2888.8569473849443
16059 2520.255775107806
16081 2762.2528593856655
17029 2618.738571553868
17115 2578.878119794577
17165 2799.5439002811136
18025 2727.604920480879
18053 2505.5430787024734
18055 2674.338861304816
18137 2606.1617994980675
18147 2760.981749091418
19011 2474.1409778245916
19085 2595.965587413232
19123 2553.8566472821412
19129 2677.634058041702
20051 3036.722409777255
20129 3379.0799209459474
20139 2785.221354689497
20179 3055.152421070003
20201 2768.7958416142915
21137 2701.3217249932754
21149 2798.2123495491232
21171 2850.152355805339
21205 2594.071307121051
22025 3323.5839216423096
22103 3382.8205763619962
22117 3333.5921018689705
26131 2026.984403267919
27007 1920.7958972613642
29157 2796.3422015075234
30005 2116.9026103975884
31117 2881.615395774648
31147 2716.6484939185284
32023 3569.9886703821653
32027 3234.2080261016918
35033 3617.8353292857173
35051 3919.15622189525
37029 2722.078955961484
37089 2828.4117595195953
37163 2873.6261338822633
37165 2894.9783226603386
37191 2853.2683163939846
38059 2142.1198540746864
39007 2280.992328248335
39041 2442.718190128204
39051 2386.2065393085436
39067 2359.32481059449
40049 3155.4334834221127
4013 3751.2105500733524
41043 2191.2129053191834
42127 2203.488943888899
45011 3074.9936057858126
45031 2947.6238921689514
47031 2895.695858692804
47117 2868.7638895607583
48037 3222.1383284854796
48209 3601.832505240698
48263 3591.972574410774
48307 3665.7996880647383
48311 3748.090322829579
48381 3473.926376840749
48401 3320.8832856898093
48465 3774.367515152966
48483 3386.864443248338
49051 3229.755184463438
5043 3203.490984978789
5063 2951.8487747876893
51029 2624.6835323314235
51125 2605.623450130069
51155 2674.606428571655
5121 2978.4890424220625
51610 2499.2752436663154
51683 2524.2498964427027
54067 2541.109472619796
54071 2539.1533798120013
55021 2279.284889875205
55035 2227.5650004791805
55049 2300.9031552140623
55111 2284.1442242997628
55135 2219.301549165748
56025 2901.983834438777
6041 3028.663762580602
6101 2967.920293928317
8019 3525.8735305581286
8099 3321.860528393106
8111 4307.676135135138
2110 2802.7737565231855
2170 2802.7737565231855
1011 3245.9148334058577
1065 3150.920699259372
12017 3585.963041273754
12125 3354.051304819674
13009 3126.746178787723
13177 3219.2736281644416
13243 3247.260965382786
17005 2702.1454556487456
17075 2515.848530452847
17149 2648.74275183907
17173 2671.3838778090167
17179 2536.286638640796
17201 2330.0254148748922
18157 2514.114522105052
18161 2542.0012675654098
19039 2619.1689063649314
19049 2566.552760919491
19083 2463.444581393334
19147 2392.0721441938244
20019 2951.9035929328625
20077 3098.034246643631
20095 3044.226451159106
20125 2964.638906208896
21081 2643.1756568420215
21089 2489.5807172233226
21193 2574.2328559414514
21201 2603.830920677967
22011 3299.403592936773
22055 3371.537334098579
22099 3372.492196864468
22111 3215.8882954651503
22119 3269.4342753723263
23021 1957.1433819079768
24029 2446.9045127604245
24039 2577.7550502879485
26163 2294.6993880780287
28073 3316.86114481936
28091 3278.548751981008
29107 2726.131279825063
29151 2723.497912140611
31041 2804.330782404639
31137 2791.4928549436936
31181 2813.724570936642
32033 3299.926166203897
33013 2137.589483741762
35037 3607.277893982186
36051 2033.2725688538942
36067 2085.59010901328
36119 2223.6572293664094
37037 2869.4281200230125
37139 2729.6659806301986
38009 1916.9434446129405
38029 2170.6044532423243
38037 2221.719651973685
38069 1921.1883024609951
38083 2024.3803033003312
38087 2364.027994809688
39097 2448.5907819880085
39109 2454.0200497592537
40003 3153.7119444227674
4001 3589.0962048449715
41037 2842.5783459547265
41039 2245.0765205617813
41057 1974.8786292428683
42001 2336.1460007376154
42033 2227.0718645358706
42129 2319.168404689047
45059 3059.320618758815
46031 2291.960544859901
48017 3636.3731797297296
48021 3502.505499644276
48083 3609.958169009611
48101 3469.83272970297
48159 3240.7635334466668
48261 3831.5523838709732
48317 3745.9281739813146
49053 3480.9639733972153
51037 2699.9048878177964
51041 2611.2436966962837
51149 2641.830672192802
51730 2643.8559014887855
53033 1810.2901989387485
53051 1961.1252924464704
53053 1855.3364213096354
53055 1807.3243065677589
54077 2428.182993702
56021 2887.029332814831
6017 3186.41425041202
6097 3043.6264443096866
8009 3315.7102435855854
2188 2802.7737565231855
2290 2802.7737565231855
1081 3231.009166831009
12085 3741.5622612809516
12121 3368.4982994777542
13023 3255.3786111288873
13137 2975.533628895611
13173 3305.494178280405
16021 1990.2518550810046
16027 2623.6332654921775
17073 2523.5328645843215
17155 2467.2566459045083
18049 2468.9502401377295
18121 2608.7530798947128
19183 2529.5997287988084
19187 2508.7766549257135
20025 3240.3253022801305
20099 2945.558491495851
20185 3078.346359864365
21029 2694.9546790816958
21033 2847.2815986584787
21123 2719.5472713496038
21189 2559.5430304739198
21219 2794.53237784472
21227 2807.5150331773975
22015 3234.822063510822
23007 2036.6342535467913
24001 2393.3584944969857
25025 2182.1095819858833
26003 1963.7011372024058
27141 2178.6257719446908
28009 3029.2678737166584
28041 3294.553893800064
28055 3261.678899667774
28079 3226.600066175101
28109 3328.9899607550174
28159 3152.296576036125
29077 2842.7210388709927
29121 2629.6330161503192
29135 2723.1857523960675
30095 2488.6079191822846
31039 2552.886186349462
31049 2970.321607067136
31115 2731.57929434629
31153 2631.4626473049993
33007 2062.7167235336733
34011 2443.4170532652943
35041 3632.401382458413
36063 2122.967747155101
37073 2718.7093543078804
37107 2785.7852327550822
38027 2051.7373334448175
39049 2447.1484241241483
40069 3131.630271160598
40071 3004.613869274851
40137 3224.6087519882485
4025 3590.858811465982
41017 2531.448874801728
42049 2231.4305460888686
42065 2156.82776531515
42067 2245.9379192773185
46029 2262.796553699444
47021 2862.6938909178543
47053 2989.027180605137
48003 3790.923977721982
48097 3266.883208767517
48139 3382.1763751043673
48231 3274.2231263318677
48283 3819.9884805921015
48305 3645.2547409806944
48351 3334.314398104969
48369 3621.778190931757
48399 3597.361975600755
48487 3345.4776194409105
50003 2120.677588499898
51175 2672.512717404966
5133 3130.845657156966
54029 2322.3067751814283
55093 2211.885742368849
6007 3013.2179952817783
6031 3328.6004404777614
6063 3143.8248161725837
6067 3077.318278894549
8077 3395.278755208204
8125 3103.4127288276973
1025 3226.4051457655705
12007 3381.957362613221
12115 3877.1256925752145
13127 3225.1000466289424
13213 2990.1462418661185
13245 3135.1086083907066
13251 3104.5564462386446
13255 3156.6496931264114
13269 3165.226647879466
13303 3143.211435520658
16043 2750.679644288734
16047 2743.3498299088565
16071 2866.5384829931972
17017 2635.4741754613256
17065 2751.6805710455396
17069 2792.35766112723
17089 2374.1044141238576
18033 2394.6632074758154
18073 2497.6324497250857
18087 2461.0509450150184
18109 2603.754515365933
18163 2752.7441292428352
18165 2614.2964589563044
19027 2564.675378460376
19043 2383.4487454690766
19045 2459.9753285278566
19077 2558.8155606988125
19109 2401.9090181587044
19191 2336.252732463223
20123 2844.2071939767106
20137 2936.3639267973845
22037 3396.800771201042
22049 3276.7846747054027
24021 2426.2407151677294
26037 2263.156336727664
26133 2210.4275495921675
26149 2416.6212750195814
27093 2154.2446220784054
27117 2386.1007512007154
28013 3089.4073841347963
28111 3293.3846170151164
28157 3390.251909577239
29021 2710.9590756488806
29161 2774.1420644073232
29179 2829.240787809355
30099 2200.1926014376136
31009 2778.034248366013
31013 2881.0212653130284
31027 2538.2050512110413
31055 2600.0734400302363
31095 2716.567359628509
35017 3928.4683977227937
36053 2093.878260712003
36093 2136.8236175541283
37015 2762.5114619234996
37115 2856.8757790272957
37147 2796.2456891577217
37175 2795.1774844872307
38017 2047.6406244160328
38025 2106.4259872413804
38065 2071.2252173010365
39055 2306.797915647524
39063 2406.545920892552
39127 2444.215855301086
40099 3114.4857837103355
41019 2372.0468607614757
41053 2099.030236678942
41061 2404.1162587565054
42005 2259.5770974326283
42041 2298.8898922433
42119 2216.8770450762413
44003 2194.3698332637737
45037 3067.6730689157403
45043 3076.3701934694923
46055 2558.7331347517716
46083 2448.98542747691
47001 2802.5731958061824
47079 2934.500525409586
47105 2900.721387195373
48061 3961.1516997316467
48089 3494.806697277557
48109 4006.773278787877
48111 3546.8536759199674
48145 3494.5354249407983
48167 3496.2680703803267
48335 3637.5412631108425
48497 3379.0089154108086
49003 2980.2792939926844
50001 2040.1549617693142
5035 3072.5825917747297
51005 2608.6071923928803
51073 2627.735372684819
51099 2579.438135232603
51101 2594.846837395879
51173 2734.2881347169264
5141 2996.9563514035476
51515 2689.3281803389827
51670 2629.752367408648
51720 2666.7539858108107
53017 2150.1547496939515
53045 1828.6797450816714
54047 2643.735076871084
55099 2094.2663420924205
55105 2312.1171239970477
6095 3122.504365588395
8033 3462.502963214287
2230 2802.7737565231855
1085 3278.89524017389
12051 3751.4218126310584
12057 3640.7417718028614
13067 3059.1979874072813
13187 3011.0317087432004
13259 3229.674982076125
13307 3216.9332446112157
16057 2184.717635215495
16077 2781.7507863438113
17009 2623.59597568098
17095 2536.4021460889803
17099 2453.176632320879
17175 2517.2575152108093
17183 2569.8248641816604
18011 2529.126440502961
18029 2596.070026072033
18111 2500.973160392542
19031 2499.3316350667897
19081 2401.049893611688
19105 2444.374293408193
19137 2674.2592961144555
19155 2652.8161522585388
20023 3102.0866726315767
20083 3175.2761457236834
21013 2679.292753327808
21065 2593.58904859277
21083 2847.275296090896
21113 2678.000708432805
21153 2539.852653698817
24033 2449.3377066677203
24037 2519.9338531450317
26055 2162.496454820885
27015 2273.241378201261
27055 2311.62135997594
27167 2099.3675710441166
28037 3363.4549443045457
29031 2835.7098305529134
29037 2810.0348582231186
29223 2823.1627070773493
30019 2129.0058139931753
31059 2750.0874398943624
31079 2756.0406095850008
31097 2708.3933650374183
31177 2584.860728197565
36029 2116.8448089391463
36033 2001.5027760102018
36037 2077.606124797509
37023 2844.3934106361503
37083 2734.838327946405
38057 2078.9026647021465
38063 2025.4862974820153
40065 3340.942983199675
40147 2993.0998562703985
42023 2174.702311837899
42075 2289.028050496407
42097 2227.5672670833683
46079 2391.7019463470942
46137 2433.7848913793105
47003 2888.127184126699
47181 2932.58184577953
48069 3593.3700073052714
48071 3415.9290172705264
48095 3678.8501141447387
48201 3351.2462697339656
48269 3473.717757755777
48389 3847.9981148222237
5041 3189.9123489390904
5059 3114.108735401493
51047 2523.9005554638647
51085 2593.106974788345
5109 3106.82155691821
51187 2482.4211053632066
5119 3115.5349667112832
5139 3169.1138950665704
5149 3080.9729943168895
51540 2557.5534260023387
51740 2658.0365363793076
53015 1889.6959805611964
53025 2153.027113554457
54027 2438.2386491976426
55011 2258.4937537072706
55067 2134.922210905972
55069 2115.1896732330565
55073 2148.789930360332
56005 2655.413427936858
8017 3281.4142396610146
8123 3027.0426093366004
1031 3339.7151648440777
11001 2483.304102435474
12065 3285.4610272854884
12093 3683.6759548570562
13017 3304.5182516352197
13087 3339.9965757409063
13147 3100.610166272061
13229 3207.288019256733
16011 2802.8078870518016
16029 2816.6872196353365
16053 2773.7813378653423
17125 2584.428579815409
18017 2490.116918193913
19007 2593.9458699831366
19033 2337.163834439721
19071 2699.3667169596597
20071 3264.0963128378344
20181 3185.535498154006
20197 2810.73139617896
21003 2837.770678131251
21017 2624.14176789562
21041 2638.4914085903392
21053 2799.032439634492
21087 2721.594730600213
21129 2548.398768023582
21187 2664.188864862608
22089 3306.8696543577626
26011 2165.3553348280257
26019 2169.947386954404
26051 2167.9509770727136
26069 2147.4277306733093
27051 2139.469074188772
27059 2128.007216626201
27065 2136.502211716438
28043 3142.7952000435453
29039 2855.8487583153233
29097 2916.352961903073
30035 2086.7143635188286
30065 2375.7150715419434
30071 2078.0951786476876
31001 2785.043202261658
31051 2519.891278740035
31093 2731.5641671569806
31107 2531.005480920697
32029 3318.381028813559
33017 2138.05719202694
35023 4000.678261855212
35061 3781.476585183277
36003 2089.595424373796
36077 2118.650127285936
37123 2883.324209424559
38045 2117.863487453521
39061 2528.70322616568
4023 3909.925026708588
41051 1991.9324428440277
45085 2971.637046978382
46059 2359.9462697246922
47051 2922.1440867024317
47111 2840.0415080433436
48051 3469.6777983908896
48341 3471.357258868248
48413 3766.4169919463084
48441 3527.736569989805
48449 3263.9845820257706
48451 3713.698154751714
50007 2033.083513261271
50017 2067.1601366507502
5057 3190.359750030913
5065 2969.9160151364513
51045 2631.209578305084
51157 2499.363331627179
53061 1760.8245930078333
54037 2469.331174573597
55043 2380.402585593309
55061 2187.6600692152683
55075 2115.3559370077637
56019 2663.318481752372
6091 3271.8566858657223
6107 3461.689763245389
2130 2802.7737565231855
1001 3235.8834784005353
1037 3167.8625031925467
1055 3077.3595062455497
1101 3216.6426177856883
1105 3203.1533526652365
12011 3876.7721187956545
12081 3797.481706136544
12095 3517.1753456970705
13093 3217.601162418015
13129 2975.281542134164
13135 3094.1037331696984
13199 3146.650092016482
13223 3039.9867728295735
16039 2764.8329967604063
16087 2522.719053332569
17039 2552.7537143838667
17195 2402.8992089409094
18145 2566.691220301625
18179 2510.4731811329884
19003 2655.8289246906475
21101 2761.147111930776
21115 2512.0165251592025
21145 2819.484039733312
21163 2738.149870163716
22061 3287.6716977102687
24043 2391.4396633242377
25015 2147.8726433490397
27107 2018.1722447579032
27165 2324.974184908258
28127 3288.9657311007063
29131 2735.051793532204
30055 2189.3862663082446
30103 2331.585719494585
31029 3007.0083843137286
32005 3468.9743871106452
36023 2048.6634000484037
36071 2211.741261256734
37009 2739.901702327126
37041 2751.6525153795615
37067 2820.9351281541217
37091 2728.2299618829948
37125 2852.1941777895618
37127 2817.1273267640795
37167 2936.242261975943
38013 2018.8762917218537
39013 2380.0701104310224
39081 2329.6946521678583
39145 2487.4359196403293
40007 3291.7515992608137
40011 3158.9798030689917
4005 3508.2698331142947
40117 3000.7019628720996
41005 2030.9799121790545
45061 2923.6738076249194
45077 3015.1481490184483
46019 2544.073385008511
46033 2716.369270803674
46035 2422.867540147772
46127 2475.5565639693095
47089 2814.690765715135
47139 2962.2430116919195
47145 2837.127813780001
48009 3331.358665229268
48047 3812.8132330933263
48055 3547.914767011231
48087 3411.2608765472305
48281 3508.962008599207
48343 3264.7538861269327
48477 3453.472095923525
5039 3117.386171754354
5069 3151.423253684526
51065 2612.67309628539
51075 2595.2150109306776
53023 2258.424548736459
54015 2516.4547926334817
54035 2478.6498472068497
6019 3304.4094554383714
6027 3779.819315985051
6037 3633.7326635406885
6049 2921.6192437225245
6079 3277.434541768392
8031 3119.103821551555
8113 4073.1153036345945
2158 2802.7737565231855
2261 2802.7737565231855
10003 2336.2376966238244
1007 3180.675213441683
1039 3346.650812131545
1071 2992.112005661346
12027 3773.7877301371705
12035 3470.5103124720836
12113 3292.5109123618236
13035 3129.2011676475076
13061 3243.0816016778535
13167 3161.8319909980632
13263 3161.747059507663
13293 3172.008882551311
13313 2941.9074564883886
16007 2972.6872898472434
16051 2758.4399317065936
16069 2252.420874556836
17067 2559.625797308504
17077 2813.035807166612
17103 2409.08763506298
17111 2360.7293548706107
17119 2705.622359451728
17131 2529.925911865104
18037 2749.2774091204033
18067 2524.096669157424
19021 2505.608762805424
19097 2417.761730072176
20085 2733.2816438179207
21005 2687.0370619924433
21057 2791.277317987856
21131 2614.4532536804736
21179 2718.0484532795235
22039 3372.1805227985237
22045 3387.5705118619785
26017 2219.2054087405454
26093 2261.3439804924983
27027 2052.537970568953
27079 2234.6599067896777
27109 2301.4125731341446
28021 3345.3670374734334
28053 3218.5252596140713
28125 3220.9288628354157
29033 2683.6661384930835
29153 2928.474479956544
31023 2632.684860204733
31111 2906.2232124010466
31139 2578.9749565170923
34013 2218.6411552042996
36027 2184.4901381954337
36041 2068.3171338071606
37011 2703.860703677231
37021 2817.7966395533244
37059 2843.651656015403
38011 2398.828543447513
38051 2176.8648840425503
39027 2485.4047058845754
39101 2442.7362431219317
39117 2445.416678037923
40001 3006.2239244318484
40019 3167.045097673956
40113 2958.3424443851745
41063 2401.416959203201
42029 2302.917555241528
42071 2314.1625781597063
42107 2240.5562996827125
42109 2233.938508263169
45025 2938.9745886312853
45057 2959.192876604504
46021 2269.7899596551715
46061 2437.1981010101
46135 2513.398109272182
48141 4072.665334943695
49041 3293.973332539324
5045 3082.9419082448653
5091 3208.7597126178534
51159 2591.484508080675
51171 2479.3130761435345
51775 2662.5963497310163
53007 2123.171221401175
53067 1850.4480672306481
54105 2468.2272263132263
55025 2306.394323348685
8013 3149.2728792303074
8053 4271.286125448029
2122 2802.7737565231855
15001 2802.7737565231855
15009 2802.7737565231855
