3304.3926740110433 12033
3910.042699503792 12086
2875.543548263414 13097
3136.8064029914194 13103
2798.6127691731076 16013
2312.7169145121165 17001
2327.8206599671626 17035
2275.7740855077805 18075
2278.064404975338 18103
2470.4356887913327 18173
2150.7253237421482 19041
2303.046619397794 19047
2179.0235013123915 19079
2015.3613822785494 19195
2488.4876499407105 20005
2502.9916928874186 20045
2517.9306323451938 20091
2859.270388095238 20109
2935.4837452380953 20171
2530.6045429709015 20177
2913.609998943663 20203
2602.6729220095817 21039
2455.715229535625 21049
2620.7315740350878 21105
2482.6596020567017 21165
2487.2901892087243 21197
2604.476678627624 21199
3408.5546904674984 22007
3390.3146878342277 22097
2014.2585802057208 23023
2519.523619991635 24019
2362.6621668302055 24027
2234.22503829146 25001
1806.2503063179388 26033
1899.778523290896 26041
2116.3235890869164 26099
2179.557574754193 26159
1690.9062785099995 27031
1947.3075396979139 27037
1843.2344634194912 27095
1826.7273064759515 27149
2640.5209627552294 29057
2291.6698477611953 30039
2450.7989082314634 31151
3260.4539928305753 32001
2304.675766904472 34015
3553.575069069612 35045
3560.667735781755 35047
2058.7529229161064 36009
2018.6523548928317 36039
2875.2856844460002 37061
2703.3295689204538 37185
2278.210410086181 39011
2112.4755441837506 39093
2145.7331064092527 39133
3194.524490404155 40033
2759.7714903402425 40097
2870.8540397588763 40111
2197.656089170596 41041
2106.7250354459748 41067
2168.1230503447673 42027
2285.764829595603 42057
2956.544494871443 45039
2590.418283580744 47027
2758.546132282087 47123
2629.108279996547 47189
4068.1509225991413 48043
3645.3954738358857 48057
3759.7490422614574 48115
3780.6279717692314 48165
3626.221554452412 48171
3317.6333510135137 48191
3524.8130364963554 48287
3124.7979221145806 48295
3654.497013931348 48325
3497.219317281457 48331
3338.161303503063 48363
3456.7798822147624 48447
3060.9132584172735 5011
2866.5159330135107 5071
2924.292262425455 5077
3012.8835286065264 5079
2897.4537765108757 5123
2777.732208480071 5137
2103.23782095369 53011
2045.5907957424056 53065
2287.4955015023943 54001
2323.5958421189353 54085
2337.158923450563 54097
2076.34774704216 55077
1971.8872301751298 55081
1950.7325470510712 55121
2528.273811915585 56043
3449.8403787458665 6029
3031.006278593377 6045
3958.275900888259 8037
3211.3390846975094 8047
2941.428603586027 8063
2667.5107186303003 2180
3383.587213975609 12005
3084.0896433113567 13145
3025.9152949587306 13181
3035.2467872130924 13285
2318.1036246965173 17033
2457.828250402641 17133
2167.4448410673576 17141
2230.7952365019933 18023
2224.5594600463824 18181
2361.5118724097497 19009
2243.110905128393 19103
2217.5834808751047 19171
2373.1521531546236 19173
2394.520000271324 20013
2564.6352104904536 21009
3361.2948978673144 22115
3422.4354232049163 22125
2319.6661083906793 24013
2544.3598385384425 24045
2130.041220197965 25009
1911.7960632334446 26039
2182.1268168326064 26091
1916.951226925054 27049
1943.2019010927577 27123
1855.6640089227985 27145
1887.9157674714334 27157
2684.256754160598 29109
2699.0096050468433 29155
2583.840612760849 29229
3083.3835387966424 32013
2207.2404845007845 34025
3720.19914628206 35043
1846.9501683470107 36019
2945.7176690636484 37017
2798.9382983628475 37053
2749.924459854548 37079
2807.3197333740745 37103
1697.7433584459454 38023
2118.939426950356 38033
1648.383843735592 38079
2280.329684572005 39065
2143.115718181956 39085
3237.7760064668564 40055
3075.712969921918 40087
2756.9684636994757 41029
2197.9519026850357 42061
2156.521268579432 42131
2977.0608920584546 45041
2858.595166240775 45073
2706.0037006355637 47015
2728.021433370567 47063
2745.9949591737627 47155
3833.308343425087 48135
3577.0272616475972 48175
3522.9190882478547 48189
3767.4548224975906 48409
3125.029848191191 48499
2725.660300141871 5005
2932.966722132 5053
2522.078284976467 51033
2514.477630389964 51079
2700.347617451048 51131
2250.6139636608755 54049
2501.074195332085 54063
2309.1233937240568 54073
1936.6849073664023 55019
2584.39350109303 56009
3252.7367724721544 6005
3218.233642421321 6077
2948.1786695126866 6093
3484.0134531376357 8003
4183.872754739827 8051
3054.6676046428593 8061
3189.235155818515 8071
2844.0460968630236 8075
2754.2904099264706 8115
2667.5107186303003 2020
3010.8847916533664 1027
3333.6979769193244 12003
2845.1899553898234 13123
3299.0618095955597 13183
2995.8210589935084 13217
2980.42693856612 13297
2722.9735311876434 16005
2659.4312251203783 16019
2303.046190621778 16049
2232.5410088042677 17011
2270.923678726642 17023
2423.9833779752635 17027
2161.904895937931 17093
2311.4808575935454 17139
2439.2982663239786 17163
2384.7620596740626 17171
2204.8858069028806 18007
2464.734894626645 18123
2347.340521061672 19053
2333.9763237890047 19111
2303.8560767777676 19177
2239.7572584627765 19193
2716.561408654041 20039
3053.173929949261 20067
2597.980574749616 21007
2478.3343523310646 21175
3213.4778874260146 22035
3282.016851945957 22065
3333.0084152854724 22107
2019.2208839827922 23015
2445.4647392886145 24017
2073.6991047581537 26147
1832.1754118275496 27005
2068.5943312955633 27043
2873.116406037914 28137
2919.2060697134584 28143
3288.8943092121594 28147
3156.7213785027707 28163
2338.205371489147 29079
2552.1248355307484 29085
2453.646204522094 29159
2437.3672574489087 29510
2174.5184421376894 30047
2479.460813133393 30057
2303.8537052238817 30097
2342.3104877217916 30111
2384.7509574491655 31003
2676.7805601449268 31063
2438.5209899253714 31149
2355.962541614496 31155
3585.5288968085106 32009
2086.8071927261776 33015
2118.6550108801753 34017
2121.5526019988692 34031
3658.1396227771547 35006
3433.7710564625845 35021
3754.671478478655 35025
3791.0285957115443 35027
2109.343898674637 36107
2674.2739502177883 37005
2978.81670207367 37047
2759.8963185650514 37111
2230.8851142348744 38001
1759.4940480953087 38097
2200.123830480732 39005
2387.5259786344127 39025
2217.2494131991966 39031
2365.726104491872 39131
2926.655104579186 40047
3032.0918456305485 40089
2432.731920060466 41065
2288.60610640681 42055
2242.276244079177 42101
2109.2704859260107 42105
3149.4379568140716 45029
2815.8141562555925 45083
2447.4963481597624 46007
2007.3999099029625 46057
2112.9132090457197 46099
1904.4543591758113 46109
2282.8121338345895 46117
2797.9678130718726 47011
3613.376362750831 48029
3106.820747963084 48067
3188.6457749215906 48113
3901.3813857142886 48301
3624.9679155133003 48303
3583.081949449632 48411
3501.6200619528645 48433
3326.2688365884424 48503
3948.19565561554 48505
3124.659393674424 5003
2393.726582702412 54053
2020.0371337789293 55039
2039.6280914245192 55123
3286.1841864614244 6047
3031.7192344954537 6105
3622.9922157385126 8021
2112.4634860997903 9007
2667.5107186303003 2164
3179.689288716698 1005
2901.875896250105 1133
3397.2965127004177 12031
3095.4200988355738 13175
3187.235200097451 13209
2821.1195540883837 16067
2371.9768706635828 17025
2240.910872803789 17045
2279.376337413806 17053
2400.693102457837 17159
2235.3488181712796 18069
2247.8092879536666 18169
2139.788262729396 19013
2283.655715452503 19125
2241.4158400897845 19139
2387.160981439893 19145
2283.0299487743414 19153
2702.111993389234 20021
2806.298785852311 20035
2849.6003011866314 20063
2735.7131366551403 20065
2669.8505262400354 20073
2937.669675438596 20093
2522.149975521602 20103
2552.6767426110955 20121
2637.5824891737507 20127
2626.301569420797 20183
2537.839449201198 21031
2431.649015579999 21067
2425.7697285459076 21103
2506.5935947322546 21183
2496.68710189735 21225
3440.3302124002425 22121
1934.8629995944395 23017
2058.680582959747 26087
1992.2234354897848 26109
1887.5078616006513 26141
2048.4539371852165 26145
1848.4387411319244 27025
1703.9776604983206 27061
3218.479220272935 28131
3187.5825383750475 28153
2411.790008025944 29019
2319.6991745934056 29171
2393.6995503597136 30011
2672.417676229531 31061
2315.1261311305266 31119
2505.9619771341486 31175
3337.7205397978546 32510
2274.286290590319 34007
2149.8591231435307 34027
3829.051251247433 35035
1966.4712538924566 36045
2164.812614553135 36081
2736.1075765902706 37097
1907.1350298116613 38053
2132.6545816542466 39035
2301.484980885713 39037
3001.408227102544 40123
3702.0131873608166 4019
2357.7972858736075 41021
2212.753155267534 41047
2390.1783371747224 41055
2201.7501732553037 42013
2269.8705643727017 42043
2234.4893274685323 42091
3184.925156957849 45019
2284.8479098219914 46053
2755.599307167993 47101
3901.536119683045 48007
3627.173197760161 48019
3191.9935831200687 48121
3536.341096653423 48149
3406.6906431590064 48193
3681.3675618024845 48267
3582.421159751437 48285
3327.4004949302034 48419
3231.1238917494175 48439
3548.695337652466 48469
3778.5556591060354 48501
2974.685874211118 49047
2925.910502366019 5051
2770.0750177558043 5111
2605.0078656044166 51141
2610.7698215652354 51197
2620.1555028213515 51199
2890.3499272915583 5125
2585.8147654846275 51570
2712.401825553769 51620
2663.7267700900343 51710
2518.7488444757587 51790
2261.072802904259 53003
2325.255171729291 54065
1909.3069838510426 55119
2713.5178364811354 56015
3314.2854579450154 6039
3170.954422614841 8011
3942.3943646959706 8023
2756.7550481344897 8069
3362.475371836808 8085
2826.5891106137547 1077
2994.8452669948542 1121
3524.2041162028577 12029
3528.4347221020057 12109
3409.0482040559114 13039
3165.3261537942903 13091
3252.1201776002695 13095
3238.0995810193263 13131
2867.9364259736503 13257
3236.434611497965 13267
3187.1495348987146 13271
2777.736296860781 13281
2553.5812275387466 16003
2766.954682321106 16031
2389.5581279400344 17101
2372.9541750683384 17169
2312.0411272365436 18071
2293.4371907885757 18095
2168.9384985165475 19055
2079.8880046148843 19065
2050.2894766969735 19067
2231.8165013539365 19157
2536.183947849717 21021
2553.4232245317594 21061
2533.851555668909 21085
2511.2053856136877 21109
2611.004856091377 21231
3191.277952760438 22017
3460.5333515400007 22071
3444.741333340841 22087
1897.131287639275 27003
1633.2639927171333 27069
2992.0534030448603 28017
3231.759345921173 28029
3279.2097529313055 28047
3103.3577539710436 28069
2285.0769027491406 30059
2331.286846765259 30087
2399.5237935528944 31127
2388.172898541457 31131
2696.9464530059145 31145
3135.230297517729 32015
2399.082133386418 34001
2151.0368412747393 34003
2253.547132325666 34005
2193.4780058710285 34039
3814.3228702760503 35053
2025.5529424356205 36017
2157.7061128813957 36087
2053.0094848009467 36121
2781.7115677083357 37177
1625.5623535299217 38067
2370.292980239182 39071
2397.123863937979 39079
2287.907338080544 39161
3945.920751993247 4003
3260.355137500002 40057
2954.726071671938 40063
2311.905355604227 41049
2123.3800279341963 42007
2163.863569270818 42089
2135.166136868083 42117
2358.2756720689654 46075
2198.2605976088976 46085
2133.3266100026885 46087
1933.6402696296293 46091
2710.904705947999 47009
2664.6682879669484 47095
2796.615791778803 47127
3475.1100003638658 48027
3532.8191348311184 48039
3314.89947112871 48225
3628.48541930672 48297
3361.883262631759 49025
2862.1863166073686 49045
2792.186591800493 5007
2618.7943970902675 51025
2420.3389336996324 51091
2659.259456680602 51105
2646.410795904594 51111
2470.526981212261 51165
2630.971087972231 51590
2267.4471348085463 53005
1845.3466879354376 53029
2257.3586890423508 54051
1809.305614281917 55007
2153.259507498869 55065
1926.6491721531927 55083
1840.1533703117036 55095
2088.6484323478676 55103
2606.373145435754 56017
2540.1941711134823 56045
3622.8075816189476 6065
3536.0480582327054 6111
2667.5107186303003 2013
2667.5107186303003 2060
2899.9692680787666 1059
2922.528401700358 1093
3895.5637956710425 12103
3133.4702933996477 13021
2934.1695543880746 13077
2844.924510432906 13115
3012.909249818787 13149
2877.3407392905733 13157
3081.0496052597537 13163
3313.700371535208 13185
3275.7935923845657 13201
3127.6233108822153 13215
3155.0947449172622 13225
3335.6694908575896 13321
2289.401957062021 17147
2238.396045280714 18009
2289.053886962066 18013
2170.6210568574443 18091
2077.9304628436676 19005
2234.806928552058 19095
3064.470189115646 20081
2421.935125471118 21093
2517.203395827801 21167
3448.044768937428 22053
3442.4317833139003 22093
3447.1767962066533 22095
1947.9445734717804 23011
1873.9669138412428 23025
1909.1571354188818 26031
2088.2317362820995 26057
2092.025569486681 26067
2030.0614619696753 26157
1890.3773736351034 27023
2010.112428979636 27083
2139.7789409411857 27105
1728.1956141264102 27119
3052.8653071101394 28015
2924.5133723870304 28115
2339.5467463756877 29111
2699.2948965596834 29145
2430.524564341086 30075
1775.5073240202705 30091
2339.9264300699306 31015
2274.3135050455408 34029
3370.9342915667503 35007
2073.0243298712735 36007
1986.9313237712938 36035
1972.258072329926 36043
1994.1851194085316 36057
2781.508996787112 37101
2794.19245789858 37119
2674.304988904999 37189
1879.2806175927913 38093
2221.9328740445367 39123
2174.410974718022 39173
3010.810556353884 40029
2745.93285481993 40035
3072.2894878838733 40051
3715.534591678701 4007
2940.0095511094123 40083
2360.913215566334 41011
2559.72129628601 41023
2065.3096790532045 42083
2187.166263730209 44009
3080.8437480556386 45005
2908.433495402924 45007
3019.1501358375003 45017
2957.2980782214736 45033
3015.5943008887493 45051
2011.3356289477483 46011
2403.064169655174 46095
2685.260689772534 47085
2767.6946638573577 47109
2641.72843663541 47133
2587.1062714787995 47151
3415.425788553874 48035
3483.436236007826 48093
3443.347794649432 48185
3390.566573021446 48241
3012.7160414213176 48277
3408.905525090103 48339
3335.6760972716497 48375
3078.1092368626123 48387
3254.241784731505 48485
2898.9689661346947 49005
1962.1276573004197 50021
2646.3381610488473 5049
2717.7450131374126 5075
2531.872747302768 51027
2496.151182856255 51071
2612.900117632327 51077
2539.6456790872435 51580
2497.112552325781 51630
2366.175609217662 51840
2363.87667967604 54007
2464.7811744658857 54045
2285.7489782436537 54057
2308.372020432022 54093
2502.6753286125536 54109
1915.465700115242 55037
2115.5776866681776 55059
2077.659256932447 55133
3690.1711664310947 8027
3311.261274765691 8055
3808.475045551604 8057
2928.703975311696 1057
2976.1516155925246 1117
3406.8278825169336 12067
3705.776412572154 12111
2974.254136375124 13247
3269.3401097427713 13315
2738.283784946236 16025
2179.9519052354995 17031
2169.420785616722 18003
2385.5510626975733 18043
2416.0730001680495 18117
2281.8169598119584 18159
2229.8205043214907 19169
2696.665249825784 20049
2523.1529699500684 20157
2531.8024483935465 21001
2575.232063321236 21051
2565.1360665284506 21143
2442.4107446045173 21211
2593.25689545183 21235
3312.758797120405 22085
2018.0984105755217 23005
1828.0625643819383 23019
2274.2074784604256 24023
2495.066767954761 24041
1927.6652853790374 26007
2027.7029460049268 26035
1715.4829464132288 27077
1912.7126353710808 27143
1875.5954949300806 27151
2946.6361036524177 28019
3200.957033839577 28039
3270.610212012974 28077
3058.20887291598 28083
2837.985205772255 28093
3089.1370681476105 28123
2451.7071370361837 29073
2559.245565711591 29105
2385.866407350692 29113
2302.8900065272583 29115
2497.526526459841 29125
2336.561463106738 29175
2291.547019213191 29199
2626.340583153782 29217
2312.1339459966957 30003
2299.1532691581797 30081
2582.425717021277 31113
2952.651006113545 32007
4080.5006278474257 35055
2032.7353232796252 36021
2144.7345955396927 36061
1978.1057335963737 36065
2750.743132788625 37003
2848.4581660676495 37007
2803.545553234425 37025
2768.20558931387 37039
2728.1848356849514 37075
2794.218464357164 37159
1739.3714517605642 38031
1649.489394594594 38075
2336.425880313216 39113
3048.8435223855167 40059
2239.711308355885 42051
2176.348850561369 42077
2967.365798092246 45067
2688.274000869004 47025
2654.722557371347 47091
3485.2803373457623 48015
3818.789328956228 48105
3829.9469818235634 48127
3302.9159476627256 48237
3297.1242318279337 48251
3225.019041549295 48421
2901.0971141140094 5001
3066.3338920662814 5099
2637.645209036142 51035
2429.5677749568777 51061
2566.5888679124214 51133
2451.039406374929 51153
2674.428606184965 51800
1835.603588268658 53009
1843.7929131542794 53057
2068.7004552411236 53063
1985.7541759967994 55078
1837.218828012482 55113
3180.7555098687444 6033
3699.0138846690616 8045
3832.4050390069037 8049
3740.6201899880616 8109
4032.320536520536 8117
2149.397850230594 9001
2667.5107186303003 2068
3710.9563098228614 12009
3360.046164816263 12023
3366.1038321253222 12045
3719.662850164545 12101
3122.015220761063 13053
2132.2026799109312 17007
2411.762658034909 17081
2308.8127716519584 18057
2218.1433780487832 18099
2140.0630106297535 19017
2202.13813730851 19099
2653.058994110318 20037
2857.312032092118 20145
3093.0307780763364 20175
2629.5489901071296 20207
2445.238960184821 21135
3447.7255048280836 22001
3239.2508544084985 22013
3380.619251920685 22029
3359.654785399863 22043
1846.695980007417 23029
2452.0768151786724 24011
2007.1711363957986 25003
1914.6224522096204 26009
2203.539375775448 26021
2037.7511703550724 26049
1991.1341376478804 26101
1960.4741392285189 26165
1784.4777333239924 27029
3174.973422633075 28049
3157.8356079593973 28067
3140.5428522691323 28075
2903.071719704447 28161
2391.3964273534884 29063
2727.8958445765143 29119
2317.117968902205 29129
2608.0382637129815 29143
2587.1109912325733 29167
2545.6654816590712 30001
2344.426940742342 30023
2678.093491467577 31083
2030.4512560001772 33019
1992.1723333657364 36115
2818.3996149192617 37045
2749.1086843468775 37051
2836.1533245645446 37071
2701.390608472993 37169
2090.2833295599326 38089
2180.5984866174667 39077
2295.882999524029 39107
2234.7886009335525 39159
2368.213329235053 39163
3191.401623463613 40031
3016.717815531607 40073
3517.4936385738874 4015
2431.2362959259235 41069
2140.475032703793 42063
2148.2468667348085 42069
2089.245899212676 42085
2082.8135978009987 42121
3361.126471205964 45013
2885.5812230978586 45087
1947.8330831844999 46037
1974.8339490534238 46039
2163.4569187022907 46073
2154.0431010676148 46107
2759.053406985591 47023
2703.293426810071 47033
2626.7064873452546 47141
3587.505415068607 48025
3977.4942299999993 48229
3751.997568965052 48273
3328.823294519702 48373
4057.084301747402 48377
3207.4900976271174 48393
2871.7121915441185 49033
1841.1819451595927 50019
2758.0533913147574 5031
2747.589824955374 5067
2898.538296453669 5095
2613.6680192946274 51143
2664.029419273627 51169
2606.8001674055117 51680
1937.3383651893228 53019
2251.6400322517457 54061
2412.6886219549633 54079
2341.1414874047728 54101
2042.5403155772863 55027
1901.2491505349958 55033
1994.459645117094 55139
3295.774610999269 6009
4053.263937096027 8015
2947.021638840213 8059
3597.940487747623 8093
2667.5107186303003 2070
2989.5177781159096 1029
3165.64893912411 1087
3708.225092447742 12053
3384.529887823859 12079
3575.6506615161675 12117
2783.1364038231845 13047
2905.04669775379 13057
2923.1096316340704 13089
3104.239170529426 13197
2804.2718467689656 16083
2303.8086093381567 17041
2169.769770351967 17043
2139.920761241391 17097
2558.874733621073 17127
2235.4925682136663 17161
2447.980089042304 17193
2282.433696377305 18045
2323.2306534724485 18119
2223.7142542671436 18127
2205.0978787145596 19115
2146.086663536665 19119
2638.5965768774495 20041
2579.420976612864 20107
2652.8436184581305 20133
2627.0944977301397 21075
2594.9492034150876 21095
2571.462738261084 21125
2635.393901129328 21147
2459.0443107128017 21215
3387.0229448669897 22003
3439.328478099519 22113
1949.3134855372916 26079
1729.4655615155514 27137
1909.3987855886483 27173
3389.184132149863 28045
2413.5475871383455 29099
2182.231802717309 30013
2104.5270992810556 30021
2712.54863122807 31057
2657.944238694453 31101
3352.299616197183 35059
2020.5528057314336 36001
2109.393696956824 36015
2091.633236358316 36073
2883.9132396285813 37055
2827.233065188641 37173
2209.6481194800276 39039
2221.863146471586 39083
2263.570745219642 39091
3168.5778577531087 40039
2988.4942645232873 40093
2744.0412298792044 40105
2796.1256449145153 40145
2587.518032077195 41013
3023.441477398907 45065
2839.3708449135897 45091
2044.699989345016 46077
2056.7744314079423 46111
2680.508646119611 47045
2763.9944311299987 47121
2635.9507102836897 47137
3440.682676510069 48023
3077.5404359595364 48119
3870.0913531394417 48355
3572.4687030893874 48493
3052.712850610571 49007
3419.8702663274103 49037
1818.6545055372721 50011
2726.6745686703402 5009
2572.1860519696634 51019
2890.6376834939647 5117
2638.5676104451877 51650
2632.036598933932 51735
2718.929235911785 51810
2368.6944048294536 54039
2292.6973990826255 54095
2036.11385375215 55001
2107.7463666169383 55023
3298.2352636309624 6069
3085.5156064086154 6081
4317.874130496452 8079
3633.459045246975 8083
3093.37229151486 1017
2889.3173001616274 1033
3667.2640502651752 12105
3282.9400425636823 13001
3308.992090617274 13027
3332.7504336114253 13051
3307.469980546868 13191
2976.9379649897633 13211
3203.315618181819 13239
3186.06826438379 13279
2448.7936233785654 17055
2488.2186621511346 17059
2248.6304935474272 18015
2447.794118800001 18061
2233.8050335159655 19015
2200.2832085623227 19035
2257.855275504376 19057
2103.9897127979925 19063
2303.8745281787187 19185
2841.0935080829813 20135
2330.50032057155 21117
2623.136093793622 21121
3435.644739468989 22023
3348.0928789059926 22079
2058.366694190144 23031
1942.292556536888 26085
1828.4018907654556 26095
1857.2955246097604 26103
2104.642089858489 26125
2028.8312227228428 26129
1811.2277338747178 27035
1884.8898865341337 27163
3396.596509164635 28001
2377.2143535829046 29089
2699.7981359130713 29209
2343.444197060075 30031
2347.473705953355 30043
1937.7908590108052 30083
2672.415023890785 31065
2467.861206244027 31067
2603.6053784246574 31075
2272.1853196369048 31173
2023.4541706855543 33003
2457.910773024506 34009
2747.785764265544 37105
2812.0127194067313 37161
1726.544726315792 38091
2327.1706121057637 39023
2305.237222740887 39115
3022.3834338643637 40023
3118.344509944154 40045
2173.4666133100322 42095
2143.058359768113 44001
2068.781030447622 46005
2397.2152518375106 46071
2620.714577298575 47013
2774.6695549351584 47055
2748.556629201017 47065
2705.215137442393 47081
2785.839952164175 47157
2726.618161213115 47163
3883.786840418119 48103
3491.8990457527375 48117
3282.9636716357372 48233
3889.107415488214 48243
3534.899020711101 48253
3268.8509149689476 48349
3663.9072448416077 48415
3831.300384731102 48427
2703.61324226512 5055
2879.7615381824544 5085
2833.2185635725336 5105
2636.3876768020045 51089
2581.2675657256605 51195
2795.9591927299666 5147
1876.9371114217956 53035
1900.3218177536223 53069
2490.3165646968546 54089
3134.8048292029744 56035
3479.7549847198306 8029
3087.755003407312 8041
2667.5107186303003 2016
2667.5107186303003 2100
2867.9874878572714 1009
3211.283951434476 1067
2869.320225201387 13055
3347.6881882257894 13277
2598.698427316031 16085
2257.9090139634154 17019
2241.6889020411113 17063
2291.990647276596 17113
2387.632113051377 17117
2416.8064247518864 17121
2327.6158342306 17129
2245.1349341801138 18001
2361.2617033950173 18079
2201.9967756796773 18151
2292.6708884364434 19133
2285.73465143434 19181
2905.9896287511538 20007
2586.621263799285 20017
2602.701811381729 20111
2416.8601995354816 21023
2436.517643078832 21161
2560.9281901013737 21213
2600.446816783239 21221
2492.5700745474464 21229
3349.972778698711 22069
2212.1082902598937 25005
1995.0122087456587 26089
1949.0479671461908 27019
1704.7868442290737 27135
1951.1498764281976 27139
3028.932162287525 28011
3055.0852199984156 28133
2368.7879601966624 29007
2537.20582503484 29029
2440.861725705494 29189
2302.662744216261 29211
2058.3207857793705 30089
2658.4192852933793 31047
2550.1292052238805 31165
2514.575563908331 31169
3800.2267412721494 35049
1849.2588557423728 36031
2170.3631366568297 36047
2009.18411089951 36091
2763.2907660034043 37057
2706.7568995019724 37077
2829.981789645509 37153
2895.2918879043264 37155
1774.4859658550943 38077
1870.340884801001 38105
2222.6706359663895 39125
2193.5329996068513 39139
2320.3305119104157 39167
2915.49790163124 40081
2141.7273895111075 42035
2330.239823888025 46041
2701.2559599418228 47039
2648.745531587599 47049
2745.8524659287705 47073
3378.444856842106 48011
3613.1184571826398 48049
3566.817002447553 48125
3716.137022663989 48131
3506.61662142176 48239
3650.5925546213825 48265
3432.782968962983 48275
3683.4579604026844 48327
3872.253007011074 49031
2984.394236941589 5013
3028.707370044526 5025
3149.404323974283 5027
2399.9803237398223 51043
2604.716534097087 51115
2421.71466769422 51510
2290.8997480109388 54103
1833.8888063088937 55109
2646.2493462923576 56031
3575.1032765872355 6059
3145.7422411587695 6061
4072.300671985817 8091
2086.6952622463305 9009
2101.2163981136587 9013
3269.8825200596093 1097
2808.966444115709 1103
3358.6499871890514 12047
2952.193935346424 13013
3270.2482384659797 13025
3310.687694506177 13049
3308.020429763008 13071
2903.5869080147204 13085
2786.074533127039 13241
2236.175172672775 17091
2339.9357128856727 17109
2304.7463942003546 19051
2012.7520787164128 19089
2703.1776330885828 20115
2460.9328009614874 21069
2454.599336445673 21073
2420.8375100264766 21077
2562.0754964078183 21119
2446.694716058098 21209
3427.0709670570036 22033
1710.8164875652915 23003
2043.3337590298938 25011
1875.4064143378066 26071
2070.0772336432624 26117
1954.1998136462364 27053
1943.1902183952989 27161
1951.7581736056434 27169
2972.380040359092 28027
3094.9549132049824 28061
2406.7355790845545 29005
2642.7809832510584 29011
2487.675509775603 29047
2575.349674279999 29059
2444.8125893664173 29101
2345.902203165304 29117
2358.247416673667 29147
2579.734597731766 29225
2019.1107809404825 30015
2068.9830811506095 30029
2358.9345414225095 31037
2236.200728490341 31043
2497.1108939254123 31161
3293.6721756907086 32019
1988.9547217772426 36075
1770.6089499999996 38039
2134.800526187248 38041
1685.5404908131748 38099
2207.7234739453465 39043
2293.708061008149 39045
2423.5315597529793 39053
2180.7550417569396 39075
2217.6569159442042 39147
2194.105547102573 39171
2734.9949304801094 41025
2723.1626295576148 41033
2229.758646613453 42011
2214.679554700033 42017
2247.448053877902 42059
2975.221466030385 45001
3039.9431548351836 45015
2435.9363209278436 46113
2733.366872280832 47019
2653.911236317297 47037
2670.0861712148235 47043
2637.901264983102 47087
2704.55675459807 47097
2753.536378681999 47099
2637.8818901174377 47131
2587.3624023546845 47169
3324.402320730912 48065
3518.528430866604 48187
3817.357601384081 48435
3487.794764821716 48481
3175.660933248476 49021
1909.301508777814 50005
2009.8486394063145 50027
2519.6291401953877 51003
3045.8988515551205 5103
2489.9001775211696 51137
2487.241518444824 51179
2668.2643300067366 51191
2808.6918331933944 5129
2700.965434780713 51520
2470.6221421161135 51660
2258.2006856858316 53021
2474.817791210535 54025
2312.0457265782716 54087
2306.0881119311834 54107
2051.003184892928 55117
2057.3800791134718 55131
2639.0087216812717 6015
3172.119405232697 6057
3237.577463348888 6099
2932.8988951986767 8035
3291.4668738848277 1003
3177.128975676055 1041
3013.016844697068 1107
3244.175316028418 13029
3239.6618366951166 13037
2833.9377939584183 13111
2907.336452459415 13121
3009.579272481317 13133
2976.03543008663 13151
3066.410614159193 13171
3139.288312956111 13249
3226.7626205190218 13273
2557.469670114944 16033
2523.113054721059 17087
2375.980113852437 17137
2463.7564913927104 17151
2297.61537192017 17167
2276.114900849755 18063
2288.033657101489 18107
2316.128610401667 18153
2287.6661785835477 18167
2364.75936301346 18175
2588.067659023539 20003
2723.669848414487 20015
2722.8930496306716 20053
2597.5350058029608 20089
2936.762908163265 20097
2691.6700548611097 20105
2532.7727564531224 21079
2476.6271438019776 21091
3151.7570524925313 22073
2303.18115993685 25019
2157.8884166146936 26025
2096.6705015415405 26065
2037.6378926488376 26123
2035.1614126028578 26151
1907.9290284725073 27011
1844.8149755328398 27153
1927.570385657981 27171
3348.8266848521826 28005
3058.3789252580873 28101
3009.8089147362934 28105
2492.7853867945046 29015
2452.260428211993 29049
2365.2055030075435 29163
2348.5700115392233 29173
2566.844493022526 29201
2679.74380982604 29213
2460.7208298830046 29219
2241.598424468085 30025
2238.8125893837455 30063
2504.5751650774205 31035
2391.1952069088798 31089
2680.5445020547936 31135
2014.6956672089964 33009
3771.368118709169 35005
3951.681609279328 35029
3094.7204835381117 37019
2983.4289896604205 37031
2665.007913182197 37065
2699.922316925875 37121
2894.4933283795986 37133
2709.9043553087668 37181
1731.3580402233786 38103
2161.0280755581807 39099
2270.6448203945356 39149
3223.7235889930203 40067
3200.0934077865722 40149
2601.7479988228474 41015
2162.0473723931323 41071
2061.066544617487 42039
2142.988101365 44007
2857.9358637899295 45045
2000.196721894077 46045
2670.923641469119 47093
2778.3506457122176 47115
3170.4757748699653 48063
3334.68416210854 48129
3553.578027869098 48177
3394.2393212885363 48199
3211.7204158124646 48203
3208.342880067567 48211
3399.8681577576267 48361
3267.12058331787 48365
3213.8192105092835 48379
3834.7094868243257 48383
3820.1052331164756 48475
3842.029737953425 48479
2937.0990439114394 49009
2012.2931642279993 50025
2679.674994664406 51001
2422.0501020042566 51059
2819.011863121757 5115
2554.3621296833344 51185
2246.1077774907762 53013
1995.088501618607 55063
3339.7573558161803 6109
4127.322855055068 8007
3907.0139211395363 8067
2667.5107186303003 2090
2667.5107186303003 2185
2667.5107186303003 2240
2667.5107186303003 15003
3195.7786139698246 1013
3191.9086180245154 1045
2844.763913410386 1079
3132.2890264115745 1113
3480.422619263519 12037
3642.4458721379174 12049
3300.3041539887254 12091
3275.69702339676 12131
3037.919297698407 13033
2912.9929169768257 13045
3014.7455759413506 13141
3219.6980135362774 13161
2080.37524993625 16009
2613.3301409334613 16075
2263.99669894273 17143
2558.421198619471 17181
2444.70742502227 17185
2416.5622524758496 17191
2478.1763326590844 17199
2426.7790075493936 18019
2376.4590187058875 18027
2333.4468931514903 18105
2367.182950707475 18139
2259.395638120141 18171
2052.8861842864717 19189
2574.211013033776 20061
2503.5535324409043 20117
2745.7467530426256 20167
2933.7528238434174 20199
2444.178770176631 21063
1961.104336371885 23013
1898.6159736740553 23027
1954.0797860685905 27073
1981.2329224806163 27103
1982.435477336151 27147
3256.951541584244 28085
3032.9375195701355 28099
2332.1053829895386 29041
2347.7672025019783 29127
2643.4998849053873 29181
2466.481108582182 29186
2372.362151153847 29227
2108.0442040145995 30033
1883.789497033677 30085
2360.112538007466 31025
2749.7992594861203 31033
2515.3127420176324 31081
2690.6579670068027 31085
2499.6462136489204 31121
2306.7747692237895 34033
2176.9190933442746 34035
3602.4149682478096 35028
2056.858642037015 36025
1906.4293032601502 36049
2196.9126086556794 36059
2011.6903736862268 36095
2224.3708815247087 36103
2058.508890318751 36117
2744.7386789845614 37151
2345.5131868784338 39073
2275.915511221139 39111
2239.184083995678 39121
2339.542512152715 39129
2301.0268184094098 39135
2340.1670705718475 39141
3219.8033454804463 40075
2884.6627506478735 40079
2881.018648023642 40107
3668.255752178771 4012
2947.4036045588136 40151
2229.126369880072 42009
2122.438242410854 42015
2989.701040962235 45071
1972.777983073924 46051
2169.2029612680694 46067
2700.617049528222 47007
2728.4236369510486 47077
3378.5043168466445 48005
3138.836647685085 48147
3620.380756851777 48151
3332.8244932659927 48155
3839.136243874153 48215
3589.611459415763 48299
3366.8385966204523 48309
3545.970044817443 48321
3592.876418964817 48333
3777.6805996527773 48385
3414.680060820388 48395
3385.211626061134 48405
2866.2785977270546 5083
2655.3343377964666 51083
2480.4021275896935 51193
2770.7220022033334 5145
2022.1574706666643 53047
2210.7011333935966 54009
1992.510619512869 55015
1811.5065343740398 55031
2009.1561070021073 55047
1973.0284526536288 55137
1968.783085935072 55141
2861.28255970206 56013
3506.0967902259604 56039
2899.2049436554503 56041
3022.8594369379316 6103
3011.3215463145702 8005
3037.220651682785 8081
2766.955493645945 8095
3772.9116760793922 8107
2667.5107186303003 2195
2667.5107186303003 15005
3191.4574072033515 1053
2926.0106834743374 1075
2814.095623509792 1083
3118.4028752792046 1131
3266.0644520369497 13081
2973.17573139317 13105
3200.376790271086 13109
2949.401439987094 13113
2524.469467058825 16037
2459.821769465072 17157
2303.9530758493584 17203
2300.843683257935 18059
2391.799252136275 18093
2419.785651755872 18155
2368.8749209395005 19001
2155.1980780577987 19019
2012.7865086356785 19131
2988.4138939992877 20055
2523.2331474691923 20059
2684.897668902223 20169
2633.8211864474642 21035
2430.9890261144174 21111
2470.4542244640575 21181
2488.1358780470223 21239
3383.8632052825333 22019
3189.922370489825 22027
3380.475787548047 22051
3472.7913470541816 22075
2376.4744598472103 24025
2089.026059057161 26081
2098.4110904505424 26127
2114.7460344806423 26155
1825.6099131042906 27057
1785.1428922137936 27087
1694.5248374711607 27089
1849.9626703004205 27097
2077.8823099228725 27101
3237.519483696733 28065
2873.114374626154 28117
2979.1496275998716 28155
2238.3443760833716 29001
2545.1422480865144 29017
2439.6787447530714 29027
2488.3442713580284 29055
2581.448258745514 29067
2427.812279614982 29139
2399.472228489481 29195
2302.1764924137938 30037
2200.8943985716287 30061
2104.109888652815 30073
2448.1377086805555 31133
2448.504979108986 31143
2307.2585123423437 31167
3469.827258375843 32003
3274.8285527434273 32031
2192.587848468032 34023
4052.0208655795464 35013
2128.210023649442 36079
2019.1299435618876 36083
2064.3930237687914 36097
2048.794848058333 36099
2082.7155003364737 36101
2054.625678011323 36109
2784.8903712077527 37013
2711.8704959254387 37081
2659.0514564440973 37171
1721.765409739309 38005
1699.910317647231 38071
2430.416582554254 39087
2199.7444801474016 39095
2199.7576922211883 39143
2178.6878081679642 39151
2762.8393277035884 40131
2162.0451921430954 42003
2158.259600777843 42081
2311.260409164693 42133
2886.6824971355754 45055
2745.451713378662 47061
3653.401315977676 48013
3331.2186489552905 48075
3640.8671160354324 48163
3698.410863641892 48227
3415.7048252068375 48245
3577.020857126083 48255
3226.243340561374 48257
3613.8258939000343 48279
3827.92959021913 48323
3190.3050229685564 48397
3210.5645818810985 48459
3227.870552764421 48467
2979.1970328330844 49049
1903.7372389952159 50015
2581.0226046813295 51103
2652.6244374328962 51183
1872.0355073613198 53027
2346.123506479007 54021
2485.2911162606797 54055
1881.5858322532738 55005
2020.5318285068954 55029
2119.1561218276424 55079
1831.0316573868715 55129
2933.2239060773145 56023
2990.1230336801304 6089
3083.0039719894385 6113
2937.415166284983 8087
2406.2189914822006 10001
3087.3165806122565 1123
3024.3844631360507 1125
3859.0412917283265 12071
4306.627181711987 12087
3105.7532641233547 13031
2928.7466953514863 13059
2927.9178694647717 13063
2888.104210317603 13139
3139.691263731047 13309
2825.840229445238 13311
2230.2856940611496 16035
2214.257056216822 17085
2613.5835729039313 17153
2441.589893701972 17189
2179.4335582228596 18039
2227.9440595179626 18089
2398.0661133887975 18101
2459.0620314725547 18129
2176.7405090466914 18131
2295.6067129053754 19121
2162.313408068169 19167
2740.0844400644974 20079
2724.465590701353 20113
2867.6004585562578 20151
2730.203131059284 20163
2753.4721408279665 20173
2483.0617430831453 21059
2601.313353188027 21157
3285.2309103615485 22041
3363.0665036230307 22057
3421.4689038230085 22063
3280.414446363494 22081
3349.468579775826 22105
2502.47764890124 24009
2190.4809865212837 26059
1806.648764084506 26083
2170.7249362660577 26115
2026.6574556370497 27013
1809.909366432083 27017
2015.9911448612966 27033
2002.7901280209069 27099
1807.1488644418728 27111
1824.077489922583 27115
2924.025744860485 28057
2337.8945788307383 29025
2422.392351121779 29087
2647.8242054634516 29149
2014.6504341549294 30051
2280.186227985075 30107
2632.368896575341 31005
2351.554172594913 31053
2482.807305944057 31183
2071.734435467072 33011
2724.1836891170174 37143
1989.9449813566996 38015
1870.7724339350175 38043
1925.844759927797 38047
1867.097069230545 38073
2400.8177790661225 39015
2337.0895821643408 39057
3059.08255043281 40027
3157.758778378379 40129
2197.3313918551903 42037
2880.793171262358 45023
3001.3126153669377 45063
2060.265847348484 46049
2689.4654419136614 47005
2718.7490938936144 47119
2742.44195281324 47135
2627.426047659012 47159
2723.569691864 47179
3740.838229841225 48081
3477.262853651881 48133
3624.091371973964 48259
3901.3048199107334 48461
3839.4846214748654 48489
3206.005376981106 49017
3049.5077944898976 5061
2513.4423563380255 51017
2436.8106292590223 51139
2874.0315766388408 5127
2433.430122493333 54011
1814.66953834098 55051
1952.9284317072365 55053
1920.7934508800734 55085
1884.6650301516968 55125
2934.637306210534 56037
3238.7072581442185 6087
2927.1698021545735 8039
2912.187895947747 1049
2906.601848309461 1115
3481.5859894027158 12001
3882.372653240001 12015
3548.938138740643 12069
3519.965584294664 12119
3213.572899861621 13007
2857.939041564967 13011
3131.72533549193 13079
2938.0213794337837 13219
2009.4176756612817 16017
2824.366905357144 16063
2380.69043582762 17013
2308.2333021526692 17071
2293.7846782636275 17107
2203.8676076522856 17197
2315.3872333634854 18065
2369.9032819540416 18083
2294.833403325249 18133
2169.590136452176 19025
2343.7263377821682 19029
2319.176403719142 19087
2287.573500147471 19135
2240.0032435292887 19163
2333.2476811344277 19175
2436.8152710689938 20131
2418.1747982028105 21043
2474.9069976399646 21151
2430.73637720331 21185
2499.479619088436 21217
3455.898849145957 22005
1981.5910301539895 23001
2296.082878721922 25007
2100.1835144134757 26045
2180.7161433810925 26121
1802.252480476739 27021
2127.443781561203 27133
1828.9986836561432 27159
3109.2637345135536 28051
3196.5686841292695 28089
2977.6616093894763 28119
2876.821136925141 28145
2421.7788089962346 29053
2310.3417903921127 29081
2491.785374814035 29169
2525.8538320239786 29221
2361.0856130475204 30093
2174.328147272055 34019
2153.928489938752 34037
3709.8129369792623 35057
3098.39984371207 37129
2739.448111651917 37195
2708.3445713762685 37197
1918.6500380004654 38021
1739.5245692007638 38049
1725.669615531236 38101
2351.6545854281508 39009
2232.190869247 39033
2220.0391270940845 39069
2152.3886973119575 39103
2357.3785701855527 39165
3165.829401319322 40015
3023.823662201044 40017
2923.6594753202453 40061
2867.7382940274483 40119
3122.994397642606 40139
2114.103570115674 42019
2089.0103787671637 42031
2135.5320460043154 42103
2162.0660361981913 42111
3049.1052129494083 45089
1992.954340523192 46013
2366.035850702433 46103
2729.7511054318397 47057
2709.797040272544 47067
2710.954806563648 47075
3189.2604129828187 48085
3392.7796226982387 48143
3385.73601058507 48313
3384.6300635687635 48347
3366.240366132033 48403
3350.7807691381136 48407
3504.5585228187892 48417
3174.5359941664046 48423
3431.9528185491813 48437
3402.207680829556 48471
3090.7597893749494 49015
3249.597316316524 49039
1910.4942768693693 50023
3058.670929489694 5081
2579.309683951168 51009
2544.1748483101464 51051
2516.7617491556803 51109
2575.9906832617617 51119
2543.731880652475 51121
2547.410078327837 51163
2495.8207364834043 51177
2643.882987393396 51181
2681.768757716138 5135
2658.9165469202003 51550
2420.3409687913477 51600
2538.964784495762 51820
2641.3982760222975 51830
2005.251449254086 53041
1880.8742394963672 53049
2228.919668286004 53071
2274.2885926146237 53077
2363.9735858256527 54031
2493.387263000176 54059
2242.923899625696 54091
1784.720608130513 55003
1975.6655736307214 55009
2105.94166149743 55089
1973.9589988228777 55115
3068.5361201614373 6021
2971.0883777984523 8001
2864.5504673520036 8121
3082.3016626996277 1051
3131.6581752340608 1061
2897.6106109505213 1095
3103.304307662473 1119
3255.188294334749 12073
3261.6120117733108 13003
3296.2168516788224 13005
3150.25879712386 13043
3322.4641440817486 13075
2932.475951468258 13119
3253.2668953883826 13179
3043.9910486836984 13189
2920.099062474108 13195
3110.9566371663855 13207
3045.245707394363 13265
3013.1500283338396 13317
2665.5961541070496 16065
2668.0021328939556 16073
2354.8436419826608 17135
2358.554361247653 18005
2208.6357408092094 18113
2108.6779177688136 19023
2088.6832803495017 19069
2193.004678811509 19113
2311.9825221264773 19117
2812.296894242799 20009
2617.878226183605 20011
2563.602583482744 20029
2906.8625619718314 20033
2853.8114495863483 20165
2390.5370245790787 21015
2416.1289666567013 21019
2444.8059920685946 21127
2486.989783220639 21155
2521.468407816149 21233
2509.3663067664893 21237
3158.83162206664 22067
2442.1001027593525 24003
2404.4677499002887 24510
1993.0082193906098 26001
1952.2937364000375 26143
2150.938517203646 26161
1947.7183061876701 27131
3140.3256028295787 28023
3013.8448733631117 28135
3025.8924925625565 28151
2573.530761433119 29091
2311.1511153428733 29103
2440.919332101119 29183
2518.408021952714 29215
2412.452184369283 30009
2013.5104721343096 30041
2499.699392657343 31077
2713.408026334521 31123
2500.07308422939 31125
2547.860608546341 31129
2413.9417776105893 31159
2035.8410718882453 33001
2010.8446710160506 36011
2024.272394131595 36069
2089.9088533820614 36105
2693.5342079126444 37135
3011.825894224842 37141
2704.7132388440828 37157
1870.9162838301147 38061
2192.4363961261133 39029
2262.4366062296813 39119
2277.005872441177 39137
2157.125092063842 39153
3219.9695338584784 40025
3140.0167626355183 40085
2701.6148631454116 40115
3751.098372179867 4027
2204.8326808180796 41003
2021.6164370806446 41009
2386.0766868390215 41027
2902.02552968745 41035
2261.4228947406878 42045
2174.9687068532703 44005
2843.0216407274274 45021
2929.7907778390863 45047
2952.966150244258 45079
2149.027048421052 46069
2112.607249122807 46097
2762.4605736871013 47107
2652.6836044902616 47147
2657.7027301741646 47173
2625.369240664391 47183
2680.2975017608733 47187
3628.016281818185 48169
3304.199460472975 48197
3473.9490287866674 48207
3106.9689586467875 48223
3371.2128516631105 48291
3482.373211228073 48345
3109.1461743365794 48357
2976.602032899244 49029
2913.2775191997875 49035
2946.8860280349645 49057
2578.9684400172437 51011
2521.0420537903183 51015
2583.985249106981 51049
2939.000412443358 5107
2430.8018684332483 51113
2582.778900397386 51147
2586.5578866126584 51167
2550.1704883037146 51750
2602.881082819082 51770
1829.4935634609687 53031
2448.728867553226 54043
2228.2885378376322 54069
2020.5899602496393 55071
3111.1301541319517 6011
3095.166644522868 6035
3596.3334629118435 6071
3327.3390338431836 6085
3043.6941165808466 8073
3738.4230684887953 8105
2087.706550043706 9003
2122.6794114118134 9015
3176.5385590538185 1035
3200.8715602495117 1129
3405.070424766827 12019
3625.872577845503 12055
3487.438195102871 12107
3034.493546830985 13125
3164.9424433060685 13153
2679.385531071431 16015
2439.6296158269147 17047
2348.069431380712 17049
2170.868844372106 17177
2395.427925902882 18143
2102.8594414309764 19059
2239.859594649431 19107
2142.7785180725728 19197
2630.354260266794 20001
2590.4829843959706 20027
2907.617056882284 20047
2954.5306143629346 20057
3026.141817687878 20069
2673.7177582417594 20141
2663.4393382454527 20143
2612.5755738279836 20161
2510.416179564574 20209
2564.229177747876 21195
1940.0250142728157 26029
2144.487629669248 26075
2162.4872285710853 26139
1937.5925099158178 27129
3000.177698493497 28025
3300.75738279712 28059
2873.757668815859 28071
3031.0888324118473 28087
3200.2026224547476 28149
2641.3056851308083 29069
2401.6900488477067 29177
2462.1559229332984 29187
2570.9741558685582 29203
2379.842470831877 30067
2144.664819343066 30069
2664.462744106462 31007
2433.616860703551 31031
2534.2594777331055 31045
2666.9811931740605 31073
2574.1542479553896 31091
2336.942829260615 31141
3700.058694737359 35001
2142.738663627985 36085
1989.5683099747314 36113
2845.4410801018457 37049
2717.8203064694735 37131
2776.279438782678 37149
2822.636143928649 37179
2736.566534292641 37183
1842.6237595621812 38003
1865.7485806645877 38081
2361.404071159714 39017
2198.394804843167 39019
2348.7233312228154 39047
2155.8182374515577 39155
3007.3933558270996 40005
3105.3164194950828 40013
2835.8584306187613 40021
3118.0196833066 40043
2925.408824799104 40091
3108.267385380139 40095
2964.5451721371023 40125
2114.463739712078 42073
2205.413532317738 42125
2967.391896189322 45081
2271.7464155955577 46023
2775.433681850201 47071
2787.3992622418773 47103
2763.119473404838 47167
3612.0667026936057 48033
3440.647653642375 48099
3733.9245639730625 48173
3255.948937437286 48179
3329.295388194933 48217
3867.9448600107753 48371
3746.8415291155075 48445
3698.610754581477 48463
3824.2547679042923 48495
3115.319414393049 49023
3021.8372511997604 49027
3027.774587758843 5019
2902.6061379418747 5033
2681.323386922782 51081
2593.4795920273496 51161
2619.6865889473215 51640
2437.19123759901 51685
2627.8697126862344 51700
2449.772773973547 54099
1870.3327395939432 55013
2014.3998803788547 55057
1989.91007725129 55087
2603.290458754864 56027
2544.2170566501427 56029
2456.9417860276326 56033
3218.6528679275643 6053
3160.1772257950547 8025
2092.036504578015 9005
2164.274141904426 9011
3111.196200989832 1099
3231.8125542338335 12013
3898.9424034050858 12021
3267.934560657224 12077
3413.296606462613 12089
3257.9062833663534 13065
3247.308902772369 13099
3069.1865665830856 13159
3196.9465772361386 13235
2244.427628003406 16061
2071.9358905619106 16079
2592.2622869559636 17003
2318.7959680155814 17057
2408.172402110567 17061
2446.735878778339 17083
2274.6293460012103 17123
2292.003471957871 18021
2268.763692226011 18035
2199.2793213350706 18085
2156.1266513364562 18149
2308.5266961024295 18177
2191.763800001287 19149
2123.4701274185236 19151
2784.777883024998 20191
2637.0720366480286 20205
2436.6136290915133 21097
2555.9999412050192 21107
3341.9488865450003 22009
3224.0085550057697 22021
3229.319820942909 22031
3393.491196423453 22077
1919.1133626242288 23009
1899.421101825537 26047
2075.7706928260495 26105
1803.4830572673975 27001
1984.7035068352059 27039
1844.4638485142746 27041
2071.930700007919 27091
1711.8726598565008 27113
1892.556852284903 27121
1732.7904195953045 27125
3039.754591230302 28007
2542.5664204639415 29065
2449.011026044055 29071
2108.2209548042692 30109
3106.20632508834 32011
1868.6195208362979 36089
2721.59725453472 37063
2755.0625285660585 37085
2856.231356477562 37087
2663.256428716712 37193
2742.8731730351506 37199
2237.0289798354465 39059
3225.0419146400977 40141
2084.489281146426 42053
2162.4109685843155 42113
2057.478824834334 42123
2987.451828728042 45027
3052.0500010678047 45035
2895.717131816421 45069
3015.1615400841974 45075
2212.2110892539663 46015
2243.5706952203873 46027
1971.941512274368 46089
2035.992664269001 46101
2602.4328529406 47165
2640.91098859617 47185
3429.884082187605 48041
3567.0258371875084 48123
3328.4841091496974 48367
3795.1489123280994 48507
3514.0680049645416 49055
2657.639734514556 5021
2419.103039469748 51013
2545.919582770283 51057
2581.9363748817655 51135
2431.1256270045756 54005
2281.135970807843 54083
1936.8025555269985 55041
2444.7075865540733 56011
3775.553919557196 6003
2728.2557312784497 6023
3032.0124955697925 6075
2667.5107186303003 2050
2667.5107186303003 46102
3153.3479390671378 1047
3050.571281687846 1091
3112.83302143916 1109
3213.8076001596787 12063
3830.363505005034 12099
3001.574574046491 13221
2869.661607947184 13227
2855.755079690102 13233
3034.9394662132418 13237
2680.918105357145 16023
2681.3679155293553 16045
2303.2584754365084 17021
2303.7120621496774 18097
2241.9020458671075 19073
2238.2205772781863 19093
2288.767033633618 19179
2952.5732085034037 20101
3057.9953827043573 20119
2531.2492287173386 21045
2562.420833248029 21141
2485.5540587102496 21159
2519.183147053841 21203
3286.496579763825 22059
3451.823519744773 22101
2395.8350256361923 24005
2392.4148120922096 24031
2457.611017828059 24035
2073.436533524615 25013
2035.0464994605 26063
2295.6029983261355 29045
2357.2615800222275 29137
2565.424118118172 29185
2255.506746252785 29197
2213.9952026781943 30027
2309.4151323787196 30049
1995.8741916551755 30053
2313.5080160257107 30077
2528.449032608696 31071
2388.3455025086078 31109
2701.3685532580407 31157
3379.7848886044694 32017
3411.2921451531915 32021
2223.1375183346886 34021
2157.8980447892854 34041
3628.120448070175 35019
2774.3405725313373 37035
2813.3002180684875 37093
2743.448849081833 37117
2072.163462706269 38007
2309.9239673777847 39021
2797.8802836837754 40037
2947.02724616498 40077
2855.1747069133808 40103
3838.8327219107805 4011
3692.115147531009 4021
1938.3017564603256 41007
2544.0483140071565 41031
2336.130212404516 41059
2185.0184708800193 42079
2106.348825927353 42115
2198.3252912213734 46003
2244.9559680608377 46043
2322.4096028368817 46063
2404.023510314999 46081
2232.7078249110323 46105
2038.2228992038938 46115
2331.019942733209 46123
2659.2831294183097 47017
2729.5542759366444 47029
2739.8805866018733 47059
2666.9235412797543 47129
2738.58065877338 47143
2689.088669771512 47149
2629.081493495702 47161
2699.6713011580005 47171
3520.15592925123 48053
3572.8321499306903 48107
3399.422012499999 48359
3345.1789933873883 48457
1929.9163452274713 50009
2772.6083410932515 5015
3121.323796404807 5073
2497.79964348517 51021
2607.809919561873 51036
2681.501627114545 51093
2416.0116952930857 51107
2672.268521030949 51117
2394.094817587961 54075
2388.1146846351376 54081
1953.2531210423508 55097
2119.603890222539 55101
3186.1382633469434 6013
3604.7388659823055 6073
3456.524095435213 6083
3183.0523371846625 8089
2667.5107186303003 2150
2667.5107186303003 2282
2442.949562271241 10005
3186.5553754425478 1069
2968.532198908206 1073
2816.8379303492925 1089
3011.538867859056 1111
3468.0881715500345 12041
3162.1832476788272 12133
3034.542603080209 13073
2847.0382246941917 13083
3088.6403603461054 13165
3227.0794976985053 13261
3319.8116226429443 13275
3170.8010909115405 13289
3030.816667592463 13301
3075.310998707874 13319
2682.1240390078574 16001
2354.0903387244343 17079
2414.086240508121 18125
2092.3621935951965 19037
2197.701830831104 19061
2275.1606738328355 19101
2181.3782731867864 19127
2358.5525993592823 19159
2613.7987355199325 20031
2990.663937809187 20075
2580.7311879259014 20149
2759.2491751700695 20153
2805.2394562589943 20155
2767.7870409265743 20159
2799.05651378092 20195
2527.0168811522867 21169
2567.453737809327 21207
3406.056245966988 22091
2546.606289074802 24047
1876.5267150129002 26043
2034.8898918947846 26107
1976.1185409363313 26113
1960.3831759201025 26135
1878.9425831865194 26137
1669.8878047137018 27071
1800.0115865445491 27155
3199.472990726528 28031
3067.1212825602097 28103
3308.695495682324 28113
3187.003817822128 28121
2417.123797608217 29003
2612.330834500718 29023
2602.785141516901 29035
2414.2111821241488 29051
2287.0200039790775 29061
2476.0550705348187 29123
2581.058759959228 29133
2500.2324844977056 29141
2352.483947490567 29205
2310.930841578983 31021
2305.3759276202445 31179
3645.5983901408467 35003
3627.6617998454876 35009
2021.6585692830906 36013
2063.6676315834634 36111
2660.05997402919 37001
2742.6786532346996 37027
2737.1204942539466 37043
2177.5079285802403 39169
2886.10728027298 40053
3868.447474840071 4009
2182.8663011833164 42021
2195.9726444706016 42087
2190.5032791887807 42093
2195.493157192982 46017
2274.8321612178092 46065
2428.624642615931 46121
2186.588932201661 46125
2605.922438526215 47125
3426.3117996491237 48045
3720.022343508771 48079
3204.8270797842583 48195
3688.649317493022 48249
3827.5428873673513 48329
2943.795879617616 49011
3048.05255032257 49013
1848.6563431377863 50013
3103.9019676376156 5017
2793.954150214806 5023
2884.3713987633337 5029
2550.4247510930945 51007
2605.859897003214 51053
2586.0252080608484 51063
2625.3265387995057 51067
2627.166955163029 51095
2944.5295656225026 5113
2912.244584810686 5131
2829.7250589730293 5143
2280.89719214051 53059
2349.676748639221 54003
2047.375408742576 55055
1890.7158163983331 55107
2099.761948598515 55127
2953.3612982569025 56001
3368.0368667580547 6043
3774.362981547874 6051
3380.9021930777017 8043
4147.001278808743 8065
3664.3193244019426 8119
2667.5107186303003 2105
2667.5107186303003 15007
3069.4501692276917 1021
3076.3870757061163 1063
3767.0407865760158 12043
3519.166740296483 12083
3340.9885583632176 13019
2905.9898033491236 13117
2943.262839713598 13143
3059.4629526955073 13231
3136.4412659648765 13283
2822.2473414988026 13291
2803.671971375017 13295
2387.0278485730496 17051
2266.601863704078 17105
2289.274081437447 17187
2357.5322492923633 18031
2345.8859624639504 18041
2149.6897158879715 19075
2178.9750500144464 19141
2157.0558419143726 19143
2817.9042032882653 20193
2523.459211339077 21025
2485.1816318488745 21027
2470.976724157447 21173
2531.4665117423883 21177
2408.2027194538055 21223
3400.422548036271 22109
2097.686695302118 25027
2151.3527816 26005
1802.010705247202 26013
2181.4709041629003 26027
1811.2185802641493 26053
1823.6299471837174 26061
2065.3434346532713 26073
2143.7104357633225 26077
1849.6063420966525 26097
1916.6393399319554 26153
1863.503655211624 27009
2084.8773261981787 27063
2846.093623503286 28003
2929.354181379684 28081
2979.724229658951 28095
2826.717920487274 28139
2711.659708366902 29009
2618.430810706633 29043
2387.0569694474752 29075
2494.523301243038 29095
2497.2120091343977 29165
2245.7530849205828 30017
2147.803573134328 30045
2074.9417778894267 30101
2632.9415464032118 31099
3852.713201249302 35015
2141.437366799508 36005
2064.3715248855565 36055
2657.609668313853 37033
2712.380644832463 37069
2848.6913976874216 37099
1941.2766913701378 38055
2426.340155045214 39001
2238.392667661966 39175
2856.434447811242 40101
3021.664755581726 40109
2987.6449569307065 40127
2871.077904472297 40135
3529.497683156474 4017
2480.276488330785 41001
2172.6463342987663 42025
3011.1843932327274 45003
2042.078805673758 46025
2177.303785765124 46119
2676.57470560743 47041
2765.5296901121037 47069
2678.96180768631 47175
2721.884022449016 47177
3266.7932064043434 48077
3535.07596352367 48091
3849.809683972125 48137
3315.4952826813715 48161
3224.1987566244984 48183
3364.134672688417 48221
3834.917511486484 48235
3166.7424745902067 48315
3597.001630610806 48319
3700.7754640217054 48391
3389.3578380385848 48425
3356.0784359030117 48455
2601.9461350278816 51031
2539.6450368314136 51087
2539.623273653215 51145
2659.676454188382 51595
2514.5854989011004 51678
1824.248804779971 53073
2372.6141554961573 54013
2351.32475138449 54023
2126.5158404951776 55045
2578.3737707831106 56003
2913.7200235392716 56007
3191.537497601281 6001
3698.11936018529 6025
3179.0829416403153 6055
3121.0854135968584 8101
2667.5107186303003 2198
2667.5107186303003 2220
2667.5107186303003 2275
2865.337097462087 1043
2941.4159486470626 1127
3233.3872784108203 12039
3682.9811463118835 12061
3631.1276531722397 12097
2824.643514394612 13015
3271.4783637996284 13069
3202.5843655610156 13193
3309.4428222303836 13305
1986.9604109289014 16055
2372.506675624375 18077
2277.703343177574 18081
2401.507987989609 18115
2252.0474696852148 18135
2146.3448713805365 19091
2248.531795453526 19161
3083.6811190812728 20187
2455.443322444785 21011
2610.543085980809 21047
2364.143998869264 21191
3217.4845496848075 22083
2200.352701497578 25023
2125.9824565975637 26015
1905.57616421864 27045
1908.2888937183125 27067
2012.4520215110047 27081
3214.2292752994163 28035
3342.3860981880484 28063
3000.569885810135 28097
2939.1034932793445 28107
3140.8840687066777 28129
2852.2609004165647 28141
2583.323020904136 29013
2599.2280759914106 29207
2348.485629596989 30007
2194.976300000002 30079
1967.5566346851908 30105
2484.6066593270225 31011
2571.79631998053 31019
2515.429308992806 31163
3719.2951273684184 35011
3594.4089230003256 35031
2054.1476146346567 36123
2810.1970108115866 37109
2878.6498296345626 37137
2698.6135107526857 37145
2757.045987292608 37187
1663.2870527972032 38095
2271.684929365395 39003
2253.294275866831 39089
2378.130964496763 39105
3210.359712097408 40009
2640.8784165870816 41045
2115.355155288291 42047
2205.079432664321 42099
3023.8116212191953 45009
2320.966059978868 46093
2182.46846060808 46129
2673.8657316455433 47035
2732.121713203053 47113
2717.871141198482 47153
3302.2983309027536 48001
3456.7041106136508 48157
3216.915848939402 48213
3781.150599783424 48247
3302.842469600449 48293
3461.2202968455244 48473
3494.613963641591 48491
2832.3730069220305 5037
2736.5248476486195 5089
2697.358110821042 5093
2796.0339921510804 5101
2553.6503573538444 51023
2394.863177073085 51069
2571.2027127724373 51097
2588.1541576163254 51127
2544.7603147928626 51760
2166.1388764320895 53001
2021.8882820812769 53043
2298.286735189537 54017
2383.3148922056275 54019
2323.6504295120562 54041
4105.0869440587185 8097
2968.5560987999306 1015
2918.7432563214043 1019
3540.794280306803 12075
3353.6363129529263 13101
3238.7703991821877 13205
3294.3579364276843 13287
3242.0057820910683 13299
2159.952139813837 17015
2166.474050166389 17037
2478.7088221704576 17145
2345.9491622702494 18047
2382.203703524608 18051
2192.3945309703577 18141
2215.911277153891 18183
2325.515762851994 19165
2439.136672235874 20043
2475.2887944154922 20087
2658.6024363835827 20147
3116.103365637029 20189
2349.073960476654 21037
2522.6531101612345 21055
2492.276289029458 21071
2509.53028643811 21099
2568.2333518472024 21133
2569.445278529612 21139
3423.8441129545945 22047
3176.446733629232 22123
3338.603959205576 22127
2341.53492056388 24015
2158.527417597758 25017
2187.985973448293 25021
2187.720609067751 26023
2070.1025431933867 26111
1919.773833421546 26119
2025.3519319270226 27047
1725.706259519403 27075
1874.495545851726 27085
1988.7842560947774 27127
2825.2116830110767 28033
2510.384156033879 29083
2553.6951633431336 29093
2535.5057416961145 31017
2715.949838888891 31069
2704.680673129251 31087
2414.968859328358 31103
2710.8447233716474 31105
2542.928169611308 31171
2534.627394754111 31185
2023.7240006717188 33005
3724.6060166516254 35039
2926.1538348432064 37095
2835.2285575790684 37113
1584.1460683456773 38019
1715.824148284589 38035
2171.4940601924563 38085
2220.435999989577 39157
2729.8872974492206 40041
2956.77887687003 40121
2972.7548106928275 40133
2796.213122081354 40143
3046.8939368592137 40153
3123.375423620525 45049
3260.6365416304698 45053
2198.85419950029 46009
2521.7719142737133 46047
2780.1196026205557 47047
2648.026437466302 47083
3589.596244104634 48031
3567.3429412778837 48059
3255.588315600727 48073
3532.1002487207725 48153
3129.4718355813175 48181
3329.0652402061883 48205
3713.0534194384977 48219
3876.479787702264 48271
3372.771924597224 48289
3269.3122636029966 48337
3682.273474218358 48353
3469.2021406045956 48429
3720.169725605537 48431
3934.243668120806 48443
3517.9562799689425 48453
3187.1623688298923 49001
3301.6252408472524 49019
3025.2013998735297 49043
2855.965946325753 5047
2823.3174325902464 5087
2915.7586353674415 5097
2505.968486909091 51530
2651.4254914131093 51690
2226.61263312952 53037
2353.4408594751544 53039
2173.445108121341 53075
2306.0495617610277 54033
1896.5662054381262 55017
1945.4396651817149 55091
3110.617492463485 6115
2960.98468924924 8014
3039.3722040771336 8103
3158.231938514757 1023
3135.0276791689953 12059
3456.3983943146577 12123
3520.5365100298973 12127
3321.9953666153374 12129
3106.086361601826 13107
3361.1192975468425 13155
3120.7822259637533 13169
3252.8189830297556 13253
2816.438794217821 16041
2510.8348260906673 16059
2777.8299233576645 16081
2319.4336848792195 17029
2302.875082857269 17115
2524.6463221737954 17165
2440.5655753161727 18025
2216.1817597395716 18053
2319.6030124177664 18055
2373.878185594698 18137
2460.6061973677374 18147
2224.371754725922 19011
2334.1774956858358 19085
2254.8191978519517 19123
2392.2428348477574 19129
2793.2030368624214 20051
3175.6578289752647 20129
2537.249681940937 20139
2797.039462891223 20179
2477.1236875657555 20201
2551.9580660968104 21137
2501.102962839746 21149
2584.9687482476197 21171
2448.309857480284 21205
3293.3002252106207 22025
3369.9992405305493 22103
3313.2687729919658 22117
1813.5507901650178 26131
1754.940090572782 27007
2491.7998881412323 29157
1989.9010821688046 30005
2649.853877407409 31117
2390.31761247014 31147
3500.212473124085 32023
3206.8758482142853 32027
3510.627944322344 35033
3895.3357384356905 35051
2702.3627617122047 37029
2796.016648032587 37089
2835.735951885614 37163
2893.5548672410523 37165
2810.0759120803527 37191
2024.723243577993 38059
2073.669334941145 39007
2281.9867845969297 39041
2200.228205265216 39051
2214.4583335056923 39067
3075.4166681426777 40049
3716.5558693907433 4013
2285.231466021198 41043
2120.424741669482 42127
3019.937554957575 45011
2952.542063030736 45031
2772.821962245913 47031
2714.3381013141548 47117
3080.386668762196 48037
3510.085094228092 48209
3586.616522377623 48263
3645.6763604914568 48307
3683.782379139074 48311
3381.4854060234097 48381
3270.943297992574 48401
3697.10327851698 48465
3264.477177085708 48483
3113.4245744487566 49051
3057.506639409439 5043
2721.6624781174055 5063
2584.1443773846645 51029
2551.6725431919785 51125
2568.8538949718013 51155
2696.7867144038955 5121
2419.3955908709936 51610
2441.413931212874 51683
2369.8383919531802 54067
2400.043337212897 54071
2069.328802721108 55021
1925.9589831584208 55035
2139.4939700375635 55049
2071.3720227093595 55111
2012.9424876069797 55135
2685.156533319055 56025
3105.222331928996 6041
3032.863914479728 6101
3424.6087903840203 8019
3090.6318504555643 8099
4258.231498226949 8111
2667.5107186303003 2110
2667.5107186303003 2170
3134.878694817217 1011
3045.6525259435357 1065
3639.34601228495 12017
3384.765701798456 12125
3041.540426073581 13009
3239.672934954128 13177
3207.8138479517893 13243
2399.838501153414 17005
2229.31308886098 17075
2325.1700878552333 17149
2347.363734826488 17173
2288.4830367332725 17179
2153.1902190012847 17201
2231.700279597908 18157
2389.0693998821607 18161
2324.649901836547 19039
2264.8620645132723 19049
2112.7180041781257 19083
2133.8701427763076 19147
2678.8218057347676 20019
2809.397185039154 20077
2788.7929070553937 20095
2689.8693779845303 20125
2437.802231947103 21081
2402.268821294835 21089
2566.3193872036754 21193
2442.0576914590756 21201
3346.1533685609593 22011
3380.623905161574 22055
3428.176915822774 22099
3090.5521236059226 22111
3205.918651245017 22119
1850.1152997860759 23021
2418.5060410383007 24029
2611.5069786043387 24039
2128.388029972116 26163
3238.294238121771 28073
3278.2480733811813 28091
2440.723807679306 29107
2456.175791908762 29151
2607.6534591753784 31041
2646.506840427953 31137
2607.696444153587 31181
3219.1852933232844 32033
2046.2459513709327 33013
3528.9322260942563 35037
1983.9996870575592 36051
1964.7528014069308 36067
2140.029981489476 36119
2724.368180668039 37037
2712.6037999733444 37139
1659.460544537297 38009
2111.337795729538 38029
2188.112034256056 38037
1641.2518211301933 38069
1826.2346730639736 38083
2194.4264776595737 38087
2293.6468125567358 39097
2315.5445710597146 39109
2957.00036967434 40003
3547.641859366489 4001
2879.755616966181 41037
2354.2089477262216 41039
2017.9552017598428 41057
2269.497027216779 42001
2152.5458539190054 42033
2168.5392934510323 42129
2886.827198458268 45059
2196.2436859343234 46031
3589.463739649122 48017
3539.418565900344 48021
3598.1715852214984 48083
3365.3750773648644 48101
3138.1053149146232 48159
3840.9830498338856 48261
3800.212955571353 48317
3437.39416289464 49053
2594.5222092139575 51037
2564.567955355477 51041
2596.309794131024 51149
2596.0235255378434 51730
1924.6810043636858 53033
1973.862923638284 53051
1939.950796126546 53053
1852.6978263643202 53055
2282.697673935034 54077
2638.7419763783614 56021
3255.131503797679 6017
3091.9673167830956 6097
3104.6447914033315 8009
2667.5107186303003 2188
2667.5107186303003 2290
3133.8798139668183 1081
3756.1256675721534 12085
3413.3232255071066 12121
3205.74221889705 13023
2813.9986747983785 13137
3315.9190066059023 13173
2022.910378344036 16021
2644.403353742528 16027
2253.9459123397514 17073
2266.8213002899292 17155
2229.8105396639994 18049
2304.7962254659933 18121
2245.2892830208875 19183
2178.941559607431 19187
2999.63824391892 20025
2689.0468974951377 20099
2851.265915021876 20185
2440.7547855332264 21029
2572.4521502944385 21033
2459.800357721443 21123
2525.681510907979 21189
2564.1510945628384 21219
2541.9490859920415 21227
3175.6835900597375 22015
1926.7055705095988 23007
2222.4386677862185 24001
2185.6934033637203 25025
1892.9940980304063 26003
1914.4491942167815 27141
2831.3779840725983 28009
3167.873041780937 28041
3106.0619400000023 28055
3086.4105774366444 28079
3294.0913018680885 28109
3022.495434394129 28159
2625.0492403553644 29077
2260.2587448994536 29121
2470.238169663985 29135
2388.4946223996762 30095
2325.4657435951563 31039
2726.9062070370383 31049
2574.1523593283596 31115
2382.965444951104 31153
1929.8358589069535 33007
2376.1007198402745 34011
3621.4969049747656 35041
2108.3447756272158 36063
2689.6733577670425 37073
2775.2629319814487 37107
1759.730891695501 38027
2270.987591961529 39049
3068.6639215442606 40069
2816.9300275286555 40071
3172.3113302938714 40137
3476.572428620908 4025
2617.6290878551054 41017
2099.1921049849643 42049
2063.620903579648 42065
2165.959081899342 42067
1996.8651024312587 46029
2625.8423287570604 47021
2701.4131454726307 47053
3833.8826823159907 48003
3141.325561785031 48097
3255.035566532134 48139
3192.120006962851 48231
3766.5106959731525 48283
3651.526727976025 48305
3367.634041216455 48351
3563.268609310421 48369
3625.5617569445308 48399
3305.5061144732986 48487
1998.3074817567717 50003
2712.4714324084134 51175
3000.396705218954 5133
2209.13729117018 54029
1847.712595579041 55093
3086.4455652832066 6007
3375.3165207093116 6031
3192.686141052222 6063
3161.7513840510933 6067
3187.7235995221713 8077
2804.8905061546448 8125
3168.9403047493856 1025
3410.5217764660324 12007
3914.126307066745 12115
3338.119279452425 13127
2856.1093374776838 13213
3017.443895719615 13245
3040.3380477962173 13251
3012.2644317774466 13255
3119.467984759108 13269
3082.644380103243 13303
2642.569119042842 16043
2763.8926261303695 16047
2753.1633667857136 16071
2373.288947628587 17017
2481.074984868406 17065
2513.6874106095725 17069
2111.40120038107 17089
2209.50773353814 18033
2222.932515547686 18073
2214.4040335214177 18087
2299.591403838741 18109
2442.692847640483 18163
2299.2939861832965 18165
2307.3790438150345 19027
2136.1350478616378 19043
2234.4603600105343 19045
2281.5852049554987 19077
2108.6749750148406 19109
2006.2001723233454 19191
2606.6490580928457 20123
2727.4068924914686 20137
3422.3984017679804 22037
3251.6684129875416 22049
2360.1363243656806 24021
2087.3108556248753 26037
1994.7498285338854 26133
2224.5223811103706 26149
1873.9552387992055 27093
2082.821963784777 27117
3001.663737703419 28013
3201.242679483713 28111
3414.304674953904 28157
2442.8662803273655 29021
2515.4037294273735 29161
2555.011287071755 29179
2142.4088354744717 30099
2591.84362783505 31009
2649.7010950243225 31013
2241.7837425789494 31027
2367.2920733986657 31055
2428.927132861546 31095
3861.9231106232073 35017
1977.2416542687188 36053
2000.8693542853148 36093
2714.22842019602 37015
2785.785060695191 37115
2779.621498611335 37147
2809.8977797175285 37175
1776.3027451292294 38017
2035.5280314285715 38025
2016.8914693950173 38065
2110.780003398534 39055
2220.5285200337644 39063
2307.4768690772244 39127
3049.6060845931943 40099
2512.122195741897 41019
2159.8371327999644 41053
2398.5279584959208 41061
2129.1630030425986 42005
2261.3453801739565 42041
2180.4101330036874 42119
2163.3224477995363 44003
2987.52613436139 45037
3128.6274124988786 45043
2348.6467929368023 46055
2133.4567325165413 46083
2697.518578250697 47001
2699.675403803462 47079
2741.1830727626148 47105
3897.1654506078403 48061
3460.79334275686 48089
4003.952664685314 48109
3324.3426246901045 48111
3376.698786656577 48145
3502.965811797912 48167
3727.197177600841 48335
3307.1863122584864 48497
2870.9693658415727 49003
1908.110996242024 50001
2846.29633308626 5035
2533.7332546958964 51005
2600.291965913287 51073
2506.819475284857 51099
2558.239113127317 51101
2643.634886243013 51173
2818.948470696877 5141
2604.926304912279 51515
2574.3590675195405 51670
2619.402101736112 51720
2082.4598214274665 53017
1919.8890575744686 53045
2543.4439492442934 54047
1888.2613201615668 55099
2115.960130648214 55105
3192.8320317300695 6095
3276.0582448148157 8033
2667.5107186303003 2230
3168.9883184813634 1085
3710.0128735171706 12051
3733.190794316644 12057
2907.8520856076166 13067
2855.6123728789075 13187
3167.1768741745564 13259
3164.8478979648294 13307
2193.0102456764143 16057
2694.9680932332503 16077
2325.9812172769566 17009
2277.372219608084 17095
2244.6626237308524 17099
2241.9447695654403 17175
2277.4586050188973 17183
2278.7271580132647 18011
2381.694131508386 18029
2234.6543220691083 18111
2223.3401319178315 19031
2100.0346077409527 19081
2203.1165472379344 19105
2361.9516819701084 19137
2376.4487552343076 19155
2764.345218214286 20023
2921.373048122868 20083
2599.0814193586593 21013
2522.578720209325 21065
2603.011739920136 21083
2504.725825794609 21113
2501.79617782234 21153
2388.7300033689485 24033
2484.4281893579314 24037
1970.8467614676078 26055
1990.3690354697887 27015
1997.1925103826782 27055
1740.340752682675 27167
3353.5432955232873 28037
2557.9916312834875 29031
2523.85558564113 29037
2549.635085776074 29223
1813.2615769503534 30019
2509.573774661162 31059
2527.2206589374555 31079
2414.3916797024362 31097
2322.473869437706 31177
2086.0639090985296 36029
1808.7450452645207 36033
2080.2617378505024 36037
2747.9129116293643 37023
2667.6550876866336 37083
2016.832956891826 38057
1724.3957776173286 38063
3254.707177512366 40065
2753.1560350244995 40147
2116.7222419570476 42023
2273.5363941636224 42075
2195.188681903108 42097
2091.5867862239534 46079
2284.1548188612123 46137
2744.849549399857 47003
2781.4317704846685 47181
3521.5222221638005 48069
3444.765990304808 48071
3635.9185305369133 48095
3402.321958574133 48201
3416.2947111111134 48269
3887.6038981363436 48389
3032.1461693301717 5041
2917.134831650204 5059
2447.1300315417375 51047
2536.56520111516 51085
2987.347219171579 5109
2430.6603124411786 51187
2859.8501186798235 5119
3087.014300328849 5139
2881.2708960935893 5149
2524.4266758978097 51540
2664.0417381286443 51740
2002.7806711165547 53015
2177.7694317705464 53025
2304.0034200052614 54027
1944.809708249786 55011
1945.4536968146747 55067
1895.0892263341123 55069
1889.909067012935 55073
2507.06258510595 56005
3019.4361765957474 8017
2813.5086744199293 8123
3153.64489118785 1031
2405.5704600193676 11001
3275.7937384293314 12065
3655.691685945499 12093
3340.656799516844 13017
3237.2206777963484 13087
2940.592288213838 13147
3243.925787103656 13229
2707.654179261393 16011
2712.606063815593 16029
2805.80546948818 16053
2313.9999808172092 17125
2270.140543434129 18017
2294.03170065832 19007
2018.734113230434 19033
2403.3377716052682 19071
2966.1330904255306 20071
2854.268578578231 20181
2577.590588477049 20197
2575.7362927088716 21003
2460.0477975875087 21017
2413.5410345457312 21041
2619.1483234795037 21053
2481.93994161 21087
2513.2591765515617 21129
2445.310182181676 21187
3365.9537782807397 22089
2057.472815395396 26011
1979.9025602026736 26019
1992.0356910219252 26051
2046.7543523215832 26069
1783.8731264872288 27051
1846.5332421658868 27059
1872.043747917916 27065
2999.284100290658 28043
2654.5062054668883 29039
2666.7415440362197 29097
2107.9953249405976 30035
2259.380294019099 30065
1943.598790287769 30071
2564.0731828372814 31001
2276.326845979196 31051
2528.6629432993377 31093
2226.7557918590996 31107
3294.6779282142866 32029
2076.227850644085 33017
3978.138678540104 35023
3698.1135415140666 35061
2081.950646718812 36003
2021.6195927053627 36077
2801.676071318913 37123
1924.2156480730453 38045
2406.7727298953214 39061
3899.690455363939 4023
2109.175224757337 41051
2934.5450656494577 45085
2123.344620233839 46059
2810.0571774260216 47051
2577.972040995775 47111
3454.928140380515 48051
3273.653969298312 48341
3795.4582303135903 48413
3557.255616202253 48441
3147.221518043746 48449
3759.679607547109 48451
1872.0640583774382 50007
1961.0721555769592 50017
3079.4350901017206 5057
2742.974284217387 5065
2502.0877515901084 51045
2395.115691192206 51157
1865.4073114632145 53061
2370.729781215 54037
2170.8258338387905 55043
1968.170167270434 55061
1947.176937636505 55075
2515.2529535433446 56019
3258.805872693726 6091
3510.002600852674 6107
2667.5107186303003 2130
3130.305627814408 1001
3015.5886711135013 1037
2912.2900416102984 1055
3117.5118773142444 1101
3099.2673438481215 1105
3843.008471821176 12011
3845.1664011271077 12081
3593.08996015417 12095
3231.204346062528 13093
2845.1722714257958 13129
2926.715916144771 13135
3030.1061129540212 13199
2856.7711264153368 13223
2796.866570502492 16039
2546.9478042244536 16087
2282.85401065188 17039
2172.1564660601466 17195
2358.87670518644 18145
2296.7472062804036 18179
2383.595978308888 19003
2474.1289214023054 21101
2448.847482619251 21115
2548.7852286259163 21145
2462.5622396787408 21163
3207.41772645962 22061
2337.7464746575542 24043
2055.792835443812 25015
1739.109819210329 27107
2048.5984760011474 27165
3189.0040618091643 28127
2503.162100968728 29131
2005.1256130434783 30055
2278.576595910781 30103
2736.876885665529 31029
3424.861299703548 32005
2001.6280416966574 36023
2151.746982857424 36071
2651.200353102801 37009
2714.01755271831 37041
2729.8012008562673 37067
2715.886360038027 37091
2805.1242070121184 37125
2676.021591008057 37127
2832.77537835043 37167
1694.7297993243244 38013
2235.2983069951524 39013
2205.233911390214 39081
2378.942994568628 39145
3090.3522109632445 40007
3060.716615682407 40011
3400.7797660928964 4005
2815.971501759898 40117
2143.7731694775243 41005
2914.837861908782 45061
2852.31463946884 45077
2408.708262745743 46019
2501.4381665408614 46033
2122.2174797795515 46035
2196.376998024581 46127
2736.3106809474225 47089
2803.2222912572115 47139
2715.979115590496 47145
3269.363405419025 48009
3831.1247501899 48047
3494.508861086848 48055
3298.0966699324317 48087
3461.083336354287 48281
3148.604729641821 48343
3461.3068750919106 48477
2961.619156398075 5039
2940.2224023593344 5069
2558.863055617203 51065
2545.215772837126 51075
2237.0156793357933 53023
2348.8507081117086 54015
2361.280833691491 54035
3366.359987480196 6019
3702.831528781867 6027
3639.748941779544 6037
2997.4954657457993 6049
3324.3376790273123 6079
2922.6003655738054 8031
4016.8351147130174 8113
2667.5107186303003 2158
2667.5107186303003 2261
2296.0528097629517 10003
3074.295871646122 1007
3221.8399288262362 1039
2889.190660695984 1071
3717.548136789801 12027
3583.3983050071015 12035
3263.1010000718775 12113
3057.627627512002 13035
3233.8060790209793 13061
3130.39363191282 13167
3074.5169778862182 13263
3097.979511260819 13293
2820.582617508236 13313
2888.3736174900364 16007
2642.2350061921893 16051
2252.7718918443757 16069
2279.879978026026 17067
2528.3414425936967 17077
2182.3792872840004 17103
2141.7390897490723 17111
2416.9708929342614 17119
2252.6208263554445 17131
2416.625228608051 18037
2285.061957292956 18067
2224.2452915159424 19021
2230.109701888112 19097
2491.5596028146506 20085
2468.080419915746 21005
2556.1772822956964 21057
2556.4678456256556 21131
2454.2827957429445 21179
3425.6311728038736 22039
3416.24081803765 22045
2038.4667891885967 26017
2112.256769753284 26093
1757.699257784594 27027
1901.515286269332 27079
1967.3949453542518 27109
3328.608078467199 28021
3054.0694187728427 28053
3072.978293741585 28125
2375.6822667597166 29033
2659.0151480222635 29153
2388.8187017520213 31023
2637.34639339173 31111
2259.382611909784 31139
2115.116629292668 34013
2101.9647515122647 36027
1930.0639080150697 36041
2687.124877136842 37011
2772.597832964421 37021
2731.4863468880276 37059
2234.28333511397 38011
1988.1550209386278 38051
2356.6285871590635 39027
2259.9941647666074 39101
2237.892727902821 39117
2839.851249577254 40001
3091.860528413765 40019
2767.279106046603 40113
2361.690582005572 41063
2270.591509757742 42029
2290.1498407881973 42071
2221.9037331799627 42107
2201.1348453400506 42109
2914.7381507306845 45025
2872.038268682856 45057
2135.5499569395015 46021
2128.089107017544 46061
2196.463490731052 46135
3989.072323831994 48141
3199.4442143789374 49041
2865.4474754174057 5045
3069.0898857367906 5091
2534.847951402223 51159
2379.729637846974 51171
2581.486507741803 51775
2145.716582088626 53007
1937.6746948458697 53067
2308.330472984486 54105
2109.1477486956433 55025
2900.1666409237355 8013
4181.696574632353 8053
2667.5107186303003 2122
2667.5107186303003 15001
2667.5107186303003 15009
