3423.376167760682 12033
3851.313593372221 12086
3017.1458510020507 13097
3183.0975895570086 13103
2660.5164513519057 16013
2361.262287731821 17001
2329.1911028533605 17035
2273.9550913788034 18075
2260.9607947072486 18103
2479.031021239772 18173
2154.540602399685 19041
2273.7836230680045 19047
2124.235877155023 19079
2093.0967235458697 19195
2407.690430394557 20005
2487.8437984502257 20045
2439.7089874920516 20091
2869.26375415473 20109
2901.840150143264 20171
2440.680413199858 20177
2947.141585470086 20203
2636.9972344172083 21039
2436.168039375014 21049
2649.315318803418 21105
2432.6625506013465 21165
2434.1667638626213 21197
2563.2811543282323 21199
3422.128289662993 22007
3362.6964296885444 22097
1972.0861466926256 23023
2516.9502244398345 24019
2332.7604647644703 24027
2176.483272915249 25001
1812.2599216815756 26033
1883.2046775407512 26041
2074.500470606499 26099
2128.350851626554 26159
1798.0578082274085 27031
2012.7318088493328 27037
1942.1771771545173 27095
1987.952730964915 27149
2595.406808122734 29057
2240.656452706549 30039
2505.362608931225 31151
3213.6044823814264 32001
2318.648410279296 34015
3503.037434737608 35045
3506.575989766868 35047
2010.379440773105 36009
2029.9025463930027 36039
2870.413216871853 37061
2741.7905998184347 37185
2227.407668174414 39011
2138.19754166832 39093
2112.083847425186 39133
3223.5887483217384 40033
2786.865403333333 40097
2876.3008316862683 40111
2147.4427094980892 41041
2024.309231965154 41067
2125.414524138227 42027
2246.2722186431815 42057
2986.8552746178348 45039
2640.5697115048115 47027
2822.6028116704847 47123
2661.229304882024 47189
3947.473082219887 48043
3669.4527666032477 48057
3677.292219507977 48115
3731.2471320436766 48165
3725.933428526669 48171
3330.92472393162 48191
3493.174184763936 48287
3132.406337335558 48295
3729.5196603961804 48325
3482.2454135092016 48331
3420.182751174818 48363
3445.8109478632496 48447
2963.351746834618 5011
2800.955531029231 5071
2840.696874634132 5077
2872.312727035214 5079
2792.897757991567 5123
2773.1897184394575 5137
2007.685862362586 53011
2024.123719693972 53065
2294.8125467964373 54001
2313.312792830341 54085
2302.843598383391 54097
1960.4196784958142 55077
1993.9680277268142 55081
1998.1040369144785 55121
2510.462960570255 56043
3403.8154397053036 6029
3001.0758752144156 6045
3962.568961003334 8037
3347.425608571426 8047
2916.5145640960964 8063
2667.2982136605688 2180
3485.9580350142137 12005
3220.049174804757 13145
3064.214980914686 13181
3154.6462622702843 13285
2340.248761818376 17033
2427.2004933429057 17133
2107.896318908709 17141
2258.273253949374 18023
2226.296962677465 18181
2294.3458115576104 19009
2091.8025206961534 19103
2080.022701927 19171
2301.6285174005698 19173
2389.020209761508 20013
2569.5912989435615 21009
3228.1638380693726 22115
3338.901786441423 22125
2316.2906416033607 24013
2541.828707201824 24045
2004.5653767014142 25009
1960.7008354244567 26039
2138.6866204989033 26091
2036.9550154831632 27049
2021.5744144987873 27123
1966.6326351719056 27145
2033.0127490728787 27157
2648.6040314154143 29109
2683.1963932401713 29155
2610.8758821636466 29229
3009.642881462508 32013
2271.8711732529537 34025
3603.0734346453605 35043
1817.3029120797485 36019
2905.7731210948723 37017
2717.7148564841873 37053
2780.6437671615963 37079
2853.5890279243595 37103
1869.7779174785114 38023
2077.8028529914545 38033
1835.648298514328 38079
2216.959123264303 39065
2137.418718980114 39085
3250.0304927326197 40055
3078.2626834421344 40087
2695.9831965216504 41029
2173.5360457461047 42061
2120.8463699348367 42131
3023.969919810826 45041
2973.751434557949 45073
2692.195997279197 47015
2734.4587116575767 47063
2785.617827054473 47155
3796.5633253595993 48135
3586.714083113362 48175
3519.71504369077 48189
3790.955278049176 48409
3180.8619999115153 48499
2731.6011765711487 5005
2880.4701588871794 5053
2549.4227367425206 51033
2498.159338383533 51079
2665.6924761815094 51131
2263.1352640101145 54049
2552.3600981845034 54063
2321.6902428988897 54073
1956.7475909722102 55019
2584.858466834246 56009
3168.9916089505955 6005
3123.9040018034666 6077
2862.5626665578343 6093
3461.984670922817 8003
4096.511742090769 8051
3094.8992729344704 8061
3184.311697166894 8071
2769.492128302128 8075
2741.7080256410254 8115
2667.2982136605688 2020
3075.353120291082 1027
3307.687103354242 12003
2955.0865661807106 13123
3263.4290197922805 13183
3024.241401218462 13217
3009.2738924465816 13297
2649.6212772751273 16005
2574.828542537114 16019
2221.4246033066993 16049
2164.3358747798857 17011
2303.8760828580344 17023
2415.578761970482 17027
2144.5735334174324 17093
2344.228816249858 17139
2405.4701081426556 17163
2414.174863429313 17171
2257.091239667105 18007
2479.1133163612617 18123
2232.887424879372 19053
2266.3838155149915 19111
2237.6606836231713 19177
2265.392597693101 19193
2757.483128436325 20039
3015.1010031759847 20067
2604.693711036611 21007
2426.6184349103723 21175
3127.9909583151 22035
3175.7917046384327 22065
3251.8182651720786 22107
1965.4045556719902 23015
2453.1336605502574 24017
2040.0721020464634 26147
1857.7482333526068 27005
2131.037739056401 27043
2863.4387421800307 28137
2874.6241392205984 28143
3289.9229587298287 28147
3146.39407625228 28163
2302.458317672034 29079
2509.634142353389 29085
2463.3063997602294 29159
2398.395782762166 29510
2074.087955751238 30047
2377.8547227076792 30057
2310.370923076923 30097
2222.6116072535056 30111
2373.155188711881 31003
2676.176315669515 31063
2408.2751398860396 31149
2395.1960156291475 31155
3531.050065616041 32009
1973.791805870769 33015
2176.4577728202526 34017
2163.916313773321 34031
3583.298936256556 35006
3385.549091452992 35021
3751.6832983263794 35025
3739.886397966505 35027
2048.4001923212004 36107
2703.4764645287755 37005
2982.4697737232755 37047
2844.242524710226 37111
2167.3499312320923 38001
1829.8919907876398 38097
2174.292296610114 39005
2309.8767512938457 39025
2194.94306014917 39031
2310.702021921367 39131
2901.7784839656983 40047
2952.6470330364396 40089
2348.3350504393566 41065
2256.04936354957 42055
2269.394151740497 42101
2069.452216854653 42105
3135.4946893122237 45029
2950.599386209971 45083
2447.4159955620053 46007
2069.239242044618 46057
2108.502801719874 46099
2007.9991570613045 46109
2250.166627350427 46117
2851.0134593280627 47011
3647.523891601849 48029
3118.5511997327335 48067
3227.434567571768 48113
3830.9132297142874 48301
3592.0960603500575 48303
3620.8514786646133 48411
3499.8506293447285 48433
3409.650618229092 48503
4037.0535946777145 48505
3034.8516605375507 5003
2340.5782325868954 54053
1976.0396112072592 55039
2002.2265189596892 55123
3192.911847340712 6047
2924.128494738012 6105
3549.2910964239013 8021
2138.590342044612 9007
2667.2982136605688 2164
3310.3542368604562 1005
2936.148184049832 1133
3374.585828296978 12031
3225.065606547834 13175
3227.312327407296 13209
2727.8105459142716 16067
2406.098235877019 17025
2280.6760436902 17045
2245.4002129248415 17053
2380.3475391853835 17159
2236.629711111682 18069
2230.7588332994546 18169
2077.6736415590317 19013
2166.9470931549986 19125
2170.095121877185 19139
2350.9717077002006 19145
2158.673713931623 19153
2630.607385995923 20021
2762.3409686852706 20035
2801.6248662584603 20063
2776.589013462219 20065
2645.025769694217 20073
2981.643720797719 20093
2437.688097378632 20103
2470.0395796385747 20121
2590.6016788837887 20127
2651.2853813724214 20183
2541.035558532918 21031
2425.809594431036 21067
2404.6228437058517 21103
2524.4210850503464 21183
2555.843419400967 21225
3394.329840651171 22121
1875.4731461219635 23017
2034.7624018678691 26087
1911.4026565609872 26109
1923.7106096018092 26141
2010.245934810587 26145
1949.6269645754626 27025
1818.5454589316184 27061
3276.7946791184877 28131
3266.1960847055584 28153
2446.844279102337 29019
2265.5718098389175 29171
2201.823302578795 30011
2624.8836556010247 31061
2355.348805133618 31119
2517.5506526036756 31175
3269.2594394319103 32510
2298.5208784393544 34007
2175.5219563078485 34027
3755.5331708966387 35035
1925.723304179233 36045
2195.9971127701906 36081
2834.718266606183 37097
1965.5906890543272 38053
2103.638077409885 39035
2285.2857803859533 39037
3011.5397333884844 40123
3805.9420718650954 4019
2320.8513800569804 41021
2127.9750707241774 41047
2337.844386039888 41055
2170.6835374208267 42013
2206.72659040742 42043
2262.463816813021 42091
3215.44623351772 45019
2318.8731887055233 46053
2745.008596795418 47101
3839.1008000674915 48007
3675.289035552649 48019
3235.3029879712517 48121
3515.0697122614542 48149
3507.7843445352137 48193
3793.291023766437 48267
3557.410414570457 48285
3260.714065194335 48419
3290.4738609419082 48439
3574.0066657181187 48469
3753.9794532475203 48501
2901.887382559002 49047
2866.2564210967803 5051
2754.7060034751257 5111
2636.178588850086 51141
2659.0439493303134 51197
2647.325501859657 51199
2829.9782486282625 5125
2601.6769776286537 51570
2713.0764082999112 51620
2668.4478090762386 51710
2518.8073123410313 51790
2191.9019381504004 53003
2315.21763839436 54065
1941.9485303166168 55119
2635.5084200193737 56015
3246.3574763578026 6039
3138.8922495726515 8011
3965.4961205762406 8023
2779.476174816554 8069
3228.223994204387 8085
2841.246909928206 1077
3076.877036339232 1121
3476.0990216095142 12029
3468.8498141195973 12109
3330.0552607762106 13039
3279.242158965642 13091
3342.0800608676896 13095
3399.5336046801153 13131
2985.795455336124 13257
3208.585562935554 13267
3298.217045377917 13271
2955.3491007856155 13281
2387.200346649432 16003
2746.9600282884016 16031
2387.892190373706 17101
2354.7847247816635 17169
2340.7800614136736 18071
2294.3932170921503 18095
2055.843612402962 19055
2067.583464139317 19065
2089.262933257572 19067
2125.0502296493846 19157
2504.4235815517677 21021
2559.4527355854693 21061
2522.940736817947 21085
2484.9034525557026 21109
2592.627894908022 21231
3104.3568735441036 22017
3429.4589721843327 22071
3456.5099527720513 22087
2004.5542165594547 27003
1771.7892080019813 27069
2939.359162213589 28017
3212.5485680114543 28029
3369.087183238292 28047
3083.621912450141 28069
2203.852034670487 30059
2164.761529753276 30087
2398.7634125437326 31127
2406.8233705143016 31131
2671.476876762249 31145
3049.6368382857154 32015
2409.9291726475503 34001
2163.6204270439007 34003
2279.7856760885566 34005
2192.2913641144605 34039
3696.3132730871775 35053
2018.428260666908 36017
2161.5222359966147 36087
1973.7338050811325 36121
2774.670900284899 37177
1764.2924108197017 38067
2322.733095639315 39071
2299.0550941545007 39079
2226.1967489692865 39161
3895.1386488539883 4003
3293.2663220630366 40057
2956.508279486208 40063
2311.429733825827 41049
2155.1098204574637 42007
2131.1560733995907 42089
2092.1235817338065 42117
2336.1823504297986 46075
2275.2428023918524 46085
2173.2809314087103 46087
2032.773415099716 46091
2821.877325174958 47009
2655.003660196504 47095
2764.495852396868 47127
3508.820009899373 48027
3491.6334799818496 48039
3366.526078986471 48225
3693.0088253488343 48297
3389.4677832951547 49025
2907.1598423882615 49045
2734.520752099402 5007
2666.766652502647 51025
2468.763421652421 51091
2659.044708564756 51105
2665.4106240600286 51111
2454.414109986155 51165
2684.614986043648 51590
2229.610819509969 53005
1786.3163353674913 53029
2206.7264871868947 54051
1847.6177199448462 55007
2049.1870994624273 55065
1941.7994462359454 55083
1942.3891440643847 55095
2031.2138658119106 55103
2541.4620728629234 56017
2434.7285524358417 56045
3620.2468392535357 6065
3552.2375309891195 6111
2667.2982136605688 2013
2667.2982136605688 2060
2917.348405223846 1059
2924.1372172559 1093
3790.404096974189 12103
3179.202452674672 13021
3060.128382259944 13077
2938.712673554017 13115
3068.825175938775 13149
3022.6201779860116 13157
3184.5068569541527 13163
3360.938460996298 13185
3377.3640863368396 13201
3238.7982189375507 13215
3215.1061372977947 13225
3360.574611484847 13321
2282.7907183389198 17147
2263.910965110742 18009
2350.9236875442743 18013
2131.031304530313 18091
2054.130124247027 19005
2105.6384069986034 19095
3017.922240170938 20081
2477.9840417642736 21093
2466.909536747579 21167
3411.27803158236 22053
3430.2204757907703 22093
3432.8486017111645 22095
1898.1062145415694 23011
1831.4418696747523 23025
1894.9572333402198 26031
2007.742991443763 26057
2046.1073786683196 26067
2024.057304095155 26157
2052.187803227302 27023
2104.0039946789175 27083
2153.1049240188636 27105
1794.7267460424428 27119
3057.425395747832 28015
2895.8364117164956 28115
2335.2877927168915 29111
2649.307954151173 29145
2222.6637154727796 30075
1864.3507013283704 30091
2352.160308285713 31015
2286.8254558448107 34029
3278.3216257753825 35007
2042.910783146327 36007
2006.367775030776 36035
1963.89171135877 36043
1996.9898575748784 36057
2830.822561605526 37101
2900.940334430712 37119
2728.6200582435335 37189
1955.8400460932407 38093
2143.7801785235047 39123
2137.4278518341416 39173
3028.152043570853 40029
2740.9562583474435 40035
3106.611424134273 40051
3761.593957779801 4007
3000.8812262703673 40083
2304.888664824125 41011
2450.0864410248423 41023
2043.1531890273789 42083
2151.277766738375 44009
3178.178435180089 45005
3018.5356409326178 45007
3079.581076472649 45017
2992.717864660543 45033
3069.0438768237623 45051
2072.0501839960903 46011
2344.501641547278 46095
2687.2533603648267 47085
2777.248218930314 47109
2672.394015003389 47133
2633.8880843624493 47151
3440.1673714266863 48035
3581.5700078373757 48093
3432.9342174842445 48185
3281.724347783361 48241
3020.7465364581208 48277
3354.5699301536456 48339
3353.0668381071237 48375
3012.9932889568086 48387
3294.2660048874354 48485
2692.9833036331624 49005
1923.5302511566747 50021
2746.7338580988608 5049
2722.50940250171 5075
2557.1700887342163 51027
2553.676717125586 51071
2661.9451196195164 51077
2535.57809776245 51580
2503.8208171679644 51630
2353.926972882593 51840
2365.432437665799 54007
2461.9803304207417 54045
2276.2395198525933 54057
2288.5101687115116 54093
2515.10121294638 54109
1908.9044544031976 55037
2093.6414609327067 55059
2050.501715151453 55133
3719.4510722857094 8027
3350.841624466465 8055
3783.423141880341 8057
2985.3540164574374 1057
3120.843902049573 1117
3441.163907087391 12067
3807.807094849916 12111
3016.6075222503127 13247
3350.4901821049575 13315
2576.8624057306597 16025
2128.656434689544 17031
2188.015887830427 18003
2415.214485708573 18043
2393.520313097807 18117
2274.206357773189 18159
2154.58738123658 19169
2684.4844119658123 20049
2575.8088060592013 20157
2530.166078850657 21001
2485.923089105465 21051
2648.326797252865 21143
2427.0281750985087 21211
2594.3161803888024 21235
3215.8647588504555 22085
1946.830315838422 23005
1845.3426246880906 23019
2269.5866631334197 24023
2502.0749178561605 24041
1917.672465994865 26007
1979.2018781286238 26035
1775.328131661128 27077
2063.8305679775167 27143
2010.871209482494 27151
3042.5589335996283 28019
3254.772060005838 28039
3275.7235172652995 28077
3084.686498092459 28083
2838.6456001248416 28093
3161.4866699942168 28123
2482.74381283077 29073
2558.2998437621113 29105
2416.6655345891386 29113
2344.8668662399723 29115
2504.8289617661826 29125
2386.510917179429 29175
2302.566390056919 29199
2566.684808456457 29217
2229.2238253212367 30003
2243.8799859647497 30081
2627.044792307692 31113
2898.3122562748426 32007
4132.4572185493425 35055
2031.1720506283998 36021
2171.404209487948 36061
1962.989362070324 36065
2776.0258810645582 37003
2918.029830214818 37007
2867.8822414617966 37025
2925.0595052615663 37039
2899.299336299713 37075
2818.742804572964 37159
1941.0007659025796 38031
1908.7656296296311 38075
2296.1312497732774 39113
3021.342093972848 40059
2226.709326020809 42051
2193.9914923123924 42077
3009.239279533703 45067
2678.9781318244454 47025
2709.9193182598583 47091
3478.997852222648 48015
3886.305698575503 48105
3926.5810438892286 48127
3384.873172755073 48237
3363.8236385557816 48251
3260.906043019944 48421
2872.82028713339 5001
2997.3453700354557 5099
2638.7720590135873 51035
2404.758064798235 51061
2589.0367095641027 51133
2416.5562294631895 51153
2664.492830672335 51800
1789.150688032356 53009
1721.6622691250332 53057
2043.2456577539444 53063
1980.8273780915617 55078
1890.357711175362 55113
3105.44469791621 6033
3598.960176563822 8045
3829.529383723167 8049
3730.7088756380354 8109
4045.258333543533 8117
2205.362087254673 9001
2667.2982136605688 2068
3643.074912877921 12009
3380.937731917408 12023
3481.323271886955 12045
3662.2748917472063 12101
3255.659485950456 13053
2069.8302646808256 17007
2420.808628030057 17081
2282.7613280068667 18057
2158.5334831812524 18099
2075.671446855441 19017
2129.931587194968 19099
2609.813976650742 20037
2821.5300857584243 20145
3068.348973988664 20175
2628.0654662661896 20207
2373.389492778951 21135
3415.3618763174377 22001
3148.3913410345876 22013
3297.9343069892016 22029
3228.4808951760688 22043
1879.543262004778 23029
2465.3563055512795 24011
2002.7663961142146 25003
1957.3449476044689 26009
2151.0065502958123 26021
2033.0529015374289 26049
2030.2621206215292 26101
1981.4569702258873 26165
1830.0787072925682 27029
3141.684412977323 28049
3287.2125502234185 28067
3143.0729349664653 28075
2927.4027818218206 28161
2304.2302095653854 29063
2695.393412487294 29119
2264.930038460602 29129
2618.1924066686024 29143
2548.917813852908 29167
2511.7506325195714 30001
2292.0691987083765 30023
2665.4873154727793 31083
1940.3788713281788 33019
1961.208179056932 36115
2874.946634811252 37045
2867.1087682078064 37051
2897.5739743055256 37071
2705.9992252515685 37169
2086.5186371123955 38089
2132.8667426262964 39077
2257.154161427877 39107
2240.2031341246447 39159
2300.363189001661 39163
3214.0464743477505 40031
2982.4426107598874 40073
3592.7958573676933 4015
2387.94921994302 41069
2162.038026416497 42063
2096.067040711241 42069
2092.71978955291 42085
2086.3159463975417 42121
3234.3796352226773 45013
2984.67857571359 45087
2071.79106958075 46037
2046.6685273092 46039
2197.544198005696 46073
2190.2457507122513 46107
2763.5785166023074 47023
2727.80917303735 47033
2673.266338672278 47141
3652.9178669452967 48025
3967.722845014248 48229
3796.616057843049 48273
3298.647979232361 48373
4066.1404768291463 48377
3229.8958786324806 48393
2689.9466219373226 49033
1791.8174783933666 50019
2711.3127610427946 5031
2747.4236513221076 5067
2850.4285752641326 5095
2664.108889951566 51143
2691.4276048896304 51169
2614.9151930492885 51680
2002.7234691152826 53019
2243.5404612166385 54061
2354.7578843925658 54079
2390.1982141845288 54101
2003.282472170113 55027
1981.3865811823207 55033
1952.819367795174 55139
3208.026666249517 6009
4075.048141926498 8015
2959.8889288051855 8059
3664.0369585054395 8093
2667.2982136605688 2070
3006.1167921688316 1029
3227.8488937030775 1087
3649.756371560658 12053
3422.6156321029653 12079
3535.0676061458403 12117
2854.517839778004 13047
3003.0839524595717 13057
2998.0284833583473 13089
3236.8467732598597 13197
2757.4120023719956 16083
2296.5109141649023 17041
2095.847616276781 17043
2113.507476940941 17097
2611.689482060856 17127
2172.562732778329 17161
2473.9188692274356 17193
2266.7320389087936 18045
2360.7259767982355 18119
2140.6106180902284 18127
2183.3322450088135 19115
2140.4124265053647 19119
2586.5019704654715 20041
2501.3151602278176 20107
2637.70003872922 20133
2659.736658248606 21075
2585.7398399737067 21095
2521.6354812416826 21125
2591.9174908656414 21147
2443.4761572080783 21215
3342.8733117501993 22003
3439.835336170654 22113
1939.2594567348824 26079
1815.7404555793141 27137
2064.2266065400772 27173
3425.041446491856 28045
2444.311546326781 29099
2076.4231935559455 30013
2087.8026024096253 30021
2765.0246373219366 31057
2699.0826941239525 31101
3270.9167083094567 35059
2032.2749036047526 36001
2056.5140732495493 36015
1986.914678321995 36073
2785.9482068359266 37055
2906.6946206420807 37173
2184.195289708997 39039
2190.8648690579475 39083
2222.856482815583 39091
3109.7352267703686 40039
2946.320829990399 40093
2743.708404888053 40105
2806.790144055752 40145
2497.336730571763 41013
3047.147252974274 45065
2931.3632228140455 45091
2091.675421761112 46077
2160.603909686609 46111
2709.161161810372 47045
2793.350086965269 47121
2661.342507407409 47137
3364.6541464387437 48023
3100.555485945981 48119
3843.2587971610833 48355
3644.812200566781 48493
3061.1588656477206 49007
3330.968598030827 49037
1812.7765003689312 50011
2743.404239365157 5009
2611.131436265897 51019
2823.6189345951575 5117
2669.225460296409 51650
2667.8272811486304 51735
2671.4794474070113 51810
2384.0176217933627 54039
2294.103363298005 54095
1973.5483963489974 55001
2052.5297718999154 55023
3263.4168354248186 6069
3026.1895011392035 6081
4268.147954727795 8079
3543.8311850375194 8083
3174.9414211277785 1017
2877.243079432251 1033
3609.5159462150114 12105
3279.836618086241 13001
3366.765350659803 13027
3227.681073509144 13051
3261.1194002480916 13191
3038.8818498027604 13211
3333.9279667621795 13239
3200.301085994812 13279
2450.923918187292 17055
2531.321963662237 17059
2248.9027420696857 18015
2450.3686186740188 18061
2193.7447553608026 19015
2238.164035631315 19035
2240.7715038253505 19057
2114.914398952964 19063
2228.2820462395193 19185
2804.932012209829 20135
2321.7626196210545 21117
2548.3906939324893 21121
3524.405366149628 22023
3280.9236053968966 22079
1968.3627693067524 23031
1983.8331885577702 26085
1782.7181559896724 26095
1839.773171581645 26103
2083.5815302810825 26125
1953.643838312148 26129
1910.0288957355406 27035
1995.9801290015666 27163
3320.1751111682006 28001
2399.1609329011994 29089
2689.7782033396315 29209
2255.162340189003 30031
2237.879498283553 30043
1968.9130679779896 30083
2692.039594555876 31065
2494.794081306188 31067
2660.504095415474 31075
2322.490901254559 31173
1925.3063007572257 33003
2486.136977633989 34009
2861.287409670824 37105
2871.9708547024507 37161
1854.5507803418795 38091
2285.165042819002 39023
2263.527604934302 39115
2992.409934605271 40023
3118.295543498633 40045
2172.523876596728 42095
2085.335537902447 44001
2103.8344703097127 46005
2376.6313646822227 46071
2709.2816011544173 47013
2775.9104038194587 47055
2832.207945889086 47065
2713.9821378439037 47081
2798.477212301027 47157
2709.4704363130186 47163
3879.059018803425 48103
3444.621110916556 48117
3297.663303425043 48233
3840.22662364672 48243
3552.8024392207108 48253
3323.9707195037868 48349
3612.4269114659273 48415
4006.1599272976623 48427
2706.952391370797 5055
2799.293005396951 5085
2780.7117975700007 5105
2644.7144916410834 51089
2615.619735135072 51195
2812.726090312734 5147
1802.5991488848467 53035
1892.3321988571406 53069
2546.735407052906 54089
3108.9416392140597 56035
3442.641874991539 8029
3002.1360274160375 8041
2667.2982136605688 2016
2667.2982136605688 2100
3014.366465149401 1009
3357.0481060035045 1067
2911.8190242935043 13055
3385.4584861707735 13277
2403.722203605811 16085
2274.997298743905 17019
2183.8193149014514 17063
2270.610557627693 17113
2382.1962271044135 17117
2431.4960967944144 17121
2333.751563532166 17129
2245.5083498668105 18001
2351.280597625574 18079
2168.488801003987 18151
2320.1753044287448 19133
2161.7964406284045 19181
2822.4754856217105 20007
2607.98416011396 20017
2560.005085410658 20111
2384.0039248769235 21023
2415.3123789579367 21161
2619.3120076058294 21213
2657.506691081117 21221
2452.8878788435527 21229
3168.7516826849524 22069
2087.5804994844098 25005
1995.2536665919006 26089
2028.4052684262404 27019
1742.1382771425301 27135
2033.61411820892 27139
2994.113207196042 28011
3043.829854782335 28133
2431.940672474571 29007
2506.007020635253 29029
2411.622999972194 29189
2300.802931028687 29211
2042.5262438943248 30089
2623.3916878584046 31047
2573.5530059829066 31165
2532.842017744758 31169
3631.2872747550996 35049
1854.2323691564486 36031
2201.9821329915635 36047
2008.9066630977925 36091
2767.1087875397725 37057
2746.852799694501 37077
2915.725490223541 37153
2944.5807990970966 37155
1894.4536355747387 38077
1926.3044006923526 38105
2188.1150639390507 39125
2168.0300104154694 39139
2312.8155983365814 39167
2957.760862448575 40081
2119.455221782721 42035
2198.365166264842 46041
2749.4249023491725 47039
2669.744168403849 47049
2742.787426932621 47073
3377.710266475647 48011
3618.0073490628465 48049
3536.4513356125326 48125
3806.1989282371214 48131
3582.313538225784 48239
3721.0042325171776 48265
3412.265320093387 48275
3763.7968153846145 48327
3822.921373504276 49031
2949.1930483325073 5013
2917.0912505737306 5025
3058.7394543110554 5027
2354.266895309174 51043
2618.088004679345 51115
2392.3372635587743 51510
2263.3000024313396 54103
1991.6963826661793 55109
2648.4295932827213 56031
3549.657353782481 6059
3080.835920412698 6061
4040.804652706551 8091
2173.714089993132 9009
2089.420579898882 9013
3342.2092109633327 1097
2892.48411854698 1103
3415.7500785443876 12047
3005.7493788846464 13013
3244.288627462253 13025
3271.7737268204833 13049
3371.900234081084 13071
3018.4543886119122 13085
2956.371524438803 13241
2190.9762298538176 17091
2295.111826469053 17109
2255.7778691113085 19051
2055.6051628387177 19089
2669.1210618582613 20115
2397.357325591868 21069
2417.6775761253866 21073
2338.3565949476347 21077
2519.494046483248 21119
2400.9252540492303 21209
3346.3955306728203 22033
1660.2639590525387 23003
2017.0756402083657 25011
1879.9121955080052 26071
2006.5381336693445 26117
2019.1600702647054 27053
2086.5513666863553 27161
2019.9353468304282 27169
2937.8575041424783 28027
3246.6512113837002 28061
2387.1029418242174 29005
2596.599065267431 29011
2375.19674671866 29047
2559.6931405813934 29059
2424.8649990014246 29101
2343.7108929009714 29117
2310.1236650989435 29147
2578.6097293058406 29225
2006.0975636722424 30015
2005.0078494363381 30029
2376.933740305905 31037
2280.2523102822565 31043
2485.1072954010806 31161
3250.679883752563 32019
1948.3362101972912 36075
1877.4341071225083 38039
2086.6438383577474 38041
1779.927919797611 38099
2144.531448219033 39043
2284.4112565830296 39045
2362.157968268712 39053
2213.8771879251276 39075
2132.983691104072 39147
2177.5933554520043 39171
2615.0737735524353 41025
2676.604115810587 41033
2218.0362252334194 42011
2261.373355695584 42017
2242.9761166665526 42059
3027.788972456098 45001
3126.504313168433 45015
2447.9396220385015 46113
2730.6814803533334 47019
2676.8690529115684 47037
2684.202219403048 47043
2671.8962001432783 47087
2739.207023345756 47097
2758.902149902849 47099
2653.9291120005396 47131
2632.0688802193104 47169
3317.387367513225 48065
3586.068476299855 48187
3838.350162393162 48435
3553.5587604193156 48481
3258.899136873875 49021
1853.413853296038 50005
1930.2063227160377 50027
2539.8016958594576 51003
2980.5974690109692 5103
2497.4241994285785 51137
2488.274163147048 51179
2670.3626646454413 51191
2787.945998831254 5129
2675.0957541963817 51520
2462.9401009752596 51660
2220.358306948967 53021
2527.577598599287 54025
2358.5110752306555 54087
2320.777828213393 54107
2020.8459853144232 55117
2024.669775934137 55131
2595.9346231947816 6015
3127.2259446391663 6057
3148.485480235356 6099
2928.2152875020506 8035
3415.047111572055 1003
3251.670465851535 1041
3072.2817089386044 1107
3219.545486813728 13029
3374.8893056767515 13037
2959.600639486187 13111
3011.422267114185 13121
3072.7330715729645 13133
3058.7212187155574 13151
3143.1441961477194 13171
3250.329203869887 13249
3345.0982020848705 13273
2376.261277777779 16033
2564.3374270093154 17087
2386.4960568556735 17137
2581.725171476437 17151
2343.190785708291 17167
2304.4049984394305 18063
2277.4776158203435 18107
2352.8744626797734 18153
2272.669300371485 18167
2384.5386384308263 18175
2547.4804757672955 20003
2718.79657918376 20015
2716.615396488292 20053
2611.7018626344843 20089
2845.8887396011405 20097
2634.8277461538446 20105
2486.9501923089165 21079
2499.4767504002257 21091
3099.670952562705 22073
2272.383379040254 25019
2108.3275794323354 26025
2044.4645826264925 26065
2002.0519928823724 26123
2022.8589535466956 26151
1997.158276356855 27011
1933.9291034905623 27153
2009.3212003608412 27171
3282.844090463447 28005
3166.2541281615954 28101
3017.902724230798 28105
2474.1218354154976 29015
2335.9384273733754 29049
2434.564655097673 29163
2425.1640594001055 29173
2580.4742482989395 29201
2673.258432169628 29213
2449.726366672363 29219
2127.9545237822354 30025
2224.3649517895433 30063
2539.493548842086 31035
2387.1657124755434 31089
2749.813790285713 31135
1900.4730973957137 33009
3714.0796434565227 35005
4023.7262730501143 35029
3112.9252900831334 37019
2994.5936890419957 37031
2764.814306521339 37065
2809.901423757834 37121
2946.738401391058 37133
2743.3410029564857 37181
1924.0557577869251 38103
2107.789788365782 39099
2237.6744400479074 39149
3210.3569602166094 40067
3191.711196635213 40149
2552.7975585794647 41015
2090.058496625972 41071
2071.456227387691 42039
2045.5511927434375 44007
2972.653747287264 45045
2100.068749077578 46045
2786.49126936225 47093
2824.011348488375 47115
3154.713724719488 48063
3315.6028814947863 48129
3562.1153157525655 48177
3302.9757360789736 48199
3165.880294932453 48203
3191.743268376069 48211
3359.9013484215666 48361
3190.8377159042757 48365
3194.429519184247 48379
3844.6797099715063 48383
3799.5630350149563 48475
3969.4093109368328 48479
2799.8274977207975 49009
1981.3372387972615 50025
2639.5057029057843 51001
2391.8635139924504 51059
2812.875525568831 5115
2572.6933137696597 51185
2202.382964957266 53013
2013.2605993511736 55063
3262.062610158322 6109
4120.940381377578 8007
3878.4154237333614 8067
2667.2982136605688 2090
2667.2982136605688 2185
2667.2982136605688 2240
2667.2982136605688 15003
3272.5613851184594 1013
3368.9642507067756 1045
2877.7038091396576 1079
3246.532702701571 1113
3635.3579683090034 12037
3700.8178486504307 12049
3411.598076212534 12091
3366.8750106823654 12131
3141.342365904018 13033
3004.540596934758 13045
3146.4109477859242 13141
3290.431534710683 13161
2011.58170065255 16009
2547.4673455490306 16075
2272.76022956322 17143
2561.3469417392016 17181
2422.198240688945 17185
2422.255364543183 17191
2501.194351516097 17199
2403.3613855803424 18019
2369.4809822835077 18027
2378.1696507636175 18105
2328.324485267363 18139
2259.915580971491 18171
2081.6844440567406 19189
2550.854566898861 20061
2514.9131081028004 20117
2702.95417264644 20167
2989.2724341880325 20199
2422.974521990695 21063
1964.8030475874846 23013
1920.1336714029965 23027
2052.095062092609 27073
2086.5981783407296 27103
2091.387632101092 27147
3254.0065778354124 28085
3104.7238544194024 28099
2367.659315651968 29041
2390.7225672603136 29127
2638.4044860973495 29181
2484.3924335862393 29186
2297.785808831908 29227
2053.625083475783 30033
1982.4169038712214 30085
2403.790920536666 31025
2714.5718555322665 31033
2505.4008446361822 31081
2717.6682553008577 31085
2472.788563532082 31121
2329.4885196404366 34033
2207.17583752592 34035
3510.5877686028966 35028
2057.4597095465524 36025
1917.9040515572801 36049
2230.4066337480594 36059
2021.3727896161743 36095
2241.971787637092 36103
1992.428695619291 36117
2806.4399075215088 37151
2289.7779136009153 39073
2258.2321401809972 39111
2278.408152100799 39121
2305.5895829331334 39129
2321.2185515890324 39135
2300.3642654862947 39141
3223.3029833756973 40075
2866.84384197134 40079
2929.552593075328 40107
3645.225525833478 4012
2879.493812180257 40151
2221.9492908131324 42009
2096.8312245919565 42015
2999.2706479834474 45071
2033.697815236892 46051
2187.801276199429 46067
2742.864084439028 47007
2749.782280659428 47077
3319.080892864955 48005
3129.770891401198 48147
3560.5192471952428 48151
3318.298024928367 48155
3934.788024452022 48215
3611.177137992646 48299
3427.5056936142432 48309
3591.0896212435887 48321
3625.6842807251296 48333
3839.440347863248 48385
3449.44680636014 48395
3277.2607439517083 48405
2833.180044880342 5083
2669.323481337693 51083
2530.2137725754133 51193
2785.793299717351 5145
2072.096167201184 53047
2154.979441913761 54009
1969.5838061032493 55015
1858.3612662301507 55031
1960.1298595275048 55047
1960.06564649561 55137
1958.6917582803999 55141
2779.793379424985 56013
3353.586889984339 56039
2725.0003789252432 56041
2921.1969199562022 6103
2923.78172111829 8005
2840.0976409222785 8081
2779.6321474947868 8095
3697.7549474248976 8107
2667.2982136605688 2195
2667.2982136605688 15005
3310.0037093329915 1053
2981.865061765499 1075
2839.6477946719356 1083
3230.624633945186 1131
3322.051724464416 13081
3033.156324440651 13105
3183.734929694812 13109
3081.7515286135617 13113
2493.538056695158 16037
2481.3302663879936 17157
2264.8095302266943 17203
2298.335075247921 18059
2367.237242960458 18093
2340.541882172052 18155
2255.4010878022777 19001
2073.249395341281 19019
2085.429730187087 19131
2956.485010607465 20055
2512.4248152394857 20059
2634.1231874464584 20169
2660.5307700605126 21035
2425.905339066524 21111
2407.1065286522876 21181
2423.217322862448 21239
3371.923336474562 22019
3067.6536620797715 22027
3437.1006532634774 22051
3538.5057831674685 22075
2332.1271795690827 24025
2035.425490616171 26081
2033.5268619888143 26127
2042.4949341853003 26155
1852.8932458896427 27057
1822.303411877722 27087
1788.1796277689073 27089
1930.6720110826268 27097
2140.6237115419362 27101
3301.274004914771 28065
2820.4873507252123 28117
2988.574951199261 28155
2328.253037428232 29001
2537.720277582707 29017
2451.454384544501 29027
2507.5064754416585 29055
2643.0346253822513 29067
2462.3753260713193 29139
2403.2724710003436 29195
2220.600276217766 30037
2130.078250672782 30061
2044.208484952693 30073
2464.6594999999993 31133
2436.456515047151 31143
2352.302612285588 31167
3447.681649857835 32003
3215.2448700145856 32031
2223.459837745376 34023
4018.6785613302036 35013
2158.7689788088746 36079
2009.4176588222647 36083
2012.5028391157716 36097
1963.1191502261102 36099
2035.6950142829241 36101
1965.5795534185925 36109
2772.340464864814 37013
2739.5642102355005 37081
2691.462760138489 37171
1863.9295660326359 38005
1845.9032882973868 38071
2369.8847269547837 39087
2141.257053290626 39095
2123.2640540310817 39143
2144.70087356702 39151
2797.895485778889 40131
2174.194861334331 42003
2131.181301010249 42081
2251.3526119974754 42133
3011.0034501954715 45055
2757.185530679743 47061
3715.183260472309 48013
3318.9529655884567 48075
3800.144745678149 48163
3683.902369166266 48227
3348.483865637094 48245
3649.6366290779765 48255
3254.519271817038 48257
3594.67974270752 48279
3907.1504426735323 48323
3210.7542532764946 48397
3195.140010846893 48459
3252.3350663573538 48467
2935.2870179433053 49049
1822.816005298731 50015
2603.2937928096853 51103
2634.1567704081476 51183
1803.3955354616246 53027
2334.1023797227704 54021
2562.140864722363 54055
1909.498108591374 55005
1969.1260855648723 55029
2082.6726791999704 55079
1921.862626829121 55129
2785.187330926157 56023
2893.2240059104656 6089
3045.234032902666 6113
2851.3295911865252 8087
2402.7116623076076 10001
3168.5931662903686 1123
3114.377230231942 1125
3915.1866465560975 12071
4375.120752939601 12087
3212.896699177547 13031
3032.502206608064 13059
3054.233600829883 13063
3022.701036807578 13139
3259.2667871405424 13309
2981.3631802372947 13311
2152.0678798181552 16035
2066.16161243977 17085
2594.4738825413087 17153
2453.9885476292307 17189
2162.5108135000305 18039
2167.1148521775785 18089
2381.216476771387 18101
2498.5406869013677 18129
2164.866058942679 18131
2224.0633542783667 19121
2173.844690197296 19167
2713.771746774542 20079
2686.3571137886 20113
2795.85211672433 20151
2719.654921330773 20163
2712.8662806495036 20173
2505.775490879083 21059
2646.321663392364 21157
3204.3579369531312 22041
3465.043937930451 22057
3335.423081727095 22063
3201.5446347499465 22081
3366.8843837205973 22105
2483.425708455631 24009
2156.429360157896 26059
1844.468607142857 26083
2137.6434252044537 26115
2101.099449523518 27013
1848.2545862521836 27017
2122.733985958461 27033
2081.6678543086127 27099
1879.9930028383785 27111
1924.247934710625 27115
2895.1736206272667 28057
2349.3682407731712 29025
2364.382428901257 29087
2683.5208846648165 29149
1996.9452802857134 30051
2254.4721153846153 30107
2702.1839154727777 31005
2352.9226302078573 31053
2444.2690114285733 31183
1973.6016523324606 33011
2714.15689401097 37143
2014.4831748549755 38015
2000.7036268571421 38043
2008.9298011428566 38047
1957.3159893422694 38073
2347.555314569714 39015
2298.6459844457263 39057
3056.132903600713 40027
3180.6220544159564 40129
2140.468836947071 42037
2953.7681940780617 45023
3021.915140221879 45063
2125.397449142855 46049
2696.9969196244447 47005
2726.1122995524256 47119
2718.2883548606255 47135
2663.266131839457 47159
2739.305589895214 47179
3678.928452227636 48081
3548.621790025667 48133
3653.731836130315 48259
3876.5646848959022 48461
3862.228954219489 48489
3279.8705393450464 49017
2946.877380620912 5061
2546.1949293447296 51017
2439.8439745767528 51139
2858.0647464309104 5127
2382.833330335385 54011
1854.376647788491 55051
2020.688893737895 55053
1923.5996560079054 55085
1884.5772937792033 55125
2776.4383059536763 56037
3216.5637117881192 6087
2946.2185412553276 8039
2937.901711383933 1049
3077.329337709599 1115
3380.9379075100283 12001
3909.984572412877 12015
3534.6156641971525 12069
3517.0288471911153 12119
3368.339551279203 13007
3023.0968665611676 13011
3177.3877337444173 13079
3037.192978642505 13219
1983.2600619468487 16017
2686.179521203438 16063
2417.332614728751 17013
2237.3292204920112 17071
2322.016646561709 17107
2136.1295508783473 17197
2308.953942895355 18065
2401.886643061766 18083
2315.3697613378367 18133
2153.010991632337 19025
2309.684139718033 19029
2222.752399912145 19087
2190.0342949645055 19135
2161.373706342046 19163
2249.386878610456 19175
2416.4758933268945 20131
2387.3878370366706 21043
2463.0096243935313 21151
2403.4274255482924 21185
2500.267486623901 21217
3365.832553399376 22005
1903.1100116846712 23001
2225.2379761340076 25007
2064.99113413384 26045
2081.5356041028967 26121
1866.8749634507808 27021
2142.747544398687 27133
1899.308650414531 27159
3089.3459384784346 28051
3150.8822630182635 28089
2941.6331522484334 28119
2865.0906079593096 28145
2423.7186356346156 29053
2292.5450171559824 29081
2534.2648464245594 29169
2517.7821263710252 29221
2281.742932622992 30093
2205.5808774731004 34019
2156.000392421291 34037
3623.538508852707 35057
3095.9373373009685 37129
2797.882455060143 37195
2718.8979644363544 37197
2030.7830867828836 38021
1917.5030497247978 38049
1946.8140737399385 38101
2280.6872342708543 39009
2175.8329326161042 39033
2165.672562761622 39069
2133.1147678236184 39103
2309.0603191974947 39165
3153.0489884399135 40015
3047.662154245244 40017
2854.6692169389166 40061
2951.3410551014254 40119
3151.189801631169 40139
2141.6720104825645 42019
2102.960739755405 42031
2100.808287739383 42103
2208.8566705469498 42111
3062.617051935585 45089
2061.202063363276 46013
2306.4588624039498 46103
2731.15020620043 47057
2707.756892077305 47067
2771.817634878855 47075
3212.3415503245847 48085
3500.3674079053576 48143
3412.4416479310557 48313
3285.2279171473206 48347
3280.287425728719 48403
3346.5366240299436 48407
3545.093146704873 48417
3248.6837253053845 48423
3444.7202832362364 48437
3395.453453808347 48471
3065.5819023272375 49015
3168.1754619485755 49039
1858.7222856985866 50023
2973.3053137793154 5081
2604.092683572933 51009
2571.601384994468 51051
2544.7050244037587 51109
2593.475631986402 51119
2603.3585710556595 51121
2590.569116601168 51163
2498.641616592678 51177
2615.5578840705975 51181
2730.8575122958673 5135
2671.351498618289 51550
2393.0257344944152 51600
2540.518574219139 51820
2597.0084859220515 51830
1888.5850311490196 53041
1844.6419141765853 53049
2203.9260034285435 53071
2245.0072935377425 53077
2328.457296932935 54031
2469.444728758432 54059
2264.1287535596603 54091
1839.8165184219824 55003
1956.0560539957985 55009
2037.1874098280632 55089
1946.161162806943 55115
2957.767757449487 6021
2929.192278714443 8001
2834.6756882429618 8121
3194.436242152652 1051
3352.7539108779747 1061
2963.649559246382 1095
3172.8006181456153 1119
3393.9719619932175 12073
3312.8808185190346 13003
3298.869064167068 13005
3200.5256364770053 13043
3373.952943753811 13075
3032.796532649236 13119
3250.173105290061 13179
3111.7927549935516 13189
3028.694704328977 13195
3165.7578228538086 13207
3057.2942299145307 13265
3051.769261411796 13317
2474.9177447929405 16065
2652.212921191104 16073
2385.044076881539 17135
2338.3258462881495 18005
2168.029956891994 18113
2076.4956269234544 19023
2088.9209527015173 19069
2092.96057234383 19113
2203.896500060018 19117
2766.075977068034 20009
2575.012849185783 20011
2595.321803760028 20029
2907.163772934471 20033
2793.3641641124336 20165
2320.2443755904537 21015
2370.6862911882317 21019
2406.162552966097 21127
2471.390743691253 21155
2562.5622104578633 21233
2455.3386498835807 21237
3071.4606070935897 22067
2371.2412268762387 24003
2326.844165163961 24510
1940.7663305112133 26001
1976.0120027429302 26143
2098.818696481298 26161
2060.286768329806 27131
3202.871315808318 28023
2984.893561176498 28135
3068.5412325666675 28151
2684.593723255925 29091
2336.949037282876 29103
2414.1704925466665 29183
2615.739100595555 29215
2329.658745217465 30009
1971.0122009090983 30041
2492.0398559999994 31077
2667.1664553008595 31123
2470.200399715101 31125
2599.0002302194284 31129
2473.8711093213965 31159
1912.5410067633538 33001
1934.4615657534318 36011
1963.1830439307485 36069
2085.9320528020794 36105
2805.7883161269506 37135
2983.5937324622223 37141
2708.323253657918 37157
1955.3349739205787 38061
2146.6013376468945 39029
2214.925291990779 39119
2196.177347179157 39137
2120.524788109771 39153
3201.900447195215 40025
3145.706134098575 40085
2686.5092926569796 40115
3753.848835207123 4027
2170.706366523118 41003
1985.5558354705806 41009
2237.8858206207274 41027
2762.276441820028 41035
2292.2389534589734 42045
2144.1036013484627 44005
2914.29383142735 45021
3001.00854095567 45047
3010.4519973296296 45079
2206.774715428571 46069
2141.5237280802307 46097
2829.9680835571526 47107
2656.084994265983 47147
2739.1190612470377 47173
2693.2800206488887 47183
2707.8433177513393 47187
3581.046552136753 48169
3316.4349063037243 48197
3466.786513468522 48207
3137.6859993799158 48223
3365.66344734476 48291
3440.23332222222 48345
3150.157848721823 48357
2802.076813621512 49029
2853.0232411194293 49035
2810.597684302649 49057
2620.2799251415768 51011
2508.8856337496313 51015
2606.314801757265 51049
2893.247122260799 5107
2469.9049188620515 51113
2642.0383486163814 51147
2618.866883505924 51167
2597.0349775888603 51750
2597.006247809827 51770
1759.3513123859689 53031
2411.1657780817422 54043
2196.590223689971 54069
1994.1520570575844 55071
3003.1933454588025 6011
3065.4201624761017 6035
3644.612667487633 6071
3290.3433656554676 6085
2956.5955665156953 8073
3744.766482476923 8105
2098.0616409833588 9003
2070.9611283356335 9015
3306.0928963693423 1035
3298.841956674187 1129
3377.088083672907 12019
3701.821295435415 12055
3408.0377524288037 12107
3170.5770534285716 13125
3218.934675068292 13153
2578.447129226361 16015
2428.783507174987 17047
2365.2242449553864 17049
2049.6322167737144 17177
2373.834377659174 18143
2112.1211231706498 19059
2164.1298342871232 19107
2096.9652757846115 19197
2595.051708865899 20001
2569.325116139915 20027
2857.6696400237315 20047
2913.476884116951 20057
2942.82428551745 20069
2644.9097840455856 20141
2627.1305889814007 20143
2544.3445609122764 20161
2412.2338436653645 20209
2505.850221072137 21195
1952.0006882046996 26029
2104.3539697494302 26075
2088.2331840930497 26139
2058.8138855722996 27129
2984.689435513418 28025
3421.7071356619936 28059
2898.6536190923644 28071
3027.5412259594877 28087
3198.8065734392026 28149
2683.33096612057 29069
2385.0823365795018 29177
2500.677256424416 29187
2599.1071664180336 29203
2273.3237554232574 30067
2054.61816257143 30069
2620.284189173788 31007
2458.4291135805406 31031
2512.584062980884 31045
2662.6391266475634 31073
2617.2754871794864 31091
2408.846897537037 31141
3630.472795766237 35001
2225.222598349577 36085
1944.8111441459316 36113
2868.915856658975 37049
2731.5413056423085 37131
2909.308243685755 37149
2925.069350166638 37179
2806.4192113257277 37183
1925.8693211174004 38003
1992.6586543898916 38081
2323.7427273707995 39017
2174.8202229765725 39019
2305.8874713513965 39047
2096.9219842595917 39155
3055.6352887055837 40005
3090.6532907359833 40013
2820.221435315213 40021
3049.7196704306816 40043
2876.629314268946 40091
3113.3741883933635 40095
2993.9740654381762 40125
2111.0144779830625 42073
2202.400591092505 42125
3017.4583695064116 45081
2275.7017522954147 46023
2771.264335711365 47071
2786.9854353099126 47103
2784.0344530514526 47167
3608.361695441595 48033
3501.919009906266 48099
3721.3951552706544 48173
3288.641729970598 48179
3397.4425245182074 48217
3800.2366300426197 48371
3705.390944094871 48445
3828.8929493049295 48463
3795.0084330910017 48495
3044.987396519027 49023
3098.4551191819364 49027
2907.6044567438153 5019
2816.371571018774 5033
2672.6165470689457 51081
2598.9968136156394 51161
2641.451179781965 51640
2415.0083858161315 51685
2654.460026226953 51700
2404.0915619661237 54099
1935.4845271358447 55013
1971.9107206984738 55057
1961.8395731342125 55087
2525.590027065528 56027
2497.7929753369212 56029
2355.749826733258 56033
3224.4338394113374 6053
3208.4825796561554 8025
2104.63449282494 9005
2144.477961340387 9011
3279.3915113236494 1099
3313.0850895973504 12013
3926.393152860631 12021
3381.3145244805755 12077
3349.835554003678 12089
3313.5409417506235 13065
3368.474323016493 13099
3102.1606560087694 13159
3291.5921628148476 13235
2171.822307231426 16061
1979.5732863037117 16079
2571.5821812298586 17003
2310.2193066899695 17057
2420.3034386235045 17061
2406.084441721907 17083
2236.5330455589747 17123
2306.9539371200854 18021
2277.2955217311974 18035
2174.7095138600553 18085
2140.0432862833923 18149
2308.8138829016234 18177
2205.7089384176775 19149
2141.8200441467525 19151
2743.209150948286 20191
2640.331980029255 20205
2404.7670014671785 21097
2592.7778369072366 21107
3319.3892441728494 22009
3176.8599112801435 22021
3171.4690150283463 22031
3369.5224813530463 22077
1931.5805830574498 23009
1923.0523353796773 26047
2027.6857993053704 26105
1889.8382426230569 27001
2057.7645978138776 27039
1944.7841656381543 27041
2116.4155888198325 27091
1802.0671863588798 27113
1971.652605905807 27121
1791.5580467151628 27125
3073.6953111609414 28007
2557.8371300789763 29065
2465.0936877364397 29071
2062.3376883190917 30109
3059.9851361823366 32011
1872.0899661936764 36089
2798.5869587264665 37063
2850.2768354643613 37085
2937.4105842156137 37087
2721.126740778034 37193
2843.2915682982343 37199
2242.425135605334 39059
3269.988910674335 40141
2086.2407980674393 42053
2129.175802726807 42113
2062.9535791612543 42123
3105.866386772335 45027
3116.9164875612264 45035
2954.702218626571 45069
3108.5403763872932 45075
2283.308670015257 46015
2248.260161294495 46027
2085.6648170940166 46089
2076.4535789289353 46101
2654.6163903707975 47165
2704.91567228769 47185
3455.2325038541603 48041
3579.8135507696293 48123
3375.13577118775 48367
3887.6877147486025 48507
3456.277027507164 49055
2698.617363310398 5021
2379.92524924034 51013
2559.7646185665812 51057
2636.085281391964 51135
2441.6214081638755 54005
2326.710124466495 54083
1964.85182331427 55041
2340.2517826189464 56011
3574.1358552706542 6003
2667.8692846279637 6023
2959.252663581053 6075
2667.2982136605688 2050
2667.2982136605688 46102
3219.606883591821 1047
3180.698596079004 1091
3248.1819345501426 1109
3359.0622401579767 12063
3817.4380119393177 12099
3046.380970608745 13221
2976.7172819370926 13227
2969.6246258631895 13233
3123.3534130362063 13237
2557.2748249283677 16023
2561.5471801698577 16045
2384.636609783789 17021
2296.2427249538173 18097
2200.62570319807 19073
2257.488558409859 19093
2229.2284328358382 19179
2834.3553739999998 20101
3014.1759309774775 20119
2535.680231346993 21045
2600.308811455186 21141
2461.3959366201047 21159
2518.4807050422237 21203
3224.7316839974333 22059
3498.7150350933057 22101
2325.7225652487746 24005
2365.1813165207977 24031
2439.094848878946 24035
2050.0200492778063 25013
2045.726538367133 26063
2273.068259986551 29045
2414.536063962433 29137
2504.3771860734205 29185
2307.994651735441 29197
2090.7319970132953 30027
2210.436652751737 30049
1986.6604386929425 30053
2235.392321112052 30077
2489.0328817663835 31071
2464.644636818824 31109
2628.832981508232 31157
3389.9163895057827 32017
3346.1100941700024 32021
2247.6453464975925 34021
2179.3017620900887 34041
3491.2894188034197 35019
2829.509700842903 37035
2887.7329507857544 37093
2771.9686183829335 37117
2063.5349157593123 38007
2253.1773694893704 39021
2883.268278935441 40037
2933.3250355354735 40077
2913.7089053255863 40103
3855.7116716384326 4011
3766.392916846154 4021
1912.693408567339 41007
2462.80666103063 41031
2277.2413771443844 41059
2133.253483380877 42079
2076.632386058375 42115
2201.7852000000003 46003
2200.812134472933 46043
2215.802556410256 46063
2299.6605942092556 46081
2190.947528205127 46105
2111.2553374984614 46115
2317.0752891846723 46123
2721.6950059509686 47017
2785.873609348596 47029
2754.2126496529913 47059
2701.876551604845 47129
2763.871745624758 47143
2680.975057333247 47149
2676.9278480455587 47161
2768.078898995614 47171
3568.478488826806 48053
3537.041556578662 48107
3392.5835672364665 48359
3263.049337040254 48457
1822.2616136762529 50009
2736.003294501796 5015
3026.930927123846 5073
2569.036664663703 51021
2576.3315994621657 51036
2653.8772173755847 51093
2368.220578461826 51107
2694.6546522691165 51117
2474.461127190714 54075
2508.8793390073783 54081
1949.1045866364227 55097
2085.4403029746436 55101
3144.561943088978 6013
3640.189237141084 6073
3476.4644963238998 6083
3186.9762132928754 8089
2667.2982136605688 2150
2667.2982136605688 2282
2481.5701885870653 10005
3366.9813802424496 1069
3080.44712271946 1073
2859.258444101937 1089
3075.9343714063234 1111
3434.3149441370624 12041
3339.4416247017625 12133
3070.581364986296 13073
2868.094190308262 13083
3197.0594010280597 13165
3289.4437241698283 13261
3374.9172399498893 13275
3211.174588058176 13289
3108.9562594121107 13301
3205.856870772567 13319
2611.994031218896 16001
2339.545717460741 17079
2431.1825920733922 18125
2076.7069745079903 19037
2062.621656983861 19061
2191.8497047512838 19101
2100.6453371003977 19127
2266.563514584443 19159
2559.790792967751 20031
3028.5442509971517 20075
2523.6539664753855 20149
2776.5165948424083 20153
2720.037486561141 20155
2762.5409906664377 20159
2794.9984985754977 20195
2564.1967610653555 21169
2553.3339487392896 21207
3290.8399699447846 22091
2563.0347006552684 24047
1894.2798097711618 26043
2000.9850288710657 26107
1972.79272697745 26113
1944.5761228136816 26135
1933.3874910607838 26137
1716.278973347872 27071
1970.396955921941 27155
3294.216763179574 28031
3060.624866587591 28103
3265.536180071508 28113
3143.637409071141 28121
2324.725910942122 29003
2645.313676992138 29023
2601.239212667292 29035
2480.658360600797 29051
2320.345908966981 29061
2528.399415528746 29123
2619.2600587405436 29133
2501.1628873045843 29141
2390.1277099022504 29205
2330.0144562564687 31021
2314.6277532092263 31179
3588.5583122507105 35003
3564.3185979002865 35009
2035.1537270077506 36013
2070.9095678226686 36111
2779.3389408823077 37001
2783.4312697082255 37027
2946.3580303174363 37043
2169.063091297064 39169
2815.8495414173485 40053
3860.660261891823 4009
2187.3209303121093 42021
2161.5701634627053 42087
2144.774376339071 42093
2263.2039000000004 46017
2251.6516029905415 46065
2388.790574859858 46121
2176.2572799204295 46125
2662.6097569959547 47125
3414.045908022923 48045
3704.5210329512897 48079
3213.6137759119365 48195
3735.331047338406 48249
3754.063914410884 48329
2823.2273768135906 49011
2919.2835160024188 49013
1820.3498596201 50013
3071.395060662647 5017
2770.0772189693707 5023
2791.4286632846433 5029
2594.896007134756 51007
2609.3755173960694 51053
2629.5314349606533 51063
2629.1333913489766 51067
2596.9087510315944 51095
2874.852077685954 5113
2864.972690655755 5131
2762.9699391135327 5143
2111.9214852111704 53059
2338.533188094616 54003
2029.5162251884408 55055
1926.0888162757249 55107
2042.5757733062387 55127
2837.6970442774063 56001
3315.8734453866964 6043
3706.9989367678927 6051
3288.182895306926 8043
4076.352702070086 8065
3641.5340613625913 8119
2667.2982136605688 2105
2667.2982136605688 15007
3177.5449699171522 1021
3145.5150002776077 1063
3804.018577459744 12043
3427.48312745561 12083
3360.16997847419 13019
3023.0931903787164 13117
2992.497456599176 13143
3123.1181207780946 13231
3232.000323358604 13283
2962.3635804645296 13291
2863.487689516981 13295
2395.670655536865 17051
2227.6190098696 17105
2271.002251159542 17187
2343.731920848222 18031
2312.2501150942708 18041
2063.209897344897 19075
2163.9439182482115 19141
2150.6624857405022 19143
2854.377650206962 20193
2493.467737530181 21025
2500.3142542256105 21027
2426.13791107738 21173
2557.2759465245567 21177
2396.5028695215897 21223
3479.4569645479455 22109
2030.8370633686038 25027
2097.90641082527 26005
1832.0738398882588 26013
2138.756598013389 26027
1848.6200051477774 26053
1837.028006481747 26061
1975.3171020429413 26073
2110.231172188205 26077
1856.6163723157467 26097
1845.3131885514624 26153
1957.193127163858 27009
2125.806001016718 27063
2784.6708912734207 28003
2898.9108258278916 28081
2954.417405276551 28095
2802.2676273877387 28139
2667.4201225381494 29009
2600.1503500768645 29043
2287.79373657302 29075
2415.0495179908544 29095
2389.655646424542 29165
2102.848590774134 30017
2080.457637321936 30045
2005.0137037212985 30101
2613.3127327205707 31099
3793.4369389716294 35015
2175.0864356636653 36005
1994.2216898323848 36055
2725.128792392875 37033
2778.5391701785206 37069
2946.347816138773 37099
1990.2598489653524 38055
2358.672835991028 39001
2173.2388666885704 39175
2818.613609533415 40101
3018.291757075898 40109
2982.9510770374095 40127
2839.8828458826483 40135
3560.804863909745 4017
2408.498225909033 41001
2138.906559066857 42025
3040.197006221369 45003
2101.8136200573063 46025
2230.1840447293444 46119
2670.9254521603693 47041
2784.027770906657 47069
2734.361862562023 47175
2696.734722296896 47177
3297.8517025051847 48077
3603.137525367384 48091
3905.8254014326653 48137
3351.6788591980912 48161
3204.7178177299684 48183
3428.8316343934216 48221
3807.125790313392 48235
3156.3503013730806 48315
3716.7632663670074 48319
3732.0765837311405 48391
3457.731414487963 48425
3403.8718069702527 48455
2623.501121542622 51031
2553.937934950313 51087
2579.73052158057 51145
2674.2135073104564 51595
2596.0517937321947 51678
1723.6776416975333 53073
2354.431268369203 54013
2316.805685569883 54023
2052.7149881116643 55045
2471.4191895760396 56003
2763.858454303021 56007
3147.166533276265 6001
3673.6586830486594 6025
3134.4795386189394 6055
3188.7670017191485 8101
2667.2982136605688 2198
2667.2982136605688 2220
2667.2982136605688 2275
2971.4998344208548 1043
3001.9621742570066 1127
3380.918007040457 12039
3741.590491226954 12061
3567.5886367854387 12097
2954.923537922534 13015
3318.260442673275 13069
3245.553738254643 13193
3279.348581248999 13305
2012.0379444162652 16055
2371.706944901378 18077
2323.090651137919 18081
2325.625468098308 18115
2288.011692639761 18135
2116.53115509172 19091
2216.994981786723 19161
3073.8136133903117 20187
2426.6719170340184 21011
2624.365776608975 21047
2378.540255682705 21191
3149.3235158375505 22083
2088.2789818909487 25023
2066.5140350739034 26015
2033.5252911641621 27045
2019.0752053454632 27067
2092.9681552143147 27081
3302.835849791486 28035
3239.7639705049014 28063
3011.083568740398 28097
2899.4395282199434 28107
3244.586595101881 28129
2843.0974192710823 28141
2502.506285702602 29013
2608.352996224845 29207
2185.9503417817955 30007
2102.492027920228 30079
1988.4158660417374 30105
2467.412515823392 31011
2606.0820469607975 31019
2537.7152193732204 31163
3639.4708162857155 35011
3539.651838019917 35031
2005.3892505993795 36123
2866.498107320686 37109
2896.9282346289965 37137
2740.047829295099 37145
2753.316775727863 37187
1861.7536263610316 38095
2207.4968906949166 39003
2222.636326730285 39089
2314.26817352738 39105
3209.2573298631914 40009
2553.4049956100575 41045
2078.259852705812 42047
2203.153116173591 42099
3111.855308555356 45009
2285.933700818633 46093
2145.486908318293 46129
2714.021174514274 47035
2757.66765095416 47113
2765.9169610790577 47153
3309.45962195194 48001
3422.222258007806 48157
3303.743317551027 48213
3936.649972673931 48247
3380.390012447835 48293
3444.513641673446 48473
3551.226202720483 48491
2787.292356452734 5037
2730.6854696408245 5089
2741.6277549059237 5093
2779.000410267863 5101
2571.5945723086047 51023
2354.2360934252993 51069
2556.7465289005695 51097
2567.7857061760965 51127
2559.631806599484 51760
2187.0423360805894 53001
2066.9321655407953 53043
2305.817253741429 54017
2447.5640231128195 54019
2295.6426717234185 54041
4010.825597168946 8097
3027.0258203010285 1015
2961.1602846217374 1019
3500.03017825225 12075
3381.6870155275756 13101
3395.2659922680346 13205
3365.2562778293413 13287
3264.0617170911078 13299
2091.292167496961 17015
2113.390582279179 17037
2495.9834284638173 17145
2303.5143976147874 18047
2438.5751890700885 18051
2144.984192554245 18141
2188.487900774132 18183
2336.5476219091156 19165
2368.581624312991 20043
2441.624983380228 20087
2679.4538418413404 20147
3108.566861407633 20189
2331.830095175385 21037
2614.356807992521 21055
2483.750036998177 21071
2530.5755777473764 21099
2579.583830364046 21133
2629.89730418698 21139
3395.8884159041286 22047
3127.050259910683 22123
3178.2190167069234 22127
2304.8692240926257 24015
2011.6406484107633 25017
2047.6493185407564 25021
2132.3594525578064 26023
2000.8666510598723 26111
1921.8686472567513 26119
2106.0447990135335 27047
1823.2448498556944 27075
2046.2746283778777 27085
2099.8010203208387 27127
2839.77374172567 28033
2461.3159642469222 29083
2550.4016278230483 29093
2424.5194313390307 31017
2666.360458119658 31069
2698.937471060172 31087
2393.8322840455844 31103
2659.636574358976 31105
2591.855998290599 31171
2491.58613954866 31185
1969.4405854072768 33005
3582.2421686011658 35039
2866.83815014245 37095
2958.780062921028 37113
1790.8714636902214 38019
1790.3327216285397 38035
2090.1524214855017 38085
2198.055867507436 39157
2766.672773031908 40041
2941.927724273449 40121
2957.719457493817 40133
2830.8713580672656 40143
3046.332850311053 40153
3181.3783857596295 45049
3185.133787690312 45053
2239.122187901654 46009
2486.4619681403406 46047
2781.065301249401 47047
2691.418410657821 47083
3639.410356856577 48031
3591.9394201197665 48059
3258.904200692479 48073
3471.054280928887 48153
3135.4152468808543 48181
3355.350977207975 48205
3641.2194604460697 48219
3862.6939849002874 48271
3379.1130515565264 48289
3258.9279738051287 48337
3617.539912629631 48353
3489.868042100142 48429
3707.984768660972 48431
4028.229039601144 48443
3582.8808643554416 48453
3198.208701566496 49001
3300.5766530051833 49019
2905.3394330917677 49043
2803.2682323902823 5047
2777.1012229551284 5087
2834.0468758764273 5097
2589.311119088317 51530
2646.8418156750436 51690
2228.0481536551397 53037
2291.746742786301 53039
2127.14719179726 53075
2277.5229680730195 54033
1955.8496837352739 55017
2029.6042963928203 55091
3023.7429582146924 6115
2933.539666481452 8014
2929.4188471891175 8103
3248.7583518315146 1023
3332.61650521926 12059
3488.9958264731613 12123
3510.191268664099 12127
3453.2501952285193 12129
3188.7034431347893 13107
3379.9276406921085 13155
3173.957614035158 13169
3384.072480271772 13253
2612.234842865877 16041
2401.7242974898577 16059
2679.8356675287364 16081
2314.246219536354 17029
2317.9916241858677 17115
2518.6543561633894 17165
2427.9813384042477 18025
2263.9425103370354 18053
2380.06575140497 18055
2316.386097304106 18137
2472.771401638121 18147
2077.534104113845 19011
2323.991997320198 19085
2156.503440999222 19123
2372.5197424886014 19129
2786.6120207658464 20051
3142.610060744983 20129
2498.7661659226223 20139
2816.88175595248 20179
2539.8979022845288 20201
2518.0725183186323 21137
2532.698264272508 21149
2612.826836406183 21171
2402.5982507123213 21205
3253.2511575614576 22025
3444.4161310190616 22103
3321.228390202567 22117
1836.9030996894846 26131
1811.8467011632995 27007
2478.010847179226 29157
1963.1683905829059 30005
2649.987428205128 31117
2391.8541276026194 31147
3506.0360914851535 32023
3138.8055676217764 32027
3602.037558404557 35033
3865.8251145643585 35051
2708.7327240497175 37029
2908.9061030009952 37089
2867.4128345299137 37163
2935.345879972193 37165
2806.5214534389743 37191
2016.9570607025553 38059
2118.1687883635036 39007
2240.7552210780905 39041
2147.309195359118 39051
2185.796870320085 39067
3067.3609528029065 40049
3727.393829797949 4013
2174.7050172425447 41043
2100.852045715224 42127
3094.2417481402845 45011
2985.3567251151276 45031
2746.9340030749436 47031
2720.9436431711415 47117
3030.402838408746 48037
3571.357319744585 48209
3542.160488319089 48263
3703.4027664752707 48307
3725.935974074076 48311
3359.2572129817972 48381
3215.8761424201425 48401
3842.7585055317113 48465
3250.1413719508255 48483
3018.5896119478666 49051
2957.808181087543 5043
2746.844372376951 5063
2598.6955405513677 51029
2581.012757375933 51125
2609.920770073417 51155
2716.6119050367697 5121
2385.4818573464395 51610
2406.044615916705 51683
2406.5577280295706 54067
2385.199504981372 54071
2006.5929508212237 55021
1986.435054142399 55035
2042.7740610325375 55049
2008.7536817815612 55111
1947.4038322622118 55135
2626.465026210915 56025
3051.4228618448983 6041
3001.894642236446 6101
3509.733470567226 8019
3110.080573854846 8099
4196.03848860399 8111
2667.2982136605688 2110
2667.2982136605688 2170
3240.736053988115 1011
3169.6949596087748 1065
3569.8701762899145 12017
3335.8923358687457 12125
3170.422454948064 13009
3347.1588481464078 13177
3333.720247352422 13243
2378.610941069573 17005
2248.1970914135613 17075
2399.879354652301 17149
2379.1809568156414 17173
2279.73081484812 17179
2094.998495239116 17201
2229.0808758664093 18157
2309.434373255444 18161
2235.80691223229 19039
2189.2882516040854 19049
2090.4990170279157 19083
2104.6845151546167 19147
2747.250954131055 20019
2802.04960618302 20077
2777.4521482553 20095
2684.6724059543426 20125
2345.181840886325 21081
2354.752939434307 21089
2524.5750937258185 21193
2414.7548943019938 21201
3266.53404654547 22011
3401.536440432252 22055
3407.3089038580342 22099
3048.2542309081487 22111
3099.510331831537 22119
1813.8732587628172 23021
2395.4772845486036 24029
2585.9783768857837 24039
2106.627502677256 26163
3299.2498106686025 28073
3314.274166430111 28091
2404.2214168647843 29107
2471.4238792426204 29151
2572.0696731904836 31041
2635.1656161837604 31137
2625.425676191025 31181
3177.5288553976216 32033
1965.550693648736 33013
3511.391243005244 35037
1978.3819393156211 36051
1931.2750484520348 36067
2182.4819780446246 36119
2839.4786853176647 37037
2707.117037977209 37139
1878.8992064622687 38009
2074.6867025714305 38029
2082.3995017191983 38037
1866.8238559500323 38069
1965.2944671428586 38083
2121.2571977207967 38087
2275.1617471869245 39097
2290.1211290406595 39109
2890.5624749108824 40003
3521.335757677549 4001
2761.401767446028 41037
2243.3533945497575 41039
2037.2495982619178 41057
2278.7117659239866 42001
2123.823645064189 42033
2184.1430459055 42129
2989.074751293447 45059
2151.7411525600705 46031
3566.7049243552938 48017
3539.239986511112 48021
3643.0435546962976 48083
3378.4175011395964 48101
3108.919089611824 48159
3788.791351851852 48261
3725.3868308147294 48317
3444.194357667037 49053
2680.554265840173 51037
2575.739507992336 51041
2602.832976726504 51149
2604.1901888621474 51730
1795.0239209687536 53033
2012.8446614667873 53051
1845.9709663546626 53053
1815.745937830289 53055
2262.7951144399444 54077
2686.17235558849 56021
3189.0459386988223 6017
3102.646659593866 6097
3160.6452913555236 8009
2667.2982136605688 2188
2667.2982136605688 2290
3219.7361249356964 1081
3816.2126194453267 12085
3412.0283556601416 12121
3259.6719737327358 13023
2986.277117079431 13137
3364.0771391099092 13173
2010.422853343968 16021
2616.172753890461 16027
2188.8758732818933 17073
2201.5761547336383 17155
2170.093456212363 18049
2271.4023421139254 18121
2130.781460541822 19183
2169.157091937816 19187
2976.9235321937326 20025
2676.9159057765187 20099
2808.1101598487476 20185
2449.8798477700125 21029
2631.9750146639835 21033
2488.698101724045 21123
2490.406665586571 21189
2626.787367931423 21219
2575.772771413683 21227
3095.4082810203427 22015
1834.346704370905 23007
2281.874975533217 24001
2049.6020157309135 25025
1844.7449655899948 26003
1978.903985506716 27141
2801.700274358375 28009
3242.899794287408 28041
3142.568303988606 28055
3128.156055698351 28079
3320.6109272439917 28109
3055.8349195876067 28159
2579.635399246268 29077
2369.0447926369816 29121
2467.273024486551 29135
2262.2606721849793 30095
2324.099204942108 31039
2740.6375327635324 31049
2501.8077370370356 31115
2377.5307845329626 31153
1847.1570524864242 33007
2388.6775279702574 34011
3593.776696091651 35041
2010.5356623492232 36063
2687.8375912001147 37073
2791.4987208514262 37107
1921.3697896848134 38027
2259.7133999730754 39049
3060.2730914083763 40069
2828.8549332526304 40071
3180.007024352193 40137
3541.0077087929926 4025
2533.5068994193757 41017
2066.019933084673 42049
2101.997258110489 42065
2178.7293268563562 42067
2046.436297360227 46029
2683.4591970502283 47021
2716.2959772139584 47053
3789.653827160516 48003
3195.8272831301692 48097
3297.856566951508 48139
3193.369489642394 48231
3855.796940740742 48283
3641.63179462282 48305
3268.400103062594 48351
3544.6662687555563 48369
3658.0643421781783 48399
3292.212502409745 48487
1965.1581967731436 50003
2700.509759998195 51175
2920.219248191964 5133
2155.536201118015 54029
2012.9308246229914 55093
2985.3874530003377 6007
3293.433082327805 6031
3091.0793147896015 6063
3070.3772662590177 6067
3174.998894880115 8077
2818.8437074195735 8125
3255.5846469234475 1025
3332.646022656437 12007
3907.5336695700325 12115
3286.3306621153265 13127
2908.8266025254447 13213
3072.8818693294866 13245
3196.526704999827 13251
3115.05044453322 13255
3198.2500986720233 13269
3202.2829061926764 13303
2424.9206061492846 16043
2728.1881378766548 16047
2641.072981375359 16071
2360.3182202800863 17017
2441.455703791511 17065
2567.202377173285 17069
2118.3368806793683 17089
2175.7066596171508 18033
2187.1335438016245 18073
2158.7630715276923 18087
2329.1586301734487 18109
2479.9826533210257 18163
2261.474654679944 18165
2240.1526982845303 19027
2062.946237028804 19043
2117.609957166316 19045
2241.9793611030473 19077
2131.8718340574546 19109
2056.303223198004 19191
2592.8318914337033 20123
2707.7949572649577 20137
3337.9330170304297 22037
3155.1290712171763 22049
2350.7275621758977 24021
2041.2642137155353 26037
1985.278298355344 26133
2141.904573952023 26149
2010.3292237906983 27093
2107.8244700384757 27117
2942.0071914817945 28013
3273.7282674100034 28111
3322.738492404398 28157
2335.472406279313 29021
2520.096644477776 29161
2586.493626696571 29179
2066.2168046694724 30099
2553.6460355300865 31009
2593.1238780364383 31013
2270.381802159157 31027
2374.5218316190326 31055
2521.117148678463 31095
3855.7420984160676 35017
1948.3761339076666 36053
2028.0464873366943 36093
2757.4394518412305 37015
2867.277725003278 37115
2778.240061238521 37147
2919.9833172522804 37175
1850.1814501467688 38017
2034.7838242165244 38025
2020.6763888252144 38065
2106.4109443939305 39055
2170.0845001796292 39063
2254.7485896525363 39127
3050.952602870314 40099
2415.2252990936536 41019
2136.9635800047313 41053
2293.537762129108 41061
2135.0165636615257 42005
2214.4333463214275 42041
2140.6042870214596 42119
2080.8070106637306 44003
3035.337545659488 45037
3098.7803243537323 45043
2346.869769800569 46055
2108.473563085043 46083
2761.0641284509124 47001
2692.6206301289176 47079
2802.350685615298 47105
3947.9316176777493 48061
3501.5942680295716 48089
3976.7986031339 48109
3335.4449346827914 48111
3448.345122660318 48145
3537.9659642047013 48167
3681.5079718657003 48335
3309.9867188763233 48497
2742.96818384 49003
1859.721830080069 50001
2805.440678013333 5035
2537.0233618428506 51005
2612.950841120257 51073
2508.249719733038 51099
2559.311804468119 51101
2660.325989255985 51173
2784.3977355526795 5141
2614.3209008546996 51515
2590.9986108296566 51670
2621.6146752136756 51720
2155.0330242599434 53017
1848.1488276829555 53045
2536.7484163386302 54047
1919.7861109974822 55099
2052.990696380392 55105
3129.572969632391 6095
3265.427574074074 8033
2667.2982136605688 2230
3240.1033838825106 1085
3773.8176190819654 12051
3676.2103368603093 12057
3005.833832964389 13067
2996.3267245601446 13187
3277.8030334615696 13259
3296.9152266296287 13307
2109.0530940679446 16057
2692.815754357444 16077
2363.9338801064096 17009
2255.130612347694 17095
2172.7613773789462 17099
2224.7848561707387 17175
2272.1292944449847 17183
2291.1387780161544 18011
2317.2333048565943 18029
2233.659212284326 18111
2110.5394919489445 19031
2086.9448300271915 19081
2092.495228550824 19105
2333.9414531395137 19137
2359.9615234230505 19155
2848.2818079772064 20023
2853.4085829059827 20083
2605.4379301520507 21013
2450.1337866185518 21065
2651.665541434844 21083
2437.082535988403 21113
2480.859006160907 21153
2382.356789975499 24033
2528.033885699204 24037
1981.6345021972638 26055
2087.0034707105547 27015
2042.6491370658496 27055
1876.3423141164662 27167
3263.1308438852416 28037
2533.520705828595 29031
2461.4191536960684 29037
2582.9622312316515 29223
1908.2129297994272 30019
2510.752868719602 31059
2544.911482077321 31079
2440.3718931349263 31097
2332.449074815061 31177
2007.8083371774942 36029
1859.8395008087339 36033
1953.8584244077879 36037
2803.639152063305 37023
2744.1578308384364 37083
2029.3036059866827 38057
1843.4579772079785 38063
3257.8447847737893 40065
2780.000290149599 40147
2104.821447543668 42023
2197.91904698377 42075
2157.010549467845 42097
2104.703705144433 46079
2217.062665811967 46137
2709.930196814387 47003
2762.0397545886626 47181
3516.913616720568 48069
3440.4959275941033 48071
3721.0002789173773 48095
3372.748364906782 48201
3427.441060683764 48269
3750.855267273901 48389
2950.7561400661275 5041
2888.0178517292006 5059
2450.2247171839635 51047
2551.366351762793 51085
2894.5501163035897 5109
2394.162790230656 51187
2794.5132286264693 5119
3030.057489161367 5139
2816.0508619542143 5149
2545.1492976462964 51540
2671.7413745475783 51740
1955.1209230368372 53015
2160.5820039497 53025
2314.5548417988334 54027
2021.5940050951428 55011
1952.4271697378683 55067
1933.7578838174331 55069
1939.601554639869 55073
2379.8822491687406 56005
3056.1028793696273 8017
2839.219083898431 8123
3349.175427465274 1031
2381.3551820019366 11001
3418.392724757946 12065
3780.1343480794885 12093
3377.656452883417 13017
3393.899718126723 13087
3038.1084993902004 13147
3270.0358186760996 13229
2644.9246345577358 16011
2592.022255892622 16029
2770.422942109485 16053
2320.453923742933 17125
2237.2022291451553 18017
2234.2894343343155 19007
2097.5066872668563 19033
2385.088356517834 19071
3020.455442450142 20071
2909.5557163172634 20181
2508.7399118248704 20197
2615.2981599056966 21003
2406.888679001621 21017
2359.393919148832 21041
2617.3645330373247 21053
2516.109632769688 21087
2477.1678619202075 21129
2371.8922332745865 21187
3412.725565742594 22089
1968.6373049784968 26011
2026.120656590981 26019
1976.1847781610875 26051
1962.7235439407527 26069
1929.5950567291181 27051
1964.9799000671908 27059
1926.7858331129373 27065
2990.1713483518506 28043
2552.3428976984906 29039
2619.0632437385634 29097
2043.4290119996083 30035
2149.8195571859133 30065
1980.4279577142838 30071
2595.4628200073807 31001
2280.2380838918316 31051
2539.326565019944 31093
2287.8962619832487 31107
3236.865763714284 32029
1966.0279785296698 33017
3959.2965974902863 35023
3673.0033960399182 35061
2031.513222557042 36003
2025.6963498346704 36077
2870.295816394914 37123
2005.0112880467198 38045
2317.9282247629903 39061
3903.8459820730154 4023
2018.107430095799 41051
3068.047923044786 45085
2150.8795439418295 46059
2773.098009027577 47051
2635.475252303022 47111
3477.6077929006265 48051
3326.936173863955 48341
3830.5461113960077 48413
3599.695561505841 48441
3105.008982720315 48449
3733.580008832165 48451
1823.6072708394554 50007
1877.8111081362215 50017
2981.0443619729344 5057
2742.7892244825653 5065
2558.162688 51045
2418.3702432683767 51157
1750.0651394930808 53061
2362.5466469586518 54037
2055.7413780628485 55043
1985.9762652583975 55061
1935.4091354238706 55075
2398.3644557890275 56019
3151.810269515672 6091
3373.779340989854 6107
2667.2982136605688 2130
3203.7954483805424 1001
3130.119058307719 1037
3004.458859493761 1055
3258.2884685275194 1101
3207.5176093063274 1105
3864.85834821393 12011
3875.083335909117 12081
3527.4393115746743 12095
3270.4237574510803 13093
2920.7083761298572 13129
3006.6525270385196 13135
3143.1104406655554 13199
2993.902689803363 13223
2703.327057079573 16039
2494.355859969601 16087
2298.480574647538 17039
2114.965342048549 17195
2317.5705884190297 18145
2246.316459327665 18179
2284.026714012479 19003
2506.33675631664 21101
2444.8817896294586 21115
2629.9899236390584 21145
2481.8483773508815 21163
3094.5382867164126 22061
2314.4545754030773 24043
2042.3424786700382 25015
1788.3962517756759 27107
2096.188093438024 27165
3223.066012834245 28127
2492.6937079087475 29131
2035.4720131054132 30055
2143.938621714285 30103
2757.3818735042723 31029
3351.3171994119652 32005
1942.8035244828918 36023
2127.727370208607 36071
2711.125308317635 37009
2728.1768157119095 37041
2727.9367415613106 37067
2734.454932076275 37091
2862.0678880090586 37125
2787.0735566399994 37127
2860.6882359956985 37167
1904.1925670487108 38013
2201.3995063938182 39013
2157.0990297450194 39081
2337.0751693274324 39145
3067.849061326494 40007
3022.551768852477 40011
3437.7868277126245 4005
2878.940850613931 40117
2044.2589527091413 41005
3029.7613695286614 45061
2965.426892515926 45077
2282.440937096325 46019
2413.764335990914 46033
2161.000473106765 46035
2236.2284235622724 46127
2764.4525142019093 47089
2880.379583722051 47139
2753.4329610374084 47145
3332.963773520114 48009
3804.4731080442443 48047
3557.133029730542 48055
3298.0538515669496 48087
3557.1520248215666 48281
3145.3810835683926 48343
3470.179904757266 48477
2917.8875236900267 5039
2875.9994875206853 5069
2577.8283534662396 51065
2568.795317131993 51075
2198.274735327637 53023
2374.115479761965 54015
2329.8941745571224 54035
3243.793511817611 6019
3718.87422779128 6027
3611.1465169259513 6037
2874.0305666153176 6049
3374.016193151167 6079
2944.616746938463 8031
3951.213841552565 8113
2667.2982136605688 2158
2667.2982136605688 2261
2290.787999337841 10003
3129.5643198990338 1007
3327.0443111039617 1039
2883.671889480913 1071
3798.4485192045304 12027
3527.892292529343 12035
3384.3267559447568 12113
3111.380687045676 13035
3369.619244412605 13061
3192.215346423818 13167
3199.8304507961534 13263
3174.563171215811 13293
2875.8897538714527 13313
2623.576223422308 16007
2529.0032036624243 16051
2182.010192220269 16069
2287.905568841807 17067
2509.4574977942452 17077
2116.6120930205157 17103
2075.753191594102 17111
2377.8214755760696 17119
2225.3052589555296 17131
2437.5383418381953 18037
2271.279902276266 18067
2222.2648595276632 19021
2082.9868373043587 19097
2434.164885300998 20085
2428.492411893134 21005
2601.948254042876 21057
2529.4713755840608 21131
2443.2685324375475 21179
3355.2111291201736 22039
3432.058741830936 22045
1997.0164919814515 26017
2087.2561189479475 26093
1852.026507415938 27027
2059.8921760732756 27079
2035.5979606196863 27109
3245.5113195355557 28021
3100.2487510747846 28053
3137.1177933230515 28125
2366.81810931251 29033
2707.5710929944166 29153
2410.4157013498275 31023
2669.945241111966 31111
2319.55470655946 31139
2187.913079863904 34013
2102.455134390713 36027
1943.7582642503583 36041
2763.1383960658995 37011
2909.6808943767815 37021
2749.8726620600273 37059
2168.765722758787 38011
2068.1785059999975 38051
2322.5268316887477 39027
2209.5903006676344 39101
2202.3417182057606 39117
2826.2905879694868 40001
3113.9995790509956 40019
2844.2303738578635 40113
2281.647689876896 41063
2256.5877185458107 42029
2237.604014305719 42071
2154.882277948517 42107
2149.609442308464 42109
2947.4717835841293 45025
2939.565989794273 45057
2110.7234495726493 46021
2162.9918097421205 46061
2242.6403385265344 46135
4048.6197839561255 48141
3200.010737825244 49041
2782.7010215258415 5045
3011.962238953248 5091
2553.5842867082342 51159
2401.374874552395 51171
2585.262175598347 51775
2179.5286837290146 53007
1863.8951503231845 53067
2324.3970950662692 54105
2053.3842629341316 55025
2908.807507139375 8013
4178.643802564105 8053
2667.2982136605688 2122
2667.2982136605688 15001
2667.2982136605688 15009
