3477.945539172328 12033
3910.093785484202 12086
3073.6448222567415 13097
3219.9436766536464 13103
2863.101292382936 16013
2406.524442382289 17001
2425.008727916007 17035
2276.485816934597 18075
2309.856692778897 18103
2575.100050426654 18173
2171.05565825047 19041
2283.3468640329256 19047
2205.4424960801466 19079
2101.45030088774 19195
2576.238690275942 20005
2647.9705641673395 20045
2547.6526535911953 20091
2989.262066569342 20109
3058.0427424249087 20171
2638.802507540368 20177
3034.4598336203007 20203
2736.3051268503755 21039
2521.254351804356 21049
2748.1349015018877 21105
2606.6990439901874 21165
2614.6417017225936 21197
2681.30423577154 21199
3423.146256476228 22007
3334.5310599585996 22097
2051.0652170108156 23023
2527.468267354665 24019
2360.1611491902204 24027
2262.340318192253 25001
1761.7478320797852 26033
1812.9804860044844 26041
2084.9958569143537 26099
2170.062337712288 26159
1699.5632648124906 27031
1958.6792474458066 27037
1885.4933801981638 27095
1921.9441342212544 27149
2748.3260964346136 29057
2268.962004670372 30039
2583.4094654991736 31151
3246.5272727944935 32001
2301.043828421276 34015
3617.31436723311 35045
3569.8715078236114 35047
2027.64079148423 36009
1991.5924781431686 36039
2901.5949806578706 37061
2767.603610995805 37185
2303.2982389766908 39011
2165.0460040206854 39093
2176.174447343626 39133
3229.935132278099 40033
2837.3425138486455 40097
2959.2701080992942 40111
2237.1617379527515 41041
2130.151153972955 41067
2096.428380491751 42027
2250.026945293985 42057
2999.6277002251677 45039
2730.7965636772797 47027
2936.509726811412 47123
2785.730471338013 47189
4049.523956618622 48043
3565.926531089125 48057
3814.903427387879 48115
3776.805185488486 48165
3729.784103954534 48171
3392.980908810408 48191
3518.6536035679815 48287
3243.1794755113006 48295
3741.472707777194 48325
3504.6766075437213 48331
3388.4372494800687 48363
3452.4084046630037 48447
3011.600287843551 5011
2848.978753527728 5071
2939.5966529839166 5077
2964.9394129713223 5079
2887.683458923558 5123
2743.4196717316336 5137
2089.863210807374 53011
2084.4206162932924 53065
2378.4458469555175 54001
2444.8611483683876 54085
2448.9119254826887 54097
2012.2765601678277 55077
1943.8511698856514 55081
1966.2747061599255 55121
2542.529934179881 56043
3524.4914084716675 6029
3016.68646729107 6045
4030.2828376841708 8037
3247.1048052159085 8047
3039.4434804360294 8063
2717.9491491659123 2180
3467.412227813871 12005
3256.5579913098504 13145
3144.573545070447 13181
3257.7076369863385 13285
2444.67464078721 17033
2530.552316382086 17133
2153.2966448635543 17141
2245.2308405426616 18023
2279.4464850060585 18181
2288.355482638963 19009
2148.397895993451 19103
2180.8914497565784 19171
2384.867707897106 19173
2504.7233116541715 20013
2737.784012326693 21009
3280.8975410567255 22115
3379.6678788753957 22125
2278.5405846917333 24013
2580.2797086702167 24045
2110.3679562535776 25009
1873.5661400123493 26039
2148.6829480896317 26091
1971.574392228461 27049
1960.9521344067784 27123
1925.5664076621208 27145
1918.284139125948 27157
2780.2411071896317 29109
2765.1646951357675 29155
2762.260744985318 29229
3038.6049079211325 32013
2230.939678335733 34025
3746.7101481784784 35043
1840.1153820603251 36019
2970.825088466149 37017
2859.107869926678 37053
2837.021745456531 37079
2874.0852464932004 37103
1820.9686938368068 38023
2019.2057063247248 38033
1774.8083283355008 38079
2278.696479529667 39065
2166.574195593182 39085
3333.6403244670114 40055
3180.642038360449 40087
2790.6715200668946 41029
2196.892810643534 42061
2042.2414488625272 42131
3025.2274797074433 45041
3043.888173189257 45073
2889.787924505612 47015
2850.596935543656 47063
2920.3628976959876 47155
3831.701570761619 48135
3543.8328387890683 48175
3564.565143437244 48189
3691.2549673677304 48409
3183.2034859082632 48499
2705.664316641291 5005
2959.3998778754335 5053
2595.8186741553563 51033
2501.9914377116615 51079
2742.4001980870657 51131
2383.615911837613 54049
2626.085032356467 54063
2421.959388968133 54073
1976.0950816815994 55019
2532.94934916391 56009
3252.001420880876 6005
3248.051730732578 6077
2923.624208582499 6093
3630.6040986183466 8003
4130.710586859088 8051
3207.8370285871197 8061
3229.9366303484194 8071
2882.9964238288185 8075
2755.0201855676687 8115
2717.9491491659123 2020
3201.9092385148406 1027
3336.9298640892002 12003
3044.128704251669 13123
3329.3047567758945 13183
3139.861226963678 13217
3164.9452798811612 13297
2744.1182539737924 16005
2699.7739520406153 16019
2274.100465967138 16049
2222.2013975507775 17011
2400.118014296913 17023
2487.885474428355 17027
2183.0360713870414 17093
2376.798767031712 17139
2478.5936267899992 17163
2405.6502711356943 17171
2318.3990014745877 18007
2590.49129015974 18123
2357.9605058643137 19053
2334.1948816448867 19111
2345.264269198319 19177
2240.928437265401 19193
2813.313720856763 20039
3190.507062077502 20067
2706.2018199207187 21007
2579.901835776051 21175
3227.208043417716 22035
3223.1227347630293 22065
3315.750680542702 22107
2071.6688673061476 23015
2488.7133222335206 24017
2034.4528994801942 26147
1880.1597463335959 27005
2118.4928204174626 27043
2996.524461902793 28137
2976.1738949295504 28143
3329.553496743205 28147
3235.3388041422727 28163
2425.1591468512875 29079
2675.9807081929034 29085
2522.8586388444683 29159
2501.669270660726 29510
2057.3051997468197 30047
2465.444052431149 30057
2328.5996542647067 30097
2259.7598847533354 30111
2349.9861403224713 31003
2758.605969345723 31063
2430.9374806666683 31149
2469.4869907272755 31155
3550.6834966133833 32009
2076.8055774737213 33015
2112.4107905854385 34017
2087.330706553649 34031
3660.624776544105 35006
3537.224923520145 35021
3786.8700809927127 35025
3724.307986064257 35027
2020.7018404738621 36107
2711.097698846493 37005
3048.459478418702 37047
2888.1886313511477 37111
2073.161252335712 38001
1843.2947581078695 38097
2248.2314434043033 39005
2429.445007857911 39025
2264.4912885959207 39031
2433.3493632315576 39131
3025.7544882828624 40047
3061.203448865164 40089
2401.6923220478425 41065
2271.6836749051126 42055
2278.0809973212054 42101
2059.4594408350154 42105
3175.763479445721 45029
2977.522047076534 45083
2469.3184892897134 46007
2025.403188711482 46057
2116.9484424790066 46099
2048.3645552459097 46109
2273.8347426090236 46117
2940.194305081269 47011
3665.790331268564 48029
3118.127072185144 48067
3237.3842657684872 48113
3899.6518789301463 48301
3662.554986404813 48303
3634.9607303301414 48411
3520.3428379594075 48433
3368.2963786175546 48503
3871.76989564547 48505
3108.8632035791975 5003
2517.413495468198 54053
1979.9183401028993 55039
2017.0708019025385 55123
3269.6257084935874 6047
2993.2892785136783 6105
3732.981407484105 8021
2125.643302358268 9007
2717.9491491659123 2164
3311.1020175727504 1005
3132.441517568435 1133
3349.1673569318677 12031
3259.2832458407647 13175
3308.653931074252 13209
2871.1232638801453 16067
2498.67781408144 17025
2337.8458378368823 17045
2291.993647911771 17053
2513.929382643332 17159
2286.1890847206096 18069
2281.0244912209105 18169
2112.021805946642 19013
2247.4865737876676 19125
2206.155799259666 19139
2462.7585066286415 19145
2200.162662900482 19153
2788.727553150438 20021
2915.9976848568735 20035
2937.386934586899 20063
2912.6896842787437 20065
2836.973567750403 20073
3100.676935575188 20093
2560.681571044166 20103
2584.4183918651797 20121
2780.0843816598162 20127
2799.215844919016 20183
2679.118194138459 21031
2560.139040833257 21067
2575.8023300139103 21103
2640.510366561429 21183
2634.8569806144533 21225
3327.0641927541656 22121
1903.2427584438067 23017
2041.0186098284123 26087
1903.8535616881102 26109
1866.1428236649633 26141
2008.2763254310223 26145
1861.135866073643 27025
1778.5837112497488 27061
3302.150797552389 28131
3327.874831909719 28153
2479.544253947405 29019
2360.776443525075 29171
2254.414325487086 30011
2771.986069323122 31061
2342.1248020870025 31119
2483.809940393409 31175
3339.268923615615 32510
2301.591732925628 34007
2147.6616799241497 34027
3867.9240679273935 35035
1916.1118665488004 36045
2169.5874135907848 36081
2802.059148112858 37097
1902.8482872107732 38053
2186.646505612128 39035
2335.1942681155506 39037
3097.9845531471624 40123
3815.612711549496 4019
2343.380612312978 41021
2234.6248822711727 41047
2322.564880154983 41055
2193.421752652103 42013
2211.5820070859777 42043
2253.0348035945385 42091
3152.0291255980133 45019
2354.7575926076106 46053
2929.912896834487 47101
3846.2377804243183 48007
3707.5730875541435 48019
3237.910744521757 48121
3496.1321047055103 48149
3429.0515670653294 48193
3835.267698625479 48267
3508.6321210047727 48285
3237.2132382355217 48419
3255.9386073499672 48439
3540.556235604201 48469
3755.553687568111 48501
2953.1451382407 49047
2956.2143728347937 5051
2853.7677639347194 5111
2684.4368720237453 51141
2694.812331125347 51197
2694.342329707363 51199
2915.887623869617 5125
2690.002161920265 51570
2706.887195724277 51620
2737.4612129167895 51710
2501.9790154196176 51790
2248.3606576981983 53003
2303.2943087210692 54065
1949.483998793806 55119
2706.6789016844414 56015
3337.849796988693 6039
3236.749600271699 8011
4048.4117366991036 8023
2834.8913717238784 8069
3399.9788206752373 8085
3023.7347032975 1077
3177.210753743579 1121
3503.0499512602946 12029
3382.556568738032 12109
3366.330519603078 13039
3333.755687796171 13091
3300.7587688331555 13095
3347.682349566409 13131
3070.298109608818 13257
3337.957583170991 13267
3317.5727710500746 13271
3032.062264292479 13281
2533.4316488716477 16003
2855.675376378736 16031
2508.2715660675753 17101
2389.1467759857046 17169
2422.676658948243 18071
2344.0384244622346 18095
2064.9435606579145 19055
2015.1518576727556 19065
2090.7084236058595 19067
2231.1109106068466 19157
2648.4463715646234 21021
2712.0240064438335 21061
2677.117478075865 21085
2584.69712967673 21109
2686.8855894721787 21231
3146.6694157200373 22017
3456.2740385086454 22071
3460.9660906172903 22087
1946.130813854647 27003
1643.3851095213854 27069
3143.173508135947 28017
3273.6603477154194 28029
3435.8686817978733 28047
3227.767432715816 28069
2141.349777407016 30059
2283.891081337938 30087
2467.0747993444647 31127
2487.7958733476985 31131
2799.9258550481254 31145
3151.9868091832077 32015
2435.4934776049245 34001
2122.341496556295 34003
2287.956651877738 34005
2185.68161176464 34039
3773.810427124 35053
1994.6274272279156 36017
2086.6130949068092 36087
2004.5043972302203 36121
2824.272160036899 37177
1676.2866619958863 38067
2421.185124151931 39071
2472.4794461591982 39079
2266.1207340305896 39161
3979.6613026969003 4003
3296.5360379068093 40057
3072.3124989636312 40063
2319.48926877696 41049
2173.1166567525083 42007
2120.630278122734 42089
2079.6075783167867 42117
2365.599655292856 46075
2257.9650738224477 46085
2199.429533337936 46087
1969.1613610814804 46091
2901.7549310265326 47009
2744.499088925282 47095
2930.6005681769507 47127
3509.8164169131524 48027
3366.256732132033 48039
3284.03909418805 48225
3650.982836279014 48297
3509.700343462227 49025
3019.5556502824193 49045
2795.1790701321047 5007
2721.648268596839 51025
2468.234612562501 51091
2735.4032948162935 51105
2730.74539982015 51111
2478.1469913124183 51165
2743.5662853060476 51590
2247.390897586421 53005
1846.8621012850472 53029
2336.7927712082187 54051
1796.5900204622528 55007
2077.8623493740306 55065
1868.5720069168929 55083
1901.511614152463 55095
2066.281200614763 55103
2658.3294431531854 56017
2465.5739757822266 56045
3760.0219433804227 6065
3619.583216112828 6111
2717.9491491659123 2013
2717.9491491659123 2060
3094.335611000246 1059
3134.508303718596 1093
3809.671859774073 12103
3205.9166609002227 13021
3153.5577853196264 13077
3014.9828195360897 13115
3218.9782820760074 13149
3136.77136488502 13157
3237.9832478548146 13163
3367.7194577667965 13185
3391.1958359859564 13201
3260.3276590719406 13215
3250.4611949791847 13225
3333.721800160589 13321
2351.0729624290484 17147
2299.70208586606 18009
2375.9588759410203 18013
2176.95993921233 18091
2026.3137140196654 19005
2220.3150208312995 19095
3155.028446863971 20081
2612.8053275827206 21093
2625.6377817997013 21167
3412.513813100172 22053
3440.28140052301 22093
3455.6712422309292 22095
1977.2433592495456 23011
1894.2220795236733 23025
1894.312810649156 26031
2024.2677976593322 26057
2038.9960318090027 26067
2029.0013729525474 26157
1964.0224449303687 27023
2099.0958705814573 27083
2153.040732471859 27105
1752.1627235182254 27119
3189.2685043551924 28015
3087.961136898022 28115
2403.2432549384353 29111
2802.916231154631 29145
2346.2899476392163 30075
1874.9007250617087 30091
2355.81187 31015
2302.4654099285044 34029
3376.9262738563775 35007
1997.1627768625447 36007
1959.768271487 36035
1968.2048622359098 36043
1965.0656078093468 36057
2844.022972978883 37101
2929.7810259309003 37119
2769.084153559141 37189
1883.2471496419835 38093
2245.0486724720995 39123
2185.127414038746 39173
3132.073804483222 40029
2845.310665862527 40035
3213.471369146717 40051
3850.990203447757 4007
3045.582933792078 40083
2375.319701305747 41011
2572.127831604824 41023
2060.5979922117804 42083
2144.9472640676877 44009
3180.235343813006 45005
3061.4863418615914 45007
3102.3152355377397 45017
2976.8385466235445 45033
3035.659118256043 45051
2030.9377264701116 46011
2423.2626508678586 46095
2832.5515619555663 47085
2983.103484556476 47109
2718.5553073445603 47133
2752.998235926977 47151
3435.661430345393 48035
3534.4006949915356 48093
3422.2407290530027 48185
3261.427163411374 48241
3099.375042873986 48277
3357.031107013992 48339
3446.6971686428815 48375
3118.788100449563 48387
3291.1930369835372 48485
2866.2221686047797 49005
1951.2583590024653 50021
2727.9750106065076 5049
2785.5167247961062 5075
2644.1656064306717 51027
2646.9649785658635 51071
2687.228635675663 51077
2589.048492571548 51580
2557.3473532906733 51630
2360.142117584389 51840
2482.5874549200016 54007
2585.5640970451886 54045
2334.979298795002 54057
2359.6204569750726 54093
2624.0651926502605 54109
1827.1455897587268 55037
2181.0389856960965 55059
2065.1277297649076 55133
3793.765800556418 8027
3433.751586580675 8055
3847.916669395438 8057
3138.7776583827767 1057
3162.168489983746 1117
3397.758541641619 12067
3793.994539741184 12111
3138.5675191133087 13247
3328.639098366215 13315
2800.763898243346 16025
2250.3222931475675 17031
2180.3001233949053 18003
2507.10142074814 18043
2500.3528166116603 18117
2295.230810008009 18159
2186.78883985063 19169
2854.7601053235303 20049
2719.8081786509297 20157
2657.740487630678 21001
2630.7395960157132 21051
2664.762436916152 21143
2584.1562693781316 21211
2683.541033817271 21235
3226.8153413669434 22085
2035.4023138465097 23005
1867.3645738702824 23019
2341.566782757197 24023
2506.5078227798954 24041
1880.075881733112 26007
1987.1328639526657 26035
1709.8722516858857 27077
2006.6850206668669 27143
1916.6637017543917 27151
3075.1479318699962 28019
3316.8237844596806 28039
3284.5070437022714 28077
3135.119610776854 28083
2964.9328750151813 28093
3247.6048939315774 28123
2548.2246849091985 29073
2699.789536419209 29105
2457.156173730076 29113
2462.8304627774223 29115
2627.356354966778 29125
2430.90160847988 29175
2365.092315841221 29199
2704.660108911151 29217
2284.31996449423 30003
2279.5972261251004 30081
2675.7366871831487 31113
3000.0535585523876 32007
4144.998521424214 35055
2004.6723536999332 36021
2144.655410950685 36061
1966.946959075693 36065
2828.453559641733 37003
2947.4693440035667 37007
2869.7030313201467 37025
3017.9567854437923 37039
2968.271795090627 37075
2903.726086512897 37159
1808.717771588447 38031
1784.656741885415 38075
2372.5023739443754 39113
3176.3697573434415 40059
2296.774680206323 42051
2179.40312111445 42077
3006.1652249540202 45067
2795.7603510472577 47025
2749.286458200486 47091
3398.512239520139 48015
3980.7460243690043 48105
3869.383149031612 48127
3335.1726242243167 48237
3317.7643687974023 48251
3387.8914319812025 48421
2944.8703499745575 5001
3044.9076910491935 5099
2694.9172785261426 51035
2465.0040308564357 51061
2611.555282892595 51133
2496.836867163217 51153
2718.7670083140647 51800
1843.6052442622088 53009
1837.093950404531 53057
2129.7991077516103 53063
1928.6579673168033 55078
1852.9893608285488 55113
3100.5063575051454 6033
3692.5357899810074 8045
3866.7298461594123 8049
3881.290330114132 8109
4041.186381843956 8117
2149.58750063975 9001
2717.9491491659123 2068
3614.714205009405 12009
3390.222843652813 12023
3451.038315981629 12045
3635.8128614196803 12101
3252.211211053873 13053
2095.925318363687 17007
2533.8229713845635 17081
2318.744167745956 18057
2225.524741870191 18099
2095.6005722904856 19017
2172.0718037896927 19099
2754.3461796945726 20037
2944.8537543642065 20145
3190.263113271729 20175
2818.485072743529 20207
2540.1648063039493 21135
3400.819083885382 22001
3181.7364146200725 22013
3340.2613357935857 22029
3290.2238143203613 22043
1957.322766282025 23029
2483.1719928422267 24011
1980.4709024080682 25003
1875.5436986337952 26009
2209.7329616035186 26021
2043.5838543181167 26049
1937.645079736752 26101
1955.79173898137 26165
1789.3487191494798 27029
3260.4878031997227 28049
3314.691484746043 28067
3273.2205703089317 28075
3059.3115084437472 28161
2483.9900992689913 29063
2802.4059348763462 29119
2404.2108179504553 29129
2725.0677607333732 29143
2667.17784175928 29167
2479.4315033424364 30001
2321.3296000191217 30023
2802.0051115401448 31083
1969.668269561202 33019
1949.3951040760867 36115
2928.0861787481736 37045
2878.2413348530404 37051
2931.7387028551643 37071
2768.581696545074 37169
1995.529465583707 38089
2195.7142592857203 39077
2309.260507873126 39107
2262.5907991425006 39159
2479.6777753223328 39163
3239.3283803790328 40031
3082.6745060243206 40073
3636.376630369865 4015
2420.923754725191 41069
2149.361144433654 42063
2066.8733330178284 42069
2143.4838785352595 42085
2106.6640079333347 42121
3310.8515382098167 45013
3016.745815142154 45087
2007.9376224274065 46037
2054.1553100702995 46039
2239.5873264045804 46073
2125.606629812501 46107
2970.7745901643625 47023
2811.0504553635587 47033
2764.9051135936024 47141
3605.810170538918 48025
4104.500403194347 48229
3685.3339278418243 48273
3290.659551063439 48373
4159.812163184293 48377
3303.9080612971 48393
2922.8077051302666 49033
1795.725884313717 50019
2831.675933257566 5031
2842.8992518538803 5067
2912.993180097484 5095
2702.430564636447 51143
2791.244530524067 51169
2616.5456767565415 51680
1965.768399885034 53019
2334.1486481539564 54061
2540.460194950264 54079
2491.5415554198094 54101
1977.3562644346762 55027
1958.110299998951 55033
1950.2544811172477 55139
3295.1272702124 6009
4110.114859240508 8015
3000.3355531035613 8059
3612.097145358645 8093
2717.9491491659123 2070
3087.118489630334 1029
3302.9833559223857 1087
3618.447813978324 12053
3392.3854741120435 12079
3535.684548817608 12117
2909.585188280959 13047
3105.4661247437557 13057
3128.933803220967 13089
3198.771761216037 13197
2808.2360099347584 16083
2345.7925328272245 17041
2229.4629649887047 17043
2220.861834484185 17097
2660.696440919148 17127
2178.9998447906296 17161
2571.4773075970575 17193
2348.774524137442 18045
2457.1156615578707 18119
2209.912563265053 18127
2173.4192264653043 19115
2174.463049777111 19119
2793.0332454524055 20041
2663.264311218582 20107
2803.9840945013957 20133
2734.2196093138714 21075
2666.097788359596 21095
2650.302406122954 21125
2693.47058153688 21147
2613.1263674442876 21215
3322.1729858243293 22003
3405.3910950700747 22113
1938.0228271793655 26079
1765.118137630879 27137
2000.6758713410184 27173
3473.0367771171677 28045
2510.69110342774 29099
2078.6082217401154 30013
2044.515076099095 30021
2845.963862586081 31057
2765.112590055955 31101
3566.701966992306 35059
1983.8825793404915 36001
2042.485716600251 36015
2024.1820410894352 36073
2914.9892089312966 37055
2950.899446451037 37173
2203.4739454074424 39039
2262.3371857760244 39083
2305.6433408924327 39091
3169.2934083876626 40039
3082.999280731847 40093
2885.746957855469 40105
2854.109369859927 40145
2593.155290085056 41013
3122.404894063874 45065
2963.386024894425 45091
2095.655117513407 46077
2131.5505373531564 46111
2765.7764973276785 47045
2903.544317683061 47121
2751.9509345639094 47137
3456.423346406591 48023
3164.2967493786746 48119
3798.254880977656 48355
3631.9447012416967 48493
3139.535138717574 49007
3417.0213073036125 49037
1802.1333084555872 50011
2782.33637329319 5009
2647.7912662633935 51019
2913.3233058943374 5117
2712.571374818321 51650
2699.925704194558 51735
2814.2782485431803 51810
2515.9766764039105 54039
2427.9889354458446 54095
2007.6309087723043 55001
2077.618811417761 55023
3305.9601070116187 6069
3077.566513652317 6081
4362.379577048871 8079
3679.5329685556 8083
3261.1617670475184 1017
3071.089500620926 1033
3650.830638457737 12105
3281.0213284056244 13001
3368.453539235588 13027
3317.2298399592696 13051
3330.388500395203 13191
3141.2913925312355 13211
3279.514408018383 13239
3316.748890679409 13279
2508.271290969925 17055
2633.736815366962 17059
2283.322498001414 18015
2566.8187463218046 18061
2206.268813078023 19015
2224.309491047742 19035
2236.8379954022507 19057
2127.1284889264066 19063
2311.9060863885447 19185
2961.819504849024 20135
2427.66455438746 21117
2702.5257626735 21121
3392.7394791758443 22023
3268.3206378856794 22079
2090.0105136885954 23031
1915.366579417659 26085
1760.23787518668 26095
1754.7456359158423 26103
2083.160359739335 26125
1965.5704541600305 26129
1915.2358613475978 27035
1914.428486252036 27163
3321.305990704636 28001
2498.5996819283023 29089
2797.7879570268374 29209
2309.1777472042822 30031
2233.707913381158 30043
1900.7065515174913 30083
2829.15650047619 31065
2606.7053926096287 31067
2677.4675487888885 31075
2276.8822110176047 31173
2017.706726866988 33003
2474.7676447202484 34009
2931.2651413502194 37105
2938.0140294510593 37161
1806.7789117282612 38091
2379.1329026957565 39023
2422.99688561959 39115
3091.979545887264 40023
3232.946962967039 40045
2153.906113915158 42095
2099.5478388600955 44001
2158.3498835471223 46005
2377.723611976529 46071
2733.1667724162357 47013
2989.5916826798093 47055
2892.502132828644 47065
2876.8400795250186 47081
2861.6783474052936 47157
2841.2381627889363 47163
3900.8398901764713 48103
3553.332733855652 48117
3409.8549913971156 48233
3969.562868873645 48243
3515.7681493621535 48253
3285.4719117414734 48349
3664.2791835200746 48415
3820.100845071049 48427
2828.4721334734368 5055
2865.3190527377574 5085
2821.8526154813426 5105
2706.534668155971 51089
2689.8861277572537 51195
2837.1392573794105 5147
1854.6795889128118 53035
1978.1289120335828 53069
2638.233589827856 54089
3191.189075869505 56035
3543.3874362958895 8029
3147.97452437036 8041
2717.9491491659123 2016
2717.9491491659123 2100
3121.336442848574 1009
3300.235532729743 1067
3007.2466847670503 13055
3349.724641317058 13277
2551.493806355133 16085
2332.7392397104195 17019
2213.6819930302718 17063
2319.955373534182 17113
2442.4954312282875 17117
2522.093279825719 17121
2360.6234512650553 17129
2226.2059327908746 18001
2442.91755846139 18079
2193.149556748412 18151
2303.805434428833 19133
2239.3091953427106 19181
3031.626047798442 20007
2747.5158231335886 20017
2740.658136943828 20111
2485.1306454848345 21023
2523.2550838483007 21161
2735.5987238683833 21213
2723.633886092604 21221
2622.959229974512 21229
3267.4696482179893 22069
2162.663597576195 25005
1941.30632841506 26089
1970.5765851660299 27019
1634.9820616803443 27135
1985.9803115630698 27139
3078.5785431097206 28011
3087.2318952848545 28133
2453.900601966765 29007
2651.066865640866 29029
2475.209638779779 29189
2404.5467139562875 29211
1997.8941274235656 30089
2741.9361801685714 31047
2548.807166341084 31165
2679.8180693773975 31169
3759.5353794824164 35049
1818.7187432544083 36031
2161.4754499652163 36047
1964.8678642493408 36091
2855.6364545269025 37057
2784.9419735696993 37077
2924.8027684233825 37153
2959.738846199211 37155
1912.0487005552686 38077
1864.542861751128 38105
2233.3301872316033 39125
2263.853951352197 39139
2418.4024630163526 39167
3025.5391365014243 40081
2102.702358493432 42035
2217.733584006286 46041
2906.5178966173953 47039
2721.836841016428 47049
2814.816339139962 47073
3425.90032891011 48011
3611.3880704820226 48049
3553.910381444445 48125
3719.6981912536503 48131
3451.9181406705293 48239
3742.276825819589 48265
3437.4676224376776 48275
3786.6240060992636 48327
3975.5936871445315 49031
2991.0653768355733 5013
2962.301692787357 5025
3072.2166446571523 5027
2373.765664275037 51043
2660.3763214908995 51115
2475.1284360446416 51510
2383.555310243107 54103
1899.9330512737927 55109
2690.0224371532186 56031
3697.191121551496 6059
3114.877622941916 6061
4123.744625466165 8091
2101.405592131986 9009
2069.212217773269 9013
3415.579325547717 1097
3055.889052404811 1103
3348.111934024891 12047
3185.7485067888188 13013
3292.8022205107686 13025
3295.5888784902513 13049
3364.907604592916 13071
3104.505040186545 13085
3006.229664611818 13241
2244.8383247730258 17091
2315.805893551298 17109
2284.7321407495933 19051
2053.979381404607 19089
2868.8096701097393 20115
2557.697541735297 21069
2593.3795817670684 21073
2548.9864550015445 21077
2661.95892004584 21119
2585.129555582067 21209
3337.87228193411 22033
1724.3718959212501 23003
1998.6701277674429 25011
1787.327766772297 26071
2033.8871494668872 26117
1962.2592310807493 27053
2010.8035859706486 27161
1981.055751843133 27169
3046.689997414103 28027
3306.378749132134 28061
2487.2635025001105 29005
2718.1111790641253 29011
2541.014538784271 29047
2670.972776667544 29059
2544.5678884761905 29101
2470.6755175235458 29117
2426.1175078708634 29147
2713.648963134111 29225
1928.55503266242 30015
1986.1703780020985 30029
2434.2437266779475 31037
2200.0609333762736 31043
2575.4952757752317 31161
3302.6333093389535 32019
1950.3085370862848 36075
1833.6524551183213 38039
1986.4619955130881 38041
1731.2815608566968 38099
2208.4679647333187 39043
2367.6950244834416 39045
2533.851342104737 39053
2216.4370905471483 39075
2223.919717141106 39147
2181.6770156851903 39171
2772.6903496078894 41025
2764.7782816125987 41033
2190.354430827145 42011
2228.2273387739356 42017
2273.826758606656 42059
3081.7136887291854 45001
3033.4091287272217 45015
2507.2108366019634 46113
2811.955169321347 47019
2835.0586406441844 47037
2848.209708760723 47043
2737.336657225164 47087
2805.987952676366 47097
2966.2291165542542 47099
2742.9877600007153 47131
2775.430149784325 47169
3434.6578486607496 48065
3593.053616835791 48187
3861.660703062271 48435
3410.0919390644963 48481
3335.3200555274725 49021
1859.6024709657486 50005
1952.077164422028 50027
2508.458409889325 51003
3041.7168590787815 5103
2544.6933998214017 51137
2545.266335985844 51179
2792.95062505528 51191
2742.1009283623976 5129
2798.4521248346814 51520
2472.7555325410194 51660
2279.723482208076 53021
2579.2039673371787 54025
2444.5038702473043 54087
2449.3038063654735 54107
2026.4854384745727 55117
2030.2653600178064 55131
2647.835649049981 6015
3172.758383673783 6057
3250.6969818255875 6099
2981.637838340294 8035
3467.0003644915782 1003
3324.3293134772666 1041
3193.711684580596 1107
3311.0268690036282 13029
3337.1605200588397 13037
2999.464326892679 13111
3119.636848768132 13121
3152.622406160634 13133
3154.5840810177738 13151
3170.237671593593 13171
3193.6079865773277 13249
3250.8150673937403 13273
2573.944780916996 16033
2604.646163385423 17087
2407.0223807481384 17137
2601.8150787824015 17151
2329.9859104344027 17167
2375.621657110036 18063
2366.1796978890065 18107
2467.986314764706 18153
2433.3585102843163 18167
2476.6343214081176 18175
2691.0911419159347 20003
2913.634023058899 20015
2876.673564293896 20053
2779.4740859604476 20089
3000.1851999818837 20097
2853.5173820074074 20105
2649.012510541389 21079
2594.449776052371 21091
3165.6042596600687 22073
2374.9122880027776 25019
2126.4313552501126 26025
2053.4185418298894 26065
2016.3490622213276 26123
2021.4543249360886 26151
1990.0704631376427 27011
1900.375407918725 27153
1921.6193745273906 27171
3337.5650356038254 28005
3226.7157172773072 28101
3122.2742690807468 28105
2623.6170723186206 29015
2506.326380127379 29049
2462.737418233574 29163
2464.0782062879857 29173
2676.185630241429 29201
2832.130355690947 29213
2467.7244009918245 29219
2099.996608142855 30025
2208.2677636665107 30063
2653.3718794155725 31035
2380.5234344612627 31089
2791.2710769742653 31135
1967.8840003446398 33009
3790.9030493143114 35005
4077.315757371744 35029
3065.912599877859 37019
3021.2537652465535 37031
2810.3511681517275 37065
2824.5963368553535 37121
2938.2052693447995 37133
2808.95231868696 37181
1826.8161843636722 38103
2176.5743445682956 39099
2328.165170504373 39149
3228.5151012433694 40067
3243.826779052772 40149
2617.475403982985 41015
2200.5529545252307 41071
2071.0752523251294 42039
2076.5427951543243 44007
3039.155128943664 45045
2066.510118811714 46045
2867.654963992264 47093
2966.837002287127 47115
3154.194660723526 48063
3411.1114604702652 48129
3600.08957121582 48177
3345.3601681560062 48199
3190.798006334332 48203
3296.5956618129485 48211
3361.5740556798914 48361
3204.8666687634272 48365
3262.2977946475467 48379
3926.585123527884 48383
3942.0071938780343 48475
3836.1158648478845 48479
2952.1111857414458 49009
1981.4895473710726 50025
2688.247493821886 51001
2470.648124795768 51059
2822.268327043046 5115
2690.6209377365903 51185
2295.827958486989 53013
1991.8673374000568 55063
3338.314509026912 6109
4175.949386211895 8007
3959.0631435828104 8067
2717.9491491659123 2090
2717.9491491659123 2185
2717.9491491659123 2240
2717.9491491659123 15003
3320.892951612221 1013
3362.63514374014 1045
3053.112909247948 1079
3234.7650652996326 1113
3578.445009230795 12037
3672.3805490622135 12049
3455.6782630830203 12091
3433.9269938515095 12131
3209.303848657862 13033
3096.6088076237447 13045
3140.4423331649996 13141
3306.3553377018566 13161
2089.446960491823 16009
2618.2716955332667 16075
2196.64750484231 17143
2616.86329307434 17181
2532.419380787094 17185
2491.365148786448 17191
2545.883132571033 17199
2556.774276178721 18019
2483.2744413702953 18027
2465.6186754038117 18105
2395.563084401326 18139
2342.947961318624 18171
2125.4835088216014 19189
2716.003167931417 20061
2638.1784601877976 20117
2888.5560801376987 20167
3080.2854086029984 20199
2599.149086587854 21063
2036.3218551958635 23013
1955.559188209991 23027
2034.268974446579 27073
2057.4807063438293 27103
2040.3696431714177 27147
3261.5692793870553 28085
3144.8571029311315 28099
2469.558725586037 29041
2431.264574865382 29127
2752.62158855903 29181
2605.274598236023 29186
2413.4359850745095 29227
2092.6790307689403 30033
1909.944622544226 30085
2481.9323543719443 31025
2781.6630899775205 31033
2587.327085009255 31081
2800.809964488972 31085
2507.355889194765 31121
2306.0008995519147 34033
2192.071166403064 34035
3566.8014266959362 35028
2019.976789686439 36025
1888.3879718000376 36049
2216.711038872156 36059
2000.3358763050112 36095
2242.1644896643143 36103
2025.4768956330463 36117
2863.8835917178344 37151
2435.0220977740273 39073
2388.678243677895 39111
2364.783123188788 39121
2365.9674232630764 39129
2349.772032689292 39135
2417.6692878777385 39141
3282.508878397421 40075
2908.114926769245 40079
3002.5834411188266 40107
3779.6083369589446 4012
3035.288668131629 40151
2213.9353462319573 42009
2066.5902894107157 42015
3048.7867530954227 45071
2004.4574849103715 46051
2214.7671144387655 46067
2854.499815245166 47007
2876.5599487584914 47077
3262.9723681911255 48005
3185.3028393992004 48147
3670.9359877045863 48151
3354.0267248673836 48155
3856.2083002081304 48215
3654.634965965301 48299
3410.1029933699283 48309
3399.5147280507585 48321
3628.165885442835 48333
3835.4395995750924 48385
3433.7672661683946 48395
3285.6549963071493 48405
2856.539618376914 5083
2726.6108958445893 51083
2564.8259546756462 51193
2853.6649961676017 5145
2092.2224424045507 53047
2258.4219369977927 54009
1966.0904867260588 55015
1804.1274739596286 55031
1944.1311870450584 55047
1914.6765224663334 55137
1956.6133101702594 55141
2849.4798599608753 56013
3416.963401743164 56039
2977.1897174931187 56041
2968.4136767805567 6103
3019.3142133677966 8005
3089.3486319024996 8081
2815.0733845817676 8095
3807.1661274410176 8107
2717.9491491659123 2195
2717.9491491659123 15005
3369.688427925314 1053
3115.971644176366 1075
3028.2664663729006 1083
3327.3330128550006 1131
3320.8447458616174 13081
3091.6586207270375 13105
3321.1939511691185 13109
3157.1696698268406 13113
2634.3892231921586 16037
2538.3131862243968 17157
2248.5374760891145 17203
2343.3407202425014 18059
2478.754413009056 18093
2534.948980708944 18155
2272.5453500865624 19001
2034.9937561545494 19019
2051.1451009954826 19131
3134.064535940181 20055
2634.5945171044027 20059
2837.94660149822 20169
2716.7705017054514 21035
2576.5957235273036 21111
2571.607201231804 21181
2589.4039383017694 21239
3369.7285749445937 22019
3132.888124072483 22027
3417.5785342622025 22051
3519.0335304405203 22075
2369.0457026364966 24025
2067.6836436979756 26081
2073.812579015637 26127
2015.1338886256822 26155
1863.4313218380662 27057
1824.3721373028636 27087
1698.1980576637104 27089
1865.135866380372 27097
2121.846986647584 27101
3272.122707591001 28065
3039.833665171846 28117
3126.0979084915202 28155
2313.502062266144 29001
2685.599762107369 29017
2528.991091387538 29027
2626.5338213262107 29055
2749.9546549589645 29067
2473.6677280728927 29139
2493.949016642928 29195
2254.0691301731435 30037
2115.5258058764193 30061
1980.4832074894373 30073
2547.323996933334 31133
2463.493052270492 31143
2345.2743261178725 31167
3600.3770589474548 32003
3276.7503826364136 32031
2210.622772253119 34023
4109.357106394046 35013
2102.1029920084684 36079
1980.2690228841886 36083
2016.1406470237168 36097
2002.3167570909313 36099
2046.446845495914 36101
1997.8369674370344 36109
2878.725430952095 37013
2797.3848933955614 37081
2752.1649785086543 37171
1828.4839015323066 38005
1792.5466845766505 38071
2527.1965009383757 39087
2226.1890191903312 39095
2240.8615237939316 39143
2213.140194978947 39151
2840.4305603011367 40131
2226.3469489838494 42003
2114.7671919332033 42081
2250.3605361026325 42133
3019.9245577850375 45055
2929.7840579260155 47061
3710.5547304047273 48013
3362.0017668903624 48075
3725.205640880571 48163
3759.348066260439 48227
3392.353970496209 48245
3623.113003066384 48255
3245.6071003453426 48257
3643.537006131521 48279
3823.192479814655 48323
3215.3640807685483 48397
3209.0962860792924 48459
3247.940254477834 48467
3086.2370641596567 49049
1873.434834733248 50015
2616.289780089027 51103
2723.8189619557147 51183
1940.9904531717414 53027
2467.6716793508317 54021
2638.05932255706 54055
1921.217160828464 55005
1955.6846583428508 55029
2117.40191500461 55079
1861.2576949176334 55129
2934.1750307898155 56023
2952.336948580342 6089
3067.3894026734274 6113
2933.5346115317566 8087
2401.4674728608406 10001
3287.2498774169817 1123
3198.023175011679 1125
3862.574882910003 12071
4493.116261513277 12087
3307.1865092639237 13031
3134.5771623208234 13059
3126.245760682304 13063
3155.727452998588 13139
3266.6109766372842 13309
3098.362088571591 13311
2255.338123894022 16035
2096.6837787938803 17085
2686.44422053864 17153
2491.7459129679255 17189
2192.2027258787093 18039
2214.893244030812 18089
2492.714788610302 18101
2573.2144562948274 18129
2187.72638136072 18131
2290.618828848814 19121
2165.3683381777428 19167
2922.329900047342 20079
2834.7923422399995 20113
2980.204739392427 20151
2876.9347691198045 20163
2898.0921373543215 20173
2608.8522354182996 21059
2697.1595147253192 21157
3234.46431168057 22041
3415.0988180839304 22057
3358.4868201917757 22063
3212.7432413643537 22081
3415.4010681295595 22105
2529.47903674989 24009
2151.704089115681 26059
1704.8208168741028 26083
2194.874396205944 26115
2042.7249561806964 27013
1837.4384579333132 27017
2037.4485529900376 27033
2037.014770386718 27099
1910.1446149813767 27111
1852.5619217670633 27115
3101.8158538259795 28057
2446.043475234555 29025
2538.190365481694 29087
2786.42014221222 29149
1945.9579966750907 30051
2234.8528606615964 30107
2736.863545225093 31005
2388.0499833385093 31053
2450.6088486343265 31183
2044.4537074859709 33011
2785.1150375034304 37143
1897.185001930177 38015
1851.970639173284 38043
1899.2722805884484 38047
1963.2476659380216 38073
2486.9868832829925 39015
2406.415920867273 39057
3152.9178228246187 40027
3220.9305049148134 40129
2168.7505478068015 42037
2982.360194931636 45023
3084.3003097753813 45063
2094.210947301525 46049
2844.397687140298 47005
2865.900979451246 47119
2902.252320472633 47135
2791.325001729847 47159
2824.902994248862 47179
3786.8292941915183 48081
3456.7871252067725 48133
3691.891973794933 48259
3917.0685278627934 48461
3758.746287049234 48489
3440.082402569489 49017
3041.138887784119 5061
2550.4039828783257 51017
2454.9543708380766 51139
2918.6714372696333 5127
2520.2415541812757 54011
1788.2817547701118 55051
1970.4529937776965 55053
1898.8711107330791 55085
1865.1977342775451 55125
2869.8654683822524 56037
3214.8690977908464 6087
2918.4128964211395 8039
3002.3581609716 1049
3134.851834270672 1115
3358.331461172372 12001
3883.393267898392 12015
3549.7268325755495 12069
3481.765470599787 12119
3362.559307832631 13007
3132.737639739773 13011
3239.6540156767032 13079
3135.200496242508 13219
1992.5448203345386 16017
2819.3483798364314 16063
2404.61388701898 17013
2271.020412979666 17071
2317.0380255163495 17107
2240.652862045129 17197
2361.1173626329937 18065
2529.136905977196 18083
2423.0937587682083 18133
2150.49637195687 19025
2305.93483306211 19029
2275.3142121221495 19087
2259.6616896151945 19135
2179.1039146324542 19163
2275.4950685932445 19175
2552.114192039779 20131
2574.9005255709712 21043
2596.601137188671 21151
2558.3912646143003 21185
2655.334942582934 21217
3431.236819679237 22005
2005.8758987993128 23001
2315.102043396225 25007
2064.575923335165 26045
2147.0366243199614 26121
1907.1047655384045 27021
2146.086427570334 27133
1889.776664563346 27159
3165.2707448812585 28051
3248.952662996926 28089
3064.5906953173976 28119
3049.0233515310433 28145
2520.6215903946413 29053
2405.5123823833937 29081
2669.955512325111 29169
2641.847384236424 29221
2333.931323176271 30093
2174.765961826461 34019
2103.049446946192 34037
3714.152986038624 35057
3024.070953284852 37129
2869.6898019616187 37195
2776.153503617563 37197
1983.2236367547548 38021
1859.5909921510702 38049
1810.0737684059666 38101
2461.1221141612423 39009
2261.6123991092763 39033
2205.9203512390786 39069
2186.759306970738 39103
2410.4951854365936 39165
3209.765869975381 40015
3119.897407645263 40017
2893.6423931994186 40061
2989.581566215457 40119
3279.4619798831773 40139
2170.569779438156 42019
2111.8256113832217 42031
2078.491558349931 42103
2247.941422376591 42111
3054.642970477459 45089
2080.71118330454 46013
2312.9077778832157 46103
2830.2886070161935 47057
2821.481661331013 47067
2837.543896771684 47075
3205.333564171278 48085
3416.027187179238 48143
3360.284086780036 48313
3267.736858788306 48347
3288.5952436199614 48403
3351.4367293496 48407
3482.2557025142855 48417
3235.1066720796107 48423
3453.7129343708857 48437
3354.5112780109043 48471
3153.8646083710314 49015
3382.199566623118 49039
1883.9729538448908 50023
3039.6076658926186 5081
2589.6576274769936 51009
2656.585497828865 51051
2586.5840183214345 51109
2613.9381646434426 51119
2618.1706806963703 51121
2585.7199522492474 51163
2543.2490263414707 51177
2699.7238898887367 51181
2750.377761410365 5135
2731.0152380296 51550
2466.447621415057 51600
2496.619280928907 51820
2697.811246597054 51830
2044.378202096159 53041
1920.068330488607 53049
2323.998943947007 53071
2257.1024878389053 53077
2416.997620138904 54031
2625.273930771613 54059
2360.87503328027 54091
1764.806945108662 55003
1876.7934615895135 55009
2074.227323954943 55089
1924.832449767472 55115
3000.3395935265044 6021
2966.0102522420857 8001
2943.065401181514 8121
3295.59355719714 1051
3337.715774932071 1061
3070.46538922595 1095
3269.3638274555938 1119
3331.207871540393 12073
3358.9754963043874 13003
3313.9542414713246 13005
3295.6739968916922 13043
3375.1380232509546 13075
3119.8709521424926 13119
3302.5480487598134 13179
3162.0474561391875 13189
3116.381529984765 13195
3185.267579308926 13207
3140.780058800001 13265
3129.680096916443 13317
2707.578932630592 16065
2699.699294859579 16073
2401.6872035621172 17135
2413.137068383112 18005
2209.4801862886334 18113
2078.200632057239 19023
2129.8871402603904 19069
2075.6940377508554 19113
2302.365236208698 19117
2925.813268336412 20009
2728.176396289406 20011
2766.7670816478435 20029
3031.3027103071167 20033
2956.8838444812245 20165
2487.9522690701147 21015
2549.541662882987 21019
2589.6901637300384 21127
2639.135347514436 21155
2621.784540025284 21233
2593.3564563670666 21237
3151.4599616823 22067
2417.111460075316 24003
2362.143375539857 24510
1956.3314535041884 26001
1891.3228755931325 26143
2136.144321511993 26161
2008.0169008195148 27131
3320.1054742733318 28023
3084.727175112516 28135
3105.813883975016 28151
2743.1391971866906 29091
2406.133150760267 29103
2514.4064839224993 29183
2715.4112219798517 29215
2361.0166953011476 30009
1979.1403602771875 30041
2519.9822163208974 31077
2740.496009166668 31123
2496.4140769340656 31125
2722.453278488177 31129
2534.0753507795666 31159
2031.2837899981105 33001
1948.972326055321 36011
1983.4333853269197 36069
2048.9975624423887 36105
2814.226366209522 37135
2963.273254188551 37141
2765.0046957700356 37157
1891.0636127373127 38061
2209.330360186236 39029
2397.153018498683 39119
2262.887700695382 39137
2212.60432578692 39153
3374.8109715945347 40025
3215.2513450893503 40085
2821.7899091656354 40115
3843.7676338453107 4027
2171.9411335782665 41003
2068.7104585034035 41009
2352.114185418235 41027
2890.254995126139 41035
2280.4497122780067 42045
2135.459002632231 44005
2980.8285635359475 45021
3056.9243655175283 45047
3051.426805276925 45079
2203.053548043481 46069
2150.708673358696 46097
2901.4420970555207 47107
2826.014335843438 47147
2784.431081626143 47173
2750.927746434376 47183
2829.60632017033 47187
3638.2654436715857 48169
3309.3129432042997 48197
3472.968221782882 48207
3185.738639782016 48223
3336.9719217413126 48291
3551.42787247547 48345
3204.294827811766 48357
3029.5490821119497 49029
3008.8233386100783 49035
2960.2205588708216 49057
2651.8573041247673 51011
2477.336199199158 51015
2623.62947000846 51049
2978.0480652986203 5107
2470.167351802891 51113
2655.154907353309 51147
2720.7089449313858 51167
2636.795340589248 51750
2635.5742424803407 51770
1811.824956139611 53031
2561.4783398675913 54043
2310.068953147415 54069
1987.8158325049815 55071
3051.8580162745716 6011
3068.6766496412074 6035
3755.2183726204476 6071
3282.2938829353025 6085
3097.1503651495077 8073
3837.789734257454 8105
2056.0484265765544 9003
2054.8135264914768 9015
3309.3847680984313 1035
3315.9571616112516 1129
3316.419862297024 12019
3710.7496014105145 12055
3406.343911808931 12107
3174.784892566665 13125
3239.278856465257 13153
2694.681601667914 16015
2538.009335502036 17047
2430.6688484752976 17049
2130.503328744191 17177
2523.7495647152073 18143
2127.838566084765 19059
2255.444789468392 19107
2182.7088772600373 19197
2792.004478250994 20001
2734.0122925885175 20027
2991.0026019791294 20047
3088.8778533759037 20057
3123.744251261883 20069
2774.1522921532573 20141
2819.8639125912628 20143
2708.196638780501 20161
2577.8903904824638 20209
2666.5026612702463 21195
1842.2681100977027 26029
2110.0825827942062 26075
2156.699762237786 26139
2002.585292547695 27129
3142.5076899783603 28025
3457.242887336774 28059
3058.470858344282 28071
3134.617167379779 28087
3232.352307340039 28149
2751.7147845539716 29069
2483.179469382391 29177
2595.425883225206 29187
2709.3176150237964 29203
2375.321406065631 30067
2148.656340927202 30069
2677.156117824901 31007
2498.364204745376 31031
2522.50790581022 31045
2760.780561344323 31073
2638.7505748226426 31091
2383.7177556534957 31141
3749.369171838906 35001
2137.156588374123 36085
1956.6288107351531 36113
2894.3651035767525 37049
2768.3244652481153 37131
2915.725629751794 37149
2912.887704470655 37179
2832.616793066829 37183
1872.0609533851446 38003
1941.7760995901838 38081
2412.3021035863594 39017
2256.1114667105317 39019
2406.50250497413 39047
2159.0560003140395 39155
3111.061702235294 40005
3174.153344981928 40013
2878.325928284627 40021
3154.5613681122954 40043
2915.9512553572995 40091
3177.5101195369084 40095
3082.7722307079994 40125
2167.648155581687 42073
2259.568518583882 42125
3104.6494749532103 45081
2310.198198077208 46023
2958.1000729826837 47071
2938.8940143448553 47103
2897.942732215707 47167
3681.6424452304836 48033
3495.6732690966105 48099
3835.6935762723892 48173
3391.3279450144723 48179
3372.5946128579735 48217
3916.9123210568746 48371
3743.578439847445 48445
3797.4458361505003 48463
3904.694879139184 48495
3211.846408362024 49023
3146.0810367383347 49027
3022.4335760842264 5019
2852.0078256144784 5033
2732.3387290136466 51081
2631.3781605969157 51161
2673.2668629828568 51640
2476.6817027118736 51685
2712.3728875583274 51700
2566.684824981315 54099
1907.8465614871914 55013
1990.1904821335324 55057
1934.5402728741271 55087
2538.9369725546867 56027
2511.2546706340754 56029
2438.2212134433066 56033
3210.175455842625 6053
3261.4582753151735 8025
2056.132487633197 9005
2131.424747473899 9011
3278.4555253379517 1099
3358.060803646647 12013
3886.250694170557 12021
3351.395238776886 12077
3396.658264458461 12089
3374.289897463083 13065
3338.9148956465815 13099
3196.270590936249 13159
3297.499803281545 13235
2240.2171559883254 16061
2046.4534923127567 16079
2677.345691319469 17003
2327.513120221225 17057
2410.904403068966 17061
2463.3649762227806 17083
2238.988021923925 17123
2452.0515820713676 18021
2342.467630787661 18035
2232.7865221543357 18085
2206.5935464254926 18149
2377.5323871369337 18177
2200.9765214132103 19149
2120.455422413794 19151
2918.910889324928 20191
2815.5343580033827 20205
2511.495835242956 21097
2670.396811994075 21107
3307.9104029257487 22009
3191.7348359893567 22021
3193.8676163701116 22031
3375.7163648967025 22077
2016.690680752378 23009
1831.2772893837957 26047
2027.8930459676535 26105
1896.3430313547005 27001
2020.7457856293663 27039
1948.9315718909738 27041
2100.891942642335 27091
1728.183027941357 27113
1958.3312989134943 27121
1746.8547189429053 27125
3139.514330911122 28007
2668.532682840038 29065
2533.94623804061 29071
2024.5155804568353 30109
3112.5364513549634 32011
1826.3446736302806 36089
2794.556242995113 37063
2903.1702001035337 37085
2948.3127646764665 37087
2752.998075670369 37193
2895.647135402673 37199
2331.0091620890116 39059
3280.463230233081 40141
2080.062707332555 42053
2122.321057622536 42113
2074.348467487046 42123
3048.2786400216355 45027
3062.5676981611036 45035
2922.7823795886625 45069
3105.284808510988 45075
2286.2433254441294 46015
2258.4603825172903 46027
2026.199048805755 46089
2071.118768880537 46101
2781.1276962683532 47165
2817.4094956289728 47185
3436.369635614544 48041
3597.873624240869 48123
3332.1505830219207 48367
3852.449223152235 48507
3523.396203022643 49055
2776.7498615208865 5021
2464.011938631011 51013
2588.3614053827223 51057
2681.400064536643 51135
2560.361836512482 54005
2437.160559094052 54083
1898.9807571973388 55041
2396.80297364178 56011
3798.75647079923 6003
2765.134547708416 6023
3018.5065235315133 6075
2717.9491491659123 2050
2717.9491491659123 46102
3328.467302031698 1047
3276.6422315713044 1091
3267.4184310592314 1109
3337.4731258076044 12063
3799.9218611320202 12099
3121.8081571216485 13221
3085.0326230197784 13227
3055.819096274848 13233
3153.723697990037 13237
2740.509313981411 16023
2667.394566356181 16045
2363.485166251164 17021
2341.7365141294854 18097
2185.988763242706 19073
2264.9733159203347 19093
2296.670274621514 19179
3003.6591042545465 20101
3188.6068363609293 20119
2695.5608333863233 21045
2742.902025691053 21141
2617.31071075064 21159
2661.5713072041403 21203
3279.9626855704428 22059
3489.4507860449303 22101
2355.055530548404 24005
2415.028172052809 24031
2444.7844266951406 24035
2008.2529719787897 25013
2041.7949769008887 26063
2353.271628701259 29045
2471.9841516272795 29137
2660.5091328572266 29185
2289.023120267977 29197
2113.3510930268653 30027
2201.300975432594 30049
1911.6158794680784 30053
2275.472874934389 30077
2509.254990237916 31071
2568.4828072537025 31109
2702.6080624658366 31157
3479.9478259087077 32017
3364.2530354814617 32021
2234.100756218795 34021
2145.676676102088 34041
3658.274201617098 35019
2861.006438517435 37035
2925.1097738026815 37093
2833.227772207604 37117
2010.963711965986 38007
2345.6851631200757 39021
2940.2143064794245 40037
2953.0624873800366 40077
2965.778959906851 40103
3941.093045527234 4011
3793.227679842577 4021
1976.0796700804967 41007
2521.72030271446 41031
2355.884431012689 41059
2107.919219518417 42079
2026.9191860233925 42115
2255.1939642251923 46003
2262.8042317175555 46043
2224.3277594317324 46063
2332.6397454016164 46081
2123.5972467142833 46105
2118.05898349134 46115
2324.715426802443 46123
2810.1527467332357 47017
2885.698517652082 47029
2860.90602271849 47059
2802.6662245180555 47129
2895.253763507835 47143
2843.7877173792153 47149
2783.236460862415 47161
2824.818170762564 47171
3607.2158464496115 48053
3628.38644007374 48107
3516.7786744692307 48359
3260.628789851517 48457
1892.610012514125 50009
2816.6584150386725 5015
3059.1848236696333 5073
2633.988087772354 51021
2653.0211559228337 51036
2736.20774972611 51093
2431.1307312803374 51107
2757.2933466541213 51117
2516.507455602976 54075
2590.8956773673162 54081
1917.9385560146072 55097
2162.3665826993292 55101
3133.5863093996404 6013
3802.615764341174 6073
3544.8372701969643 6083
3215.509813543919 8089
2717.9491491659123 2150
2717.9491491659123 2282
2482.7644733801417 10005
3368.5424982067943 1069
3148.7786262609634 1073
2969.8183852021543 1089
3188.680856810998 1111
3437.486491748023 12041
3308.022125022167 12133
3149.723002625 13073
2974.6895657047094 13083
3321.3625158973487 13165
3275.3773287062813 13261
3384.404653522394 13275
3269.188795691787 13289
3173.5384576693705 13301
3215.0636685588065 13319
2707.864590153471 16001
2463.783411654091 17079
2532.089811169095 18125
2092.1354660342927 19037
2100.0954323436576 19061
2313.457834223208 19101
2119.373759660646 19127
2324.0960286758454 19159
2753.5579410516957 20031
3190.365428335821 20075
2675.2085338599272 20149
2827.899474908089 20153
2918.6241152480015 20155
2889.7822063049066 20159
2923.067482562263 20195
2696.684343412686 21169
2667.409344255602 21207
3384.4415853294404 22091
2567.4413854715945 24047
1849.6398719746956 26043
2019.3888776888143 26107
1970.1736375534445 26113
1943.3223872978042 26135
1854.6320341834285 26137
1688.9590658447107 27071
1956.6166986575106 27155
3267.8354907865937 28031
3202.053718488885 28103
3305.696369155604 28113
3256.6501961874083 28121
2534.404678175505 29003
2741.530255051748 29023
2763.4856738360068 29035
2545.820411480666 29051
2396.6908017369074 29061
2600.7653474705894 29123
2718.5517646716676 29133
2617.690239426491 29141
2422.8874608939836 29205
2327.859704663499 31021
2300.4195449423783 31179
3695.7072784503803 35003
3652.276579783662 35009
2025.7214087978457 36013
2007.7012984601954 36111
2817.0513584313935 37001
2833.5935391857097 37027
3026.833621422069 37043
2224.6006903769976 39169
2954.52158104168 40053
3886.938408974968 4009
2207.616941236571 42021
2162.341141749635 42087
2158.623032339743 42093
2275.5360806159415 46017
2278.477994097445 46065
2473.016086415921 46121
2237.455763377763 46125
2796.9345031492862 47125
3476.0696742350774 48045
3633.6520421296314 48079
3338.617870015993 48195
3652.8405110074023 48249
3822.0916833436545 48329
2992.295528203015 49011
3135.215727401477 49013
1826.0787930554345 50013
3161.010424396855 5017
2783.12631948321 5023
2834.981793349509 5029
2664.5731525488563 51007
2698.683850629321 51053
2647.6570634104855 51063
2665.1588812134473 51067
2694.4615460276573 51095
2981.2499141096773 5113
2897.458676267084 5131
2800.958906562546 5143
2222.5056260637252 53059
2316.0866139737495 54003
1975.1576847827932 55055
1918.1823269822692 55107
2107.4331491793296 55127
2959.046050075221 56001
3406.224564970582 6043
3795.479711005888 6051
3404.2781293593416 8043
4170.686548976492 8065
3674.059520488144 8119
2717.9491491659123 2105
2717.9491491659123 15007
3268.5079392702614 1021
3240.864331274778 1063
3840.5283039352043 12043
3501.8434943208936 12083
3353.633950003898 13019
3103.7913561936043 13117
3110.6474128277023 13143
3193.034250260875 13231
3291.120311709706 13283
3032.9585049538146 13291
2936.813133312594 13295
2483.6542595396622 17051
2231.677040523693 17105
2288.489729072185 17187
2432.2889117527175 18031
2406.9858441984848 18041
2132.31160038804 19075
2172.986311524889 19141
2171.046760595111 19143
2973.3540883236483 20193
2598.507336449249 21025
2618.2099400018424 21027
2613.4982553988725 21173
2671.6016567742927 21177
2549.395203172453 21223
3458.9869882504695 22109
2024.1816857120914 25027
2148.93492982856 26005
1774.9575210926716 26013
2169.7783986856093 26027
1782.1759411981477 26053
1770.1762640663367 26061
2009.9240102260744 26073
2086.8699443242804 26077
1817.327325665892 26097
1855.9419152162423 26153
1928.083431622616 27009
2122.082990559806 27063
3022.8486236408485 28003
3053.23349060545 28081
3131.074379029183 28095
2999.3726977247215 28139
2776.119888265683 29009
2763.381930509643 29043
2470.136784248239 29075
2570.7892206922443 29095
2570.4115269838944 29165
2141.9768815748716 30017
2062.8103323053433 30045
1931.8404140199523 30101
2686.024851467979 31099
3865.166009174086 35015
2146.379204578377 36005
2007.7650089135755 36055
2774.020140633373 37033
2801.0223069373887 37069
2972.5172228581437 37099
1921.8844614848524 38055
2484.8786858041685 39001
2256.9283059290797 39175
2854.935507123685 40101
3128.596351900862 40109
3053.815980549998 40127
2880.8162680864043 40135
3608.8712773979732 4017
2492.980014264173 41001
2091.4378054081753 42025
3152.4735833969703 45003
2080.1445680688416 46025
2170.3998260327285 46119
2866.599466775577 47041
2927.4290949876026 47069
2825.8404330538983 47175
2888.6968971501524 47177
3283.1490068660364 48077
3604.875076958685 48091
3890.4433889852926 48137
3344.008975167414 48161
3202.7758474535754 48183
3380.7706208410323 48221
3810.3386032426456 48235
3175.2865346389144 48315
3725.278585216833 48319
3647.726415648619 48391
3399.3088659044483 48425
3328.288835138908 48455
2630.5798396541227 51031
2627.790900407206 51087
2616.4056789480287 51145
2722.834029860304 51595
2530.763518542971 51678
1826.9673176691338 53073
2486.008381110038 54013
2406.153303254339 54023
2066.662674272864 55045
2503.94790235 56003
3011.507630135755 56007
3152.988010962015 6001
3789.744467569827 6025
3132.228994059785 6055
3170.518014631555 8101
2717.9491491659123 2198
2717.9491491659123 2220
2717.9491491659123 2275
3110.740936406069 1043
3144.202858489776 1127
3312.938502974057 12039
3721.811475645532 12061
3594.188692358528 12097
3007.6542698149465 13015
3326.0727318065087 13069
3260.4048259228575 13193
3316.5624227323165 13305
2029.9861749619042 16055
2501.7540178495246 18077
2330.77511742879 18081
2515.5431898555466 18115
2282.307768254369 18135
2141.375611724888 19091
2232.5288525077053 19161
3218.5462281417936 20187
2595.1047465758766 21011
2755.034090478277 21047
2455.236165597617 21191
3186.421323562409 22083
2192.119024885812 25023
2079.607673290295 26015
1927.614064797547 27045
1970.2621251033013 27067
2127.143975866694 27081
3334.0684582739864 28035
3330.6639678618276 28063
3155.9345717476604 28097
3088.0717761452456 28107
3262.6319945384066 28129
3036.7228833607546 28141
2642.8020996331343 29013
2738.715165676579 29207
2250.9338369451903 30007
2121.758121731061 30079
1961.9424184065067 30105
2459.8861619749446 31011
2651.8968186891625 31019
2577.000660332105 31163
3727.5629146802967 35011
3650.156523122676 35031
1996.9236981149102 36123
2880.453090811227 37109
2914.109471128687 37137
2773.5104144504476 37145
2849.5426002554386 37187
1805.3318117173137 38095
2290.445027304581 39003
2331.6618529329053 39089
2492.8483725378214 39105
3261.47186296759 40009
2611.417405010238 41045
2090.966445764944 42047
2160.069221627678 42099
3150.921494016789 45009
2289.3220381767856 46093
2112.9345429297064 46129
2806.6221151322457 47035
2899.3932604128922 47113
2912.6643438648284 47153
3315.229882199891 48001
3336.1914807068715 48157
3242.041448786948 48213
3762.6163013222417 48247
3348.378188344183 48293
3391.0451237032307 48473
3591.025913739193 48491
2874.430986517042 5037
2702.074828716638 5089
2811.590455668419 5093
2799.6278581116326 5101
2618.762281340826 51023
2341.23612214044 51069
2608.469100819177 51097
2633.616855013917 51127
2633.5173944473227 51760
2257.433148784343 53001
2080.640206817226 53043
2466.6999206418955 54017
2565.166113329888 54019
2453.420405749698 54041
4127.041471902447 8097
3059.2976128637915 1015
3054.7909998174714 1019
3501.341332111187 12075
3325.109861270627 13101
3326.528398455919 13205
3342.302960928787 13287
3350.0328657950163 13299
2087.9524107793472 17015
2158.794788892222 17037
2527.7701014677373 17145
2443.3793506094294 18047
2521.977376384039 18051
2198.989087925112 18141
2239.4656673923964 18183
2316.3836858540003 19165
2539.38609007326 20043
2577.408442350309 20087
2827.0889119452913 20147
3249.408439731597 20189
2419.377697234297 21037
2633.6850074284525 21055
2616.5107680980204 21071
2676.939522852546 21099
2664.8165973748164 21133
2661.5549700422644 21139
3432.062035681237 22047
3186.4806849802208 22123
3280.224685161318 22127
2311.445572459346 24015
2089.6641966074408 25017
2126.149755828614 25021
2161.4241430888565 26023
2012.774204398719 26111
1914.1276065528298 26119
2093.460642981445 27047
1730.2116693748085 27075
1924.1693114836796 27085
2033.5225279018696 27127
2927.127233476794 28033
2597.857828170328 29083
2693.017242187822 29093
2475.5532059275356 31017
2701.331244760298 31069
2808.115902220587 31087
2409.5093861203004 31103
2726.9934108320303 31105
2607.994461154719 31171
2543.4251489144963 31185
1967.606754100523 33005
3709.0493396206 35039
2966.4161880684387 37095
3011.406878732677 37113
1724.9152177081235 38019
1765.5549103852213 38035
2005.4542768906394 38085
2274.1034886426332 39157
2834.1508248402533 40041
3027.323859229103 40121
3071.306792664762 40133
2910.9363141319163 40143
3127.4007368447155 40153
3217.875256912166 45049
3281.375673484909 45053
2224.9557988331885 46009
2519.4094216399635 46047
2925.5877010551662 47047
2840.563438158851 47083
3690.2368147333555 48031
3563.4532625859424 48059
3256.6695185492213 48073
3587.3485187175825 48153
3184.725579193405 48181
3483.9065706851843 48205
3642.075396193838 48219
3905.4566168750043 48271
3369.1622958444877 48289
3279.2406192505723 48337
3677.790922343186 48353
3443.4519671493026 48429
3760.3995543985266 48431
4047.071268643885 48443
3614.6815725862534 48453
3331.5302276118123 49001
3369.3256382277737 49019
3051.3828932640154 49043
2821.7781601371316 5047
2858.3738438798487 5087
2917.8072245870685 5097
2571.2861927192316 51530
2743.0554408183843 51690
2284.3274624181745 53037
2322.134979416947 53039
2215.688053708377 53075
2424.03267727894 54033
1915.8505327767848 55017
1973.9124814668166 55091
3070.003340770217 6115
2978.8955439961355 8014
3087.8296252250543 8103
3306.9329945090362 1023
3307.5412125656967 12059
3445.9599393549297 12123
3500.758467915 12127
3394.335699345575 12129
3261.8400997104422 13107
3357.2498532059562 13155
3212.688231085301 13169
3392.9017899342284 13253
2781.0875595077723 16041
2501.3245863464354 16059
2726.2290240481498 16081
2404.9629780450196 17029
2348.3625999638734 17115
2598.605271690641 17165
2542.869163324265 18025
2300.46912730996 18053
2496.779826113097 18055
2451.130567705888 18137
2575.3850504183024 18147
2153.5328609952617 19011
2364.5974692828468 19085
2229.646953909147 19123
2440.3270504955844 19129
2907.3791705543626 20051
3281.0956022375476 20129
2688.104961683101 20139
2894.8416347320813 20179
2637.101767477127 20201
2666.400783477858 21137
2602.535317089692 21149
2739.8720224380972 21171
2591.476666851429 21205
3297.5799582480618 22025
3483.06306616125 22103
3339.107994946863 22117
1785.519554548715 26131
1785.4251455106155 27007
2601.5884110127927 29157
1959.5168025418131 30005
2698.571430205224 31117
2466.7330796786077 31147
3640.0039213025266 32023
3201.401389429659 32027
3655.4288753488377 35033
3993.718869717778 35051
2766.3891886938522 37029
2965.9355176185804 37089
2850.35107544765 37163
2955.9330671347325 37165
2866.1992875148303 37191
1962.1010595347661 38059
2107.399477428772 39007
2294.352173911361 39041
2172.719633474058 39051
2276.4034621544197 39067
3183.833691594104 40049
3852.545954735487 4013
2270.5036618137447 41043
2081.4878967110994 42127
3154.8967084735104 45011
3031.2320785073675 45031
2897.9296193383248 47031
2902.523451347554 47117
3093.484858504944 48037
3608.289941677884 48209
3596.6148172857147 48263
3681.656833725468 48307
3702.661254182456 48311
3466.907133596891 48381
3255.8406528604164 48401
3769.92607585874 48465
3311.3282866435256 48483
3124.603447024705 49051
3048.5275845321553 5043
2752.3335983118395 5063
2609.155715779022 51029
2546.8481274448127 51125
2650.8248280469656 51155
2775.9116493578185 5121
2467.9213625638195 51610
2487.8511941299626 51683
2483.210989707325 54067
2449.2169181021977 54071
2017.2656873824533 55021
1951.2064686294032 55035
2052.797259425335 55049
2040.6178344939408 55111
1950.3129732824068 55135
2682.1561720486648 56025
3082.331612995941 6041
3011.1086749966553 6101
3461.6642385706464 8019
3217.975548597581 8099
4304.229611022554 8111
2717.9491491659123 2110
2717.9491491659123 2170
3298.64021542909 1011
3227.299336435538 1065
3595.051502928715 12017
3317.4704986137904 12125
3170.8396429188815 13009
3273.1554406148207 13177
3293.6960757005986 13243
2469.1923908139024 17005
2281.325529998709 17075
2392.3642391819476 17149
2408.359607320922 17173
2246.678077411503 17179
2109.5315526786976 17201
2342.6852602552676 18157
2418.1094867337038 18161
2312.666883009616 19039
2227.528672459274 19049
2115.4298136691123 19083
2156.199237797611 19147
2858.697172486691 20019
3005.7907418526697 20077
2974.8827179041978 20095
2804.7958213155594 20125
2554.155127378405 21081
2529.5430527299986 21089
2645.8593648701876 21193
2550.960106301887 21201
3308.112842799365 22011
3377.8360107149992 22055
3444.9780294383218 22099
3122.0744834037287 22111
3140.5203304886877 22119
1883.4292125807722 23021
2418.364543170622 24029
2631.205212962539 24039
2120.4532239838018 26163
3308.120611820223 28073
3286.8363526841335 28091
2559.883219763383 29107
2562.0150812465167 29151
2648.872464690359 31041
2741.6373977644894 31137
2743.24669423957 31181
3250.0317859931174 32033
2023.2985315517135 33013
3592.623253445528 35037
1984.8416232817094 36051
1934.807263083968 36067
2151.236765321532 36119
2881.339822352089 37037
2772.526389532644 37139
1795.8759149746998 38009
1976.5420361135518 38029
2037.6648053297477 38037
1795.6688299863579 38069
1906.058293862544 38083
2044.264242180811 38087
2320.8766012056194 39097
2367.3309309092397 39109
3043.745846945668 40003
3663.4179574674977 4001
2891.919543167407 41037
2345.091446078215 41039
2055.348990349516 41057
2250.366617324213 42001
2132.2340150405894 42033
2208.143069052729 42129
3033.407047792396 45059
2078.6739829697976 46031
3609.628138553905 48017
3573.938620147492 48021
3611.4034103876497 48083
3479.170516670371 48101
3170.780278575416 48159
3714.1684145699305 48261
3857.4796705643953 48317
3530.0258166194294 49053
2719.1207802486915 51037
2653.0421360515857 51041
2698.7562661204915 51149
2700.3171736408312 51730
1921.2547335106738 53033
1953.8445164597438 53051
1976.2894830372982 53053
1881.9783591112673 53055
2340.5188477375355 54077
2734.0984907234447 56021
3222.1314873913125 6017
3123.281635489266 6097
3267.4413576978595 8009
2717.9491491659123 2188
2717.9491491659123 2290
3273.7176652421495 1081
3771.4423267338484 12085
3402.442367169669 12121
3324.1337538563394 13023
3115.0434450735947 13137
3371.4630301453503 13173
1984.6152443521332 16021
2674.144186645993 16027
2172.8826868906663 17073
2268.047746590651 17155
2209.023418024613 18049
2419.3181361262614 18121
2218.8498735853673 19183
2183.345457886961 19187
3156.73422068478 20025
2809.626008471323 20099
2938.9329321422474 20185
2611.213105679889 21029
2719.840243082684 21033
2630.857746004926 21123
2609.5075052956386 21189
2745.632809063087 21219
2721.3820325385345 21227
3151.382119868989 22015
1931.9590854703133 23007
2306.1617456001877 24001
2145.9698642653802 25025
1801.7650863201334 26003
1935.4379380037071 27141
2989.174820896105 28009
3271.7475072190236 28041
3172.4772961549825 28055
3206.735824325506 28079
3345.658069056877 28109
3148.3484613367254 28159
2755.570444079259 29077
2386.564647799344 29121
2576.8170772259255 29135
2316.4579873821863 30095
2353.316743903899 31039
2727.9462252659146 31049
2554.5158277677892 31115
2441.675563726032 31153
1890.5268655044995 33007
2381.7570862088282 34011
3713.8766725868654 35041
2073.2551575344837 36063
2764.192737789388 37073
2837.045895406067 37107
1857.2035577359152 38027
2311.736605319783 39049
3107.746165315201 40069
2943.6420719276443 40071
3255.6032427367404 40137
3669.1440551435203 4025
2595.1924123878407 41017
2073.6805858442212 42049
2094.8216278053824 42065
2156.936642390358 42067
2014.1660624298936 46029
2826.4504656660315 47021
2847.803631754829 47053
3838.0113626123994 48003
3213.760672990648 48097
3276.0061470877326 48139
3211.6296209955085 48231
3781.0890530366282 48283
3706.40125654474 48305
3260.2996835623308 48351
3534.0255700889547 48369
3709.98389522904 48399
3364.8897433794446 48487
1952.366588884987 50003
2713.478866317442 51175
3011.9664406301495 5133
2247.950093737511 54029
1917.6981661018951 55093
3029.3526462022674 6007
3382.605841656654 6031
3187.0683291526566 6063
3158.017830673077 6067
3269.7636106203786 8077
2913.73645372703 8125
3267.6107266254185 1025
3301.7675534503132 12007
3930.4226689892744 12115
3321.964872381594 13127
2994.2045553810412 13213
3199.4653049333947 13245
3255.623076389292 13251
3157.392652065536 13255
3236.2368862995795 13269
3264.5798153344927 13303
2672.6328378203702 16043
2795.7355512739937 16047
2764.4837955111125 16071
2392.2844227986966 17017
2570.731989290488 17065
2633.08507268083 17069
2147.4401103927094 17089
2213.915895959852 18033
2238.199717214849 18073
2190.7728109277955 18087
2405.189326201486 18109
2556.3689339994403 18163
2393.4305303178962 18165
2256.4590885393345 19027
2060.6256342708207 19043
2158.2712101316356 19045
2155.478175498891 19077
2134.65328536437 19109
1993.2023653601575 19191
2789.4115049447573 20123
2859.752828744681 20137
3338.161388496035 22037
3192.636958746159 22049
2355.213266384644 24021
2036.4208128136527 26037
1985.825270734777 26133
2142.1191905229166 26149
1931.7774691932168 27093
2127.45729918145 27117
3115.879451013391 28013
3307.10525109632 28111
3345.6252240360345 28157
2542.7419132201876 29021
2662.9055378965904 29161
2731.2235087311738 29179
2019.9289261061915 30099
2605.5693093933837 31009
2606.1659917171714 31013
2272.900972654476 31027
2399.2057899923025 31055
2598.1357387380012 31095
3942.6071721824455 35017
1950.631127052501 36053
1954.683754907298 36093
2796.945801501464 37015
2953.29885416046 37115
2881.227867024838 37147
2921.0937212911163 37175
1875.1338741239742 38017
1970.2040446029403 38025
1937.4344666085424 38065
2151.5404017964615 39055
2210.5380750469294 39063
2408.4162518165786 39127
3140.534286385239 40099
2524.7368087539157 41019
2163.4859005884155 41053
2431.1270445046866 41061
2165.3391160179003 42005
2194.662178033018 42041
2143.5275439272227 42119
2110.5356732492905 44003
3129.0580068141594 45037
3061.6933805702593 45043
2343.8016620867925 46055
2129.0480743071103 46083
2856.2779085654124 47001
2828.175466293552 47079
2928.7599712723 47105
3805.6415649472056 48061
3438.6058212715684 48089
4089.75661827106 48109
3488.93786040695 48111
3417.3449855692993 48145
3356.8266156306545 48167
3700.2317806440747 48335
3303.340179296321 48497
2895.6640886841456 49003
1903.5481456395655 50001
2903.934764655598 5035
2595.8275092087956 51005
2653.7521851985694 51073
2567.358846550975 51099
2606.7277238335087 51101
2771.467550451643 51173
2747.92952650454 5141
2626.8003704166654 51515
2689.5996113342635 51670
2722.3561195917605 51720
2156.402820467232 53017
1927.7565138981522 53045
2665.6739890719473 54047
1885.6938464101152 55099
2060.791112200372 55105
3172.777436631106 6095
3345.854252513617 8033
2717.9491491659123 2230
3350.253738477518 1085
3820.26581786209 12051
3671.830020080599 12057
3107.3788716417243 13067
3106.5152843628243 13187
3267.5466851117403 13259
3254.6897002840374 13307
2206.018372645971 16057
2758.076062478363 16077
2362.9273930769573 17009
2263.370657081991 17095
2222.609195708262 17099
2190.7671863707824 17175
2323.3800517705154 17183
2292.4987682891133 18011
2460.678427971923 18029
2256.781601778739 18111
2178.0086900916726 19031
2163.5853641656336 19081
2130.5748671586102 19105
2409.243567314678 19137
2401.9260631391944 19155
2928.390152870228 20023
3060.1916152181834 20083
2720.1472589917994 21013
2621.687394127443 21065
2715.720686891251 21083
2615.5212583300363 21113
2580.1771752908667 21153
2394.8455549417204 24033
2537.5644555353824 24037
1954.465337280444 26055
2037.9325954970634 27015
1996.7126161108947 27055
1890.336163298959 27167
3307.908442595582 28037
2645.7529616132706 29031
2602.6371948583883 29037
2733.8828416543197 29223
1902.4415500780137 30019
2615.8819413300366 31059
2622.628671336728 31079
2522.385349531851 31097
2364.098849552509 31177
2048.7203348650764 36029
1793.7542622032988 36033
2028.1761672914404 36037
2857.2566688775746 37023
2759.754684955349 37083
1953.0315798663728 38057
1799.4102798097008 38063
3339.772343124097 40065
2860.810497240773 40147
2073.9123472287865 42023
2245.8287882774985 42075
2165.8424111997415 42097
2093.7971163891616 46079
2196.653194512822 46137
2898.1506176634334 47003
2976.859610970598 47181
3590.48395344118 48069
3367.2972864950502 48071
3768.9766192878214 48095
3291.4573307976275 48201
3490.073781340742 48269
3908.3613273209894 48389
3065.0542365303377 5041
2945.7284205620367 5059
2501.6331270369715 51047
2595.746193698571 51085
2970.8646346171427 5109
2441.5020601817805 51187
2856.635802158712 5119
3069.6888436266418 5139
2879.0678185575375 5149
2508.343212411622 51540
2738.4793037539257 51740
2024.9774137001853 53015
2194.0577811633502 53025
2328.662145456974 54027
1970.264289924142 55011
1925.6866236902242 55067
1870.7314120717044 55069
1914.2280596367614 55073
2510.6075446958002 56005
3119.646650037452 8017
2826.0840396161034 8123
3361.2563274379113 1031
2424.5246871650565 11001
3364.223147632158 12065
3672.5388325976824 12093
3373.7099659802257 13017
3344.403232891643 13087
3079.4624090888165 13147
3309.9385196676926 13229
2769.2124965411904 16011
2715.6310801714076 16029
2812.103783539553 16053
2351.620655463793 17125
2290.392621430073 18017
2271.3335563475794 19007
2089.9987617342263 19033
2479.706983829563 19071
3100.847393138577 20071
3023.645657839356 20181
2697.9706388574914 20197
2779.2118505644407 21003
2535.9559803791935 21017
2534.9017505003776 21041
2713.487237713722 21053
2627.966423847237 21087
2614.50383821936 21129
2557.238739978191 21187
3437.60177433542 22089
1991.2701279025193 26011
1918.8125985795043 26019
1939.7270180947776 26051
1988.3325247395185 26069
1937.505872127519 27051
1871.0614745271018 27059
1868.6291085466912 27065
3167.1992906664505 28043
2718.098573638104 29039
2772.0836526885887 29097
1988.4133106416978 30035
2202.4530420968244 30065
1888.8426644206652 30071
2693.2503969089726 31001
2238.27441482899 31051
2557.2829793390656 31093
2248.007658666593 31107
3318.703489333333 32029
2087.9961858107336 33017
4015.703233576245 35023
3714.0977983656903 35061
2027.1618670178325 36003
2019.7517311359768 36077
2912.792041381189 37123
1932.2327924582382 38045
2450.9612921147163 39061
4023.3889286525205 4023
2100.1687048787867 41051
3025.808731586319 45085
2173.749639444884 46059
2927.482188706581 47051
2752.538594790792 47111
3511.8988694107866 48051
3411.7943890530064 48341
3847.6798655477933 48413
3534.288615927314 48441
3142.377885761999 48449
3825.433974534999 48451
1861.3173791956146 50007
1921.1181489690216 50017
3038.652419182747 5057
2738.1826298695505 5065
2597.8174605338336 51045
2412.01814471055 51157
1846.0062127410015 53061
2349.2918553196246 54037
2079.5554580375747 55043
1935.9147983278713 55061
1842.0881623191895 55075
2509.178396907866 56019
3245.9408635945942 6091
3531.9903500675896 6107
2717.9491491659123 2130
3310.0019991784807 1001
3261.70273444194 1037
3097.5466273244347 1055
3315.5280903230596 1101
3299.1121257343348 1105
3825.445827037222 12011
3854.117669345447 12081
3548.124631310549 12095
3291.911308184339 13093
2968.5852847175483 13129
3128.1685317905226 13135
3215.39406069556 13199
3077.3091461987233 13223
2808.0810631615286 16039
2546.080865971538 16087
2357.8388544015957 17039
2141.009824965225 17195
2377.3667209314335 18145
2279.200095761722 18179
2379.9416464723326 19003
2605.8102587371704 21101
2583.2259697604795 21115
2671.356824205018 21145
2603.279604984057 21163
3177.6594472362463 22061
2306.1854099369366 24043
2024.4954430279397 25015
1778.3526839931149 27107
2080.6738758008933 27165
3266.337338434556 28127
2623.7653158630555 29131
1997.4897509626858 30055
2177.651842671586 30103
2840.6431579641585 31029
3417.86501090569 32005
1947.1801677921517 36023
2067.088799336247 36071
2748.129206361039 37009
2812.7941907131153 37041
2787.8469650888405 37067
2745.056674617105 37091
2964.8413331164757 37125
2805.282577293927 37127
2925.734001208093 37167
1817.656668442906 38013
2335.000584441248 39013
2251.488055459225 39081
2497.304954105335 39145
3213.0081421497134 40007
3123.642515133298 40011
3579.809143459514 4005
2944.184183506679 40117
2132.110935094319 41005
3005.052823783285 45061
3027.564119847557 45077
2351.6524971371964 46019
2472.9085816411757 46033
2131.6972763249423 46035
2186.431855595209 46127
2885.2087059001487 47089
2941.1240956945526 47139
2858.1289930640296 47145
3303.7119535443526 48009
3696.9757908740908 48047
3556.5562958428827 48055
3320.1601166200708 48087
3524.0485721926148 48281
3135.8051460230536 48343
3468.644241513589 48477
2984.343407935813 5039
2915.3063126066545 5069
2574.1163584177443 51065
2630.6763796133578 51075
2278.1761041 53023
2499.255301736111 54015
2509.92983186921 54035
3353.825775950174 6019
3833.974624398696 6027
3754.1675268430117 6037
2977.4729459339583 6049
3388.958168381166 6079
2966.162147282666 8031
4058.7823990771058 8113
2717.9491491659123 2158
2717.9491491659123 2261
2274.087207679428 10003
3215.9048757893715 1007
3359.0905035873047 1039
2977.565762747285 1071
3719.981550151679 12027
3495.7405695212783 12035
3462.917197787778 12113
3158.5600360709996 13035
3267.9704071838237 13061
3277.1148618064913 13167
3228.192642276978 13263
3216.324994970976 13293
2937.052920275569 13313
2834.918628164559 16007
2652.947026332854 16051
2230.557927486854 16069
2308.943732491231 17067
2585.0136429139657 17077
2204.4528168379 17103
2185.7142134802248 17111
2470.5171461666423 17119
2233.332034650883 17131
2500.3450964835524 18037
2303.2806357361264 18067
2207.9452470467795 19021
2122.545769885522 19097
2596.5666967646125 20085
2605.406646273347 21005
2669.4045421820238 21057
2660.2270644143223 21131
2628.3179533292855 21179
3375.4700788424757 22039
3406.241238264545 22045
2026.0958016222105 26017
2086.9816301683695 26093
1845.0458258572432 27027
1968.4394145252422 27079
1982.6375918400784 27109
3369.814077774533 28021
3155.759605326847 28053
3166.1171618041335 28125
2490.826730986472 29033
2721.062668375683 29153
2485.894330695523 31023
2730.9162781407476 31111
2299.438504153491 31139
2099.2436170590104 34013
2040.4047610098269 36027
1909.295034458514 36041
2787.59688980224 37011
2901.7737581289 37021
2825.051073217153 37059
2075.898314211366 38011
1943.52985096751 38051
2428.8655652589796 39027
2261.6191095224635 39101
2296.556571842197 39117
2830.605108140833 40001
3157.131088261667 40019
2945.1251485320204 40113
2368.2335566252973 41063
2236.1472961207664 42029
2266.799373580075 42071
2163.4960760807126 42107
2164.6405107887185 42109
2966.3968632405945 45025
2962.9371184890983 45057
2047.363477033089 46021
2175.9997546485515 46061
2264.9510673820528 46135
4070.082371477589 48141
3335.987903205109 49041
2821.810643586825 5045
3052.9592873948336 5091
2593.9191211922594 51159
2385.6331127170747 51171
2619.3541921755277 51775
2212.791324582032 53007
1969.3749986062037 53067
2462.2983189765614 54105
2045.0720416904828 55025
2974.987772550682 8013
4226.599018287939 8053
2717.9491491659123 2122
2717.9491491659123 15001
2717.9491491659123 15009
