3597.1523966551204 12033
3876.812044140181 12086
3214.7129149931975 13097
3309.7188185840714 13103
2722.5561030829945 16013
2552.3662974509148 17001
2608.7223776599585 17035
2264.6465747145553 18075
2318.5563490820664 18103
2705.98624386108 18173
2293.772063793373 19041
2420.2046794505804 19047
2359.7812099520943 19079
2303.2288408099826 19195
2607.845873383036 20005
2684.481689854662 20045
2627.586198743728 20091
3081.627246011627 20109
3137.602765935113 20171
2703.0351914663274 20177
3109.0201939090907 20203
2798.9228809968113 21039
2614.2538690359083 21049
2847.1473220400007 21105
2716.8315957052205 21165
2702.382898102571 21197
2792.8224549901984 21199
3390.2224133991194 22007
3335.3277185610864 22097
2032.4317258522665 23023
2568.0831244733217 24019
2448.744592039177 24027
2295.464943629036 25001
1870.5204527655349 26033
1880.5033452902173 26041
2172.4925071631 26099
2196.7411467582097 26159
1796.1646772613788 27031
2159.5315155121866 27037
2058.814212168206 27095
2059.006982887918 27149
2764.233877807976 29057
2241.1969565970157 30039
2590.637687657918 31151
3139.4770228151187 32001
2407.058968557562 34015
3531.490166389038 35045
3611.508619816679 35047
2141.128665641561 36009
2158.250554068839 36039
2969.7924500530835 37061
2841.9747204945015 37185
2363.2658265119576 39011
2237.9049350392083 39093
2335.148795868619 39133
3176.0440576774045 40033
2897.3322962465227 40097
2976.3030662515143 40111
2262.7821826801205 41041
2189.0357958588493 41067
2191.835146866112 42027
2316.563712224562 42057
3089.086774507313 45039
2835.650132742185 47027
2979.207467528673 47123
2803.7111897526183 47189
3999.2603195767306 48043
3635.9788965430635 48057
3858.1514328497933 48115
3799.601186865056 48165
3599.6586224936004 48171
3504.860944 48191
3470.785274298044 48287
3242.2068809263883 48295
3656.1608550172186 48325
3504.2593697894813 48331
3453.6559042613667 48363
3519.291180424125 48447
3093.2479432278415 5011
3070.298332852073 5071
3051.460411077363 5077
3104.2277757102297 5079
2983.9668928969145 5123
2907.281933655159 5137
2176.544549639109 53011
2055.9319845868495 53065
2470.7929801518876 54001
2443.928815430077 54085
2542.4939785923007 54097
2175.615462781987 55077
2104.2900990006506 55081
2159.2595266264843 55121
2565.493663488877 56043
3428.9133817368684 6029
3040.461582500414 6045
4192.667065663861 8037
3332.4631211382107 8047
3048.914727476005 8063
2781.239282115949 2180
3430.2168108267774 12005
3390.866351976146 13145
3151.3303154337877 13181
3342.319690434631 13285
2598.4464713396783 17033
2635.6127410665167 17133
2255.187831679243 17141
2318.7500776392935 18023
2338.2687891763067 18181
2446.4719340268734 19009
2327.0299157944432 19103
2381.100957530959 19171
2494.8123888504283 19173
2534.1739273446146 20013
2796.0497293603944 21009
3341.777484431203 22115
3368.992058190792 22125
2406.2299157165094 24013
2653.3179657198457 24045
2167.442174032479 25009
1928.1438119145523 26039
2173.80432241262 26091
2173.5944173767566 27049
2142.1706217708447 27123
2102.781021608458 27145
2088.891410984288 27157
2825.217709177752 29109
2828.2673327210737 29155
2734.867822162854 29229
2943.4917721670245 32013
2372.725666213845 34025
3693.790952666704 35043
1967.0387885876319 36019
3076.0605064477922 37017
2931.81767224515 37053
2933.439549683253 37079
2968.5629849894485 37103
1876.6048022210148 38023
2159.783601411537 38033
1852.54870611785 38079
2291.9569387364245 39065
2250.3837242707505 39085
3346.641937543753 40055
3152.998274451001 40087
2738.5951757833955 41029
2304.195293589883 42061
2160.2917715580443 42131
3097.295221473336 45041
3113.392663086612 45073
2882.9641201159584 47015
2938.2883909199995 47063
3000.3187125840236 47155
3820.7175178089137 48135
3578.569782856968 48175
3706.522444997647 48189
3640.4195992089535 48409
3229.3739241374333 48499
2840.765587461969 5005
3115.3393480069903 5053
2630.519376932796 51033
2593.414305049722 51079
2835.791119554618 51131
2451.217451901581 54049
2726.565787641127 54063
2416.777168905687 54073
2114.876614168055 55019
2709.7332150548236 56009
3142.3672285942 6005
3219.050593129623 6077
2898.4772299782594 6093
3754.690957538227 8003
4162.7765244679385 8051
3333.5561166532243 8061
3368.2578096550997 8071
2879.426298813702 8075
2718.1880177490343 8115
2781.239282115949 2020
3247.776888507963 1027
3492.96106500377 12003
3022.570306716651 13123
3342.36608931145 13183
3196.5198232625075 13217
3172.5424829141557 13297
2737.418831163346 16005
2656.7702030498413 16019
2284.6222902235777 16049
2328.6132054113036 17011
2583.3732836177437 17023
2669.1360145023277 17027
2223.7272948851964 17093
2564.5944336464927 17139
2548.08285143735 17163
2486.9773341292757 17171
2429.5249937024064 18007
2676.694638350911 18123
2450.67010735124 19053
2496.820446956673 19111
2553.9087015273167 19177
2369.701324430969 19193
2901.479227779999 20039
3241.2550522796914 20067
2808.713538244263 21007
2703.7058978707214 21175
3330.316720493667 22035
3300.4447411856663 22065
3317.7022662282116 22107
2033.7811481632816 23015
2576.7432705903884 24017
2108.5410087642076 26147
2014.6420315591906 27005
2304.0295492312375 27043
3177.201980660916 28137
3083.8642812584258 28143
3304.9575248057517 28147
3327.1009433109025 28163
2549.1078971111706 29079
2716.5482361722125 29085
2591.457639678244 29159
2619.8849072811495 29510
2111.8344993654023 30047
2460.406182975435 30057
2262.189336014981 30097
2296.8936842161033 30111
2423.5791426937403 31003
2628.227679389513 31063
2413.294194324526 31149
2561.7391588589308 31155
3439.1761737176466 32009
2166.4524865842245 33015
2263.4486886961804 34017
2248.3503004487034 34031
3602.670312167254 35006
3556.7260433319984 35021
3918.5700767645267 35025
3622.868976129216 35027
2108.9597780485606 36107
2840.6362661940634 37005
3152.2633626440916 37047
2997.9339181487953 37111
2212.034508985715 38001
1911.3870285729042 38097
2319.4780543271318 39005
2498.3401848784106 39025
2281.715427287843 39031
2479.630528848202 39131
3039.9782123538034 40047
3103.6734436103434 40089
2421.5559911503624 41065
2342.6366804724616 42055
2380.1980669606387 42101
2161.4404121160946 42105
3228.6051391571195 45029
3098.5725878036983 45083
2470.4417559899753 46007
2148.8553446972287 46057
2276.0409896580036 46099
2146.2079763830443 46109
2275.137485318179 46117
2974.382828404408 47011
3541.5364788866555 48029
3159.2827778024607 48067
3268.8558132958788 48113
3918.4869902823525 48301
3717.615472977882 48303
3543.879090826678 48411
3587.0500986088678 48433
3448.1772749459296 48503
3918.928048450301 48505
3133.0187886504964 5003
2586.0670154487075 54053
2153.5768857191315 55039
2201.031451278474 55123
3224.692914452092 6047
2940.5254859149272 6105
3802.146749616828 8021
2284.999847402863 9007
2781.239282115949 2164
3327.416793726864 1005
3049.0002657217274 1133
3458.30982059632 12031
3334.3561290651774 13175
3338.651725591433 13209
2739.6194911152593 16067
2626.185424400561 17025
2433.2194643969556 17045
2421.483321078803 17053
2639.5254045661445 17159
2294.9992556137317 18069
2296.276909679834 18169
2314.6695465775297 19013
2387.7277152569764 19125
2373.971082668417 19139
2547.4536296043466 19145
2360.0090298574523 19153
2816.7832225029056 20021
2931.494529821852 20035
3030.121209335367 20063
2937.1034604425495 20065
2840.7444059818204 20073
3160.5935478228366 20093
2631.8037019590415 20103
2676.7350259605173 20121
2788.835318604335 20127
2772.744947572847 20183
2740.04935199072 21031
2668.8539480393974 21067
2631.1611228933966 21103
2710.801332609959 21183
2743.1461776923993 21225
3341.8822171984 22121
1927.8044524267916 23017
2126.788439687403 26087
1981.9235182348032 26109
1948.2521769001837 26141
2051.858318922088 26145
2029.1284287716742 27025
1904.841763969406 27061
3350.945569421939 28131
3311.1434662858037 28153
2582.713067153008 29019
2551.323818633957 29171
2334.5991762272715 30011
2763.292664656261 31061
2437.975252879108 31119
2483.628004971992 31175
3154.2908665015248 32510
2405.534017494252 34007
2284.269802110322 34027
3838.6011506812497 35035
2083.1016736612237 36045
2304.8637086260005 36081
2991.5227430273303 37097
1994.0438854468648 38053
2290.6308945135206 39035
2298.432175703102 39037
3045.9061382942905 40123
3787.059625716642 4019
2373.339504752 41021
2286.0035833616225 41047
2339.4200255074625 41055
2260.8094714219073 42013
2266.334253063357 42043
2341.3023368375366 42091
3319.223940338873 45019
2408.5290371314036 46053
2913.3512327533585 47101
3836.1151320397216 48007
3586.9602986777595 48019
3277.1351944409857 48121
3490.335710502286 48149
3444.362395695731 48193
3741.9900792193253 48267
3522.2504622428864 48285
3331.9749578692094 48419
3309.1656748854257 48439
3563.578835268169 48469
3801.776891728237 48501
3032.205282241044 49047
3145.498995988907 5051
2938.678889728008 5111
2863.5052355013936 51141
2829.6103617209988 51197
2801.6527839894165 51199
3103.5863561748693 5125
2729.314670294343 51570
2838.4240334047954 51620
2806.8111285747473 51710
2690.2813707774703 51790
2333.3443333304385 53003
2368.381372482812 54065
2058.213078892188 55119
2767.6182068022877 56015
3287.8874806263307 6039
3423.627580132531 8011
4155.491959530723 8023
2916.2790769832955 8069
3366.392080812008 8085
2972.085120847333 1077
3210.67057810449 1121
3533.35920955912 12029
3561.0043775301538 12109
3478.6599224546926 13039
3413.8452604631825 13091
3292.864312806551 13095
3373.982877926381 13131
3144.5918284844097 13257
3299.0149744332307 13267
3427.1773041885704 13271
3097.616295996372 13281
2498.9694488263917 16003
2740.157468290763 16031
2620.363121380626 17101
2518.9852858927698 17169
2505.6098418039664 18071
2391.6011258766707 18095
2328.1925032214353 19055
2260.321113882175 19065
2308.1888177142873 19067
2411.0015125043988 19157
2684.213753426305 21021
2742.1157061522595 21061
2724.5616603980784 21085
2683.6457018829205 21109
2781.991654502551 21231
3270.2689114788445 22017
3539.398078207911 22071
3538.527238752351 22087
2141.294233906219 27003
1812.3629153245097 27069
3060.2078260894123 28017
3318.781186770341 28029
3464.439352276628 28047
3156.9659508938666 28069
2259.5529642052243 30059
2317.9215249964523 30087
2482.8230732726215 31127
2481.6433884685075 31131
2797.2147584831027 31145
3052.882913357724 32015
2562.5272065946965 34001
2281.396337658626 34003
2454.881253064689 34005
2296.1654808612907 34039
3619.6764931430203 35053
2085.0083066376765 36017
2289.5417900409125 36087
2123.6058431176125 36121
2851.3168793914742 37177
1807.0015506838213 38067
2546.30543390242 39071
2465.4881229183948 39079
2255.876397387804 39161
3951.733540383296 4003
3318.499507116106 40057
3099.74427738255 40063
2329.303683971551 41049
2195.7728044622745 42007
2241.78137766566 42089
2143.499220612124 42117
2335.769200133333 46075
2239.0856907672414 46085
2304.4208115642505 46087
2065.5924438651687 46091
2929.7636573273808 47009
2856.0240364272636 47095
2949.890071670078 47127
3523.262376323311 48027
3513.308480971966 48039
3351.4083536077387 48225
3571.8298816376646 48297
3360.3775659353832 49025
3024.8860759326244 49045
2880.4387759894535 5007
2783.3610512441464 51025
2526.2507865809125 51091
2800.8082465642246 51105
2769.460896617131 51111
2593.3036725486727 51165
2881.18208431266 51590
2253.5900390429524 53005
1879.2275191336107 53029
2369.509712115549 54051
1918.7326052870994 55007
2208.517429660455 55065
2020.6652510228018 55083
2016.3255842597034 55095
2179.276269506089 55103
2663.7198819538035 56017
2535.4750182098464 56045
3689.3716422750326 6065
3465.658433386749 6111
2781.239282115949 2013
2781.239282115949 2060
3041.2155202593513 1059
3067.257027889199 1093
3859.3708121289383 12103
3263.726366690703 13021
3300.4150145767785 13077
3166.132493373152 13115
3336.6300345396653 13149
3219.956152785517 13157
3241.3808037516337 13163
3370.492159189574 13185
3353.183680358882 13201
3393.8924171044905 13215
3248.866369948635 13225
3388.818705288161 13321
2550.015724230576 17147
2315.9013875416163 18009
2479.2082740214187 18013
2227.5777073155896 18091
2240.638755816937 19005
2362.296109496488 19095
3195.308561463319 20081
2704.7808611376404 21093
2690.022027276626 21167
3335.657560703054 22053
3375.1376139899216 22093
3389.3945163305248 22095
1965.2703194535272 23011
1867.0384506736762 23025
1980.4612366841175 26031
2099.571021975588 26057
2108.9764967575566 26067
2086.7843210699607 26157
2100.790145967716 27023
2230.5052971405 27083
2309.7564179845103 27105
1820.4820443998199 27119
3263.723508387035 28015
3004.7131082164315 28115
2555.5925027423596 29111
2825.484071933734 29145
2364.6478646334676 30075
1908.6141868135976 30091
2386.1583237556383 31015
2479.7519991591153 34029
3393.7062824563254 35007
2107.0037520390792 36007
2125.2058317746996 36035
2067.7064703280303 36043
2112.687264928 36057
2913.097275687272 37101
3085.9065959490345 37119
2878.192675392213 37189
1997.593121723114 38093
2302.7495701479165 39123
2178.74716260423 39173
3126.183530239756 40029
2897.8411232464728 40035
3222.8267213614276 40051
3776.722414617767 4007
3016.7344692857673 40083
2394.883842388715 41011
2490.653707087068 41023
2206.1357158640103 42083
2283.2494519753727 44009
3297.1858339176897 45005
3117.1837123493315 45007
3184.7550757074105 45017
3090.193687587451 45033
3228.3201889717366 45051
2190.653259728538 46011
2385.5339596111116 46095
2819.2822152180493 47085
3029.3690635121666 47109
2815.360872856273 47133
2865.818057746667 47151
3407.1012784630257 48035
3601.894479024047 48093
3442.126979003402 48185
3342.8268317752822 48241
3165.7355897562147 48277
3356.1751070515775 48339
3510.611654035238 48375
3142.6090804127866 48387
3358.55858596298 48485
2918.0833754249634 49005
2069.547230192896 50021
2856.7531897919202 5049
2870.304226437568 5075
2775.793643817012 51027
2749.0527597936557 51071
2819.6121326652597 51077
2723.7049520903174 51580
2582.147799776551 51630
2487.697816217613 51840
2558.8979076714377 54007
2665.390991121726 54045
2423.938278275042 54057
2456.6933324764523 54093
2706.508005890963 54109
1892.7203623935945 55037
2221.8799472216597 55059
2193.135860285078 55133
3975.7283236500007 8027
3550.020552160363 8055
3926.3496249803156 8057
3108.1272408197656 1057
3115.0839179188238 1117
3429.6329720053664 12067
3936.261898557569 12111
3182.4785417576054 13247
3319.5070852198055 13315
2757.2588209333344 16025
2297.2970004731933 17031
2169.7804449030727 18003
2611.782072371819 18043
2580.511805700646 18117
2342.1212373809553 18159
2324.6130052338426 19169
2850.5073577421877 20049
2757.2382912888233 20157
2789.051488857251 21001
2758.5105328348386 21051
2746.7194477643425 21143
2581.6198799988265 21211
2786.9354718304767 21235
3376.086362840117 22085
2032.9703804997077 23005
1881.4942676152134 23019
2443.5946320571575 24023
2529.1150870784054 24041
1941.9234806993256 26007
2059.5190951664454 26035
1761.6388151744698 27077
2147.4966547138333 27143
2075.75280503765 27151
3161.8411685762394 28019
3341.6140731536952 28039
3305.814409292772 28077
3198.9199746166687 28083
3068.0388351099227 28093
3211.3831119619135 28123
2654.9440030052706 29073
2708.1200336218085 29105
2590.757564324657 29113
2542.261752593048 29115
2670.78537877269 29125
2532.6647692405404 29175
2585.13462368874 29199
2718.325157500584 29217
2308.772326053615 30003
2320.260488161116 30081
2547.6805973571413 31113
2891.6802993227484 32007
4289.193562280399 35055
2156.372533450744 36021
2283.5957459836372 36061
2109.1878680502514 36065
3032.8236750386986 37003
3014.916743170241 37007
3007.64889416785 37025
3076.0607601265847 37039
3032.839302872585 37075
3038.0502140464478 37159
1930.2892106203008 38031
1854.037349873647 38075
2372.5731384914397 39113
3189.0432604919324 40059
2367.7760019635853 42051
2264.541984296897 42077
3095.0872713440003 45067
2888.5660226763152 47025
2877.638255966206 47091
3382.007241393802 48015
3933.820691191836 48105
3784.7621103708793 48127
3333.237879828726 48237
3360.090213101748 48251
3416.668514467996 48421
3143.8815632850187 5001
3166.447114868363 5099
2879.3125677887615 51035
2503.479491124621 51061
2678.8710804357265 51133
2546.1743689094956 51153
2785.2777431990685 51800
1937.0341564885111 53009
1886.4255898462163 53057
2120.4484918571334 53063
2056.7027031270295 55078
1955.6763821714226 55113
3076.971328183053 6033
3738.268099178272 8045
3949.6282230544043 8049
4016.8969046582565 8109
4132.681584155673 8117
2293.09145857377 9001
2781.239282115949 2068
3756.6182466537457 12009
3490.560314254739 12023
3429.2203451732576 12045
3753.985798370722 12101
3355.7818206210572 13053
2195.3666639016883 17007
2665.617369568771 17081
2371.3157901539303 18057
2231.946989648765 18099
2297.0745265633172 19017
2337.4239520987367 19099
2783.9711707486745 20037
2938.702906019743 20145
3193.6373155855595 20175
2842.6820322835943 20207
2600.833443199355 21135
3349.427808620606 22001
3260.6000316084046 22013
3336.485410339597 22029
3300.359505256656 22043
1907.2986301445258 23029
2553.8060260131692 24011
2121.9707227335225 25003
1937.4663039290613 26009
2226.4829722878917 26021
2122.558331044269 26049
2017.282356531478 26101
2021.509705715742 26165
1853.2238674576172 27029
3289.5455157190618 28049
3294.174987600244 28067
3256.619106716549 28075
3174.890123765643 28161
2561.12223018071 29063
2878.1976855606235 29119
2560.0082047466926 29129
2802.5737146758966 29143
2721.9512024374103 29167
2461.9023037524244 30001
2322.6401244413214 30023
2794.1986029961226 31083
2119.546768378383 33019
2060.1860273020775 36115
2987.139674099368 37045
2989.354151653629 37051
2990.112462055179 37071
2913.1088997413926 37169
2138.5477612034624 38089
2302.4900406691568 39077
2279.4787802479823 39107
2255.537253680474 39159
2480.610684366401 39163
3177.6687625075206 40031
3070.4098695483276 40073
3606.112868452392 4015
2397.718524212 41069
2230.636306210458 42063
2197.02218274011 42069
2259.8407122266667 42085
2286.55812691053 42121
3360.948099632021 45013
3052.7068832119276 45087
2109.662511336816 46037
2216.3918988617697 46039
2231.387913361535 46073
2185.3135534559383 46107
3010.41168715479 47023
2880.0446172500415 47033
2849.0237687005524 47141
3555.0447647467518 48025
4063.67345138077 48229
3638.320675355257 48273
3336.279773583897 48373
4118.786751764173 48377
3326.5082328192284 48393
3015.781221641973 49033
1847.2522431871907 50019
2911.4086502458163 5031
2966.6374314517766 5067
3067.642983678094 5095
2850.780645068133 51143
2929.7074206301186 51169
2763.488239009481 51680
1987.9515336980328 53019
2364.5200975800008 54061
2615.401712785203 54079
2566.649890836908 54101
2127.0424232303917 55027
2103.680831023672 55033
2141.096218611214 55139
3158.517194271594 6009
4220.381346463683 8015
3068.503243136503 8059
3727.8240838965644 8093
2781.239282115949 2070
3200.07829687706 1029
3349.862356266031 1087
3748.0855646116797 12053
3382.2793826349634 12079
3663.6770535366027 12117
3093.6196871190077 13047
3141.177873381803 13057
3129.177280146575 13089
3299.2922516144063 13197
2714.8045693893064 16083
2555.8056823435622 17041
2294.3444994002143 17043
2264.8998755223647 17097
2806.3689481641986 17127
2334.6097635972737 17161
2712.615675962987 17193
2512.490965938344 18045
2539.887544758394 18119
2317.381886303947 18127
2390.3528340690455 19115
2309.0637400541073 19119
2759.7826398097664 20041
2744.1060091612544 20107
2788.035898351484 20133
2839.772913906747 21075
2727.20067662534 21095
2772.34627922392 21125
2791.1957154225197 21147
2675.1611005153604 21215
3300.826273704663 22003
3410.1112172173794 22113
1984.5751537491335 26079
1871.6543644165508 27137
2160.7991267939824 27173
3470.9818446625472 28045
2654.555490799837 29099
2118.7561363956706 30013
2156.21414469694 30021
2847.1849510706325 31057
2756.0736965094557 31101
3573.8703969750004 35059
2161.737105999778 36001
2118.278499606322 36015
2150.3347764541495 36073
2997.8707440209064 37055
2996.9089765900394 37173
2276.096325418645 39039
2337.71426760547 39083
2328.492288802725 39091
3180.9085805076697 40039
3055.530456044659 40093
2912.218765747925 40105
2909.678917169919 40145
2601.614186531408 41013
3154.214743304353 45065
3021.036870557312 45091
2228.0841216074714 46077
2230.3024006279074 46111
2827.624860004324 47045
2964.765753251938 47121
2804.0023535219098 47137
3484.189758097659 48023
3189.0871355999593 48119
3734.4221111786774 48355
3557.9168733549113 48493
3100.80692211023 49007
3303.0132968244534 49037
1922.2925422447202 50011
2886.470374783898 5009
2785.3491868067595 51019
3068.311332665671 5117
2814.1638033398076 51650
2821.026308001944 51735
2853.9281244660683 51810
2614.0749181507645 54039
2461.547147355101 54095
2187.460713902328 55001
2242.2294519585976 55023
3249.6284151022 6069
3048.4506104704287 6081
4439.07244505645 8079
3653.955515715399 8083
3304.656690557113 1017
3009.9988409080556 1033
3814.6213768896337 12105
3341.1600701514317 13001
3360.2241271446924 13027
3413.080998997031 13051
3468.1372763956483 13191
3276.543611326737 13211
3264.838234658914 13239
3319.435425665176 13279
2736.6897867311545 17055
2767.1708578821654 17059
2288.827319251575 18015
2639.503555833052 18061
2412.8012956070656 19015
2356.2948684791068 19035
2442.2690824793767 19057
2300.0016530567514 19063
2498.1486971410204 19185
2991.1067108130724 20135
2525.959511523735 21117
2829.5263182031013 21121
3384.821010368348 22023
3294.3045081665937 22079
2136.7525903734504 23031
1995.4799588709698 26085
1773.8632016802246 26095
1831.7320280399047 26103
2142.926837683567 26125
2071.9490738297673 26129
2029.635853788266 27035
2082.854126356264 27163
3301.2338731173763 28001
2547.89293932389 29089
2874.8982191954265 29209
2332.9128126849805 30031
2305.3828131100368 30043
2019.3993050467484 30083
2776.9588637376455 31065
2622.6175067850586 31067
2629.2957898515638 31075
2356.7355127473284 31173
2084.136838670195 33003
2562.321105654603 34009
2979.2950440885324 37105
3069.4776457913404 37161
1866.7851776515145 38091
2411.516828210848 39023
2422.3143530481793 39115
3154.4742690470002 40023
3223.128007716985 40045
2252.035192288612 42095
2173.2662853330544 44001
2196.5000447723405 46005
2344.705099782685 46071
2826.172522893294 47013
3000.603359775459 47055
2982.4705192017786 47065
2892.3528003260726 47081
3022.618287634135 47157
2989.3997291388937 47163
3889.003493891051 48103
3640.5409616802485 48117
3431.4563747204356 48233
3835.133845964982 48243
3560.3571589611374 48253
3322.5061736367156 48349
3716.624454237922 48415
3853.675236159199 48427
2968.820271157691 5055
2988.2549470116924 5085
3010.325134232242 5105
2849.7049033713542 51089
2848.9926247273024 51195
2995.3879008638914 5147
1920.2986451482707 53035
2088.5572602217912 53069
2700.2917248379526 54089
3234.0436710936383 56035
3620.1484507621794 8029
3318.946183787949 8041
2781.239282115949 2016
2781.239282115949 2100
3153.934137866513 1009
3333.840045115176 1067
3124.018805967719 13055
3411.988434402083 13277
2502.7286689936486 16085
2537.1850581185968 17019
2277.115674280592 17063
2478.037691610886 17113
2563.3522618192737 17117
2660.234226759879 17121
2525.9837630906495 17129
2197.1428744823606 18001
2500.2140445151895 18079
2217.1606652055743 18151
2401.741547738173 19133
2438.8956847159848 19181
3057.6068603080835 20007
2776.7383837148604 20017
2747.475097526015 20111
2561.6938222359604 21023
2593.475640679999 21161
2779.4399660636223 21213
2796.0947534582874 21221
2718.5046344610805 21229
3347.6363029878403 22069
2219.1962054142164 25005
2005.054210583255 26089
2129.274654063579 27019
1761.9285731623263 27135
2154.600875734181 27139
3198.192046792424 28011
3187.8273011395363 28133
2508.406460283664 29007
2702.7576349251017 29029
2571.1385549166253 29189
2565.8364995998786 29211
2049.2766192099994 30089
2697.0569674523476 31047
2711.562972838712 31165
2658.7760940160247 31169
3744.109146032738 35049
1935.2535310733444 36031
2318.913990940049 36047
2134.6715165543774 36091
2950.9956237199594 37057
2853.352573685755 37077
2985.217211123613 37153
3139.636649393585 37155
2037.8141934383018 38077
1980.5389499848166 38105
2292.5129657025263 39125
2366.5843972242624 39139
2435.992668624644 39167
2975.9163186598844 40081
2139.0363854724433 42035
2273.0641495724994 46041
2880.0075228551786 47039
2818.9188952551594 47049
2861.150134898914 47073
3488.7955156388875 48011
3604.637345448887 48049
3589.94565109842 48125
3712.9363229748565 48131
3539.920147159271 48239
3631.475516818117 48265
3443.8989813820235 48275
3754.6447938095243 48327
3944.370070920832 49031
3172.703679483494 5013
3091.760911021111 5025
3154.3187950278702 5027
2441.5999256604555 51043
2776.530985219369 51115
2508.3948624045324 51510
2443.4986504556696 54103
2049.8181845270647 55109
2847.5844664759497 56031
3542.707427099503 6059
3076.509573968483 6061
4210.510596749999 8091
2279.071257951207 9009
2267.1408900454353 9013
3427.0508606265416 1097
3051.249735530126 1103
3399.267524835251 12047
3217.1393261513654 13013
3333.8928372940154 13025
3450.894197511915 13049
3422.4074858825634 13071
3118.0720388743716 13085
3054.6513856004703 13241
2319.9069184314544 17091
2496.8768371541228 17109
2481.5943277601937 19051
2256.6553092223053 19089
2848.1624087605887 20115
2580.659863048175 21069
2646.720427987069 21073
2591.0823586792 21077
2770.4178121558957 21119
2651.219631658552 21209
3310.394570753122 22033
1715.3432737196024 23003
2147.3757719041582 25011
1886.0828861443354 26071
2107.7420793496103 26117
2142.117019265832 27053
2143.766640358409 27161
2170.084209997678 27169
3121.283988175157 28027
3313.1849743147145 28061
2512.083346992788 29005
2752.351383908445 29011
2608.1923072967065 29047
2747.2075824852345 29059
2595.515893421293 29101
2515.6116935085 29117
2541.4340850736244 29147
2739.556406992559 29225
1955.1127904303344 30015
2059.617663971481 30029
2541.4206756092863 31037
2323.882572311762 31043
2570.7846831400566 31161
3153.4464976519166 32019
2070.5706656823436 36075
1934.6712663543315 38039
2179.430203358296 38041
1858.4999418701002 38099
2285.6549520365616 39043
2313.804645904085 39045
2584.758186680402 39053
2242.3268453718565 39075
2223.339643077768 39147
2286.3126533664295 39171
2694.7231635012436 41025
2714.524062918059 41033
2248.8912561559855 42011
2340.5847684942332 42017
2358.724600453221 42059
3121.199878686969 45001
3194.6342274292606 45015
2452.7812470067906 46113
2966.069049807164 47019
2889.687457161462 47037
2931.7721709615535 47043
2845.2067593254146 47087
2859.0744019418657 47097
2935.8789347418906 47099
2818.4639175275784 47131
2854.323674628186 47169
3454.6193853645213 48065
3537.0090160194504 48187
3842.216724815384 48435
3477.044182595601 48481
3225.485184393637 49021
1921.8198194174984 50005
2109.444946095376 50027
2610.9250940523525 51003
3222.6105132221683 5103
2614.5222940235203 51137
2584.111119094787 51179
2892.111722828379 51191
2903.9783044047076 5129
2893.875778815 51520
2584.2460638834264 51660
2267.859320424324 53021
2599.8248997845444 54025
2513.155690048002 54087
2487.8261003732523 54107
2148.185578193721 55117
2172.331244922075 55131
2580.6575694025178 6015
3134.9895547966153 6057
3214.3692394193026 6099
3164.9414600446307 8035
3476.1589939750015 1003
3315.0288409699992 1041
3187.237756412313 1107
3435.154182002335 13029
3360.830910463547 13037
3003.6169595550796 13111
3176.5038012941445 13121
3243.1223796295876 13133
3222.1827967558966 13151
3263.069666687577 13171
3255.732205004724 13249
3304.896088599062 13273
2571.7458803705213 16033
2792.762304638126 17087
2541.3414827523384 17137
2722.3411047727027 17151
2513.9461750759406 17167
2470.7476754253444 18063
2497.0659787820728 18107
2550.6045565179606 18153
2510.317538602786 18167
2584.710769298669 18175
2781.656668102504 20003
2892.9897450536423 20015
2858.980306358181 20053
2798.657776998809 20089
3104.7720399049417 20097
2887.352008202336 20105
2685.2412505171865 21079
2684.7891403430813 21091
3246.7399383183956 22073
2387.898781065599 25019
2227.4939273766986 26025
2133.325163503512 26065
2067.2471598571824 26123
2081.276478909049 26151
2148.7219613699635 27011
2059.5262977231378 27153
2091.2080094024614 27171
3220.0888133035473 28005
3260.5580920449784 28101
3075.5781293068235 28105
2665.4907801689806 29015
2588.614002868187 29049
2551.864895852997 29163
2570.2432622239276 29173
2755.411527587409 29201
2874.391978631538 29213
2619.2949705698006 29219
2215.8663594874565 30025
2221.5369481369744 30063
2641.4141031954327 31035
2452.018929457662 31089
2790.181839328185 31135
2041.24872604361 33009
3806.96727957072 35005
4063.2664843936886 35029
3210.2573297073495 37019
3121.181949989375 37031
2903.525440571699 37065
2939.3849777332675 37121
3052.262301748768 37133
2926.301635223806 37181
1905.8897402449202 38103
2257.6986139540836 39099
2356.441331932081 39149
3220.5591505728485 40067
3304.703054341314 40149
2568.9489175010144 41015
2194.4741854996214 41071
2220.2503240877295 42039
2163.8815219045264 44007
3189.2581014586685 45045
2118.5117264404266 46045
2910.0254270190894 47093
3026.5031441847304 47115
3189.2712436117436 48063
3508.455006054133 48129
3568.114977910529 48177
3393.009936672982 48199
3238.542393484432 48203
3274.631444435606 48211
3372.4501395055977 48361
3286.532397344397 48365
3254.1484071246387 48379
3940.3165359183663 48383
3970.953142743003 48475
3854.1610325657625 48479
3010.3029984370073 49009
2126.931651827179 50025
2761.213171293056 51001
2510.5925666726544 51059
3018.2591154991837 5115
2775.518522796979 51185
2229.7773652255646 53013
2185.7768766310824 55063
3239.58178772328 6109
4250.408636080352 8007
3931.345506215219 8067
2781.239282115949 2090
2781.239282115949 2185
2781.239282115949 2240
2781.239282115949 15003
3313.5159107039417 1013
3410.8552170711982 1045
2978.7515765612147 1079
3313.9489184915888 1113
3585.9309748507485 12037
3844.142483373976 12049
3466.469151686118 12091
3442.781546140695 12131
3266.1712531122153 13033
3267.778164789127 13045
3282.315037278076 13141
3365.2771426225668 13161
2090.4251624958683 16009
2534.0670720541193 16075
2389.882796875132 17143
2776.676932422629 17181
2671.474623854576 17185
2620.7457215771137 17191
2764.866429462749 17199
2639.868108857511 18019
2542.2470886355673 18027
2549.640850301837 18105
2435.700068950405 18139
2491.9699532044315 18171
2290.8478353894016 19189
2717.051576054777 20061
2599.5020195923726 20117
2896.6082202826815 20167
3137.131373097656 20199
2681.493958448143 21063
1960.3649574158874 23013
1910.8349711017233 23027
2173.694733515686 27073
2208.8358648365893 27103
2211.0687467514763 27147
3263.4476597621783 28085
3195.151525450826 28099
2575.433084774362 29041
2562.074885591826 29127
2837.9035790702947 29181
2681.5563949066373 29186
2490.0043577701604 29227
2146.3351877309256 30033
1997.0075874722659 30085
2485.7044989775727 31025
2766.7552296517274 31033
2611.19022116555 31081
2818.191314635659 31085
2543.847995984849 31121
2416.8578803704327 34033
2355.888548802674 34035
3491.8764208565854 35028
2144.1247126376825 36025
2036.12632372163 36049
2377.7983413949796 36059
2138.4866395079234 36095
2394.5892672717746 36103
2112.0296359812587 36117
2951.6489480584128 37151
2348.735238335807 39073
2401.488655564385 39111
2356.4806725303056 39121
2361.1686751211064 39129
2312.789639716204 39135
2432.778882142915 39141
3320.1808173238965 40075
3001.2929613264846 40079
3058.0624962737384 40107
3776.581492960076 4012
3044.656681393424 40151
2311.1439616828648 42009
2120.6207552376195 42015
3172.127977438063 45071
2159.4634051829285 46051
2322.7633565124693 46067
2925.5266289412634 47007
2909.444745782528 47077
3393.8145949957793 48005
3161.1827175463477 48147
3695.4003955377525 48151
3358.8988022284634 48155
3863.5843239198225 48215
3554.8154714240964 48299
3417.9220081221756 48309
3602.2090409991633 48321
3637.8108949471425 48333
3716.2547726370676 48385
3432.825992902222 48395
3349.191254443774 48405
3010.181492150041 5083
2814.4327318562314 51083
2644.9774112815094 51193
3012.0075510684915 5145
2075.435095475963 53047
2323.5047641262345 54009
2133.7641999470397 55015
1915.0261984671536 55031
2120.8160534882018 55047
2075.114416775629 55137
2140.4389006244037 55141
2947.176486690763 56013
3360.1082218701586 56039
3017.8065843901654 56041
2985.7257656119223 6103
3108.863334574442 8005
3146.5343128057525 8081
2870.083857153944 8095
3922.5277438657363 8107
2781.239282115949 2195
2781.239282115949 15005
3397.3857591107158 1053
3123.7285286295023 1075
3036.5560247004146 1083
3279.84858943275 1131
3297.595886044923 13081
3127.7265909674816 13105
3298.568336763311 13109
3265.519449816729 13113
2548.53557231474 16037
2584.646742042829 17157
2394.9667095979385 17203
2383.9325195970587 18059
2566.501176695523 18093
2575.3192290231727 18155
2392.452269232887 19001
2285.226372394824 19019
2294.4754341580365 19131
3181.325783703333 20055
2691.377434798308 20059
2783.2275829949226 20169
2803.1043388519524 21035
2661.5658607580945 21111
2654.026358114978 21181
2647.316831400401 21239
3283.4849876936764 22019
3191.357201126158 22027
3469.6885960386494 22051
3621.207312461114 22075
2412.6174827378854 24025
2151.3825284050217 26081
2177.6967771112013 26127
2041.1558685494833 26155
1946.1080604409005 27057
1946.4422202513501 27087
1826.5688714310222 27089
2047.994047463991 27097
2302.4590355098444 27101
3273.3287502689877 28065
3058.8073401492097 28117
3144.778851103295 28155
2430.084058206458 29001
2715.116918721681 29017
2646.0430894944166 29027
2653.791243297325 29055
2753.1501254534496 29067
2605.1345513600804 29139
2570.7718398967986 29195
2213.8136665447755 30037
2176.5284500237217 30061
1996.0717554078408 30073
2562.431360169291 31133
2510.655573416413 31143
2487.403693384246 31167
3533.2423846157294 32003
3067.3730947685594 32031
2334.438185377489 34023
4033.202773265523 35013
2305.7182461820457 36079
2161.042660341422 36083
2095.5139013384146 36097
2100.4501394140216 36099
2113.156001204853 36101
2062.523464112267 36109
2934.607581653215 37013
2918.0092990779294 37081
2930.195497724053 37171
1921.1434915335835 38005
1878.9599145699092 38071
2588.3337940734655 39087
2209.339497969739 39095
2289.119451858986 39143
2324.3198341016855 39151
2900.9257179621914 40131
2283.219592245842 42003
2171.1843887199243 42081
2311.727587369855 42133
3222.455653255991 45055
2991.7613462453523 47061
3623.179885721362 48013
3389.032812134134 48075
3644.7670366498874 48163
3805.6857748353214 48227
3423.8638484605053 48245
3590.8727410595957 48255
3242.654803625495 48257
3709.9495819859503 48279
3871.8442283591567 48323
3242.735329102462 48397
3254.7338188809645 48459
3264.5545656951513 48467
3105.791344793306 49049
1950.6612071398104 50015
2712.0603269471258 51103
2760.907125287171 51183
2008.0918448540142 53027
2538.5111166435486 54021
2769.1680371776692 54055
2061.2510073770313 55005
2081.1281441183723 55029
2217.354497524466 55079
1989.120048577157 55129
3010.146782645576 56023
2955.647970962644 6089
3116.768513080779 6113
3043.3824866106925 8087
2510.0806980346606 10001
3314.076362759663 1123
3143.1871530689814 1125
3861.659250385181 12071
4410.431726132469 12087
3384.637999727949 13031
3221.990388674337 13059
3172.861894558431 13063
3209.595706362714 13139
3360.972048217054 13309
3154.1651033585867 13311
2268.121887768767 16035
2253.6605938468188 17085
2811.642958053149 17153
2685.182753759195 17189
2188.0157306270203 18039
2297.6548149752516 18089
2585.773837317175 18101
2726.0106802704404 18129
2232.29183480831 18131
2474.3544338818037 19121
2306.584819248715 19167
2843.3580082777426 20079
2772.522537512242 20113
3024.2822156127495 20151
2934.4260744948847 20163
2809.1635938397453 20173
2701.5404414309214 21059
2763.1625614944214 21157
3337.8645561330245 22041
3429.969606238726 22057
3306.59105078564 22063
3321.0830836899227 22081
3382.7307550790897 22105
2605.226377975752 24009
2206.4397288304644 26059
1855.013689083018 26083
2192.4687379785 26115
2196.718494297402 27013
1942.6566706250035 27017
2183.4094894671007 27033
2282.114095996309 27099
2048.690579185977 27111
1999.454716523538 27115
3087.322276180829 28057
2499.444343885141 29025
2557.3355489125684 29087
2794.100822325158 29149
2001.4950412067667 30051
2221.2375284534423 30107
2720.32307311284 31005
2515.774995074432 31053
2550.489318320156 31183
2157.899238312456 33011
2814.8266851006256 37143
2042.9199263801631 38015
1952.1638614202898 38043
2011.0291572753626 38047
1957.191690403954 38073
2589.3014068538823 39015
2449.8549646685487 39057
3116.4580417555553 40027
3295.1319646374536 40129
2232.433308085876 42037
3032.1557195471137 45023
3192.1378134829206 45063
2110.086658573641 46049
2829.629764286456 47005
2933.803428846956 47119
2879.097067549247 47135
2886.8563527171827 47159
2962.5673721118987 47179
3750.8982436201572 48081
3529.8842249320346 48133
3534.458876902205 48259
3859.859212941199 48461
3745.290992617446 48489
3365.0522825037033 49017
3191.8437094426695 5061
2658.9819178346766 51017
2563.7057165253627 51139
3005.149354186025 5127
2556.427734097833 54011
1913.8513688352684 55051
2134.0845181201516 55053
1978.8471078227938 55085
1948.1549545213188 55125
2955.922963917181 56037
3211.8786760113567 6087
3084.1893528003084 8039
3062.1715588014886 1049
3189.714399913818 1115
3451.7705052686565 12001
3934.2516998958968 12015
3729.4845494273964 12069
3656.42731558435 12119
3403.2798990350425 13007
3208.4393306557918 13011
3275.14968964113 13079
3234.2859853937593 13219
2058.680684806228 16017
2721.341403178295 16063
2533.242845231834 17013
2469.090352959107 17071
2454.19040093906 17107
2300.9068899650174 17197
2365.4267066103216 18065
2604.525520385485 18083
2521.813351226424 18133
2350.222057585534 19025
2457.2541656459484 19029
2479.392422122502 19087
2387.225019770553 19135
2324.8650003088633 19163
2400.9398478535795 19175
2566.147031553532 20131
2620.419835839959 21043
2661.954880234738 21151
2606.8457794929936 21185
2743.6089881629086 21217
3350.198657905131 22005
2018.8256204710142 23001
2363.3068332007147 25007
2135.422619524554 26045
2211.4189598329863 26121
1984.2643056234674 27021
2299.1435134838543 27133
1985.0149156191396 27159
3225.22629895937 28051
3256.4850717770296 28089
3128.1093853919283 28119
3005.1670736350165 28145
2582.8099010751803 29053
2471.473251327527 29081
2710.673859513213 29169
2671.4761203824805 29221
2331.90560246992 30093
2347.3305195766247 34019
2267.696869829484 34037
3663.766588606668 35057
3135.1511006701962 37129
2978.282906898956 37195
2968.71910350549 37197
2055.225268715794 38021
1917.1951450197857 38049
1903.8883936290024 38101
2466.511165019473 39009
2332.523967909836 39033
2221.8850309781596 39069
2284.073289885347 39103
2452.6790643712884 39165
3170.245891566428 40015
3111.1737933722343 40017
3043.7451733729617 40061
2978.91463147857 40119
3313.069073760906 40139
2241.78133861126 42019
2215.0897142387034 42031
2241.1913632683763 42103
2366.5926814387803 42111
3200.987946972452 45089
2156.356326533993 46013
2373.1537008176533 46103
2911.400735389603 47057
2873.2894320811924 47067
2893.3526522149023 47075
3217.936793171759 48085
3467.6466565331734 48143
3340.3823318343234 48313
3355.635398861138 48347
3349.071227862726 48403
3431.744629057873 48407
3578.6614030524347 48417
3280.4687192578044 48423
3539.9579322883724 48437
3359.0743297296985 48471
3114.050396561884 49015
3375.074153885567 49039
2005.2706413904903 50023
3204.3545400018393 5081
2724.7512662248987 51009
2797.36445439746 51051
2659.8181990112757 51109
2749.291912541356 51119
2769.101671520922 51121
2680.5975775264096 51163
2562.284302347622 51177
2741.823342213214 51181
2881.38436384627 5135
2808.6463108373255 51550
2514.151810376214 51600
2639.485103950002 51820
2756.3961298322474 51830
2092.8840257870274 53041
1974.183654469175 53049
2308.6597199619873 53071
2274.579297884456 53077
2476.2046976534284 54031
2702.0415175687554 54059
2431.260985549174 54091
1931.39144099055 55003
2054.516934745631 55009
2186.1809376694705 55089
2079.8863277668743 55115
3030.5237066703517 6021
3027.0830768710243 8001
2946.25023365439 8121
3339.0431679876633 1051
3385.689966637915 1061
3135.9014285732565 1095
3171.28139672531 1119
3323.2721678380703 12073
3435.4977237459366 13003
3432.534018524623 13005
3294.207073059495 13043
3392.7269134294193 13075
3206.103613799847 13119
3421.2986304726237 13179
3197.1849412165366 13189
3218.2636018570397 13195
3265.5898569024243 13207
3151.8672891367182 13265
3133.090952937921 13317
2721.089148134999 16065
2618.8445397172836 16073
2557.289020249411 17135
2458.6267112705345 18005
2189.005227883349 18113
2311.02173490929 19023
2320.299283357343 19069
2308.581400435637 19113
2484.9568318739634 19117
2956.6721741529514 20009
2754.2071448835927 20011
2751.650399948469 20029
3067.016015894118 20033
2957.2575108860883 20165
2565.249867103935 21015
2597.136748039099 21019
2691.7702479519776 21127
2732.05457901 21155
2748.059124342159 21233
2744.369699204876 21237
3179.9200562648857 22067
2450.511877623652 24003
2399.1812013468057 24510
2038.944435516746 26001
1950.9214059393464 26143
2154.6037978262034 26161
2176.2083850720396 27131
3295.9369242157522 28023
3126.415762633386 28135
3204.58989809751 28151
2818.6212195033586 29091
2548.4861189456115 29103
2659.43041612379 29183
2730.4249172132004 29215
2459.63456353193 30009
1996.2919840043364 30041
2593.421100137795 31077
2728.395338119521 31123
2531.678307135338 31125
2741.9513876580004 31129
2574.496404583382 31159
2130.340837468288 33001
2040.3306631258408 36011
2077.0462120668144 36069
2209.57564195272 36105
2917.77154024786 37135
3077.1000929753955 37141
2890.3391879911073 37157
1992.2380162834324 38061
2258.012496959618 39029
2354.646303604429 39119
2296.603167585024 39137
2363.299596917348 39153
3404.8882942238565 40025
3258.916013436181 40085
2893.1625869502745 40115
3830.599141554078 4027
2232.4778159474713 41003
2169.0634826760306 41009
2361.7274209184475 41027
2829.0629085504092 41035
2365.4446897852154 42045
2203.481173468814 44005
3008.5031841058503 45021
3235.940293462729 45047
3157.8912004236067 45079
2224.7567032188667 46069
2283.678634083018 46097
2972.3224953007525 47107
2875.999994901519 47147
2841.194976346308 47173
2842.2422686885316 47183
2899.602212786204 47187
3643.9051225725498 48169
3328.128167943822 48197
3465.3615535759013 48207
3179.378695199679 48223
3346.0265231029475 48291
3573.182367497974 48345
3276.727862859364 48357
3039.5199198642613 49029
3014.843264808199 49035
2996.677427909045 49057
2756.647215031087 51011
2591.916903054226 51015
2693.205988605819 51049
3110.5184441371757 5107
2545.6048195809058 51113
2735.563209723706 51147
2824.9498397150796 51167
2779.5129389783924 51750
2766.4017154249173 51770
1858.250958121458 53031
2621.48043786239 54043
2354.5753355765996 54069
2125.8073945006845 55071
3076.9535949410547 6011
3010.3031004354434 6035
3693.4973986190857 6071
3203.380322036704 6085
3172.462191473524 8073
3929.3781170116526 8105
2217.112174863866 9003
2224.6054099535454 9015
3337.4979301004464 1035
3287.2803438183405 1129
3505.2910905114823 12019
3889.6874527273444 12055
3562.6423984299263 12107
3183.6126142412477 13125
3252.686477843347 13153
2652.7135484609366 16015
2697.6427364712044 17047
2548.1731373971147 17049
2269.0926700797977 17177
2588.8277708157425 18143
2250.1255657296892 19059
2488.7700504628297 19107
2352.9817495841285 19197
2788.783818773712 20001
2643.9335658482014 20027
3077.322826655153 20047
3160.0350386637747 20057
3192.5594379901327 20069
2789.351524313493 20141
2765.592345787694 20143
2693.417415026506 20161
2624.093600472906 20209
2815.5191145006174 21195
1933.439367213895 26029
2157.92402528048 26075
2190.705718922634 26139
2175.657570771734 27129
3101.3471496996062 28025
3472.462694271564 28059
3123.6484292545256 28071
3120.85083730843 28087
3388.4174206897987 28149
2874.713624448812 29069
2568.171960376468 29177
2685.4325106576816 29187
2717.787216514722 29203
2403.596362404191 30067
2103.3782714516124 30069
2647.1564693438745 31007
2433.1058484689665 31031
2580.9972413358246 31045
2715.9717184263573 31073
2501.5582307886775 31091
2451.9284002881004 31141
3710.5426938506503 35001
2284.938789357518 36085
2096.506972767728 36113
3000.8517661826945 37049
2871.624439169189 37131
3084.284605286784 37149
3040.5450094431476 37179
2871.759078640118 37183
1934.506817802555 38003
2000.2078360911235 38081
2429.9588334157806 39017
2352.3893919911347 39019
2477.678784034596 39047
2249.601343917323 39155
3143.716026460243 40005
3140.233845357405 40013
3004.515450390859 40021
3208.8065484742287 40043
3006.19461184792 40091
3173.0161869183567 40095
2990.8936465355177 40125
2218.716586809108 42073
2332.3461631755526 42125
3264.986110426666 45081
2361.4181943751696 46023
2973.137578339647 47071
2975.5328063269912 47103
2993.788003998022 47167
3786.0554764958665 48033
3503.564928685122 48099
3854.183482008198 48173
3448.503380002245 48179
3365.054142581511 48217
3899.958788038995 48371
3757.4487130268226 48445
3722.0019541733964 48463
3977.583401968847 48495
3201.437046317182 49023
3178.0575600857082 49027
3112.0343685762077 5019
3052.6413881179924 5033
2783.74467938653 51081
2768.4760505330796 51161
2801.4243904737855 51640
2528.132345013948 51685
2800.67156284725 51700
2638.8402828214053 54099
2042.7661764036864 55013
2185.3721739674684 55057
2128.7313239107116 55087
2671.26225567589 56027
2581.0958382118133 56029
2505.935435189217 56033
3151.8377810523725 6053
3454.8761476348545 8025
2209.240325750737 9005
2326.551211707354 9011
3300.3574672355535 1099
3348.5134919563193 12013
3901.151105712678 12021
3267.607144163785 12077
3485.3244688323257 12089
3407.7736684509764 13065
3362.6138639527135 13099
3259.4084588516653 13159
3298.9006264538757 13235
2258.2987603691345 16061
2106.8217778377907 16079
2796.163724447057 17003
2492.380236196474 17057
2508.0104733820986 17061
2527.1918448891643 17083
2364.2170148929904 17123
2560.106063720647 18021
2325.470670001484 18035
2249.186684106106 18085
2208.596653172008 18149
2339.8117875393527 18177
2349.8464986797385 19149
2317.1411124192823 19151
2905.1778161519665 20191
2818.3939523927725 20205
2566.111101542778 21097
2770.2348838890803 21107
3346.530353047373 22009
3314.3117476358025 22021
3331.7511929438638 22031
3385.3503592534644 22077
1989.8187842911052 23009
1916.81565726526 26047
2121.643901860472 26105
2009.785431531807 27001
2228.1544434674843 27039
2118.648665586575 27041
2270.0800699107717 27091
1837.8006732546207 27113
2163.1962155987485 27121
1847.1854814013834 27125
3256.2071649046275 28007
2709.3669847978326 29065
2624.0082316684316 29071
2154.381196446044 30109
3095.112201674797 32011
1983.6576561672105 36089
2873.029911410913 37063
2994.6951918037785 37085
3002.228071804821 37087
2920.46032948506 37193
2972.154167989053 37199
2344.312048787023 39059
3363.5876645830444 40141
2205.167658133591 42053
2147.8023794899623 42113
2182.832398531704 42123
3251.2508206244443 45027
3172.11081282707 45035
3059.7224894201163 45069
3203.989812323946 45075
2311.6916141206007 46015
2371.3624157401496 46027
2053.3287518985503 46089
2286.4023507775187 46101
2788.883237620876 47165
2887.7883044914242 47185
3401.1315569721487 48041
3627.019195061621 48123
3331.1872764661202 48367
3769.797692755 48507
3506.999353310486 49055
2880.321928216746 5021
2495.3187638213676 51013
2665.2646806099615 51057
2748.8040191162568 51135
2611.3836338549613 54005
2524.7467542898394 54083
1996.852159790517 55041
2419.6502145563823 56011
3742.2140278830643 6003
2743.73672361304 6023
3004.896801458683 6075
2781.239282115949 2050
2781.239282115949 46102
3239.79915966571 1047
3284.5685185888565 1091
3347.6721569440333 1109
3381.700832846652 12063
3894.9039815013393 12099
3205.1632438755273 13221
3076.653387343936 13227
3196.644152083236 13233
3333.464446862593 13237
2702.162405710937 16023
2610.5130319850005 16045
2533.8431079327406 17021
2396.5198645645623 18097
2390.936553665558 19073
2378.6382164439906 19093
2477.2176422393127 19179
3097.9543897471253 20101
3291.0066299482814 20119
2745.768081759276 21045
2790.505828399238 21141
2673.540788229069 21159
2746.2169131490004 21203
3375.8129500338796 22059
3505.0022543551445 22101
2388.7713189222086 24005
2477.2999352102734 24031
2475.609203302482 24035
2185.024590754136 25013
2092.5876477185993 26063
2552.9699079021657 29045
2535.7590298469486 29137
2684.077713497733 29185
2453.475226972745 29197
2105.8580525508314 30027
2275.5016548609606 30049
1974.5420034807719 30053
2314.966472905944 30077
2474.1611048157883 31071
2612.7403481919755 31109
2721.596897201829 31157
3366.6964388824413 32017
3268.3945452119715 32021
2396.924444278182 34021
2318.2319954143018 34041
3669.979412434264 35019
2971.30390539254 37035
3056.1948865926797 37093
2899.524848690158 37117
2117.235492946806 38007
2349.559502014759 39021
2961.587809412038 40037
3033.5443360550753 40077
2986.3328026235913 40103
3929.1924526456337 4011
3729.267635021264 4021
2029.1795405298358 41007
2546.601289177054 41031
2297.9253711542847 41059
2204.710752252637 42079
2137.1522383325278 42115
2257.5788579115388 46003
2286.8939823461533 46043
2309.540704276516 46063
2349.676306786756 46081
2199.834365642859 46105
2177.8756668227265 46115
2326.228867118864 46123
2856.772179857219 47017
2929.210760753755 47029
3020.1089257771914 47059
2855.9780691505525 47129
2941.3937754788144 47143
2844.76667847123 47149
2841.7376835802793 47161
2933.2594902502774 47171
3581.7523105668315 48053
3600.8987181886723 48107
3638.711638058824 48359
3328.2704899844935 48457
1981.378027291844 50009
2856.0351046398855 5015
3140.372220921399 5073
2775.243035494538 51021
2714.2130521615586 51036
2778.7597446616273 51093
2494.1623556639443 51107
2747.9359112356874 51117
2602.0762584628083 54075
2648.5543138777944 54081
2065.3396821707133 55097
2201.3433682721243 55101
3088.5857411676548 6013
3675.6209078694087 6073
3515.5606627746693 6083
3347.133330860341 8089
2781.239282115949 2150
2781.239282115949 2282
2595.2749305339694 10005
3417.5927606512328 1069
3105.806255952785 1073
2997.471479291021 1089
3254.4220725227865 1111
3454.440662089079 12041
3342.303453214071 12133
3195.0779739049203 13073
3080.051512766803 13083
3400.367656576462 13165
3290.5687655261427 13261
3399.90081493331 13275
3321.4837926372943 13289
3204.3116776426464 13301
3327.8195928721398 13319
2630.001782751166 16001
2611.91761503129 17079
2619.341784099016 18125
2289.3400506198836 19037
2266.2742701522807 19061
2531.992465237183 19101
2297.7546300947033 19127
2391.059691260472 19159
2808.117749855936 20031
3207.504132728682 20075
2697.413583733502 20149
2925.1552734961215 20153
2948.2655455697363 20155
2869.586073582689 20159
2961.7245020198425 20195
2815.0054899369825 21169
2781.365038342872 21207
3314.7772953140216 22091
2675.1000279806485 24047
1913.2821936331843 26043
2067.2258441264057 26107
2030.7423910119444 26113
2011.825693124119 26135
1925.7894486924988 26137
1743.4420277044032 27071
2111.8087553981313 27155
3257.8105108999976 28031
3143.478821972196 28103
3258.2467755079756 28113
3276.3818995510155 28121
2559.318728335119 29003
2768.2872297092417 29023
2813.487076414684 29035
2630.636750772984 29051
2456.9200452845807 29061
2635.9566650569427 29123
2842.5426972047458 29133
2664.8539650279436 29141
2516.1191117679114 29205
2401.9123411835894 31021
2490.523644383888 31179
3522.1816565892123 35003
3723.438174268592 35009
2166.0051424598855 36013
2182.9622960779625 36111
2907.1595775560695 37001
2938.0283438215797 37027
3083.5388280305037 37043
2286.210866104594 39169
3012.039712315978 40053
3864.4915514694894 4009
2274.807895185038 42021
2244.171600000223 42087
2247.6236048061096 42093
2295.633209015094 46017
2280.0062631705773 46065
2371.789748313996 46121
2311.8345467686263 46125
2853.201895265322 47125
3470.8869363740155 48045
3721.8528331496072 48079
3392.107795696339 48195
3603.5625008236357 48249
3851.2840064239444 48329
3028.5490515640563 49011
3093.996308811861 49013
1955.6344659516976 50013
3255.679880293295 5017
2916.9458341770255 5023
3042.728706153407 5029
2710.697417205237 51007
2736.317938911594 51053
2820.514996839001 51063
2810.056773782829 51067
2747.111546960971 51095
3035.713296966445 5113
3070.983397559774 5131
2905.8271763246503 5143
2262.0811565165563 53059
2384.9944410381368 54003
2141.335366480692 55055
1981.4622270507093 55107
2202.4928788372004 55127
3108.5804464644566 56001
3322.6451780572656 6043
3684.6841416323064 6051
3490.806010179274 8043
4242.8238148359205 8065
3769.6757998925873 8119
2781.239282115949 2105
2781.239282115949 15007
3226.6733834839442 1021
3215.6574169563764 1063
3945.905519715932 12043
3597.9959414967884 12083
3377.0297053268364 13019
3147.413566825158 13117
3261.566133361993 13143
3313.0721444001506 13231
3347.855603247558 13283
3100.707166818458 13291
3106.5085115209954 13295
2625.1171768288705 17051
2326.1571441405363 17105
2497.8315035965297 17187
2495.5333457153997 18031
2427.0693479007227 18041
2363.0597641939926 19075
2356.7367520171256 19141
2312.2411154091346 19143
3055.630265203681 20193
2719.8863381630285 21025
2702.460561213162 21027
2682.8352915347014 21173
2741.801710901929 21177
2614.963641105905 21223
3429.0734725540824 22109
2173.359308656681 25027
2171.9571111856517 26005
1861.6384934248601 26013
2216.9997304200456 26027
1893.8392473572164 26053
1870.4893711046695 26061
2076.4226060334386 26073
2150.208522174357 26077
1876.0700596504798 26097
1886.3227106745012 26153
2106.559140581929 27009
2242.115677263816 27063
3061.480573427666 28003
3007.024062164315 28081
3074.09239791745 28095
3008.692013820589 28139
2852.4452362165616 29009
2846.143001519202 29043
2550.1536785875987 29075
2634.476556361764 29095
2662.2374043463146 29165
2193.8609500878783 30017
2123.9167058704465 30045
1995.3070975379699 30101
2685.4835067314016 31099
3918.9687404637857 35015
2281.68177823311 36005
2093.10255611871 36055
2884.9762625826193 37033
2840.2719194397628 37069
3020.258447207628 37099
2018.8041548910953 38055
2571.9462661706875 39001
2264.7722238069614 39175
2964.8042215915016 40101
3099.0279678068027 40109
3097.7758025064054 40127
3008.3299835170806 40135
3445.6947093059184 4017
2444.178917125566 41001
2215.898952885411 42025
3226.7353163342636 45003
2180.045478102273 46025
2216.394420678699 46119
2918.969624528782 47041
2940.583450061418 47069
2961.5466132215915 47175
2979.879515856986 47177
3289.8950321847187 48077
3524.1848823215437 48091
3782.429256821706 48137
3397.439143596606 48161
3262.238804233636 48183
3396.611760406135 48221
3825.3038253206114 48235
3190.8699039780695 48315
3605.681304711525 48319
3671.378048828261 48391
3384.4277096437177 48425
3401.3693168427053 48455
2780.9788955332656 51031
2673.316216995816 51087
2686.4808941755027 51145
2757.72696812332 51595
2650.400869090908 51678
1842.0251825030273 53073
2561.902406588952 54013
2509.3068015433473 54023
2203.5839838501897 55045
2548.04995716853 56003
3140.7299588669703 56007
3074.18810416773 6001
3759.928872100038 6025
3088.31482942287 6055
3385.063729975244 8101
2781.239282115949 2198
2781.239282115949 2220
2781.239282115949 2275
3107.015500185146 1043
3090.7924104872936 1127
3317.5965683397303 12039
3866.2584138115144 12061
3734.648431873665 12097
3123.581535961698 13015
3469.1143550739403 13069
3283.244686093449 13193
3343.209729135994 13305
2053.3521609190993 16055
2534.045062973939 18077
2450.1441941065964 18081
2563.129502735622 18115
2278.887385298379 18135
2353.370098084843 19091
2389.5091274928673 19161
3243.91600881395 20187
2630.5809640347875 21011
2805.4820531148775 21047
2549.639635281163 21191
3251.3054842604565 22083
2277.898758820278 25023
2140.578149723115 26015
2128.9442132264367 27045
2148.5364263377232 27067
2275.9670124222653 27081
3261.1780554431384 28035
3300.741667563613 28063
3256.106012890412 28097
3202.4425865622825 28107
3258.4160150507814 28129
3085.0296210348524 28141
2716.064258533438 29013
2769.9989008466537 29207
2332.106885915976 30007
2180.3797791505785 30079
2010.4543036498949 30105
2494.710011767806 31011
2628.4487392396704 31019
2534.7604695526315 31163
3738.9736072499995 35011
3572.416860205189 35031
2110.790825382703 36123
2989.0917960099605 37109
2990.0579027655886 37137
2855.7572993314293 37145
2906.598346954554 37187
1893.1103726479398 38095
2338.9945041732653 39003
2345.6961033795114 39089
2534.198292008864 39105
3276.47291847864 40009
2546.585712703348 41045
2238.3357406044147 42047
2269.289096679595 42099
3213.8673346231644 45009
2310.90605766427 46093
2191.5471591214664 46129
2858.2760674925994 47035
2991.620994914642 47113
3019.737837083582 47153
3327.999336471699 48001
3395.381658466426 48157
3318.7943444222337 48213
3776.899929632603 48247
3407.3795790091967 48293
3421.547610601624 48473
3542.883259358401 48491
2936.6352586867324 5037
2858.014950295675 5089
2932.2593718817084 5093
2924.7669967114675 5101
2752.6040773262393 51023
2446.725441412652 51069
2688.3048867498046 51097
2697.2040385849637 51127
2671.595874173665 51760
2236.168990142606 53001
2076.9241168044555 53043
2502.0912405639256 54017
2647.402886378975 54019
2520.0277021667744 54041
4239.145917955039 8097
3165.5302685357656 1015
3112.226431523176 1019
3497.597624141916 12075
3411.16842603089 13101
3301.611420861814 13205
3326.6776245502324 13287
3385.708758811124 13299
2224.5791202485398 17015
2246.9135966001913 17037
2720.8573823976394 17145
2437.7340201351417 18047
2658.780001583974 18051
2221.4508925258733 18141
2199.3242386344236 18183
2491.5702971233336 19165
2548.753146383261 20043
2626.747780468188 20087
2854.513190683101 20147
3261.243522658139 20189
2531.389373728636 21037
2748.8844956535454 21055
2744.452587996294 21071
2784.51044449 21099
2801.3569331236263 21133
2753.9079981379678 21139
3396.7857555491737 22047
3226.4613852767916 22123
3309.568064106883 22127
2404.243987988294 24015
2162.6473861383574 25017
2190.8105698877607 25021
2211.3901263879457 26023
2029.4252391515543 26111
2010.9100627580788 26119
2254.0679265295475 27047
1854.6684757826156 27075
2070.6709172943065 27085
2183.245895586889 27127
3142.3249557072922 28033
2645.9081373885465 29083
2702.511668967242 29093
2482.83260988148 31017
2649.5230681278194 31069
2832.534140821702 31087
2388.7918846716975 31103
2685.1630248346437 31105
2534.206159726192 31171
2565.3632028101483 31185
2126.5784916388398 33005
3674.5952288837684 35039
3054.608629508132 37095
3086.4753381425367 37113
1837.1214400080082 38019
1852.5416281451437 38035
2105.2026893769857 38085
2317.2312626369435 39157
2938.901008576317 40041
3089.4707037229737 40121
3026.88998964544 40133
2976.7530733834183 40143
3180.2519841868198 40153
3292.5215730260898 45049
3324.6136004120162 45053
2309.0631915831023 46009
2541.6038183013825 46047
2939.9667400164835 47047
2854.659300770202 47083
3562.4227668397025 48031
3614.6498764463176 48059
3320.5632465704193 48073
3601.2607745848427 48153
3157.9156909800013 48181
3556.4546353815263 48205
3698.7921358368935 48219
3857.445611317164 48271
3396.7431432969743 48289
3296.572800667227 48337
3692.5855007941946 48353
3587.772806376695 48429
3749.5135264710443 48431
4040.9522863050206 48443
3540.940587985267 48453
3233.62569076121 49001
3398.893511412289 49019
3073.5361371741437 49043
3013.674524709846 5047
2929.831231225118 5087
3079.967371908538 5097
2656.5461658163254 51530
2929.144708169873 51690
2264.9569221410247 53037
2342.9412389934264 53039
2207.891015284458 53075
2490.0808742391905 54033
2032.9091984177567 55017
2126.8823633950774 55091
3052.332435642965 6115
3088.157429373982 8014
3137.288160106201 8103
3233.3622162784495 1023
3394.943373856922 12059
3493.226803849962 12123
3691.1543473092725 12127
3369.039829237336 12129
3302.2687074556798 13107
3396.9546626142255 13155
3267.8312549798434 13169
3328.4934847988816 13253
2781.563928378234 16041
2432.96958008812 16059
2718.788737015562 16081
2580.8923290895173 17029
2476.155823439471 17115
2736.760209938485 17165
2641.3355229932913 18025
2304.5816629179853 18053
2505.5389067430424 18055
2505.3934231532944 18137
2674.08275741224 18147
2333.311063303271 19011
2436.740430037874 19085
2411.326787244673 19123
2465.03493467638 19129
2925.3545700192053 20051
3351.921080131148 20129
2750.3937051962894 20139
3009.2629624486813 20179
2605.9792566245897 20201
2706.6783593341747 21137
2701.4626135017224 21149
2843.170089461348 21171
2648.852397348065 21205
3328.462031973048 22025
3471.0009298621176 22103
3367.1093020408575 22117
1882.417700592391 26131
1841.7042450204344 27007
2670.1989673588437 29157
1953.6414560194391 30005
2555.780749056389 31117
2474.0527557554337 31147
3618.562687837673 32023
3132.722088897544 32027
3627.0714377603304 35033
3835.976888712531 35051
2839.7674983184897 37029
3112.083791552468 37089
2960.960819840158 37163
3054.9905257317473 37165
2931.752133591921 37191
2100.3233925258555 38059
2206.2497341663034 39007
2297.1587882760527 39041
2197.697292719243 39051
2360.0495346392713 39067
3161.9892488984437 40049
3805.980670150527 4013
2295.8887325802866 41043
2238.289868281914 42127
3252.551811312304 45011
3153.9691821172414 45031
2917.5653157212996 47031
2926.582321226259 47117
3194.9383820512153 48037
3513.7571155865935 48209
3654.539270261041 48263
3644.3045774801117 48307
3643.5376983576634 48311
3556.2268065366916 48381
3308.768931492287 48401
3835.062371145899 48465
3357.205359261283 48483
3159.09018603884 49051
3109.5251639091593 5043
2884.663792192707 5063
2684.460201294661 51029
2652.612497656268 51125
2796.79393424376 51155
2847.711792398805 5121
2499.2177437486757 51610
2528.8857183516025 51683
2513.6200685536023 54067
2489.0406729639767 54071
2192.5504977396336 55021
2099.7513218155864 55035
2206.5044381405105 55049
2195.634334963981 55111
2101.490629676091 55135
2784.311404847441 56025
3075.9502204677433 6041
3070.640421676666 6101
3564.923785274799 8019
3289.9696091724727 8099
4370.330989762096 8111
2781.239282115949 2110
2781.239282115949 2170
3348.4968781951125 1011
3240.1583426998372 1065
3623.9818476152495 12017
3441.089960912626 12125
3351.4626476355133 13009
3262.83866505614 13177
3325.3567384474895 13243
2637.436513684957 17005
2372.885485678775 17075
2493.081195816811 17149
2532.251804929099 17173
2410.914822605255 17179
2223.674068265852 17201
2451.513568281056 18157
2368.4990438016134 18161
2485.3048058571794 19039
2430.4890667566797 19049
2312.0940429134203 19083
2321.571131093774 19147
2858.2731280159364 20019
3028.04675855131 20077
2985.7306981114125 20095
2839.103207995555 20125
2577.6944661255247 21081
2574.3744612516884 21089
2772.9844926781543 21193
2606.6855410401627 21201
3298.9165228054503 22011
3361.2136543524434 22055
3431.7669427561527 22099
3233.418962913972 22111
3207.3663253508707 22119
1835.90573742077 23021
2479.0564392390265 24029
2699.51691930607 24039
2190.3969285364733 26163
3267.0239455538526 28073
3277.1791933700006 28091
2633.65232938965 29107
2647.7839972300817 29151
2547.865955489226 31041
2721.3487950526746 31137
2697.2147144146543 31181
3106.5010591991836 32033
2112.852799884364 33013
3661.1803096698404 35037
2085.2839717887673 36051
2084.286676726467 36067
2331.026691612337 36119
2963.3542736727677 37037
2833.1564930509676 37139
1841.6818192717667 38009
2093.2267665900376 38029
2197.689363188678 38037
1872.8600835075085 38069
1976.1104444551981 38083
2212.721093022901 38087
2367.608669274309 39097
2359.7560996011307 39109
3026.1057272937524 40003
3541.747787253816 4001
2843.050320951588 41037
2390.182640559408 41039
2083.4910757202224 41057
2358.214892456563 42001
2211.2264309269467 42033
2281.2506579476326 42129
3242.842457357043 45059
2181.6129850386887 46031
3637.7078488149587 48017
3549.9862447961896 48021
3603.53692587352 48083
3446.645983421049 48101
3177.144278843221 48159
3680.5168342226293 48261
3913.8148301032916 48317
3537.972618087866 49053
2780.7240708067234 51037
2694.29489198442 51041
2738.2065787939423 51149
2729.8217161928283 51730
1960.51772506028 53033
1969.4095498257298 53051
1979.1443436100853 53053
1859.5260083533249 53055
2416.5950482378626 54077
2817.4596519306906 56021
3150.067184210444 6017
3173.420868668225 6097
3255.748156120616 8009
2781.239282115949 2188
2781.239282115949 2290
3334.177951180817 1081
3885.582598785564 12085
3415.199453148808 12121
3381.629592347785 13023
3175.8321306302937 13137
3362.4903353451355 13173
2026.320140553558 16021
2586.5135269736506 16027
2351.7607996728343 17073
2397.5358349796747 17155
2255.7410415160543 18049
2536.1298775622586 18121
2421.7254597196925 19183
2369.2572306920174 19187
3195.7488718365003 20025
2837.739370344943 20099
2994.3036757542136 20185
2683.200966670599 21029
2806.8867929916955 21033
2734.909558026279 21123
2714.49185768257 21189
2821.9319651992405 21219
2752.031413620518 21227
3240.3949720412543 22015
1928.2586535705498 23007
2413.20164588004 24001
2237.110904347062 25025
1838.1977500989442 26003
2127.828416451215 27141
3002.464843804039 28009
3278.3049155716953 28041
3319.2153980361454 28055
3279.4187919075807 28079
3378.3743883722473 28109
3186.5430016129917 28159
2847.6028788546228 29077
2493.918898667091 29121
2632.350696539961 29135
2349.96174968014 30095
2414.6948995817165 31039
2677.7408898075473 31049
2487.5671557706755 31115
2468.5833098397743 31153
1971.169514445726 33007
2498.00868453746 34011
3739.774970063001 35041
2158.760020146007 36063
2878.040639599794 37073
2939.2599074040004 37107
1927.6166603791826 38027
2323.5874790646453 39049
3069.1924739616443 40069
2967.66258755628 40071
3207.7778575659763 40137
3578.488814236845 4025
2575.9799587167518 41017
2189.156639785411 42049
2160.6691335035307 42065
2254.4566148455733 42067
2142.278749719323 46029
2893.2271660798806 47021
2927.013018510417 47053
3826.691468100039 48003
3265.49173617626 48097
3293.901271141794 48139
3190.77615053678 48231
3785.4838939533083 48283
3766.346509808636 48305
3340.3558692731476 48351
3612.450057476443 48369
3720.5895410431845 48399
3399.14475931921 48487
2109.7095028390204 50003
2802.445239008691 51175
3143.722412814959 5133
2321.7970148205263 54029
2073.305927685837 55093
3028.625168546701 6007
3302.963781611225 6031
3086.951630752705 6063
3156.451447345533 6067
3250.131463428669 8077
2933.045123915978 8125
3258.9430321906552 1025
3497.6059014858943 12007
3900.2267638271487 12115
3443.922965721859 13127
3049.1538459267567 13213
3292.4044968733583 13245
3382.8686068199213 13251
3249.3521096264344 13255
3297.5958959212453 13269
3264.7626004606363 13303
2706.3587261954576 16043
2714.1371724373616 16047
2809.2841822741325 16071
2545.8853394048174 17017
2691.123946429004 17065
2752.3786198608364 17069
2241.5649263633723 17089
2193.9472315737853 18033
2353.678134568447 18073
2172.33277000132 18087
2491.4216267067623 18109
2726.7701355716376 18163
2486.4875611520615 18165
2419.180234890116 19027
2246.5047217453325 19043
2319.9297050282125 19045
2360.8756322836903 19077
2319.276467455172 19109
2215.6340774016594 19191
2767.5205685261985 20123
2801.7812128357673 20137
3277.2384904027454 22037
3255.3360941601904 22049
2423.4272608276538 24021
2121.1027583300015 26037
2060.7494793319966 26133
2182.9035362192353 26149
2098.9538106105924 27093
2295.987513732277 27117
3135.4441849661266 28013
3328.9432165308554 28111
3272.734661502995 28157
2595.784567975707 29021
2690.621454295382 29161
2767.5404635784857 29179
2021.502960303635 30099
2592.0315292890627 31009
2617.692772268697 31013
2389.1104429289057 31027
2462.4573076243805 31055
2569.1782947408014 31095
3814.7351430855233 35017
2089.794369741292 36053
2148.768681105243 36093
2841.6227127449774 37015
3048.287317146026 37115
2987.872326178316 37147
2986.834760097391 37175
1970.3028817168497 38017
2070.0671932807686 38025
2042.640472773381 38065
2251.5202337708315 39055
2216.474326021394 39063
2381.790502682026 39127
3087.8011907716864 40099
2528.0997573870177 41019
2187.379213278404 41053
2405.0184434266353 41061
2286.9966251219494 42005
2304.6398052612276 42041
2189.7549490878764 42119
2224.7385367911634 44003
3264.168115195085 45037
3226.6732761201156 45043
2338.6031547537873 46055
2273.9381735025354 46083
2869.21730006635 47001
2880.6698239070815 47079
3013.431987093029 47105
3765.800980730457 48061
3444.0961172773546 48089
4042.6823526225667 48109
3542.1394076240595 48111
3457.6569066164566 48145
3443.149753342436 48167
3750.379246706992 48335
3294.1069939322833 48497
2990.519350446601 49003
2021.2865109768077 50001
3072.206908824604 5035
2707.0250760182803 51005
2787.013001018449 51073
2622.264438407208 51099
2673.5135184225587 51101
2856.929438826321 51173
2909.6335829498094 5141
2729.8661662338714 51515
2737.291936570957 51670
2863.5292157619037 51720
2156.0723192614664 53017
1958.6642556549689 53045
2778.353818114359 54047
2021.512432242364 55099
2191.709138783899 55105
3163.430003013475 6095
3350.902281356844 8033
2781.239282115949 2230
3272.06699741806 1085
3921.3707675679084 12051
3777.8948048687507 12057
3179.0228486804176 13067
3159.691015447927 13187
3340.9149367786113 13259
3296.8331936363265 13307
2216.739331967753 16057
2728.312081202197 16077
2454.134165951854 17009
2480.7204568972143 17095
2315.4765012413395 17099
2349.668763051103 17175
2475.684936761837 17183
2370.279340727835 18011
2525.0887387708826 18029
2357.7007362268278 18111
2333.622589289178 19031
2325.1300232671474 19081
2364.208566014666 19105
2537.3903155588146 19137
2452.4238354765293 19155
2940.2173171706363 20023
3101.123578965518 20083
2807.6696650646995 21013
2692.385037461046 21065
2795.964986495299 21083
2676.1238283033745 21113
2711.266244639077 21153
2495.139878809144 24033
2640.677679521899 24037
1985.5472563312162 26055
2219.7543375113096 27015
2194.952381004632 27055
1998.7166435263905 27167
3267.9771614780666 28037
2726.769521091592 29031
2681.236893032193 29037
2768.8881128303187 29223
1955.075608658275 30019
2637.1888059338967 31059
2587.850051605075 31079
2516.9588318913047 31097
2428.5057698375567 31177
2142.4841479075753 36029
1973.2098060847563 36033
2129.490924175354 36037
2940.9106794965187 37023
2834.7804963408757 37083
2073.612855329121 38057
1902.3493943089422 38063
3364.6681749955515 40065
2907.224472212622 40147
2218.3704843882197 42023
2280.160260017788 42075
2240.5774103003096 42097
2229.5877903226146 46079
2267.7825874638797 46137
2895.724810965352 47003
2944.618812409331 47181
3661.8491521999604 48069
3437.559650062599 48071
3746.8866643571387 48095
3357.8917662584363 48201
3493.551117591093 48269
3882.9981152069536 48389
3193.4873014743384 5041
3162.024075264616 5059
2607.4974521045606 51047
2629.9506044226764 51085
3105.984376427117 5109
2553.05354575004 51187
3010.778278740653 5119
3183.7696039420084 5139
3077.819878278366 5149
2604.615160442678 51540
2794.6821983006967 51740
2123.4680358213104 53015
2177.4424384794333 53025
2445.1459894531295 54027
2140.8597095131922 55011
2069.132452360391 55067
1971.0829852970892 55069
2056.932841728467 55073
2550.7972301579302 56005
3230.6448878638153 8017
2927.9781526502297 8123
3435.716794851586 1031
2495.1195194002325 11001
3339.3856629942734 12065
3831.3374466060836 12093
3387.4763670953557 13017
3330.9366563943227 13087
3134.4213533009042 13147
3354.4956115770274 13229
2740.882137766579 16011
2709.548029544862 16029
2689.7220282620856 16053
2508.710110422194 17125
2307.862252513371 18017
2422.516477637804 19007
2323.541184391359 19033
2473.7284754423863 19071
3145.989741291831 20071
3030.921412345242 20181
2756.5347054276167 20197
2859.1161825239915 21003
2608.90464653185 21017
2611.7772542382336 21041
2804.116353547052 21053
2719.469216964526 21087
2734.819035292248 21129
2607.2773774848997 21187
3423.041966351504 22089
2095.260158458866 26011
1967.383110601685 26019
1987.3773065555486 26051
2074.506377605626 26069
2036.086584866731 27051
2064.2932856022803 27059
2031.4598876184757 27065
3239.866454053675 28043
2726.47604431707 29039
2784.018048032296 29097
2016.0902559345827 30035
2195.0027811831383 30065
1951.0440298203127 30071
2630.974279490483 31001
2391.4668930876783 31051
2601.110386657205 31093
2346.0134917875116 31107
3130.0713488745096 32029
2162.89438219062 33017
3957.7133388214193 35023
3645.381773399762 35061
2138.8215403926865 36003
2114.3565409300727 36077
2978.0173285486503 37123
2020.3876289223988 38045
2514.809553302415 39061
3898.6139563645856 4023
2178.744416230596 41051
3233.5751997123953 45085
2188.111679367088 46059
2946.9075843815326 47051
2837.6708188767752 47111
3501.7119805170273 48051
3429.0956295668534 48341
3833.0228520542632 48413
3580.247166497844 48441
3166.6788637154 48449
3791.1200182760854 48451
1994.149342299998 50007
2032.5238503680816 50017
3155.8268076287127 5057
2870.464943899044 5065
2723.318011595142 51045
2498.158584441624 51157
1908.9417207827598 53061
2445.4630955701955 54037
2252.937446983034 55043
2053.7719777172356 55061
1948.007255695992 55075
2528.9101021389024 56019
3069.584222232932 6091
3450.1769521446604 6107
2781.239282115949 2130
3269.619008725136 1001
3274.99465282587 1037
3177.679072136046 1055
3347.9133846245286 1101
3242.043102143259 1105
3875.921368114893 12011
3870.4771551320914 12081
3676.3222623742113 12095
3298.204375273566 13093
3088.1325805953543 13129
3121.580210751536 13135
3328.3486029944215 13199
3216.4800337486304 13223
2721.8440501624646 16039
2509.889861804223 16087
2520.6334935561135 17039
2246.6222403028382 17195
2415.952133961561 18145
2253.113033164788 18179
2472.9001203220846 19003
2757.9359913567987 21101
2701.5740597174185 21115
2775.60486830586 21145
2690.1621008496772 21163
3248.2435929024105 22061
2353.8732070231176 24043
2173.2729465608727 25015
1915.6796611112827 27107
2250.573852672777 27165
3288.8503380838292 28127
2655.1571979999185 29131
2133.721571810076 30055
2230.893617700376 30103
2785.7550896532866 31029
3263.9051510018407 32005
2033.160079494944 36023
2268.5474462127727 36071
2902.557923773741 37009
2860.0675611877073 37041
2946.6864307529486 37067
2841.943199553983 37091
3028.972322691633 37125
2868.9850051107114 37127
3042.565477866821 37167
1879.6471126086951 38013
2356.543319532105 39013
2320.3979871555052 39081
2561.803324406009 39145
3244.2976457597724 40007
3090.0237304050556 40011
3441.0332425476013 4005
2965.628156479692 40117
2193.711189328874 41005
3221.5655779720682 45061
3110.6600975876754 45077
2355.9811578487934 46019
2513.910954758392 46033
2303.1900832471674 46035
2304.334166404636 46127
2941.577585296207 47089
2975.5507579656487 47139
2920.329107667154 47145
3402.1419959373497 48009
3662.9846457537446 48047
3502.5564168071414 48055
3361.1733152247198 48087
3476.8909463390382 48281
3160.8906445991643 48343
3416.1221412984046 48477
3184.0849069418105 5039
3065.7807620676167 5069
2646.967869514104 51065
2688.6438431039837 51075
2274.0404950282264 53023
2591.8768741354843 54015
2558.5259093139503 54035
3298.63844943484 6019
3668.182631850698 6027
3600.981533646263 6037
2970.3246593094154 6049
3378.7272065260986 6079
3105.6890477362194 8031
4117.033463523025 8113
2781.239282115949 2158
2781.239282115949 2261
2407.3843854564216 10003
3158.4580968728114 1007
3368.966999822471 1039
3030.5665669278833 1071
3835.5713735128365 12027
3650.5276683589254 12035
3503.703839790337 12113
3236.4585502860937 13035
3300.7423433333333 13061
3312.2981285041947 13167
3321.6958375438917 13263
3344.754752177019 13293
3066.262879530355 13313
2950.23862498457 16007
2642.9838625974885 16051
2279.2569762991434 16069
2486.8431376037993 17067
2750.155692861594 17077
2315.5457034444944 17103
2268.4782681717084 17111
2534.400827856156 17119
2442.222647718938 17131
2573.3724385254927 18037
2323.409445636029 18067
2372.690372279614 19021
2289.922679476101 19097
2644.238552106446 20085
2668.007842075743 21005
2770.430784101603 21057
2755.5144954883194 21131
2700.1286022346385 21179
3345.14526057936 22039
3455.3249696351772 22045
2091.9075287701953 26017
2105.6487458125803 26093
1970.3370097768784 27027
2092.25723348441 27079
2174.1154638891676 27109
3398.4145414206396 28021
3261.8582154006886 28053
3254.180181846786 28125
2526.388567164246 29033
2798.8424340672095 29153
2583.750101960632 31023
2662.5107525569974 31111
2407.03867302282 31139
2245.966724130811 34013
2207.7683579768654 36027
2092.9584792871324 36041
2886.4670080291726 37011
3041.31963673363 37021
2991.7584367642107 37059
2230.6540575217555 38011
2032.535582865943 38051
2528.9715173840705 39027
2304.781636707999 39101
2354.1490605362437 39117
2929.1832532656567 40001
3220.0919175569097 40019
2964.4433806790857 40113
2343.8765862027603 41063
2310.9785911124227 42029
2323.353230270154 42071
2206.8529786372537 42107
2200.3679483830383 42109
3109.119434867472 45025
3130.5018937785762 45057
2152.868097440613 46021
2321.670427947169 46061
2335.893267305867 46135
4065.543706141744 48141
3230.021774400191 49041
2966.551545683938 5045
3175.5391966650013 5091
2670.349445813761 51159
2510.1123826016537 51171
2772.447208015399 51775
2201.323332756834 53007
1982.3717529462085 53067
2474.220460963555 54105
2206.333840900441 55025
3114.8204317858554 8013
4306.209442547717 8053
2781.239282115949 2122
2781.239282115949 15001
2781.239282115949 15009
