12033 1861.0655785806582
12086 2695.302990722368
13097 1548.9686249978947
13103 1706.2722317243417
16013 1058.9315153219738
17001 993.7595145810527
17035 1017.9896028005259
18075 969.2904436102632
18103 960.8302433019738
18173 1069.7539379648686
19041 862.514195796013
19047 958.1766485646053
19079 855.4230773305261
19195 785.8792699766051
20005 1039.235897978947
20045 1077.0726184017105
20091 1051.5041705318417
20109 1268.6784184210521
20171 1279.6930789473683
20177 1095.6523936014469
20203 1304.8579105263163
21039 1198.7557551542106
21049 1139.1688755632897
21105 1199.8464407894735
21165 1152.4021005990787
21197 1153.9007574364477
21199 1206.5904873498682
22007 1955.937583103157
22097 1860.526949238289
23023 800.580138913733
24019 1096.5210555857334
24027 1086.0685637720005
25001 864.6389990475999
26033 577.0323393493287
26041 630.9650823449601
26099 805.8123032055528
26159 804.2011468548684
27031 552.9383766958554
27037 719.0989056260659
27095 694.3982813416179
27149 754.2055953223022
29057 1129.3082215059208
30039 846.0154236842104
31151 1071.7840232911842
32001 1270.6780803955264
34015 1026.0405124275474
35045 1588.5340348794737
35047 1780.9286665407883
36009 760.769447293921
36039 814.9214451397066
37061 1517.6685374534215
37185 1354.5572680709213
39011 958.6986410292766
39093 870.4659255342107
39133 873.9779362681581
40033 1491.4220562727628
40097 1251.150073460395
40111 1356.1122514371048
41041 789.5588124403683
41067 699.8127422814205
42027 927.9526316176318
42057 1029.6504642115792
45039 1492.9032375590791
47027 1209.7141500002635
47123 1374.1213478432896
47189 1241.0615192502628
48043 2271.802659323157
48057 2185.5876736538153
48115 1867.0259559628946
48165 1930.256014113816
48171 2032.972666681974
48191 1620.1917539473684
48287 1935.2665746840783
48295 1385.6195858136834
48325 2168.317282668158
48331 1827.722122403553
48363 1628.66364636421
48447 1632.7607157894734
5011 1521.243951477106
5071 1347.073275628158
5077 1357.710982215395
5079 1465.3573294332896
5123 1357.0352307271053
5137 1277.147644170131
53011 692.5254390773423
53065 661.7272514882895
54001 1049.741344696316
54085 1048.360142770658
54097 1093.8994767975
55077 784.9775176582892
55081 761.3851286726577
55121 705.9442481588944
56043 1024.0063920753946
6029 1522.453578078947
6045 1289.1378557632888
8037 1824.763887057631
8047 1584.1084907894742
8063 1310.981554208026
2180 1234.7760092791777
12005 1946.5521000901315
13145 1669.3926859684207
13181 1499.4891368023682
13285 1605.5052966740789
17033 1037.1075056147372
17133 1105.2537280967103
17141 886.7275086436844
18023 961.1392155172367
18181 961.665091865
19009 989.3021456050001
19103 902.9957134277632
19171 862.8220485773684
19173 1002.8665046980263
20013 1073.8181986363154
21009 1173.7106875571053
22115 1727.7556930326318
22125 1786.9096390947363
24013 1080.3008974348004
24045 1114.6272806979998
25009 804.8254987913335
26039 701.1978274154604
26091 856.799504605
27049 724.8859996007635
27123 697.2307657577896
27145 713.9971143306319
27157 718.7747183860657
29109 1185.7209995259213
29155 1240.965971576974
29229 1161.7848262150003
32013 1177.4977446021055
34025 984.0705730205598
35043 1791.8181481598685
36019 693.1396653765333
37017 1514.7172308074994
37053 1284.7303467897327
37079 1410.6862959500002
37103 1458.145415855394
38023 600.6142223684211
38033 805.8380868421053
38079 591.3036641689606
39065 958.8643751482238
39085 842.9820203182893
40055 1554.5195904682898
40087 1391.8593040063158
41029 1073.9604155694876
42061 975.9258247861844
42131 852.4526897349601
45041 1557.4817344222367
45073 1485.8051130382892
47015 1326.9956584414472
47063 1319.4610177584207
47155 1359.9562263084215
48135 1985.7857121301315
48175 2214.7262093253953
48189 1690.9972183189473
48409 2392.0640003489475
48499 1625.0714759264467
5005 1229.2675459389477
5053 1394.7806740107892
51033 1204.1796604943418
51079 1161.0457316534214
51131 1158.51096578184
54049 991.2398401782496
54063 1222.9099803528943
54073 1017.0037132610523
55019 716.5362284043948
56009 1046.8836028389471
6005 1310.210325526329
6077 1284.918258018026
6093 1154.6894417298683
8003 1680.1167028248685
8051 1920.3858141953954
8061 1401.6892421052626
8071 1562.4188183938165
8075 1213.780024146974
8115 1173.1883986842104
2020 1234.7760092791777
1027 1580.1829335586838
12003 1914.5415312394732
13123 1442.3605200831582
13183 1792.803756374737
13217 1574.9940975251316
13297 1528.558158018947
16005 1095.8371874185518
16019 1064.597490742368
16049 807.0806345794738
17011 947.0396506601313
17023 1016.5962522586843
17027 1062.9640307675002
17093 933.5979441277628
17139 1008.7922815293425
17163 1081.782172089473
17171 979.4948983588156
18007 953.5855097311842
18123 1067.3878915153948
19053 960.688173676184
19111 956.6093919239477
19177 952.8858523827635
19193 942.7997289506575
20039 1215.2222239931584
20067 1381.5779678277631
21007 1202.9021099903555
21175 1154.3903147721057
22035 1585.288186751842
22065 1611.8197334286845
22107 1696.2256299509208
23015 791.8245361273464
24017 1133.360543801599
26147 798.0907381158551
27005 657.0699181911185
27043 815.4395229266972
28137 1368.7697824717104
28143 1367.0780799657903
28147 1753.3304863452627
28163 1575.4682604365792
29079 966.5148427513162
29085 1138.5830150389477
29159 1055.166128866448
29510 1071.8376151605269
30047 664.4900271181581
30057 970.7317336332898
30097 913.4569328947372
30111 861.5205555355265
31003 1030.6444107969735
31063 1169.9779947368422
31149 1077.3212026315791
31155 1003.8695127296054
32009 1533.9184973684212
33015 795.1838880218667
34017 959.8705072379731
34031 954.3695406286131
35006 1824.9152969882896
35021 1663.4240631578953
35025 1906.659291165657
35027 2027.7004435461843
36107 757.7836638538932
37005 1302.43663607
37047 1577.0919113807897
37111 1412.1080831239474
38001 860.7999013157895
38097 616.2920301516052
39005 916.3889241544739
39025 1035.0995121163157
39031 976.9764134857896
39131 1052.2695997518417
40047 1328.2985429606579
40089 1470.637692200922
41065 819.902845816579
42055 1040.7349132056577
42101 1003.6142493673328
42105 800.1799958583421
45029 1651.307858687632
45083 1423.043807191184
46007 1079.5531315863159
46057 859.180821798816
46099 927.0637449946053
46109 782.5005305253944
46117 942.6885789473678
47011 1396.4870460214472
48029 2128.364683192105
48067 1581.0922232639473
48113 1586.002217023684
48301 1974.4436921052632
48303 1752.0879567868426
48411 1849.2014814065797
48433 1722.5119421052634
48503 1575.1751458267104
48505 2499.237221488158
5003 1565.2586538427631
54053 1070.1898881078941
55039 768.3968408581572
55123 757.1072794706054
6047 1285.667422218158
6105 1215.422686466053
8021 1737.4319892334215
9007 904.0432796900002
2164 1234.7760092791777
1005 1758.5383658925002
1133 1460.8658080200005
12031 2004.4082254782898
13175 1709.978236088026
13209 1729.8035257830265
16067 1092.5931830227635
17025 1040.1285051672364
17045 1002.4834980282895
17053 970.1840890332894
17159 1025.478282844869
18069 937.9050290053948
18169 946.7512207921058
19013 838.7426233036842
19125 916.5742436343422
19139 906.2758174427635
19145 1029.7590598605261
19153 906.3181978021055
20021 1161.402545358158
20035 1261.4871664632897
20063 1253.6948413457887
20065 1212.1930599582895
20073 1147.4709800536843
20093 1348.7602473684208
20103 1041.825759723027
20121 1065.246535095395
20127 1176.0453484334216
20183 1191.6529143534208
21031 1124.7251963110527
21067 1122.7573485378944
21103 1049.8234445884216
21183 1103.4350812817106
21225 1107.268162595658
22121 1816.9331820790792
23017 759.3441845412398
26087 756.3176455411711
26109 661.9677213472763
26141 645.8858963485395
26145 728.2478842569477
27025 686.1363157630263
27061 592.9436577485263
28131 1809.9984550167114
28153 1764.2968139924997
29019 1034.0482202407895
29171 937.4576063799997
30011 902.4311723684209
31061 1150.036779014342
31119 1004.090141708684
31175 1080.7654409475
32510 1342.6929122936847
34007 1019.5979911987068
34027 951.2888545634268
35035 2067.779483745921
36045 671.84036393088
36081 959.3937539996003
37097 1349.686195637368
38053 674.8984121837501
39035 863.6577805622368
39037 979.6664949306975
40123 1425.617846622632
4019 2040.2069819410528
41021 833.3660986842104
41047 739.9937649214478
41055 823.8568684210525
42013 967.445968955
42043 975.7268591156003
42091 990.1710361986402
45019 1721.651251934342
46053 1000.3155031031582
47101 1333.7188966114477
48007 2351.3218259009213
48019 2135.378759231316
48121 1580.474444819868
48149 2016.3294198084216
48193 1699.7708368784204
48267 1998.3603687952632
48285 2079.3205456299997
48419 1639.9736052607896
48439 1604.0393389019737
48469 2163.9080831136844
48501 1910.0747535418425
49047 1268.342880608684
5051 1366.5102711286843
5111 1322.2032664186847
51141 1249.7362446086838
51197 1295.7669652200002
51199 1236.501054393426
5125 1361.896407971184
51570 1248.3365896501336
51620 1269.852576936267
51710 1231.5871923373074
51790 1181.7915895544734
53003 770.4315275998684
54065 1051.8154116056583
55119 699.4158923978155
56015 1082.3909023819742
6039 1333.3189918869741
8011 1457.102813157895
8023 1918.103089977499
8069 1268.6599875339473
8085 1421.4245058410527
1077 1373.7939312818426
1121 1525.0413219539473
12029 2050.141450272368
12109 2033.353064822632
13039 1951.6608408011855
13091 1762.3282411915793
13095 1801.4863584032894
13131 1870.3445194647368
13257 1498.524367128421
13267 1724.1263772023683
13271 1781.710487337895
13281 1484.9024628565787
16003 908.9536249128944
16031 1089.3609463406578
17101 1027.6800227242102
17169 975.0312471835526
18071 1018.2011131431578
18095 962.8966920452633
19055 821.457102142763
19065 808.0578497948684
19067 799.2932695819736
19157 888.1441838351317
21021 1153.066577539
21061 1135.00363259771
21085 1108.347345605658
21109 1170.7688456856577
21231 1237.8835806464476
22017 1609.35642645
22071 1988.119306024473
22087 1995.1410125414473
27003 696.5311686262763
27069 566.154095768737
28017 1461.1758408314472
28029 1700.2185901347373
28047 1870.0599437419726
28069 1593.4688644699993
30059 851.3483736842109
30087 851.5908221555262
31127 1065.2213888505257
31131 1037.3090082519743
31145 1207.4452153488164
32015 1185.3673947368425
34001 1037.701823985333
34003 952.1316712576801
34005 996.7815106967865
34039 958.7141386907202
35053 1918.3806710538147
36017 751.4658549657597
36087 945.6647250602666
36121 748.580085649632
37177 1324.3006413333333
38067 565.405363017355
39071 1029.4122958493422
39079 1052.8073584085523
39161 935.5031244088154
4003 2192.2342084718416
40057 1538.4535065789478
40063 1413.3723957680256
41049 813.7535306114474
42007 891.8912197113157
42089 928.0683075833732
42117 797.4954835052938
46075 1004.6655197368422
46085 959.9892364084209
46087 937.5049638889474
46091 779.4909802631577
47009 1372.1291920440788
47095 1205.4675028098682
47127 1378.2183454277633
48027 1825.111888635922
48039 1971.4634920347369
48225 1744.6657852761848
48297 2323.688714040658
49025 1495.7828524410527
49045 1174.718503775921
5007 1289.9810906780265
51025 1314.0443603340789
51091 1178.513077631579
51105 1270.368437577763
51111 1292.3735080014467
51165 1155.0953515373687
51590 1261.4631135077634
53005 781.0801034390792
53029 563.2905748989608
54051 979.9695833078946
55007 596.3066008197369
55065 835.1790576653945
55083 694.840494674316
55095 677.2215850799212
55103 794.1564994960265
56017 1061.8438032989473
56045 1033.2841511094732
6065 1752.3258659767096
6111 1673.6529163652638
2013 1234.7760092791777
2060 1234.7760092791777
1059 1409.9703497082899
1093 1459.0023230690788
12103 2442.3290622839477
13021 1623.7288518475002
13077 1592.8806743702635
13115 1472.912529452106
13149 1561.8881257263156
13157 1508.3046317309208
13163 1541.927386837105
13185 1898.4890889982883
13201 1796.0639019789473
13215 1690.3169384669732
13225 1655.8838732536838
13321 1815.619505754737
17147 1001.7083470935529
18009 961.2697699369743
18013 1038.1304988757895
18091 892.7818661584212
19005 776.1663671996315
19095 908.6169567475005
20081 1327.9137039473678
21093 1110.330963996579
21167 1137.606229520526
22053 1868.3914069681578
22093 1948.4563140955265
22095 1954.2676131735532
23011 774.8283056176004
23025 749.3150813623998
26031 634.6206078072632
26057 743.5219414606584
26067 791.5361071676845
26157 726.1379882510529
27023 800.5939331678948
27083 845.6235698722369
27105 898.343112502105
27119 603.9724210912897
28015 1543.4365211710524
28115 1399.8368733065793
29111 986.0521166913156
29145 1195.635419190395
30075 913.3201197368423
30091 601.3690756719999
31015 1018.5135249999998
34029 1002.8623984433334
35007 1657.5064900835528
36007 771.1023729694405
36035 738.9886074736004
36043 740.9159556214664
36057 743.251104695987
37101 1435.115612372895
37119 1403.4008966544739
37189 1304.5353212818416
38093 688.7637807061714
39123 881.4612706351312
39173 877.3355145018422
40029 1457.6124251135527
40035 1232.499025548421
40051 1416.7620514290786
4007 1889.9512853960523
40083 1341.257383232763
41011 874.4911923868419
41023 972.3139024631579
42083 777.1882474168423
44009 905.8339236263998
45005 1625.3565626164475
45007 1465.5259314194734
45017 1544.2582346584215
45033 1522.2205441764472
45051 1639.0865674521056
46011 855.8571625752633
46095 1031.6780736842106
47085 1280.716316056578
47109 1327.887000430921
47133 1261.600094272105
47151 1294.0324724522368
48035 1696.9305932023685
48093 1730.9622690710535
48185 1909.0573249099991
48241 1760.2265125698682
48277 1557.5691816056585
48339 1900.1756103588157
48375 1516.6841792503953
48387 1555.151305233816
48485 1511.9529812868423
49005 1121.1470022256574
50021 742.7879868826799
5049 1243.038618269342
5075 1247.6602098236842
51027 1224.9753260164466
51071 1228.8204106257897
51077 1303.914490272631
51580 1186.1402435169737
51630 1161.1359730525332
51840 1093.5673928908284
54007 1092.6053561489468
54045 1162.193157331447
54057 1065.7860953776317
54093 1057.9465698627632
54109 1226.150896621447
55037 651.4939509360659
55059 869.3309253603421
55133 831.8488854526316
8027 1842.8283973684217
8055 1667.537090265394
8057 1699.4667500000007
1057 1507.4333401955266
1117 1496.2551505176316
12067 1996.6359833832898
12111 2381.4595521917113
13247 1558.1216199200005
13315 1790.8229480831583
16025 984.7264763157898
17031 911.3006597300001
18003 928.5312062192105
18043 1045.592371593947
18117 1027.0672806763155
18159 956.046284568027
19169 862.3002235196054
20049 1167.4903684210533
20157 1134.7829883702632
21001 1192.9249273982896
21051 1199.568624950527
21143 1189.9358614046835
21211 1073.4829007815792
21235 1249.9620554434216
22085 1661.374251767763
23005 789.5313586457996
23019 737.72341229552
24023 1040.8917925938154
24041 1087.9241336007992
26007 638.331874482934
26035 729.5140549430262
27077 549.3230462933684
27143 761.5331098126314
27151 782.0581613177633
28019 1553.5702782882895
28039 1796.3939356572369
28077 1738.7600325667104
28083 1548.5243949111843
28093 1363.5155380555263
28123 1659.6174123898682
29073 1092.2725930230263
29105 1128.167158807105
29113 1059.8856117417104
29115 1018.2696067080265
29125 1096.8977609042101
29175 1025.9368612727626
29199 962.2544351557892
29217 1108.4586378222366
30003 869.6448083064475
30081 833.9287510507894
31113 1152.0524697368423
32007 1198.550499074079
35055 2090.6109465725
36021 809.6330785065599
36061 957.3498151429066
36065 721.8264956126533
37003 1342.8709665657893
37007 1446.8235552124995
37025 1369.5425987527622
37039 1448.9322267671055
37075 1451.9761448726315
37159 1332.817320303684
38031 661.0259052631579
38075 594.4210539473683
39113 1021.7715119894738
40059 1350.8255269534213
42051 1004.1841753868422
42077 954.44817937496
45067 1573.5402433184213
47025 1298.1825358618419
47091 1310.612840149342
48015 1979.8044170105265
48105 2073.058700000001
48127 2283.752380039738
48237 1581.5316953690788
48251 1622.0474975869738
48421 1502.01727631579
5001 1416.055186018421
5099 1489.285150015264
51035 1300.1433550243426
51061 1134.2793075107368
51133 1164.1245093596006
51153 1145.782503166053
51800 1284.550863988933
53009 564.849199405092
53057 535.5967659578948
53063 680.2456290802893
55078 705.5966494998421
55113 661.1104155587634
6033 1340.4136765436845
8045 1639.1311601026318
8049 1777.5065086700006
8109 1823.896102467895
8117 1872.8606251465792
9001 956.9723342206131
2068 1234.7760092791777
12009 2242.153206472764
12023 1962.1941112944742
12045 1979.5190476309212
12101 2332.733650658158
13053 1693.5292504260526
17007 864.0921976375657
17081 1056.7944781430272
18057 963.7529608014478
18099 919.5432538690791
19017 823.8938881603945
19099 886.0798593818421
20037 1119.8829067294737
20145 1273.2334334243421
20175 1378.6423651432888
20207 1139.0562980578948
21135 1081.2715397152633
22001 1918.4913986807894
22013 1592.3562546711837
22029 1734.993782871184
22043 1674.7236658667111
23029 709.905689202
24011 1072.903375812533
25003 785.6017218472
26009 654.9044265363162
26021 844.4462398651315
26049 750.2295173201315
26101 707.9904251690788
26165 715.2213580165658
27029 605.8630504983817
28049 1647.5679349547365
28067 1710.0703898971053
28075 1642.161222087895
28161 1415.0116272768416
29063 1012.8560376665788
29119 1241.8587263353954
29129 933.8196977727633
29143 1199.193391837368
29167 1150.696898473816
30001 1020.6924930342099
30023 906.9315511877631
31083 1160.528334210526
33019 773.5367232200934
36115 757.5375172603199
37045 1403.155448733816
37051 1472.2801482269736
37071 1405.756055383158
37169 1273.9850377626312
38089 759.7443415175
39077 883.477025436763
39107 960.9212125523685
39159 976.3913394592367
39163 1035.0864973015784
40031 1459.4560546888158
40073 1366.3553519268416
4015 1701.391763658421
41069 901.3220276315784
42063 963.5101420636843
42069 865.8419394967598
42085 836.5516511167103
42121 810.2207211476315
45013 1734.8073643524997
45087 1432.9504641061842
46037 819.5139792878947
46039 857.6350781250003
46073 926.3152881578949
46107 846.5784236842104
47023 1294.1206621056576
47033 1252.4368475863162
47141 1260.1480254797364
48025 2307.0088249082896
48229 2192.8429907894742
48273 2393.907066626711
48373 1807.5510947436844
48377 2343.2836780490798
48393 1470.3730894736848
49033 1176.7875171052629
50019 663.4241033128
5031 1295.857297075264
5067 1293.4766446482893
5095 1380.3247177648689
51143 1258.1450442152634
51169 1311.380489135921
51680 1197.7039104528944
53019 645.0203822958952
54061 993.577779624092
54079 1094.4565812460526
54101 1132.0873183103947
55027 790.4747174188158
55033 707.6283940757896
55139 757.1484660665792
6009 1318.4472323887896
8015 1914.4960204052634
8059 1359.5947039210523
8093 1773.9054335702633
2070 1234.7760092791777
1029 1563.1057008877635
1087 1647.6095996889471
12053 2260.5323980384214
12079 1956.6099390967104
12117 2119.734524767632
13047 1397.711510685
13057 1503.127176299868
13089 1546.2334648988162
13197 1704.6390993194732
16083 1093.9880917405267
17041 1020.3771532517103
17043 923.075591175921
17097 872.2828754239473
17127 1200.6620243933687
17161 910.2615950534208
17193 1040.152291997237
18045 965.666055116974
18119 1013.4386048323686
18127 925.8555185932895
19115 918.3310967640795
19119 904.6551072046053
20041 1160.2288141088163
20107 1100.5430053593423
20133 1123.3827911711849
21075 1217.741028840171
21095 1244.1765535650002
21125 1226.2302511832897
21147 1266.2397656319738
21215 1088.234861757237
22003 1775.2065692705264
22113 2001.0777782286852
26079 673.136517611711
27137 595.2391573188419
27173 818.7207414448683
28045 1906.6462586002633
29099 1098.1292664040789
30013 740.7959755125789
30021 771.0631765528946
31057 1229.1918657894744
31101 1163.7016013878945
35059 1650.3224592105266
36001 757.9073472488532
36015 739.1601588497601
36073 721.676816115921
37055 1359.138406281734
37173 1465.083171683158
39039 901.3251426103947
39083 965.4091019573688
39091 970.3114682338156
40039 1424.070109183553
40093 1353.1203462221054
40105 1184.799350650395
40145 1278.347168302237
41013 942.0484121411843
45065 1479.1232811636842
45091 1426.3325984646049
46077 874.5016330044738
46111 927.827238157895
47045 1229.2610377614478
47121 1364.2126728298683
47137 1254.8182342105265
48023 1614.819680263158
48119 1565.63424602329
48355 2410.518713136842
48493 2143.8912235009207
49007 1266.714291741448
49037 1494.3234579003943
50011 659.8807938485334
5009 1260.7782666444214
51019 1211.9689742392102
5117 1371.4347070592105
51650 1236.5914951232398
51735 1227.2616380757333
51810 1229.7467244956536
54039 1100.418181695526
54095 1005.666186832895
55001 772.8304497451446
55023 787.114596656092
6069 1417.636663551053
6081 1347.6938131971049
8079 2041.4702947368423
8083 1623.3980940738154
1017 1628.409048366447
1033 1391.8923035389475
12105 2273.6760812202638
13001 1772.0802485317104
13027 1886.6100635188166
13051 1767.9104139793424
13191 1870.1150767600004
13211 1545.9955463286844
13239 1778.880626315789
13279 1717.1812205011847
17055 1091.3694714590793
17059 1081.3956372223686
18015 977.0492369357897
18061 1067.6077513301318
19015 884.1074647073683
19035 905.1846273674998
19057 934.0228263232893
19063 850.3833465252236
19185 942.706893354868
20135 1284.9858430696054
21117 1032.0658876813288
21121 1234.2041451450004
22023 1932.6589540667103
22079 1699.477188745658
23031 808.2946932915997
26085 741.2668690428816
26095 553.7024503347631
26103 576.5948176325792
26125 808.5571261519608
26129 708.4227544558945
27035 654.1460249650788
27163 699.3592641856314
28001 1717.6479228275002
29089 1026.3822535176316
29209 1246.5601662085523
30031 903.9883066782897
30043 858.5577119348683
30083 683.0000798610787
31065 1173.78615
31067 1083.9110932598687
31075 1154.8219513157892
31173 948.7187488972368
33003 770.6421302501466
34009 1075.6531221819596
37105 1427.1490529851312
37161 1426.362484785263
38091 637.0569500000003
39023 1002.540103375895
39115 1004.6016562130266
40023 1512.3037023022366
40045 1370.9885980653944
42095 942.86119235264
44001 870.1937452857335
46005 893.5967318672365
46071 1053.8785144907895
47013 1281.6981112065794
47055 1379.0236422836842
47065 1398.3078334401318
47081 1296.762797829079
47157 1352.139923917895
47163 1303.5746560749994
48103 2016.7226118421056
48117 1630.4482484615792
48233 1499.9228634827641
48243 2205.199288157895
48253 1712.6135468481584
48349 1656.3691478517107
48415 1773.4065486527634
48427 2559.3053084726307
5055 1286.3001454930259
5085 1333.6384344580263
5105 1329.0652356350004
51089 1251.1178835297374
51195 1266.45609042421
5147 1341.372854880001
53035 585.6017729666845
53069 658.8963592105262
54089 1221.2321208399999
56035 1311.7876785127633
8029 1521.1222213498688
8041 1501.4106854601312
2016 1234.7760092791777
2100 1234.7760092791777
1009 1439.7346196903945
1067 1752.781918992105
13055 1424.8120927202635
13277 1818.0785513114477
16085 923.2475352392761
17019 989.7467742919737
17063 950.4521954569741
17113 950.8953603715787
17117 1034.2711376888153
17121 1058.138244066184
17129 990.5203932923687
18001 951.1814848568423
18079 1002.8207054856583
18151 883.6778301480263
19133 972.8936551173683
19181 921.0483521143424
20007 1279.437771267763
20017 1158.278177631579
20111 1146.744188685132
21023 1073.992238019868
21161 1080.7949799876315
21213 1172.5919109085523
21221 1209.0051835931579
21229 1133.248255543395
22069 1667.010039872369
25005 864.870759662933
26089 663.4958649140923
27019 724.6262847739999
27135 574.2400752596974
27139 728.93422995725
28011 1501.8523294460526
28133 1512.424431635921
29007 1047.2737731735529
29029 1115.3498268511846
29189 1066.0088179352636
29211 968.1206168609211
30089 680.6875313561841
31047 1134.1960206689475
31165 1112.804956578947
31169 1105.1181292527622
35049 1824.0680287955263
36031 725.5427283672266
36047 962.3103728740268
36091 749.5652066103863
37057 1340.8831076213155
37077 1371.6637137142104
37153 1449.4083030182894
37155 1499.286981637105
38077 717.1227963130267
38105 642.6212070162761
39125 913.8961915926319
39139 931.3096102939213
39167 1014.5110589538162
40081 1331.531887580921
42035 882.2766402445866
46041 891.799956952763
47039 1321.8447540910533
47049 1310.7729898335522
47073 1305.161401363026
48011 1547.5842526315785
48049 1757.2672514561837
48125 1745.3078276315787
48131 2373.2086177543424
48239 2149.015259619868
48265 2096.1101194905277
48275 1629.4769251553942
48327 1871.0857473684216
49031 1740.3270828947363
5013 1513.703938306974
5025 1467.8211235831584
5027 1539.091177976316
51043 1113.776013691395
51115 1195.4169240669598
51510 1102.5368622888536
54103 994.5161195486846
55109 702.8063854057895
56031 1087.5112309273688
6059 1731.2997027338151
6061 1296.8036656965785
8091 1908.0886026315784
9009 920.5993576365199
9013 907.8837444970666
1097 1816.7262496080266
1103 1404.5090058943417
12047 1932.2265518346053
13013 1513.359809092763
13025 1881.6068849468422
13049 1897.245868705526
13071 1842.1120583353943
13085 1471.2795813902635
13241 1494.991061174473
17091 971.9668972227634
17109 961.6686630134212
19051 934.2548142703946
19089 770.7611563190794
20115 1169.388822139606
21069 1082.4599554732893
21073 1085.3949856372365
21077 1041.4629745999996
21119 1216.317451880395
21209 1102.5428780219997
22033 1815.9379987782897
23003 611.0202209831865
25011 828.5659715119333
26071 620.730008983342
26117 771.1874849111842
27053 710.0104451276319
27161 778.7693591702631
27169 716.6357922574343
28027 1414.0781090021053
28061 1696.3913766557891
29005 1060.0537484428949
29011 1118.0086509410528
29047 1028.6579907115793
29059 1141.518547881974
29101 1043.1893333065789
29117 996.5956571472368
29147 1015.7734341967107
29225 1142.049388497763
30015 695.2833968032895
30029 641.1507460833292
31037 1008.427689954605
31043 937.7305384159213
31161 1109.7113854978954
32019 1304.344474166053
36075 677.1620015493863
38039 634.1009486842106
38041 817.4280336094738
38099 589.2438223255394
39043 880.8218580143422
39045 984.0174061419737
39053 1077.9184891594734
39075 942.7644513351319
39147 891.2493788272365
39171 880.1125118426316
41025 1053.2744853653949
41033 1042.3984043716578
42011 962.5979497261861
42017 974.2211107418003
42059 981.3718171275003
45001 1454.5423274846053
45015 1700.6548853939476
46113 1084.973307974079
47019 1307.2731660642103
47037 1271.0851624535526
47043 1291.780908844079
47087 1230.2028435664474
47097 1303.6249276311846
47099 1370.5182691139476
47131 1211.67176938829
47169 1221.6992186182893
48065 1510.601605750263
48187 2089.565324756053
48435 2019.1458631578946
48481 2036.5649455384214
49021 1390.785228306579
50005 712.3819495207198
50027 763.2755735168535
51003 1163.4446642811843
5103 1505.8919742736841
51137 1173.458404114684
51179 1171.2328233785524
51191 1309.6709810927632
5129 1285.6387583850133
51520 1310.3908817763156
51660 1161.388482799474
53021 773.5999342705263
54025 1197.1890070709214
54087 1087.0328261464474
54107 1032.2240779161846
55117 783.4169831365791
55131 808.37630708
6015 1017.655979908618
6057 1305.223545783553
6099 1276.3925452536055
8035 1369.4284282938158
1003 1854.2354517052636
1041 1711.8748783750004
1107 1546.5422451831575
13029 1764.097582322632
13037 1779.8855488410525
13111 1431.2108841819736
13121 1529.376744003553
13133 1524.778994618684
13151 1600.1720650127634
13171 1614.2485830374994
13249 1721.1995611692103
13273 1777.1247960124995
16033 1010.3341302631583
17087 1160.6120398232895
17137 995.617587384737
17151 1178.2873000214483
17167 998.576516690263
18063 987.3787459752627
18107 956.952023104342
18153 1009.3074334014476
18167 1013.5358521206575
18175 1048.2539461375002
20003 1107.4509485522372
20015 1220.4596240567112
20053 1218.2570927756576
20089 1162.968547112763
20097 1302.2971355263162
20105 1201.54805131579
21079 1155.4018162473676
21091 1078.0247425463149
22073 1607.7385864874998
25019 855.9299572553199
26025 824.2498314580265
26065 791.4244433036841
26123 761.8938883161841
26151 745.959831238434
27011 783.3558162003945
27153 706.2414274449604
27171 712.7009173219736
28005 1745.285078355658
28101 1649.5536810661847
28105 1516.0574741893415
29015 1114.2447182922367
29049 1002.9302956686845
29163 1028.0332685948683
29173 1028.2441781178948
29201 1167.1066081331576
29213 1260.3300269380265
29219 1067.5580600048686
30025 853.8389513157892
30063 777.6152221676316
31035 1107.975200423684
31089 1035.0742349273683
31135 1205.9706684210535
33009 757.0762994733064
35005 1803.0027657551311
35029 2113.774819365657
37019 1657.2140587659214
37031 1526.838146272533
37065 1373.8761169859215
37121 1372.1117925553947
37133 1522.1037589252635
37181 1357.0863788318427
38103 657.5711327576582
39099 855.0014092732891
39149 978.6853551513556
40067 1514.0906792768424
40149 1465.5206401535527
41015 958.3284205753944
41071 720.2114036734343
42039 820.8316422249995
44007 874.2662659450667
45045 1453.5257025577628
46045 817.1381780018422
47093 1344.1003243893422
47115 1386.3634280872368
48063 1639.7128886132894
48129 1588.3624447290797
48177 2077.8854046821057
48199 1833.5995423518416
48203 1640.7412401860531
48211 1471.5322644736839
48361 1887.8155309097365
48365 1627.7159369507892
48379 1577.5241129252631
48383 1988.5092250000005
48475 1959.861230466974
48479 2489.8563615032886
49009 1243.2238697368418
50025 783.2556091136399
51001 1149.489142483879
51059 1112.6607524389863
5115 1310.7823250313154
51185 1277.8293437917107
53013 762.9361302631577
55063 740.148893879434
6109 1342.4280745032902
8007 2008.2190085390785
8067 1884.935753519737
2090 1234.7760092791777
2185 1234.7760092791777
2240 1234.7760092791777
15003 1234.7760092791777
1013 1692.378700263816
1045 1746.2965633630267
1079 1409.398192503026
1113 1681.0243396602627
12037 2059.244688333289
12049 2363.4716484377623
12091 1827.6172651192105
12131 1831.2663559856585
13033 1534.0524607235536
13045 1558.7716872765789
13141 1559.4591629353943
13161 1748.199063119474
16009 685.159606168816
16075 931.018302125921
17143 946.3410942530259
17181 1168.3952587321055
17185 1026.9476972109205
17191 1048.171334091579
17199 1112.8227894257893
18019 1032.0037666565788
18027 995.3748531794736
18105 1035.2383899723684
18139 997.9361129496053
18171 970.8418036834219
19189 805.3325196327107
20061 1149.2984119840794
20117 1111.945968673171
20167 1203.7345403268423
20199 1309.297663157895
21063 1120.1992238536843
23013 792.2476514446669
23027 772.1823307640134
27073 820.2385617473677
27103 779.4084529916579
27147 756.3588619852635
28085 1728.617133900526
28099 1614.432736701842
29041 1029.2382664165789
29127 1002.1259868075
29181 1201.2851530586843
29186 1105.4131335839475
29227 992.3096947368423
30033 771.8817723684214
30085 681.1583469309211
31025 1013.8811245692106
31033 1202.3207514015792
31081 1077.6485591038163
31085 1198.2311828947372
31121 1057.34336683904
34033 1031.830406226267
34035 958.2405461787602
35028 1687.265378164606
36025 800.7782743933599
36049 697.82147766772
36059 983.2499670697332
36095 783.3174130234667
36103 986.8258405226665
36117 674.9675737269336
37151 1357.911148963552
39073 1009.5929816356581
39111 977.818887923816
39121 982.081337231184
39129 990.7798721231579
39135 999.3146140787501
39141 1026.4392813548686
40075 1490.084123773026
40079 1368.1105772393419
40107 1371.1208291680261
4012 1772.3115653673678
40151 1314.1525612990793
42009 1012.8523130842102
42015 795.4020788671598
45071 1447.5957096772368
46051 814.0614113660525
46067 942.8575235186839
47007 1379.0031063098693
47077 1300.6192132302629
48005 1755.9948370798684
48147 1536.9574980877635
48151 1736.5979297980268
48155 1631.3467789473677
48215 2535.1914957336835
48299 1906.5906000196053
48309 1731.5221684788148
48321 2083.629164076185
48333 1733.1025483282895
48385 2118.7142842105254
48395 1790.5974280444743
48405 1683.261363221974
5083 1378.7194045544734
51083 1271.5727709824998
51193 1179.4430670650665
5145 1314.6061760899993
53047 660.7359971560526
54009 944.1254354543424
55015 757.0596338567105
55031 612.5741671440394
55047 763.5911173290787
55137 749.9217746758947
55141 732.7204744617238
56013 1149.3507389369738
56039 1367.1361190707892
56041 1169.5221483951318
6103 1204.9262447681574
8005 1335.5710926206575
8081 1279.2977065932885
8095 1201.5995266728946
8107 1669.1312756357893
2195 1234.7760092791777
15005 1234.7760092791777
1053 1789.9747119009207
1075 1483.6611281181588
1083 1378.3737033338157
1131 1666.5279568860533
13081 1765.8791424452631
13105 1481.2178783311845
13109 1718.7643155119738
13113 1599.1526084043421
16037 985.2237026315793
17157 1102.021870259079
17203 942.8904916497369
18059 982.3653913342105
18093 1018.7004621368421
18155 1022.5686075156583
19001 949.1061951047374
19019 823.1898339530267
19131 782.7499022603948
20055 1343.9660014794736
20059 1073.7669412857895
20169 1186.2154961457893
21035 1214.8470686301316
21111 1054.8616396427635
21181 1074.391940490658
21239 1116.105397340921
22019 1851.8824860898687
22027 1558.669860528421
22051 1985.4558535211852
22075 2028.7435402415788
24025 1042.8129675925334
26081 780.2379318926315
26127 754.7818216430396
26155 761.4008978107895
27057 640.595263577237
27087 625.0267781554998
27089 590.6700794759996
27097 692.0282447964998
27101 884.1003695365787
28065 1713.8197496772375
28117 1372.652995442237
28155 1498.6715100357897
29001 981.8131901360522
29017 1140.6154668811844
29027 1074.6004053630259
29055 1103.6115802890783
29067 1168.1812773794734
29139 1055.9611508831579
29195 1045.6230267947376
30037 820.0693802631579
30061 746.6295714253948
30073 698.329664438263
31133 1070.6246263157896
31143 1045.2314266278945
31167 993.7952724115787
32003 1568.9431639552633
32031 1315.5988034214472
34023 970.07901018536
35013 2159.9747940173684
36079 927.558703508373
36083 753.9421795283732
36097 696.5310911909866
36099 680.4637802168531
36101 727.6346256235202
36109 700.419199729733
37013 1393.6415419748002
37081 1333.1283091834202
37171 1266.7826203689472
38005 618.307088351816
38071 612.8173241040793
39087 1097.8360356413164
39095 872.5107662119209
39143 870.5873609434205
39151 903.0682280202499
40131 1247.6435181519744
42003 929.1471679244736
42081 873.1239690595469
42133 1032.500271729467
45055 1499.4650248201306
47061 1382.6239857590786
48013 2202.2749530898686
48075 1610.871835637369
48163 2248.909831885395
48227 1881.2722446369746
48245 1881.3150525886842
48255 2181.2943195627627
48257 1568.7913492052628
48279 1705.624478563816
48323 2233.822387151579
48397 1542.866294413421
48459 1638.247512591842
48467 1617.5147545649997
49049 1199.3681936198682
50015 674.7783801772001
51103 1181.6273806268932
51183 1290.6937762285522
53027 616.7091323783812
54021 1069.0234615299994
54055 1262.791209248026
55005 679.8695706715656
55029 696.803597912329
55079 839.6312983750131
55129 665.9971757264998
56023 1240.5592592722364
6089 1168.5811106617898
6113 1282.3125391459218
8087 1248.7370316534214
10001 1070.6086829665337
1123 1584.5235277344734
1125 1533.4951713505257
12071 2531.8411216878944
12087 2990.962785330922
13031 1697.3977406975002
13059 1507.6858188488156
13063 1577.233550418684
13139 1499.0082889485523
13309 1760.120523542631
13311 1454.7752374610518
16035 762.770880726579
17085 829.5958620848684
17153 1197.4634871577634
17189 1066.3918665010524
18039 892.877613378421
18089 945.667730869855
18101 1005.9647206757895
18129 1060.5381899018416
18131 941.9086129088154
19121 934.0525223464479
19167 914.9669827890002
20079 1213.5393043814468
20113 1200.8450255740788
20151 1286.2577815810528
20163 1207.4253542121048
20173 1223.8954147628942
21059 1084.2861716752634
21157 1186.67101365246
22041 1679.1329925135524
22057 2019.9354746702631
22063 1819.4839068522365
22081 1640.4990953277634
22105 1831.985207926184
24009 1116.1155447741337
26059 859.8775309123685
26083 552.3005236842106
26115 848.3666000244342
27013 780.928050761184
27017 619.9209994800789
27033 846.9877380601317
27099 770.5579744574208
27111 684.7589931991841
27115 656.2482779838158
28057 1406.166447349079
29025 999.227214266579
29087 1048.1856918232897
29149 1223.281034573552
30051 663.9656342105263
30107 844.3691934210526
31005 1183.0746105263163
31053 997.3564731928944
31183 1051.3468644736845
33011 786.6049806282667
37143 1277.5195349056003
38015 738.2900104369736
38043 716.8483013157896
38047 741.9557184210526
38073 713.9832043428949
39015 1043.0052203634218
39057 1013.4635982812893
40027 1368.457345453947
40129 1451.8006263157895
42037 886.0760413232402
45023 1459.1638773468412
45063 1477.6085043689466
46049 837.0569842105265
47005 1275.1180589386847
47119 1362.0627002803944
47135 1340.1366704542106
47159 1243.836742855
47179 1300.7646520573694
48081 1852.8131672296042
48133 1714.5175598372368
48259 2103.7775909635525
48461 2023.702933233684
48489 2481.8911978009214
49017 1444.2430346530266
5061 1460.8850895993426
51017 1198.2126539473688
51139 1144.4034676361716
5127 1398.8795855811845
54011 1110.9271771911842
55051 621.6765123840131
55053 729.4597884217501
55085 645.7764391651974
55125 636.8118885885262
56037 1233.9235519552628
6087 1409.9337092168425
8039 1379.0069317206573
1049 1434.152079144079
1115 1486.1384660517103
12001 2007.2980902626314
12015 2478.9177886871053
12069 2178.227367144473
12119 2168.2987585743417
13007 1794.1995263715787
13011 1497.178793986579
13079 1645.269323981579
13219 1517.249423163948
16017 629.4689621593157
16063 1094.2986092105261
17013 1033.4928306551315
17071 944.9430538893419
17107 974.3235526550004
17197 946.8292555121049
18065 986.4240016645658
18083 1005.6112150907888
18133 978.2387515751311
19025 898.4279222150001
19029 986.4938861798682
19087 929.6733289303945
19135 942.8674298461838
19163 909.8379898251321
19175 955.3748302042105
20131 1092.9706162346058
21043 1106.0999818450002
21151 1164.1962976426316
21185 1041.5969695186845
21217 1167.3940736498027
22005 1891.0425189790783
23001 776.8919638322134
25007 891.9777986549336
26045 799.6198434511842
26121 766.914797795263
27021 637.3953384726447
27133 910.0878290328949
27159 664.2922215994737
28051 1574.8088208730267
28089 1626.958738497236
28119 1418.8584804526326
28145 1395.3379205215786
29053 1041.2156553331574
29081 969.5400663021317
29169 1131.4442438644735
29221 1115.7284722178947
30093 916.4700092119738
34019 950.6845376723331
34037 936.1096985208399
35057 1848.2557296209204
37129 1638.2064044139472
37195 1419.322879280921
37197 1296.0497263864472
38021 756.6636924403949
38049 627.6923804429468
38101 628.358804734658
39009 1011.9307837763157
39033 930.4628090017112
39069 892.6719339421056
39103 884.8443057548687
39165 1015.7746765694739
40015 1426.0147886892105
40017 1362.120124783553
40061 1354.5905317109216
40119 1316.9996353992108
40139 1442.6102245667105
42019 877.9249764922365
42031 836.2868851153947
42103 924.7181527204397
42111 1020.4696726969739
45089 1635.1250867855258
46013 813.8846785246054
46103 1003.9575960477636
47057 1322.9158016655267
47067 1289.1393938800002
47075 1280.058368959342
48085 1572.351882517895
48143 1701.591204264605
48313 1811.448352116843
48347 1694.955213230264
48403 1694.9753079227637
48407 1844.6540141907894
48417 1668.4516881578943
48423 1669.9258414397364
48437 1625.0791889217114
48471 1864.7369764489479
49015 1283.219531447632
49039 1336.795414039737
50023 714.8486258221337
5081 1467.6860048242106
51009 1191.7582354715792
51051 1250.0972514946056
51109 1199.2280987227632
51119 1196.1047917104393
51121 1229.5873473413158
51163 1180.2238581106583
51177 1185.329880260131
51181 1266.26428672572
5135 1257.3023757361843
51550 1257.6517558473336
51600 1118.8035394900137
51820 1170.3801361802634
51830 1246.6277337345732
53041 660.0063023782366
53049 637.6385272315921
53071 765.9916483978948
53077 774.246263321579
54031 1090.5195313153938
54059 1173.3474577390791
54091 995.7260237889478
55003 599.5182578023029
55009 723.2484029235397
55089 814.9855886219735
55115 699.8606683306841
6021 1223.6555835273816
8001 1329.380533672368
8121 1278.3635658409207
1051 1608.9917955925
1061 1764.1391891835526
1095 1426.3741031172367
1119 1620.3768950822368
12073 1941.284472739605
13003 1820.8084352921053
13005 1793.433824778553
13043 1691.6358514964475
13075 1845.5348630224992
13119 1510.055211945789
13179 1773.7546235438165
13189 1504.4899183349996
13195 1506.9548220457898
13207 1603.8943411146051
13265 1523.5413302631578
13317 1510.4888545080266
16065 1018.3331052690785
16073 978.7186597073683
17135 1043.716999324342
18005 1007.8750958773685
18113 915.8338585734214
19023 833.9669007035525
19069 820.1519976369735
19113 869.0285391464472
19117 939.2825631493424
20009 1247.6741101644743
20011 1109.0135323847371
20029 1155.9087944959213
20033 1306.6124342105259
20165 1237.756705132369
21015 1033.079007255803
21019 1101.2401133360524
21127 1136.009788085395
21155 1147.1928431381577
21233 1136.6924524695926
21237 1171.0757362632894
22067 1585.3570889999996
24003 1081.0457447521335
24510 1069.2350121783998
26001 672.022370513763
26143 700.2664630213291
26161 824.07064711725
27131 733.4120069045263
28023 1713.0248325111834
28135 1455.320470276316
28151 1589.482090140921
29091 1185.2404178950003
29103 997.4132187818418
29183 1058.8152907209214
29215 1158.907954372237
30009 937.886277958026
30041 685.162343541316
31077 1057.6689289473682
31123 1141.8097710526317
31125 1033.0502039473681
31129 1130.3952601210524
31159 1045.8713341284215
33001 786.1753234157334
36011 683.7258859245999
36069 678.5506753750935
36105 895.4433754446665
37135 1383.450262114079
37141 1591.141703618817
37157 1286.837320903158
38061 647.3612631782764
39029 893.3954106688158
39119 987.0987520719738
39137 929.4812208944735
39153 887.3071578514472
40025 1541.4142139373687
40085 1518.8005678103948
40115 1199.9404223667104
4027 1930.4425012764473
41003 777.4983868217105
41009 683.6168399439872
41027 776.6873057967106
41035 1122.225850631053
42045 1017.5623754322401
44005 894.2302233942668
45021 1412.579104736448
45047 1464.96271931171
45079 1477.7862548151315
46069 913.775594736842
46097 901.0177381578945
47107 1383.004617603158
47147 1219.2070735960517
47173 1321.2853354335523
47183 1245.9596822751312
47187 1306.398771617895
48169 1762.3126355263153
48197 1615.3928513157898
48207 1662.4998523152635
48223 1589.3230969815795
48291 1851.7742674292122
48345 1706.016011842106
48357 1425.969437145395
49029 1115.1341072939474
49035 1163.3786106549342
49057 1127.6726698338164
51011 1216.3296648638154
51015 1175.468471398816
51049 1244.6804424138159
5107 1366.1944551192107
51113 1161.7940586550396
51147 1263.9853160506577
51167 1283.9085598048684
51750 1225.90633974171
51770 1211.0233846613153
53031 570.6570844102635
54043 1117.8260484503949
54069 978.4976788675004
55071 765.4904803866842
6011 1265.7041790776318
6035 1261.1795206642103
6071 1751.2001145647369
6085 1413.0117925244735
8073 1402.3299651471052
8105 1853.561496790394
9003 879.0685791942666
9015 895.6681965536005
1035 1754.247670491184
1129 1804.4199049868419
12019 1992.8283194351316
12055 2340.494872166842
12107 2017.37428219908
13125 1510.7205210526315
13153 1674.757448433553
16015 972.2028763157894
17047 1027.586694385658
17049 1026.3958805593422
17177 849.0855342797371
18143 1021.4702849959215
19059 845.8939657307104
19107 909.8962811305263
19197 838.7108490088154
20001 1124.5535899996057
20027 1158.8758866352637
20047 1293.6661773663159
20057 1324.123974006184
20069 1321.930935640526
20141 1210.450681578947
20143 1180.7800839092117
20161 1154.9711122563158
20209 1044.6783340372372
21195 1201.2097413532897
26029 635.1647114564079
26075 842.9518949371973
26139 793.4393910586844
27129 768.288405533947
28025 1508.3015543585527
28059 1871.972695532237
28071 1388.979647004605
28087 1514.1345473892106
28149 1615.7819776575
29069 1224.3568360138158
29177 1006.3360871132898
29187 1108.9714124232894
29203 1177.6823801957887
30067 921.794157744342
30069 745.1371881578949
31007 1135.0547539473682
31031 1096.1039765814476
31045 1111.4854058992103
31073 1129.8040881578943
31091 1153.5535394736842
31141 1017.5872278718424
35001 1827.917355548947
36085 963.475791132613
36113 754.1207577187731
37049 1464.077034775658
37131 1323.3600199494738
37149 1462.8688824126316
37179 1429.3150453486842
37183 1420.9032982509216
38003 683.3482927862368
38081 739.2337140883158
39017 1007.9334740364474
39019 928.9880181735523
39047 980.08802019175
39155 847.9350259503946
40005 1477.801176399605
40013 1524.2284570439472
40021 1304.2945186499999
40043 1404.648235355263
40091 1332.6438955696053
40095 1529.9049569081574
40125 1364.5125173419738
42073 855.9242063732897
42125 955.5906419710524
45081 1453.834850608027
46023 972.8150153626314
47071 1373.8504500582892
47103 1412.9788658159207
47167 1317.187832432632
48033 1830.5638355263168
48099 1783.4409217968428
48173 1924.2087881578948
48179 1504.495914821185
48217 1688.4227501606583
48371 2062.8526954434205
48445 1844.1885522106577
48463 2182.811863986711
48495 1991.2920573526324
49023 1224.4145569146049
49027 1303.5910734822367
5019 1447.3093941051318
5033 1372.2417748544735
51081 1307.8394773671048
51161 1207.8042167063159
51640 1303.6829183118418
51685 1116.1780406123996
51700 1239.3065547223464
54099 1105.225979103815
55013 660.3941030211321
55057 775.1479988519739
55087 746.5295708331579
56027 1034.921730263158
56029 1018.1734463356586
56033 978.0961783138157
6053 1446.2700644361837
8025 1460.481175
9005 887.8194468061337
9011 929.5205721202667
1099 1736.0108793544741
12013 1891.1250170382896
12021 2621.090809520395
12077 1911.6558966867099
12089 1982.8005188209215
13065 1877.6498297956575
13099 1787.8351723134217
13159 1581.7211631951313
13235 1743.0218040006578
16061 774.8577858296185
16079 674.1498522986052
17003 1192.8397225747362
17057 969.5527034194733
17061 1001.0149819778949
17083 1034.708628277632
17123 954.6585556051317
18021 1007.9003240590794
18035 977.8615186509476
18085 926.4392955835523
18149 931.1211021927627
18177 1010.5399772671182
19149 926.6619437059873
19151 879.726431598816
20191 1248.8504974049997
20205 1109.57827301829
21097 1082.431272143421
21107 1145.4448944801193
22009 1725.8413908421055
22021 1654.0261584923683
22031 1608.8873589939476
22077 1804.8484814378953
23009 773.8846571960266
26047 627.3389282725525
26105 739.5060262564213
27001 633.6939819346053
27039 738.1180745439214
27041 706.8631926448946
27091 837.6891168315
27113 608.9505093978158
27121 735.2282617717107
27125 610.9962504413816
28007 1594.7944331944732
29065 1136.1888906572365
29071 1086.714120803684
30109 795.099572368421
32011 1259.9970460526308
36089 664.7315720500136
37063 1402.8998621967105
37085 1455.2076248081582
37087 1506.3698918731577
37193 1300.6311785376315
37199 1389.3843108851318
39059 963.3026750002631
40141 1534.760252843158
42053 793.5528202760526
42113 834.1079364771067
42123 776.3746143676317
45027 1590.6569025886838
45035 1683.7424511339475
45069 1477.1757496903945
45075 1574.841125717106
46015 957.3759904546051
46027 927.5619350872372
46089 813.8880697368425
46101 882.5102123502629
47165 1227.2584982731582
47185 1315.3829456814478
48041 1842.1158308425006
48123 2126.1221920226308
48367 1606.9324680868415
48507 2240.4526429017105
49055 1646.0832947368426
5021 1230.4279047922373
51013 1097.8705838045335
51057 1206.2445486546671
51135 1286.117152497237
54005 1139.5766508126314
54083 1113.0641437901315
55041 663.8361311783948
56011 982.8128239014479
6003 1530.9683473684215
6023 1136.673233167895
6075 1306.9793353172367
2050 1234.7760092791777
46102 1234.7760092791777
1047 1642.0033876455263
1091 1632.3704576182893
1109 1717.1584422505264
12063 1815.6747615240786
12099 2480.363933083421
13221 1511.4002235171056
13227 1474.6574629842107
13233 1493.3954094352625
13237 1568.0982265256582
16023 1068.1104447368423
16045 942.5554042776314
17021 1018.6149211567105
18097 972.1905329773684
19073 901.2058500244742
19093 937.0486223222368
19179 922.7916736705263
20101 1272.0736526315789
20119 1318.910234082105
21045 1173.970155715947
21141 1154.3195666076313
21159 1151.963429483816
21203 1159.9634236227628
22059 1683.4233884852636
22101 2009.0376786257896
24005 1063.5650791045337
24031 1100.7887147476263
24035 1078.3158724251998
25013 881.0657575481337
26063 717.0865336681184
29045 967.932800670263
29137 1020.743496131316
29185 1105.6328996530258
29197 971.9518759726316
30027 760.2284147942106
30049 812.211992161842
30053 620.2655505514474
30077 856.770010591579
31071 1068.534297368421
31109 1038.4080027301575
31157 1143.5477408068427
32017 1408.9392692884207
32021 1431.6901118459211
34021 980.7410134810267
34041 933.21094381272
35019 1756.8984618421061
37035 1377.223873105394
37093 1476.131281513684
37117 1354.8529182702669
38007 755.8736842105263
39021 991.3481320369342
40037 1289.842122010658
40077 1404.8834539511838
40103 1311.627117822105
4011 2061.1560041913167
4021 1927.891139534343
41007 674.9184484903029
41031 902.9655345682892
41059 794.5031853493423
42079 889.3951722525331
42115 815.9883729434397
46003 929.6948565789473
46043 961.0651789473682
46063 927.0837223684211
46081 983.5743357632894
46105 864.1613868421053
46115 852.0824319563153
46123 1009.3479985369735
47017 1248.9831285498685
47029 1342.3159683924998
47059 1327.7282767611844
47129 1331.4651684164473
47143 1374.1349062818426
47149 1286.1292655080265
47161 1242.5591791298682
47171 1318.652558172894
48053 1900.446490054342
48107 1746.8823204476319
48359 1595.713956578948
48457 1767.6219347528956
50009 709.4966935845332
5015 1291.856147594869
5073 1542.7713060164479
51021 1267.7811423085534
51036 1225.8952997231997
51093 1267.5308632669332
51107 1122.8167959982238
51117 1311.3997218605264
54075 1201.4059686494738
54081 1205.0002758615792
55097 712.8909354820789
55101 851.2941200911577
6013 1335.3873502296055
6073 1806.998710786711
6083 1610.8289489524998
8089 1473.9120262756571
2150 1234.7760092791777
2282 1234.7760092791777
10005 1101.456865972133
1069 1743.8956961361844
1073 1474.8764390106574
1089 1388.9549733914473
1111 1590.491029255
12041 2020.8242147256576
12133 1785.1675481390791
13073 1485.3316527623676
13083 1389.5005947188158
13165 1603.3963098564473
13261 1729.369017105263
13275 1894.9952283605264
13289 1663.931560413684
13301 1508.839858828158
13319 1618.483172134999
16001 980.1142450648687
17079 1023.0120229273682
18125 1014.3621311853944
19037 797.0339373988157
19061 824.808386432895
19101 927.6051826927634
19127 860.0212889605265
19159 983.972258622106
20031 1119.1933447213148
20075 1401.3704460526321
20149 1144.7915956800007
20153 1255.8425223684208
20155 1227.9308409950004
20159 1218.3412558384211
20195 1251.2466421052634
21169 1184.9466609225
21207 1210.9861465915792
22091 1762.6879929893425
24047 1109.4560887768005
26043 646.4518824942239
26107 754.4058464049735
26113 713.5562567331975
26135 678.6868817037109
26137 657.3764784979735
27071 537.404174854684
27155 747.8606335243418
28031 1707.678301534079
28103 1559.4337769414478
28113 1732.5453125088163
28121 1652.1099122777637
29003 1027.4336664999998
29023 1181.318543611316
29035 1183.3279913480262
29051 1070.8940280692107
29061 983.4850664824995
29123 1128.9076995685525
29133 1169.911998036974
29141 1083.8444946321051
29205 1022.9800368896053
31021 982.8785032828949
31179 969.7097145085525
35003 2016.1937526315796
35009 1721.7100467918417
36013 772.3804170561314
36111 875.9973445404532
37001 1348.0213270728946
37027 1381.5861451631579
37043 1481.3786684452639
39169 909.9107006400656
40053 1257.374036524868
4009 2001.753900654342
42021 985.9174323807898
42087 953.4678003510397
42093 890.2728760052403
46017 950.2905552631573
46065 929.9638631577633
46121 1064.554370481447
46125 936.784600974079
47125 1204.135353263158
48045 1638.0729355263156
48079 1782.6361763157895
48195 1470.2749961053953
48249 2394.267697214868
48329 1924.5516352459208
49011 1136.8236654112234
49013 1293.9380873789473
50013 687.0636490298665
5017 1589.5490390936843
5023 1292.4856917182897
5029 1289.7257366724996
51007 1265.672443694869
51053 1279.3574113506586
51063 1264.8285787114467
51067 1230.8153339726316
51095 1247.0466089674665
5113 1422.8672432799997
5131 1379.4804501306578
5143 1330.9844108610534
53059 720.5530416784212
54003 1077.0604503441975
55055 834.0208356678947
55107 687.5009317800392
55127 845.2257086723682
56001 1240.5518194023687
6043 1394.019960181053
6051 1737.2352957673681
8043 1657.9736798205258
8065 1891.6124798556575
8119 1687.1057242467107
2105 1234.7760092791777
15007 1234.7760092791777
1021 1569.7876736398687
1063 1575.61434861921
12043 2498.7503118089476
12083 2098.2033515288153
13019 1835.549965503026
13117 1504.095740028026
13143 1532.9927014228952
13231 1619.533588144869
13283 1694.7239522801317
13291 1469.2998116403949
13295 1400.3253708901316
17051 1048.9046341060523
17105 959.0676828325002
17187 954.4307206751319
18031 981.9017748543159
18041 1008.2329329426583
19075 835.9022517297365
19141 889.7803996642897
19143 885.5452607225002
20193 1261.4426403467107
21025 1184.4811815642104
21027 1086.4215842406581
21173 1141.9584742819734
21177 1140.2581061648687
21223 1036.8737031499998
22109 2050.638757821184
25027 848.7165360268002
26005 798.4245682530262
26013 588.3647393803291
26027 839.403836227763
26053 610.2616988433554
26061 556.4394395478288
26073 734.3353048140789
26077 810.7944856118419
26097 596.3877500626053
26153 591.0682530027894
27009 700.8006624551444
27063 861.7726785324998
28003 1367.71947183
28081 1396.8757755789472
28095 1441.822821676053
28139 1382.2205215557897
29009 1224.0637981319737
29043 1194.0853328448688
29075 998.8433012863155
29095 1043.4425827882897
29165 1036.744388950658
30017 828.0959239367108
30045 774.1156289473685
30101 676.3547557713158
31099 1139.0962274761844
35015 1920.187829696842
36005 948.7280697017867
36055 696.0913411560932
37033 1294.5722033443421
37069 1388.202483486184
37099 1526.5069145998684
38055 681.0869156091577
39001 1069.4283446625004
39175 910.8334885375001
40101 1304.5614677161848
40109 1349.7138578636836
40127 1472.1493420019735
40135 1357.9667023180268
4017 1780.1263362877635
41001 921.5484346668418
42025 923.3157864924134
45003 1492.131522968552
46025 856.743505263158
46119 886.3624789473688
47041 1294.5034680565789
47069 1315.424619729868
47175 1347.2287372106578
47177 1351.7634891225007
48077 1532.3230427063156
48091 2093.3133136435526
48137 2069.286578947369
48161 1719.9167037494733
48183 1657.236581156974
48221 1640.9215264368418
48235 1971.1943921052623
48315 1625.9247645399998
48319 1965.2296815394734
48391 2367.9977171451324
48425 1665.1862903853958
48455 1808.998038748947
51031 1211.5808316448683
51087 1220.7465982705269
51145 1242.5126536426314
51595 1318.7556957944732
51678 1173.4774960526317
53073 497.3725611180262
54013 1075.5169703153945
54023 1088.631484594079
55045 845.227814596842
56003 1000.8732307861842
56007 1286.2953300696056
6001 1357.0468486186842
6025 1868.4933932556573
6055 1312.7897798744739
8101 1532.42313287171
2198 1234.7760092791777
2220 1234.7760092791777
2275 1234.7760092791777
1043 1420.21913127421
1127 1493.078540095131
12039 1870.1600011501314
12061 2346.8173256269743
12097 2231.5947990186846
13015 1508.4491350539467
13069 1796.052726086579
13193 1686.7724241898688
13305 1818.8264644973683
16055 670.643131471658
18077 1017.4108618071575
18081 984.6565044967107
18115 1029.3971502142101
18135 988.0662690842238
19091 858.6756538310528
19161 937.1405562574994
20187 1432.2960078947374
21011 1125.4241111767105
21047 1184.5690241203947
21191 1059.2343531560923
22083 1642.1365480297372
25023 848.5591626129334
26015 805.8045098800001
27045 747.3539845846839
27067 768.8352105424999
27081 870.404943561053
28035 1706.3404321596051
28063 1711.4064325051313
28097 1533.253614401974
28107 1389.918557301842
28129 1690.7491650759207
28141 1393.5465255318425
29013 1090.3269736768416
29207 1162.6931634257892
30007 873.0154887807893
30079 815.8531565789474
30105 686.9828806189474
31011 1051.256731821447
31019 1118.577997779079
31163 1090.2576223684216
35011 1784.4705499999993
35031 1752.9896920067108
36123 684.6000513010804
37109 1385.9598655084208
37137 1480.1631022815993
37145 1324.0640848626313
37187 1328.517650540133
38095 611.1598236842107
39003 946.0018052667102
39089 981.0948474732895
39105 1037.2383440442109
40009 1491.8730300638156
41045 939.4935958534213
42047 831.140762907184
42099 970.2377084550134
45009 1587.4216019000007
46093 986.853990321842
46129 830.7910069840788
47035 1336.2012733194726
47113 1276.1727576777632
47153 1401.3929380339475
48001 1698.484372443947
48157 1936.2519969667107
48213 1657.163307516579
48247 2429.4846126560515
48293 1729.985661056448
48473 1948.5140515276316
48491 1949.8378380185536
5037 1353.9730756926313
5089 1234.0060813451314
5093 1286.254916446579
5101 1282.2511980975523
51023 1189.8704876789473
51069 1095.2260707040662
51097 1224.6814480985327
51127 1218.8882444228002
51760 1224.92255397671
53001 752.7146018559216
53043 695.3248292027629
54017 1024.283070655658
54019 1149.515758813289
54041 1063.9579201669737
8097 1856.657935745527
1015 1506.2749078303943
1019 1473.230888545263
12075 2072.0253873632887
13101 1888.3489301449997
13205 1827.9736661798688
13287 1812.5649422507893
13299 1861.803887213685
17015 874.1485780425003
17037 905.1386396067104
17145 1085.7552434772363
18047 1007.6172039810517
18051 1035.8319426664475
18141 884.2594818896057
18183 943.3206720157901
19165 976.0040464194739
20043 1046.822066291842
20087 1073.7955622340794
20147 1182.7667150051313
20189 1417.3582262526315
21037 1016.5923041451051
21055 1172.599495223855
21071 1185.8639060811845
21099 1148.9935121672631
21133 1244.709401287368
21139 1173.839255848395
22047 1880.0102891834206
22123 1596.7204287660522
22127 1647.6226171292105
24015 1029.5514120929327
25017 813.9301687822127
25021 840.0096370721595
26023 858.1198094607898
26111 729.4014643977107
26119 657.9935653989075
27047 788.5310460298949
27075 586.9691129610262
27085 739.8750914722366
27127 806.034875859605
28033 1372.6353548089473
29083 1099.5081290742103
29093 1134.329845091315
31017 1106.4803302631576
31069 1157.4653763157896
31087 1207.546792105263
31103 1051.4191921052634
31105 1175.7556644736837
31171 1135.7761144736844
31185 1061.9275276294738
33005 781.4952004647332
35039 1774.0904098946048
37095 1425.704069333333
37113 1519.0845026074996
38019 578.5553991394345
38035 613.9215252343423
38085 788.7892237796052
39157 946.1574454894734
40041 1251.3885157789475
40121 1380.450189133552
40133 1400.2492497132896
40143 1264.7123840425006
40153 1362.0663374680266
45049 1663.4724395215787
45053 1680.048661940921
46009 965.9815711439475
46047 1072.8289582915786
47047 1343.5247427567103
47083 1265.6013443361849
48031 2032.0394063021047
48059 1752.3333399694736
48073 1685.112454093158
48153 1718.6844431886839
48181 1547.7377986573686
48205 1576.1982763157898
48219 1792.8847093828947
48271 2125.701919736842
48289 1751.244306918553
48337 1554.9698810994732
48353 1764.1828357639477
48429 1643.0327005176314
48431 1953.7920934210517
48443 2081.013547368421
48453 1985.5857065953942
49001 1367.0755036630267
49019 1422.330184377764
49043 1188.587432505658
5047 1377.085291241711
5087 1329.934531263026
5097 1396.8332579768423
51530 1181.7523447368426
51690 1253.7828193248688
53037 750.3259702999998
53039 788.9218780243418
53075 730.4649098947366
54033 1024.9680419567892
55017 697.3146985369737
55091 708.8290978033683
6115 1262.4344531903946
8014 1330.4188738982898
8103 1271.856131862368
1023 1696.430439093947
12059 1765.073852122632
12123 2013.252160077894
12127 2078.233026645001
12129 1968.1824469673682
13107 1658.300534896579
13155 1814.3279362496062
13169 1595.2739944015786
13253 1825.4754550249995
16041 1126.569130113948
16059 984.5608675521049
16081 1099.596852631579
17029 1017.3772805139473
17115 991.8015004792105
17165 1093.5125479677629
18025 1061.8580003993427
18053 954.2831419538161
18055 1007.2341540998691
18137 995.1758699569875
18147 1067.2542227568417
19011 869.4576571218422
19085 988.9201249865789
19123 914.7039430882897
19129 999.1033211130265
20051 1233.0519986421045
20129 1454.2678013157897
20139 1089.8266990628945
20179 1217.6021571009205
20201 1141.0822954238158
21137 1161.8454464731578
21149 1099.7613669052896
21171 1185.1265863952633
21205 1108.3215254923682
22025 1710.400641081579
22103 1890.5867371610523
22117 1794.1502381163161
26131 583.4703630230395
27007 606.4125160553292
29157 1105.3006468039468
30005 697.1194181371055
31117 1168.4314921052628
31147 1088.8640193797366
32023 1574.7735170725
32027 1210.7133776315786
35033 1947.4041434210526
35051 2096.14098510671
37029 1289.1967191601336
37089 1512.8179880793416
37163 1489.1682373060528
37165 1492.0650185753946
37191 1455.7485196173686
38059 735.8154694224214
39007 801.6425401905266
39041 973.0044878886844
39051 880.2159349429867
39067 953.0567905164473
40049 1434.496420094868
4013 1861.2786134677644
41043 774.5719489126319
42127 883.441989317827
45011 1557.419047939869
45031 1501.439273325263
47031 1355.8553348006578
47117 1365.1335593584206
48037 1510.2769370507895
48209 2040.5318388528942
48263 1741.6698197368416
48307 1882.6522305930262
48311 2308.7707631578946
48381 1528.0807274926321
48401 1678.3811011939476
48465 2086.0088721522375
48483 1510.756943961184
49051 1290.5831403922368
5043 1516.4833073549994
5063 1285.4261285510522
51029 1220.7115337481582
51125 1167.6978134782894
51155 1245.8198357722365
5121 1229.1925751444735
51610 1099.9058901084002
51683 1117.0744416419998
54067 1131.1671229426313
54071 1147.9812240197366
55021 794.5236380085524
55035 697.2634084222627
55049 814.3740431015791
55111 783.2884859369734
55135 730.3863324162634
56025 1102.2451932839472
6041 1317.9078625413163
6101 1253.525679478421
8019 1673.720073455263
8099 1428.1756199077627
8111 2008.710406578947
2110 1234.7760092791777
2170 1234.7760092791777
1011 1718.27741260579
1065 1564.230564122763
12017 2183.2102962548684
12125 1969.8961449065782
13009 1584.7204244855266
13177 1788.8101471917107
13243 1786.033505226973
17005 1049.5724788496054
17075 978.0669738077629
17149 989.6164597822368
17173 1017.8517190956576
17179 950.9619233873684
17201 850.5650803777107
18157 970.9866178152627
18161 1014.9741778369477
19039 957.3173183324999
19049 926.9670676573681
19083 839.357489135921
19147 862.5751443169341
20019 1173.365663157895
20077 1243.603571277895
20095 1247.0422424026317
20125 1141.7502566001313
21081 1055.6344657964469
21089 1088.70580315658
21193 1217.1178913657895
21201 1075.5431565789474
22011 1773.2668566634215
22055 1927.9588524134203
22099 1897.1116757314476
22111 1577.5423257423686
22119 1574.3204219336837
23021 740.8780264087734
24029 1065.661724879066
24039 1125.5212294382663
26163 821.0257653932896
28073 1719.4796788665788
28091 1746.673069720921
29107 1034.6445729661841
29151 1086.1753502796055
31041 1106.8646666660527
31137 1148.3356562384206
31181 1134.0044124565786
32033 1291.9150292011834
33013 778.5401310205333
35037 1739.992382161448
36051 730.990108135921
36067 695.3086844180004
36119 950.6394976741461
37037 1391.3734069913157
37139 1276.5909532354663
38009 597.9356792895526
38029 771.5171565789475
38037 785.8799513157893
38069 624.2674040263552
38083 679.0326644736839
38087 840.8546657894741
39097 978.8860700144995
39109 1003.9389034983944
40003 1304.756137958553
4001 1731.2493545723682
41037 1090.9459915975003
41039 811.3422230209213
41057 730.7464918799606
42001 1046.685130221199
42033 891.4422446335523
42129 978.3586475585527
45059 1449.038078061184
46031 826.1603225476317
48017 1687.3330447368414
48021 1977.5083499811838
48083 1747.7248190701314
48101 1654.4394921052635
48159 1624.2945200440795
48261 2441.23435
48317 1901.9479798285531
49053 1507.678600046579
51037 1263.8725593457896
51041 1239.3611832126317
51149 1261.472746910133
51730 1262.6874517801339
53033 583.5286225882235
53051 644.405039042342
53053 631.2001479446317
53055 511.46455750888146
54077 1017.9096650002239
56021 1191.0313605863155
6017 1348.9805266794738
6097 1309.1570213322368
8009 1483.6452903423688
2188 1234.7760092791777
2290 1234.7760092791777
1081 1644.007665465921
12085 2418.78202128092
12121 1986.7721498630256
13023 1745.00302884171
13137 1482.8301555276312
13173 1860.226374943159
16021 622.705606487342
16027 954.7067875523683
17073 930.7106283435525
17155 963.0147664444734
18049 940.1579286227628
18121 977.7436225188159
19183 923.0636478372365
19187 868.9382104067106
20025 1336.1542526315786
20099 1137.657405660395
20185 1293.183926730526
21029 1077.092439922237
21033 1183.3383972804213
21123 1141.8183083265262
21189 1185.6616014627623
21219 1183.2802356223688
21227 1133.9801232042114
22015 1605.2922441830265
23007 739.5811929849338
24001 1069.189573506842
25025 827.1888246430937
26003 562.9367962396975
27141 711.970134129605
28009 1384.3075759434207
28041 1790.7746996988158
28055 1576.010936842105
28079 1644.1114148598685
28109 1830.5834072568423
28159 1554.366803636316
29077 1167.8677944863161
29121 1030.0093761560522
29135 1067.3981896823686
30095 882.6451374884209
31039 978.813693095263
31049 1161.8410657894735
31115 1089.1779907894734
31153 996.5788298875526
33007 719.5780580096
34011 1043.0246433345337
35041 1773.5169017019732
36063 745.3072295402496
37073 1311.7446363521326
37107 1447.0934493785526
38027 650.8582460526317
39049 968.4614836326319
40069 1506.2752849428944
40071 1266.7494668822367
40137 1471.0822580293425
4025 1732.5416015689473
41017 962.5067373953948
42049 799.3331028574077
42065 846.2815028206583
42067 937.5305300702263
46029 838.3549636047368
47021 1276.5822330538158
47053 1241.6859584210529
48003 1980.8083778355267
48097 1517.0558494157904
48139 1631.6595825621055
48231 1554.0169399038157
48283 2324.889436842106
48305 1791.2810277832887
48351 1788.8070245228948
48369 1676.3081249930258
48399 1760.1982666597378
48487 1581.9923416668419
50003 757.8024693406932
51175 1271.5496642515864
5133 1445.717453349078
54029 923.5376988734214
55093 716.3578949619738
6007 1239.504598836579
6031 1358.6842219496057
6063 1276.2817742430257
6067 1282.7667437825
8077 1359.7122366348676
8125 1255.4473111235523
1025 1726.2730218557895
12007 1986.274923903948
12115 2479.2965261685536
13127 1918.3445608571049
13213 1420.4855158231585
13245 1501.0908949569734
13251 1651.4910574339474
13255 1599.8415426506585
13269 1668.7757285576313
13303 1551.7984690088156
16043 999.954668940263
16047 1061.4728919106578
16071 1067.0749855263155
17017 984.8138421023684
17065 1062.5303571377638
17069 1149.0948583369739
17089 918.6526769448683
18033 904.8496664198683
18073 954.0234263298677
18087 894.6345309906582
18109 1004.6483257267106
18163 1069.2284649956578
18165 983.0495433765789
19027 951.0935135172367
19043 810.2285706755263
19045 892.5995889367895
19077 937.2223865460529
19109 832.6959003407108
19191 785.4843184119737
20123 1172.3569905671054
20137 1202.8091250000004
22037 1775.5189123919738
22049 1619.3281460405267
24021 1069.661675449507
26037 774.1267468501316
26133 743.4195188479342
26149 864.0475537302633
27093 733.4721042735524
27117 891.5339597305261
28013 1445.7869441069736
28111 1753.6933747152636
28157 1767.0371629292104
29021 1027.5743470598682
29161 1112.8893607844736
29179 1166.7758257703945
30099 735.8198632217103
31009 1107.9408315789474
31013 1128.2424169281578
31027 983.782439924079
31055 994.7301744936841
31095 1114.3975494313163
35017 2197.15977110921
36053 709.6790096179064
36093 753.85206117648
37015 1310.4351510986662
37115 1421.5483034388155
37147 1390.346310271842
37175 1503.8343798394733
38017 674.7252578613551
38025 698.2140421052629
38065 714.8774868421049
39055 844.4078416369737
39063 909.0381914819736
39127 1002.1230334428944
40099 1468.2496826285526
41019 904.913483958816
41053 754.9859758617367
41061 863.6613613239869
42005 911.7114191157897
42041 999.4296302905335
42119 893.0321101965201
44003 886.1027189317332
45037 1469.7298441063158
45043 1700.993017954473
46055 1025.708418421053
46083 932.3294386826318
47001 1326.7076473535533
47079 1244.4362969164472
47105 1356.057973576842
48061 2514.4787535063165
48089 2006.5128374207886
48109 2249.530389473685
48111 1599.3644167285522
48145 1796.221340903685
48167 1969.2118706935526
48335 1811.8619717065785
48497 1575.4799017078951
49003 1111.0697917421046
50001 715.4822634293067
5035 1350.7003506902631
51005 1187.411280202895
51073 1221.2176688068932
51099 1178.7729367192003
51101 1206.2293926146667
51173 1314.526614773553
5141 1287.363141293421
51515 1213.63242368421
51670 1249.738892813867
51720 1262.6137171052626
53017 697.9061443922368
53045 592.7829713024078
54047 1242.1459204711844
55099 669.0141990409345
55105 843.8226405061841
6095 1324.750658535132
8033 1490.3881986842107
2230 1234.7760092791777
1085 1668.4863302015792
12051 2491.347994624736
12057 2337.9749487814465
13067 1523.176682705789
13187 1444.3061023593423
13259 1743.8186803909211
13307 1742.342339051053
16057 728.2809895428944
16077 1071.8612720169738
17009 981.1448604980268
17095 954.7681471538162
17099 949.1621505772367
17175 955.2958356847367
17183 966.7215529727628
18011 975.3601230940786
18029 1016.2956512405265
18111 954.0291568652632
19031 890.3712421977633
19081 826.8171157660528
19105 858.2351250771051
19137 1006.1204498882893
19155 997.3144029710526
20023 1275.3211210526317
20083 1314.7456407894733
21013 1245.9169803138157
21065 1162.162676341974
21083 1198.1372837420001
21113 1134.6087097643813
21153 1159.6322402410526
24033 1114.5093843373334
24037 1140.491020530667
26055 676.9011488871183
27015 809.3775893644738
27055 737.9061797049603
27167 707.3997029847363
28037 1735.1807639373678
29031 1155.247353661842
29037 1063.2167946543418
29223 1172.0303123994731
30019 644.9379157894735
31059 1094.8132555443417
31079 1090.6901652000392
31097 1058.144765213552
31177 998.5964768785527
36029 737.178580346263
36033 668.7440922736
36037 735.4219585697496
37023 1408.2728133311837
37083 1355.5073705053953
38057 688.923334700487
38063 618.7377381578946
40065 1560.1592688324997
40147 1198.1591816503949
42023 832.4632973767109
42075 957.4145432646534
42097 899.8178722158136
46079 903.7376708375002
46137 918.2879565789477
47003 1339.7254086188157
47181 1395.4926420224997
48069 1650.1945753242103
48071 1905.2627622778953
48095 1827.2138723684207
48201 1902.954915438684
48269 1660.2968855263155
48389 1973.3566862261841
5041 1529.7244569227635
5059 1394.2004780034215
51047 1144.0413604761313
51085 1217.2994511552636
5109 1425.1056253068425
51187 1109.7131688896711
5119 1334.1416125272365
5139 1514.455018736974
5149 1340.882382560921
51540 1165.3217469452634
51740 1254.0141950943068
53015 676.0253231172898
53025 733.5931739434212
54027 1077.1920622817108
55011 706.5109583080264
55067 675.4654090514607
55069 689.449357540658
55073 693.5023097271052
56005 976.1879460490787
8017 1367.1257907894733
8123 1276.077608756053
1031 1731.5585360605262
11001 1110.833131114666
12065 1931.5408236753944
12093 2375.2349936224996
13017 1807.6923744065782
13087 1839.834120429999
13147 1501.276479549868
13229 1858.6222808571056
16011 1081.327607816053
16029 1118.650154860658
16053 1089.1809777698684
17125 970.2077125380266
18017 973.8226371596048
19007 942.5933092446052
19033 793.5603743774999
19071 1037.442568967526
20071 1359.6113289473683
20181 1307.3535657751315
20197 1144.3902416003948
21003 1192.821422339868
21017 1099.976522989474
21041 1033.9141891439474
21053 1243.2287983123679
21087 1175.8986394896842
21129 1176.8283810968423
21187 1066.422232825921
22089 1966.3231696114472
26011 723.3071929481314
26019 673.0408899452631
26051 718.0140481584208
26069 712.454893085961
27051 721.3690857611181
27059 697.9742228668817
27065 678.1300982975263
28043 1500.4858459218415
29039 1104.4792491990788
29097 1159.6000008182896
30035 684.9967882535129
30065 801.8003507901316
30071 666.9233315789476
31001 1101.0581236714474
31051 935.1613320092105
31093 1062.9061793648686
31107 978.1358831726317
32029 1307.7765236842104
33017 808.5200076726667
35023 2125.8930614513147
35061 1883.3069990432896
36003 761.7433231627103
36077 767.5216003265332
37123 1389.8435557386842
38045 723.2547822196054
39061 1014.138259960263
4023 2229.718330122237
41051 707.7779935972767
45085 1536.9711844896053
46059 883.6633128973685
47051 1380.8097862828947
47111 1211.5961202507892
48051 1860.1543409843428
48341 1512.670618553684
48413 2006.95952368421
48441 1773.957699791053
48449 1626.9286328547366
48451 1891.9233014785534
50007 696.6361023861335
50017 740.1569063674002
5057 1478.970923297369
5065 1260.9146737115789
51045 1190.7689763157894
51157 1131.398843589118
53061 564.7954087688686
54037 1095.7346800608946
55043 814.866922976447
55061 713.7984816823421
55075 676.4146280986843
56019 1009.4413815867102
6091 1294.0395684210525
6107 1425.5165318109207
2130 1234.7760092791777
1001 1635.1433107011842
1037 1562.959251741446
1055 1460.8392496136842
1101 1642.5023386257894
1105 1599.8210117376314
12011 2602.204464044079
12081 2451.013637715527
12095 2158.0387874151324
13093 1723.2045516167104
13129 1470.5584860715785
13135 1527.5705041127637
13199 1627.6667164669745
13223 1542.4624113361842
16039 1028.2714081204738
16087 922.1442387080396
17039 976.6510506560525
17195 908.6067611757895
18145 986.3671966473026
18179 946.1131838635528
19003 984.8526651326312
21101 1097.8225179218427
21115 1175.4723333722366
21145 1185.2228862426446
21163 1092.3738968076316
22061 1576.2536853661843
24043 1079.594307922224
25015 866.7841288299597
27107 617.7373881510263
27165 828.2759538039472
28127 1709.3350999080262
29131 1090.2217945571053
30055 728.0952407894733
30103 808.1070565789477
31029 1217.3028513157894
32005 1387.0632557261838
36023 714.9069263352533
36071 918.6664079512
37009 1309.517870878816
37041 1287.2780927356002
37067 1301.8831508961841
37091 1268.5093546422665
37125 1443.597748746447
37127 1393.400642630658
37167 1384.9098482789484
38013 598.6780855263161
39013 959.5530022153953
39081 943.6388705322371
39145 1068.5477715835532
40007 1363.676343604737
40011 1393.5909328318419
4005 1656.9612896156584
40117 1279.4992002805263
41005 714.3977171292892
45061 1526.5342779284215
45077 1463.6590247502636
46019 970.7687429246048
46033 1070.3512259632894
46035 928.7834466082892
46127 941.4764675249999
47089 1339.413614109079
47139 1397.992932747632
47145 1339.0113568469742
48009 1542.546674763685
48047 2395.4887817057897
48055 2061.7996259084216
48087 1545.767910526316
48281 1809.7217799165792
48343 1647.3702444664468
48477 1925.5172038961844
5039 1490.7304468301318
5069 1416.6831757819734
51065 1188.747823194999
51075 1227.2907448981575
53023 751.4773828947372
54015 1104.7401045272366
54035 1063.5461808040793
6019 1325.2573104694736
6027 1685.553496192763
6037 1712.310026791053
6049 1168.1494220588156
6079 1519.9878680398685
8031 1344.4718483028953
8113 1859.151899955921
2158 1234.7760092791777
2261 1234.7760092791777
10003 1025.2105155270665
1007 1533.3302341440788
1039 1749.9649153121056
1071 1400.3094324046049
12027 2416.021832177368
12035 2022.2454722943417
12113 1844.5525291575009
13035 1593.0543447546054
13061 1794.5202276315792
13167 1641.0891693030267
13263 1673.3809875052636
13293 1642.0754538268425
13313 1415.8158111727632
16007 1120.126741397895
16051 1047.9998965856578
16069 750.8003947386842
17067 973.8345290635522
17077 1123.386313205658
17103 899.6087003807893
17111 885.3701203677631
17119 1061.5401939828946
17131 919.2649244999997
18037 1032.7937428803943
18067 963.9754165823688
19021 920.8590968531577
19097 869.0202226740794
20085 1084.4882710640393
21005 1104.2407796143423
21057 1227.3800697326317
21131 1227.1624153893417
21179 1123.6647635185266
22039 1802.7429124953946
22045 1972.8895702780267
26017 732.5988579844869
26093 811.749216455
27027 671.8289998058287
27079 760.6777606732368
27109 730.3450825714082
28021 1685.533451616579
28053 1572.6726074198684
28125 1572.2476620228945
29033 1024.1146590335527
29153 1215.9529442602634
31023 1022.9755597549996
31111 1139.4558925011843
31139 1004.2682307761839
34013 960.4677422118932
36027 883.9349758443865
36041 742.543503727173
37011 1333.0804115180265
37021 1502.8513634905257
37059 1329.8455141409206
38011 862.584953111053
38051 775.1878842105261
39027 1004.7726214496977
39101 942.4558102188819
39117 952.4001715490001
40001 1340.1522612215795
40019 1509.842654947237
40113 1256.2391036665786
41063 879.2260772669733
42029 1005.888116028307
42071 989.7036905914667
42107 926.0618853754667
42109 905.4293928572802
45025 1463.7514137428955
45057 1462.0153756198688
46021 811.2100171052632
46061 920.5089802631578
46135 961.263332645395
48141 2198.106784759078
49041 1402.4351210113157
5045 1306.1492170809206
5091 1500.8691411497366
51159 1182.3255785502665
51171 1117.0722175720791
51775 1192.4673915290787
53007 700.9300552701313
53067 638.2424364478946
54105 1077.6668698836843
55025 814.5615567506577
8013 1334.1978425577636
8053 1987.6363460526325
2122 1234.7760092791777
15001 1234.7760092791777
15009 1234.7760092791777
