12033 3311.566767233285
12086 3771.860175639833
13097 2971.026349989122
13103 3126.5451871655537
16013 2774.7187881588065
17001 2457.2648332215604
17035 2496.5776183693556
18075 2267.296603086375
18103 2249.31921266626
18173 2584.8592090186376
19041 2212.646355309722
19047 2370.5880159156045
19079 2282.6113008945267
19195 2116.544550719065
20005 2518.844924075807
20045 2541.944107095043
20091 2548.587255542921
20109 2806.119481869688
20171 2899.4291345609067
20177 2528.7948771335987
20203 2931.184824079318
21039 2737.672578882297
21049 2504.6407725577246
21105 2748.247680736544
21165 2507.9396766458353
21197 2520.9678705577894
21199 2648.9330397450153
22007 3223.8115373647324
22097 3220.80465707414
23023 1907.2839266080568
24019 2493.316023265101
24027 2356.6561714149843
25001 2180.8484733907526
26033 1925.9164706993645
26041 2010.5724695307852
26099 2107.9999530160335
26159 2217.3168170047015
27031 1846.4534140765484
27037 2061.0407903775053
27095 2034.5103129673123
27149 2031.4701924563192
29057 2619.6229003054377
30039 2269.67191246459
31151 2475.5224024809368
32001 3164.409711157093
34015 2303.2318100873517
35045 3418.8607849130885
35047 3378.0005502189792
36009 2046.0511533041074
36039 2040.0322489277314
37061 2884.380371559604
37185 2785.4468330958343
39011 2245.4836659215866
39093 2167.4130717586163
39133 2150.9388721149007
40033 2935.844302767083
40097 2713.2575888617257
40111 2706.906138245411
41041 2121.9033029150764
41067 1968.4687597697255
42027 2172.103547052515
42057 2269.0844637638243
45039 2950.1302398223515
47027 2738.895738258584
47123 2854.9862147286403
47189 2684.1506461313593
48043 3816.4512678391784
48057 3314.976376540877
48115 3474.4483005089774
48165 3558.79142230456
48171 3308.683502921162
48191 3128.59595609065
48287 3154.686530458669
48295 3020.852807676628
48325 3289.4726691820974
48331 3167.2949707640796
48363 3048.824226144309
48447 3066.1110940509934
5011 2959.2635898397457
5071 2720.722589483628
5077 2917.422469041019
5079 2937.0584959278463
5123 2861.6848679819286
5137 2747.7793929828895
53011 1965.3117295242266
53065 2030.5797198033383
54001 2363.7589236821227
54085 2358.6642808041943
54097 2386.804592222946
55077 2093.177402473194
55081 2122.2449978176523
55121 2089.8106454098292
56043 2590.7355849413607
6029 3334.1703275635896
6045 3003.6466585698868
8037 3969.3070604956906
8047 3431.305669405102
8063 2875.179020269855
2180 2655.858699445748
12005 3348.0962041686976
13145 3059.4139202683004
13181 2985.9804068632575
13285 3057.191711279493
17033 2486.0235327572505
17133 2544.265762291529
17141 2166.343152848102
18023 2282.188612556029
18181 2274.203050286827
19009 2390.0263272431316
19103 2268.5333392053135
19171 2257.3923045113784
19173 2426.3518570098095
20013 2480.564221323386
21009 2687.4581542031447
22115 3073.5009045122692
22125 3232.2429526910223
24013 2331.8492641119115
24045 2493.100432512501
25009 2060.736154098184
26039 2057.8483501089045
26091 2162.723955526761
27049 2075.906126468215
27123 2045.9486050793219
27145 2049.4852618650734
27157 2079.8981692491816
29109 2668.776811043402
29155 2811.393060239886
29229 2653.470570243709
32013 2999.8194451401446
34025 2275.8332734937967
35043 3465.64066885272
36019 1861.2654780730081
37017 2879.048454384134
37053 2797.5256636771383
37079 2844.8171720243618
37103 2855.315358597649
38023 1930.5071807365446
38033 2173.2710456090676
38079 1834.6732482058064
39065 2245.6554899241364
39085 2151.1096951991867
40055 3013.5620563019843
40087 2817.8720189359756
41029 2725.3090382022788
42061 2209.0350764241334
42131 2130.881524457776
45041 2987.998671210595
45073 2885.6888565121812
47015 2754.5263467352133
47063 2801.7389443838238
47155 2790.175206671868
48135 3590.5416034449304
48175 3249.8116276332867
48189 3323.9736527045307
48409 3450.2990576622074
48499 2932.9592757804817
5005 2706.3712818841914
5053 2881.059216398473
51033 2510.5798444515544
51079 2464.659714425581
51131 2665.474388196291
54049 2317.1325006351813
54063 2587.859740633825
54073 2353.261789157338
55019 2075.352311820132
56009 2629.405584883711
6005 3148.860189518219
6077 3109.222788456294
6093 2880.203840387491
8003 3343.8566735209924
8051 4081.7633787235713
8061 3033.827194900848
8071 3137.9409039050997
8075 2793.8676075973653
8115 2730.459228611899
2020 2655.858699445748
1027 3019.5702734037413
12003 3264.864426674789
13123 2860.0631510500557
13183 3166.204651269886
13217 2979.7805070088657
13297 2961.541865664276
16005 2713.5647514074785
16019 2710.8108347814455
16049 2259.162403600799
17011 2256.216682642661
17023 2454.6936999899704
17027 2561.117138235985
17093 2247.7651155091976
17139 2435.734872252767
17163 2527.99732451923
17171 2474.653261772719
18007 2296.8906688435422
18123 2594.487392842522
19053 2420.2130035483883
19111 2415.29278401374
19177 2363.1203306438815
19193 2278.965432436036
20039 2658.445509133686
20067 3017.8415149631996
21007 2733.6352525520115
21175 2496.8276648786095
22035 3080.918112554588
22065 3118.834756307168
22107 3166.44645322309
23015 1912.299302110158
24017 2432.108895004983
26147 2091.7378355598303
27005 1950.9408075002318
27043 2121.9427423524075
28137 2948.531855813427
28143 2956.243533619461
28147 3166.715106635354
28163 3113.7210219095214
29079 2448.9833113301725
29085 2585.4638176893786
29159 2561.6294948324958
29510 2522.812223688838
30047 2134.562146837813
30057 2452.485250890936
30097 2425.105527478751
30111 2371.5747664459495
31003 2356.5203284006993
31063 2674.4214203966
31149 2378.49449716714
31155 2415.9292770887264
32009 3428.9532393162426
33015 2013.0380112569956
34017 2194.3870539842665
34031 2187.2437961040505
35006 3411.652433353346
35021 3448.3580606232317
35025 3557.454703932209
35027 3509.9950520533444
36107 2044.5294209220745
37005 2690.698590115155
37047 2932.592868313938
37111 2796.4306551556388
38001 2275.761347592066
38097 1848.1964219052977
39005 2204.1084138063466
39025 2385.972997126939
39031 2236.9405643934
39131 2360.5977960527466
40047 2740.1468748997463
40089 2801.176335253033
41065 2340.4615915342606
42055 2277.9277204263367
42101 2248.8277572912734
42105 2075.7091782942034
45029 3037.5139414679634
45083 2912.736338450537
46007 2519.716152892492
46057 2104.3922871399473
46099 2185.8922751840746
46109 2019.9525325090556
46117 2332.0435249291763
47011 2855.0271327927776
48029 3224.895786498385
48067 2916.196787640568
48113 2938.1477349721804
48301 3677.153771104818
48303 3417.235378802067
48411 3174.959875946912
48433 3215.152794900851
48503 3050.7024811243045
48505 3698.1439979745633
5003 3036.1811122826343
54053 2382.425039881235
55039 2099.0442485848057
55123 2133.683394124269
6047 3164.025725267861
6105 2953.3320060498586
8021 3450.438191010819
9007 2194.4678517515927
2164 2655.858699445748
1005 3252.166100184307
1133 2955.545652885864
12031 3267.208473620258
13175 3187.3686730516156
13209 3225.1514524724375
16067 2771.402880313758
17025 2566.566961705696
17045 2396.5601129014467
17053 2324.224690676221
17159 2531.5751043361483
18069 2271.5015726427164
18169 2258.7440644627472
19013 2195.186802528864
19125 2335.791662290508
19139 2264.6330800871406
19145 2426.655764367508
19153 2356.693097859964
20021 2617.4542957651543
20035 2682.3400920610484
20063 2832.2505172828323
20065 2759.7259787671965
20073 2584.188272102183
20093 2992.161866572237
20103 2509.8751784783567
20121 2586.1316232883287
20127 2585.950295198046
20183 2602.210756903484
21031 2669.7871392456104
21067 2489.1429550848716
21103 2487.6502090880454
21183 2631.6269992745783
21225 2658.3392256386965
22121 3208.376551282973
23017 1911.5579977277455
26087 2136.2396311830475
26109 2066.1700869727138
26141 2045.639067902431
26145 2105.9522895133045
27025 2054.123943209018
27061 1931.5346869740742
28131 3162.906303071161
28153 3157.777220525155
29019 2513.4521638458355
29171 2410.572315387905
30011 2314.349594050991
31061 2605.6617310164866
31119 2350.355940423095
31175 2428.959314865102
32510 3236.6273100154376
34007 2271.530558264646
34027 2191.3344660838025
35035 3642.547862383995
36045 1943.6103089016578
36081 2192.0287061660065
37097 2857.1979031703986
38053 2051.9301182558934
39035 2130.4627115437943
39037 2292.3909724589334
40123 2796.8512955481583
4019 3657.384177775184
41021 2354.2101908831905
41047 2069.43696307596
41055 2364.6145358974377
42013 2186.9919790819563
42043 2222.899789635014
42091 2238.2258634440436
45019 3121.8544191773935
46053 2375.3730308267427
47101 2794.0615302356928
48007 3522.428280056457
48019 3277.233623701107
48121 2948.713449133992
48149 3182.2362901584124
48193 3104.316728851671
48267 3389.2817812076473
48285 3193.2810908000833
48419 3050.1908300331424
48439 2941.8944774522083
48469 3208.7409811399443
48501 3534.714318807537
49047 2977.1322011208485
5051 2799.81718362612
5111 2840.5172448382154
51141 2669.949145914645
51197 2657.682049673173
51199 2688.9353938566856
5125 2828.2720425111906
51570 2662.137407335156
51620 2703.5022437347025
51710 2715.260047242778
51790 2525.9845645743603
53003 2212.781935138835
54065 2303.911025603483
55119 2052.5953509034293
56015 2610.7987672080476
6039 3205.119867525894
8011 3097.6233090651544
8023 3949.132002827905
8069 2720.5164321918987
8085 3108.6211594840547
1077 2910.9770521173637
1121 3005.56049471204
12029 3416.736884362179
12109 3332.7790405866554
13039 3263.848182798012
13091 3199.8706447998316
13095 3250.4774666174794
13131 3267.3160802555235
13257 2908.146544169887
13267 3171.445322889773
13271 3219.4986123986123
13281 2848.8758690486407
16003 2479.527803927212
16031 2773.744831563492
17101 2529.3892275847315
17169 2431.855992203728
18071 2451.231476432265
18095 2288.02656378473
19055 2171.2109015674137
19065 2132.7367368564687
19067 2159.9793119310198
19157 2305.1164209662597
21021 2588.721985667902
21061 2659.8658825613325
21085 2661.471385553542
21109 2551.5077660811335
21231 2690.0419657525504
22017 2996.7380634725223
22071 3351.4207821666023
22087 3369.26879502357
27003 2039.7413444104686
27069 1790.1552369754756
28017 3015.1165874052117
28029 3118.1407763710486
28047 3304.546638082495
28069 3091.156993780988
30059 2282.731692351275
30087 2308.8654396127768
31127 2460.2459727979876
31131 2454.5717599419245
31145 2681.171508074049
32015 3008.037287179489
34001 2369.085787832806
34003 2182.945045503261
34005 2252.619642831443
34039 2199.946859092082
35053 3540.8424940958644
36017 2027.1880256846312
36087 2162.594036050736
36121 2025.821825782776
37177 2777.8759311614713
38067 1771.6429253489425
39071 2328.414872267591
39079 2368.751864967366
39161 2252.5569303934276
4003 3775.4403543052704
40057 3032.5981348441933
40063 2798.4293419967134
41049 2323.2412244182865
42007 2171.1693669018423
42089 2145.5817904503783
42117 2076.0210370000873
46075 2380.6778762039644
46085 2327.176101093456
46087 2237.2670168460054
46091 2029.16290793201
47009 2826.645106019093
47095 2800.7151022526077
47127 2816.8241444096593
48027 3121.2371152418445
48039 3157.3152201204234
48225 3059.9212314924052
48297 3371.8483717634263
49025 3340.811944909713
49045 2910.4902406649744
5007 2686.6016549822098
51025 2707.4801149547575
51091 2434.2976750708194
51105 2691.4394565958078
51111 2708.2435331004535
51165 2440.2100618434547
51590 2723.5359279269414
53005 2241.874903745765
53029 1742.9473092048188
54051 2269.0407360884133
55007 1972.3029424948568
55065 2143.9445238042836
55083 2093.413921876792
55095 2047.1242081503312
55103 2131.84879298983
56017 2601.639655784389
56045 2553.5895932577905
6065 3522.566673817723
6111 3442.320569569716
2013 2655.858699445748
2060 2655.858699445748
1059 2966.8191185954665
1093 2984.120683635157
12103 3772.8218472646727
13021 3065.264350570563
13077 3024.3315172064
13115 2911.4212673812176
13149 3033.3511150689806
13157 2936.2380184572244
13163 3098.414271347422
13185 3248.685716317958
13201 3289.247561379122
13215 3087.28390055153
13225 3109.8505310198016
13321 3245.733371516569
17147 2382.3802321308463
18009 2264.261047885804
18013 2441.9460599547024
18091 2260.959338088355
19005 2127.214331298105
19095 2268.0718127641635
20081 3023.038656090654
21093 2594.5381777864886
21167 2559.9928702158622
22053 3198.3415071988984
22093 3257.399882409577
22095 3277.647390784164
23011 1880.2639172144663
23025 1869.572308884396
26031 2021.8115699047305
26057 2121.307623878273
26067 2172.090217829111
26157 2129.7219276338687
27023 2048.582747027067
27083 2086.41603835357
27105 2182.2436250507444
27119 1859.406043723916
28015 3041.84182809731
28115 2977.8669264053838
29111 2435.4086687225495
29145 2655.7721876444175
30075 2369.8243422096325
30091 2007.9329536441069
31015 2343.6508393767695
34029 2309.5815379217565
35007 3178.7795699825774
36007 2048.2995727797916
36035 2023.1239937494727
36043 1994.394602802343
36057 2004.5817839628342
37101 2818.585655114503
37119 2900.534965685326
37189 2703.360683460821
38093 1951.6406687009953
39123 2176.8168974373366
39173 2173.565899793769
40029 2832.9852742608764
40035 2694.215367615581
40051 2852.0479580580177
4007 3577.943057465298
40083 2770.152548488128
41011 2309.069123035088
41023 2507.893734197397
42083 2083.4161343893124
44009 2175.127708235431
45005 3082.9707587115063
45007 2925.4742247281324
45017 3012.130975239264
45033 2920.8858118837393
45051 3019.7923739943344
46011 2126.915187935616
46095 2443.221537960341
47085 2770.0080770181603
47109 2857.4128478042207
47133 2720.798197998869
47151 2690.389871586884
48035 3070.6283082159457
48093 3123.4387866349
48185 3155.5454338379295
48241 3101.467971617593
48277 2830.1775116794606
48339 3107.029724666516
48375 3282.2494780871925
48387 2854.8980726794643
48485 2966.8305570256643
49005 2883.4636897670553
50021 1955.045166680032
5049 2673.4415722322087
5075 2742.3585525912454
51027 2599.227760609829
51071 2587.339364936968
51077 2680.4455595005948
51580 2563.259415554901
51630 2465.8457884828217
51840 2341.458900773293
54007 2416.3285124391214
54045 2533.938912149094
54057 2265.4660351851844
54093 2326.215266669576
54109 2574.298123063373
55037 2034.7132389584538
55059 2181.909329938313
55133 2135.998552751591
8027 3791.3927096317307
8055 3269.812468067733
8057 3799.51347280453
1057 3003.9455218239655
1117 3022.9767575238484
12067 3350.2469265190653
12111 3670.084150874646
13247 2982.871603598556
13315 3254.1692490194596
16025 2693.0012571022694
17031 2246.0471415304582
18003 2252.65520743459
18043 2512.5784893963423
18117 2514.0722188332866
18159 2256.992593307045
19169 2305.0802856357113
20049 2603.899638810199
20157 2539.188784200085
21001 2652.084938372041
21051 2612.1117782945603
21143 2722.611038423737
21211 2498.4018582026924
21235 2667.4458880887264
22085 3050.5245517106773
23005 1925.2220973718474
23019 1877.4218907527584
24023 2227.8355137946737
24041 2476.1408678799125
26007 2046.0394824698192
26035 2090.4533828237227
27077 1832.1328062196746
27143 2073.7354482874575
27151 2024.1874492736927
28019 3048.821362568865
28039 3171.280950368641
28077 3152.0654620899136
28083 3043.7908583173376
28093 2896.3865403282143
28123 3114.120966131871
29073 2533.462572232946
29105 2579.678988682522
29113 2517.8998754686677
29115 2472.5198661051563
29125 2567.4684041096602
29175 2498.3301828015856
29199 2382.7090805908792
29217 2593.643058673483
30003 2351.2417274028303
30081 2308.9122087969545
31113 2571.4853793201164
32007 2910.546390482878
35055 4147.749389250086
36021 2060.807912255081
36061 2188.614512246609
36065 1983.33727005263
37003 2794.877927162494
37007 2892.9953399335986
37025 2899.921149405807
37039 2825.9585011043637
37075 2805.6557518249
37159 2880.229634765326
38031 1918.9216229461745
38075 1916.470418980171
39113 2345.526659748518
40059 2948.5585742259523
42051 2219.6139202739087
42077 2198.3548762271394
45067 2963.856111803343
47025 2696.590684879235
47091 2717.7684526472517
48015 3164.536508991414
48105 3543.1544677053835
48127 3556.8456266832864
48237 3010.730450220027
48251 2981.5759483834545
48421 3238.2241490084994
5001 2913.2795500278457
5099 2943.969091710057
51035 2671.290811816428
51061 2387.222614765752
51133 2597.3708679395127
51153 2405.3724819784425
51800 2719.062032384447
53009 1706.5202949997702
53057 1688.107113457898
53063 2051.111017035626
55078 2083.883135837072
55113 2038.0665196496122
6033 3102.639309147149
8045 3588.4774864561173
8049 3915.7699270471667
8109 3716.050972702154
8117 4039.2412157172807
9001 2197.431028280404
2068 2655.858699445748
12009 3618.393518356234
12023 3327.637469589832
12045 3366.3925497793543
12101 3605.5206318348687
13053 3139.6559886833734
17007 2139.0077434995155
17081 2587.553251813683
18057 2313.816779387734
18099 2247.172405272266
19017 2180.2174230775754
19099 2307.3203316105382
20037 2587.009537774362
20145 2814.811597961332
20175 3065.8265420368843
20207 2541.8640741873633
21135 2440.10616452377
22001 3206.2571103886685
22013 2994.7365366343333
22029 3164.1754405974507
22043 3096.8646716860067
23029 1878.4116018510163
24011 2409.267188063459
25003 2051.227007137146
26009 2052.496843831845
26021 2249.293374178133
26049 2146.3238486462274
26101 2120.060073934883
26165 2050.97062331861
27029 1923.7241117991607
28049 3092.899409110312
28067 3167.0634781520403
28075 3131.2401540157816
28161 2995.3968833131985
29063 2484.3599487366005
29119 2648.8765006697454
29129 2431.1195691471685
29143 2768.1026792777348
29167 2587.4464665243627
30001 2534.0110852694042
30023 2340.8167468510746
31083 2634.10011614731
33019 1998.151236417756
36115 1976.6047610291446
37045 2865.53056457969
37051 2836.5880044089527
37071 2891.2300886461776
37169 2786.051401300114
38089 2134.9638601703705
39077 2172.6690381539406
39107 2255.0465520697844
39159 2269.517362690312
39163 2336.8495131003115
40031 2935.826294572747
40073 2785.035924138867
4015 3497.2284114491135
41069 2434.2511039886026
42063 2186.698882747478
42069 2130.9707486468646
42085 2109.442600321389
42121 2091.1044847327485
45013 3188.765436739205
45087 2941.358759780595
46037 2064.2810363578255
46039 2080.2435697220394
46073 2220.36236062323
46107 2135.645026345611
47023 2825.1264505402264
47033 2830.039102203172
47141 2711.154888663145
48025 3284.8150878818174
48229 3828.6635484419276
48273 3419.800678032238
48373 3088.8096668218695
48377 3916.094354832921
48393 3146.562717280452
49033 2968.274999433427
50019 1835.2289513283065
5031 2810.54742213241
5067 2785.365288893656
5095 2915.1782058425465
51143 2694.5664131626913
51169 2716.0060123631174
51680 2622.775088417253
53019 2009.1389796830933
54061 2283.0158227129805
54079 2427.0814960209927
54101 2428.3214003766843
55027 2099.303581579193
55033 2085.4242171883307
55139 2106.3142670888988
6009 3191.5186283104617
8015 4067.264137530114
8059 2812.9248373896853
8093 3716.6371172356353
2070 2655.858699445748
1029 2993.333417862663
1087 3154.464912519322
12053 3572.851193635976
12079 3298.0457855286095
12117 3424.5351578531704
13047 2864.703585822775
13057 2942.479793445072
13089 2988.6830664809336
13197 3128.003648820963
16083 2734.0783833284654
17041 2416.501110170522
17043 2231.9049120248533
17097 2210.0646791134227
17127 2703.244931099605
17161 2237.8090021418025
17193 2576.1311845417013
18045 2329.2614970439085
18119 2440.7651726737395
18127 2252.9884386327763
19115 2319.214880635044
19119 2195.353896017059
20041 2581.457098848697
20107 2582.529783028356
20133 2572.610778610509
21075 2778.1712053859505
21095 2656.2560555300006
21125 2604.0841129121554
21147 2705.97062874116
21215 2511.2580217253817
22003 3150.7977927990332
22113 3207.981041859973
26079 2046.0282838926628
27137 1925.7577514005677
27173 2062.554099974846
28045 3348.687062166003
29099 2534.0946659480906
30013 2194.366247353332
30021 2182.8944794663707
31057 2774.7090824362617
31101 2670.9947121204823
35059 3360.359062606232
36001 2018.7715891685552
36015 2080.3582875795755
36073 2014.3500159094335
37055 2861.0099366495474
37173 2805.712823983228
39039 2212.9952406272223
39083 2231.534266789574
39091 2270.6467450065447
40039 2931.3724038458067
40093 2817.2285700612197
40105 2653.103453824846
40145 2698.3993905383845
41013 2559.4994644617086
45065 2983.753160709947
45091 2914.532313122123
46077 2160.4308213400323
46111 2207.607756090651
47045 2811.2809791327486
47121 2808.015612161696
47137 2720.9220079320116
48023 3037.1171538243593
48119 2856.2795466433677
48355 3506.435587161814
48493 3295.9852575422383
49007 3121.737274668809
49037 3287.49210942929
50011 1842.9252265599696
5009 2717.41572338813
51019 2607.3202726054683
5117 2885.241188049829
51650 2703.008614919548
51735 2685.955814809036
51810 2723.831426645269
54039 2436.488888068923
54095 2337.0279640400004
55001 2102.0592891976303
55023 2140.1026526846463
6069 3213.3902854017124
6081 2987.555589670884
8079 4235.307593484415
8083 3465.595679498326
1017 3067.958451533484
1033 2920.1474762008506
12105 3561.072459525468
13001 3199.1311132695773
13027 3250.2521497546168
13051 3196.6484760200015
13191 3267.094096877337
13211 2970.941688654306
13239 3249.617530311617
13279 3219.890669332746
17055 2620.404149522606
17059 2651.853579711982
18015 2258.4246599606504
18061 2536.4912775922667
19015 2316.578460595604
19035 2276.583613847679
19057 2384.803977879383
19063 2153.3711598216464
19185 2389.361121044193
20135 2867.13700647561
21117 2397.4475747174984
21121 2625.7122680581883
22023 3280.556602909575
22079 3127.1914896697745
23031 1974.3496368278868
26085 2089.059366936628
26095 1939.982472854335
26103 1940.761949634507
26125 2147.278547297679
26129 2071.240219777421
27035 2003.593432588754
27163 2056.662389821077
28001 3168.3843788951253
29089 2500.877955893485
29209 2684.0764145229473
30031 2367.8971445110087
30043 2300.6446476613874
30083 2108.24955093088
31065 2664.202996317281
31067 2485.4629847135993
31075 2630.735968555241
31173 2311.4080172603663
33003 1960.4305000419995
34009 2451.7510218695465
37105 2835.406441725892
37161 2875.9749152570243
38091 1867.937876487254
39023 2320.1920075510893
39115 2303.2969017484725
40023 2828.5278728483863
40045 2974.1597398193467
42095 2179.1743173022837
44001 2132.7559122168095
46005 2174.6279725479735
46071 2443.901082959263
47013 2701.6720777804535
47055 2827.642151388356
47065 2848.499863767848
47081 2774.8116103424068
47157 2892.241845648442
47163 2756.8275168363166
48103 3660.078664589234
48117 3357.7759712256343
48233 3247.2017396403694
48243 3684.3765308781853
48253 3219.387148569997
48349 3059.443837360512
48415 3348.3025236828635
48427 3719.6638969830606
5055 2818.019406362861
5085 2866.2865798189237
5105 2772.304705532238
51089 2686.2427250507076
51195 2623.4697720141926
5147 2846.441810502551
53035 1788.4162713932878
53069 1813.3891219373227
54089 2562.904052990848
56035 3124.052475023114
8029 3374.370633998441
8041 3020.3448969384713
2016 2655.858699445748
2100 2655.858699445748
1009 2989.2992857703985
1067 3297.5223908220114
13055 2901.345060215241
13277 3226.595334865355
16085 2494.4977180808805
17019 2373.3301432399185
17063 2287.7790088522515
17113 2325.1652706676186
17117 2490.7367090187945
17121 2588.560141749669
17129 2424.408857200605
18001 2272.081844745665
18079 2431.7527945792626
18151 2204.6275759122946
19133 2333.65342567474
19181 2368.6497413324
20007 2830.0785418355836
20017 2603.568628045326
20111 2572.3289041215007
21023 2409.1271285003695
21161 2447.0983393328047
21213 2682.4245016114455
21221 2748.8507243192635
21229 2568.5371127391513
22069 3077.788452132295
25005 2128.0822074910143
26089 2052.6171878328046
27019 2058.588444602257
27135 1780.0545661831825
27139 2061.047044119006
28011 3005.186877992861
28133 3037.194227070848
29007 2479.0967754786993
29029 2559.981811416514
29189 2514.9843962234268
29211 2436.2729704425215
30089 2112.2858327923936
31047 2569.2485156414723
31165 2645.3297351274787
31169 2530.3191005724093
35049 3453.4323523051276
36031 1898.1617372265332
36047 2211.4346402350425
36091 2013.5955644981861
37057 2852.3437685304543
37077 2763.056454647646
37153 2883.2854515621816
37155 2909.068878660142
38077 1945.7530334829396
38105 2018.5217799877062
39125 2228.830246345014
39139 2214.9431857275076
39167 2346.867147033426
40081 2780.476807326685
42035 2129.249029912261
46041 2293.286803728442
47039 2803.4162655682153
47049 2706.7068573820393
47073 2776.7652149765718
48011 3253.116488385269
48049 3200.8790220956103
48125 3289.618968271952
48131 3433.630939795695
48239 3176.7241808229182
48265 3339.7548382435966
48275 3130.5878977298853
48327 3359.634100849857
49031 3711.342101139598
5013 2912.3268182345328
5025 2921.394679158131
5027 2979.628724105214
51043 2353.4029336610934
51115 2662.6996404024926
51510 2385.6432934066
54103 2310.959353370764
55109 2074.6531023249295
56031 2626.9692892667977
6059 3446.97581716097
6061 3059.4829424435043
8091 4017.179652691218
9009 2194.526544917234
9013 2126.2120209688496
1097 3251.1622993397427
1103 2956.8828964593235
12047 3297.211686298468
13013 2944.9438750307086
13025 3163.4723716465724
13049 3207.660574927394
13071 3254.446397608642
13085 2918.055632938696
13241 2833.853992194675
17091 2290.3365970109517
17109 2370.2745093277317
19051 2377.3166724697685
19089 2103.3212779857276
20115 2624.5770629149024
21069 2471.273423835127
21073 2475.1449474794886
21077 2430.4115919953256
21119 2582.9465165755823
21209 2461.197030264929
22033 3206.9662155221854
23003 1706.4983582327945
25011 2047.111857936744
26071 1989.514573129139
26117 2126.4106476164293
27053 2052.7335425745223
27161 2091.4041477080154
27169 2108.6962979044506
28027 2949.1518980558358
28061 3155.1951576912224
29005 2448.154011073171
29011 2586.111219991587
29047 2516.882153876598
29059 2588.1981923645335
29101 2535.615115914789
29117 2490.8556979346804
29147 2482.27643504836
29225 2613.660877200879
30015 2104.9835653734503
30029 2051.126991807054
31037 2373.9083532643053
31043 2276.8277909282447
31161 2594.68939855901
32019 3193.0336310393714
36075 2000.2632518903004
38039 1862.412644759205
38041 2192.175200408726
38099 1801.5309658851088
39043 2161.191817122889
39045 2293.2324274114167
39053 2399.066768334109
39075 2246.7197082634
39147 2169.655726435494
39171 2195.191659801161
41025 2666.6589773878636
41033 2699.7916745364946
42011 2227.3982643997415
42017 2237.5481115390926
42059 2267.0253355490686
45001 2965.3363499518146
45015 3050.415215826375
46113 2539.7250541837384
47019 2765.1800667218145
47037 2712.548593116685
47043 2762.5920039023786
47087 2740.7125876191203
47097 2852.595451858783
47099 2818.2029248855524
47131 2799.837406619688
47169 2704.9677244780482
48065 3250.5042632904833
48187 3216.561967181077
48435 3565.0665305949024
48481 3159.495913393681
49021 3231.445309118291
50005 1888.442024355525
50027 1972.5777081065098
51003 2493.2304933593477
5103 2908.730746650257
51137 2444.878854215836
51179 2441.6466965096033
51191 2726.976669648244
5129 2716.6724471249017
51520 2761.8657150693775
51660 2438.056079368499
53021 2225.4371691324363
54025 2540.5060492494895
54087 2416.9413363642007
54107 2366.4392633782154
55117 2129.5525264697803
55131 2116.6366447711757
6015 2539.9102632441686
6057 3126.940960936641
6099 3134.4077467994307
8035 2850.050497139063
1003 3294.8104002673103
1041 3189.3855611923523
1107 3047.068525362972
13029 3168.839581251446
13037 3252.743354284474
13111 2863.65007867779
13121 2974.542479317676
13133 2993.84321756796
13151 3014.783744408865
13171 3031.010037136572
13249 3144.1765891228356
13273 3252.473518254703
16033 2621.8169776203963
17087 2655.874149749887
17137 2461.9739380109727
17151 2668.5156900466295
17167 2443.39768723878
18063 2355.7061045938526
18107 2333.466872007933
18153 2482.009338758526
18167 2431.7136550432874
18175 2503.0115646624927
20003 2561.269770868188
20015 2651.95691463833
20053 2674.837347940851
20089 2569.8972207314723
20097 2874.24980084986
20105 2651.164056657224
21079 2561.1813797307063
21091 2621.6245625980177
22073 3039.2016382294055
25019 2278.8287725664773
26025 2184.8949563109354
26065 2164.467043152119
26123 2101.5815513077096
26151 2108.2915447114938
27011 2020.6571456083893
27153 2001.8571113465002
27171 2045.788861455251
28005 3187.5576537885536
28101 3146.275242659915
28105 3017.8415823294604
29015 2569.6146674259453
29049 2498.8131100999617
29163 2485.5535005569122
29173 2464.8191319925504
29201 2751.2280360789227
29213 2655.0699837994625
29219 2515.391029392465
30025 2252.7976558073674
30063 2258.733715614235
31035 2510.816168186403
31089 2353.7845561815598
31135 2689.6965881019814
33009 1948.9296075905324
35005 3555.2065810125478
35029 3806.9528774790074
37019 3008.5291108067727
37031 2917.2408973424085
37065 2819.823290702153
37121 2768.6739039371955
37133 2902.942084046656
37181 2787.2577514302834
38103 1956.4018561476778
39099 2141.112019243684
39149 2267.7721248124926
40067 2892.5412980371116
40149 2977.2983497999153
41015 2498.7335271211496
41071 2017.6001266232583
42039 2071.5777276685544
44007 2121.998638388293
45045 2928.5268065566574
46045 2062.585197367722
47093 2774.003185418837
47115 2854.4559275113015
48063 2911.568203504647
48129 3197.955891472097
48177 3213.202212211447
48199 3148.0639360041923
48203 2961.0125537824356
48211 3064.1926640226625
48361 3161.068519599545
48365 2966.0669828454675
48379 2960.7887880292055
48383 3565.1051237960346
48475 3677.268970831953
48479 3666.333054087481
49009 2820.3615611898013
50025 2015.2223924693371
51001 2622.196020167478
51059 2387.349887621869
5115 2718.9769007992927
51185 2637.443214552606
53013 2290.844219658121
55063 2109.054634788951
6109 3263.2510564546415
8007 4091.4621962499104
8067 3831.516527387026
2090 2655.858699445748
2185 2655.858699445748
2240 2655.858699445748
15003 2655.858699445748
1013 3210.1513247735993
1045 3292.63215671595
1079 2955.27766046558
1113 3107.652392208526
12037 3503.028905887789
12049 3582.6277551149597
12091 3341.854050484987
12131 3318.6676302977326
13033 3079.783003964163
13045 3007.918184292008
13141 3051.646751318386
13161 3212.8795271610766
16009 2081.670363733038
16075 2557.7571966405985
17143 2303.5590055269854
17181 2683.5923857345892
17185 2559.1520380955235
17191 2567.252006333712
17199 2637.4512113088676
18019 2503.6771113265722
18027 2540.2325626708785
18105 2444.3225309763734
18139 2351.512176583285
18171 2323.0210463431185
19189 2134.3899080488095
20061 2550.835138867253
20117 2499.694432854987
20167 2702.135438249773
20199 2922.943215864022
21063 2487.7516610625785
23013 1931.6713062838267
23027 1911.637309919632
27073 2049.9079816630656
27103 2092.8317910799447
27147 2097.915275031786
28085 3131.2238459695477
28099 3100.5500013504516
29041 2486.7298635913585
29127 2467.8998288713033
29181 2691.8460116473093
29186 2580.9709728324638
29227 2460.742266005667
30033 2215.7836059490082
30085 2109.5820665749
31025 2442.1801925381305
31033 2714.4561934732733
31081 2485.257117563421
31085 2733.5979008498575
31121 2457.3286997548435
34033 2338.373482271254
34035 2217.9008455880808
35028 3328.5463646930007
36025 2058.634595472418
36049 1942.7427036142972
36059 2208.3766694147284
36095 2034.6900624082657
36103 2264.835018419811
36117 1996.6452139897995
37151 2845.83363970105
39073 2315.7155702445893
39111 2295.6255772611053
39121 2296.865982352351
39129 2322.301850587705
39135 2341.9140393913017
39141 2330.2685480747587
40075 2967.3736499513316
40079 2732.450664665214
40107 2738.647097119575
4012 3524.8379867207705
40151 2850.2410537424366
42009 2224.9998393205383
42015 2080.403489121844
45071 2951.8155922032574
46051 2047.7558895666311
46067 2248.7130191913334
47007 2754.7833697837123
47077 2815.4346601141074
48005 3104.257986069804
48147 2859.4129004113033
48151 3277.3565799102553
48155 3065.291598866858
48215 3665.9183957610503
48299 3200.280923510366
48309 3111.8483457940506
48321 3246.263502519491
48333 3166.6589433441914
48385 3388.8890019829996
48395 3136.9877457279586
48405 3072.653486728835
5083 2719.8912530869993
51083 2696.769528658728
51193 2503.2268574133127
5145 2809.4259035723794
53047 2050.8969784690453
54009 2207.16787080476
55015 2115.8927999223574
55031 1979.5446424529744
55047 2092.5871552350463
55137 2097.2371311630022
55141 2076.7919281458317
56013 2802.8462192667125
56039 3365.6227884059203
56041 2855.9844126105672
6103 2909.7189355683463
8005 2839.4778933269113
8081 2948.393952749914
8095 2751.279005005738
8107 3705.8198309647264
2195 2655.858699445748
15005 2655.858699445748
1053 3224.1252213127514
1075 2995.701663091388
1083 2900.037775145524
1131 3163.1464791079593
13081 3260.9355479389524
13105 2956.7427850318695
13109 3148.774156843398
13113 3024.0658407761175
16037 2539.2506699716732
17157 2566.4376335223487
17203 2301.7849244173976
18059 2312.982654019717
18093 2493.457194758357
18155 2434.858880020676
19001 2392.1476080794982
19019 2175.551606370552
19131 2116.142048308414
20055 2963.824810485722
20059 2576.062818682635
20169 2621.1455565448728
21035 2718.5479639908763
21111 2510.1078541358634
21181 2467.955537787914
21239 2504.9434740754677
22019 3177.0379809946726
22027 2987.713730065694
22051 3332.6449459657792
22075 3392.770436631672
24025 2349.859753982337
26081 2132.5258222094035
26127 2145.1312673577518
26155 2147.8491029484567
27057 1961.7321114937765
27087 1943.960931635286
27089 1825.274766298334
27097 2007.8334441444144
27101 2155.1175804704462
28065 3154.2777936344205
28117 2938.694002201049
28155 3027.935804856685
29001 2440.498991475753
29017 2677.438437349662
29027 2544.0150024753834
29055 2545.653834685263
29067 2659.569237780397
29139 2533.924653735298
29195 2508.6358638465717
30037 2324.4520634560918
30061 2190.790108003853
30073 2130.1981148780346
31133 2475.737316713881
31143 2442.49949284045
31167 2332.413473718818
32003 3392.743040117181
32031 3190.214343663221
34023 2236.0753588313864
35013 3875.482413947732
36079 2166.281923943062
36083 2022.2953567096527
36097 2034.3928539543344
36099 1970.1088891727784
36101 2036.402443400227
36109 2013.7147251011304
37013 2812.0959362172794
37081 2825.9583624107354
37171 2704.679981193057
38005 1914.183342312465
38071 1881.3129687958212
39087 2436.9113278686095
39095 2174.413640480962
39143 2166.75012000575
39151 2182.514253714191
40131 2667.6929246486097
42003 2171.765721648525
42081 2135.27634730755
42133 2273.9264264098256
45055 2948.7881558829176
47061 2802.9856045245047
48013 3321.239274719576
48075 3107.665138344988
48163 3388.485371124305
48227 3450.7069610972253
48245 3186.463223810085
48255 3286.23699346745
48257 2968.837766996092
48279 3425.7516286203395
48323 3529.888730163967
48397 2911.881155741754
48459 2934.961933441644
48467 2989.528525463515
49049 3021.157334612584
50015 1874.2102435471934
51103 2626.260318712705
51183 2672.513330557506
53027 1767.8471363504448
54021 2388.801110917762
54055 2613.7696171946745
55005 2065.1746242790255
55029 2108.4359512976475
55079 2149.0477412323894
55129 2040.867455099804
56023 2946.3934248558635
6089 2887.1323741146725
6113 3043.478761740571
8087 2883.786944333455
10001 2404.579440036827
1123 3089.817253283456
1125 3072.7483695489823
12071 3849.0082997953805
12087 4230.999753451557
13031 3129.053084266772
13059 2939.5450207509343
13063 3005.946986747959
13139 2936.9670771184983
13309 3226.9638711528605
13311 2879.938063790283
16035 2184.047804873799
17085 2167.6165688591595
17153 2727.873058619067
17189 2553.3775071261516
18039 2195.930665080716
18089 2256.073812929858
18101 2532.4651653098294
18129 2603.8736581930316
18131 2246.694794555865
19121 2386.1776320551544
19167 2216.7079968227636
20079 2643.3606467505683
20113 2628.569334777392
20151 2795.811146823427
20163 2712.738739378638
20173 2667.213433401561
21059 2616.2769649645033
21157 2714.6582940086673
22041 3114.007991641587
22057 3283.799772910509
22063 3245.7575925379015
22081 3025.3959316103123
22105 3261.5432169107107
24009 2483.1262905265144
26059 2178.9210101120107
26083 1976.3159368271972
26115 2155.540189829377
27013 2093.571727288895
27017 1987.0595448037432
27033 2166.8835492823414
27099 2120.0578676566925
27111 1942.411369484448
27115 2042.2356045327401
28057 2998.2806778591225
29025 2497.3954082405953
29087 2488.473034596331
29149 2663.3167386697737
30051 2061.904239943341
30107 2319.6960999999997
31005 2660.0006223796004
31053 2387.085488503573
31183 2382.8973963172807
33011 2013.1459229765421
37143 2781.26521776068
38015 2050.893364124735
38043 2016.885628328611
38047 2046.9232498583574
38073 1946.0993070815648
39015 2380.6266652449863
39057 2342.512410768698
40027 2804.3852832174803
40129 3046.464415580736
42037 2161.196394837707
45023 2923.1651803172836
45063 2980.0720956141918
46049 2136.0584509915006
47005 2781.153288542012
47119 2773.0147073101707
47135 2751.934266176912
47159 2723.4838444045054
47179 2770.495637720284
48081 3342.5412777102542
48133 3128.3836345304517
48259 3240.5176294140806
48461 3641.6869814782744
48489 3587.7989571846465
49017 3230.46243081781
5061 2819.046846932467
51017 2535.5740728045307
51139 2400.432303805722
5127 2726.8029120688384
54011 2453.716633845922
55051 1995.2205683013553
55053 2122.0834891772993
55085 2038.0967820024364
55125 2019.3250320434265
56037 2903.581045351133
6087 3139.720189024902
8039 2945.9369501495735
1049 2946.8282181511618
1115 3008.028777414476
12001 3350.030566233424
12015 3784.797164991841
12069 3420.2243270451863
12119 3422.871012657933
13007 3269.0567452126925
13011 2934.0521687058063
13079 3056.4522337271396
13219 2943.5670683352105
16017 1994.3885195263194
16063 2766.280751704545
17013 2493.6969318251568
17071 2352.097197682865
17107 2402.352917762622
17197 2259.699757167716
18065 2312.846717928358
18083 2522.884840552013
18133 2382.3646159488685
19025 2279.8336611724744
19029 2398.219125953486
19087 2343.761184239554
19135 2344.125920065975
19163 2234.227184098374
19175 2424.176970699822
20131 2481.599854830595
21043 2452.713866873286
21151 2529.3888129023794
21185 2502.404607667335
21217 2615.917299917394
22005 3249.7162051120667
23001 1890.7948354985565
25007 2211.4838453827033
26045 2173.0752602392217
26121 2182.6022801465224
27021 1977.9521205700282
27133 2187.3193268927876
27159 1968.1127756025237
28051 3064.6966558220947
28089 3097.6121967103677
28119 2947.7344505752108
28145 2918.2425167210463
29053 2517.201965040481
29081 2476.1921058696466
29169 2591.249657055383
29221 2573.263442892975
30093 2365.3051216535973
34019 2215.575975217129
34037 2164.6288998675427
35057 3473.9371025660016
37129 2979.469643367563
37195 2827.846772100369
37197 2786.1776781541353
38021 1977.8611694234023
38049 1941.5561163018197
38101 1946.5852093460167
39009 2327.6007843686125
39033 2216.211573464574
39069 2184.7634220639543
39103 2148.7245315956084
39165 2365.425751470541
40015 2897.0163067463463
40017 2778.7593915331454
40061 2710.393044196461
40119 2758.7564748572227
40139 3174.801193962606
42019 2141.4055912129193
42031 2129.6952230074794
42103 2135.9141734918485
42111 2189.4038434894323
45089 3036.6539279237923
46013 2027.229742454452
46103 2438.336543265156
47057 2769.443242393032
47067 2717.6721413558366
47075 2830.162085509972
48085 2931.5492882153276
48143 3079.3335681129756
48313 3094.692456262467
48347 3089.386797699718
48403 3091.8611063203666
48407 3122.1507879429196
48417 3139.918684702545
48423 2990.752973810821
48437 3302.4381056541138
48471 3056.1253763664317
49015 3077.201211262181
49039 3147.9333994571903
50023 1909.2488580689842
5081 2871.5062862064315
51009 2593.8106993634556
51051 2592.574086534363
51109 2514.855352979628
51119 2625.7565104497166
51121 2624.2394115297466
51163 2574.7379271611876
51177 2471.0428388352366
51181 2671.0083450744164
5135 2681.920342880539
51550 2723.0536209542224
51600 2385.449954916996
51820 2543.7644028617556
51830 2679.8484999094894
53041 1797.006215928119
53049 1808.4206413418412
53071 2273.0084373342675
53077 2238.896332962792
54031 2334.459552789661
54059 2541.0185928277033
54091 2315.0739999139064
55003 1977.0242696445114
55009 2103.304044691685
55089 2137.977885379488
55115 2090.45945563114
6021 2932.363537680514
8001 2802.4355101167416
8121 2861.394205685977
1051 3107.055526637648
1061 3305.827728515185
1095 2988.4322896973927
1119 3122.9243661948735
12073 3306.8287678770535
13003 3234.0586256893794
13005 3217.450751254309
13043 3179.492665571389
13075 3231.8194821042484
13119 2946.5428576532304
13179 3172.4634664455243
13189 3028.730984974533
13195 2950.2801127431176
13207 3026.7426810916722
13265 3004.2970518413595
13317 2971.8792529554976
16065 2670.6120152610647
16073 2630.951851404047
17135 2493.974375200799
18005 2423.8094258435763
18113 2219.379542824051
19023 2231.8659753429492
19069 2210.2566612097335
19113 2231.3417196019673
19117 2383.4927158335186
20009 2742.610211577392
20011 2571.440396952805
20029 2558.68183226289
20033 2879.7650781869725
20165 2778.6197765736256
21015 2401.196707824871
21019 2445.346741297594
21127 2481.0563353664857
21155 2590.5098754726064
21233 2656.6039108105956
21237 2527.9334797400556
22067 3046.6220147847052
24003 2393.783573840851
24510 2345.5330560950147
26001 2066.8916700240375
26143 2067.775622282959
26161 2145.786500147962
27131 2081.477747682606
28023 3161.695094215411
28135 3004.133676939461
28151 3071.9441662758086
29091 2651.1814343558053
29103 2447.0692759652698
29183 2495.7243805673647
29215 2644.805691886684
30009 2431.9730641232563
30041 2052.867957043484
31077 2399.224032577902
31123 2658.9995492917838
31125 2408.706235694053
31129 2541.8044245019823
31159 2466.10028644408
33001 1985.2850958564436
36011 1952.8549650844482
36069 1974.4216857595432
36105 2136.9775113375013
37135 2799.4841659940525
37141 2939.077389823882
37157 2780.313934054873
38061 1975.575273885626
39029 2176.7404106564313
39119 2281.992237427109
39137 2218.4290419018967
39153 2144.1735966826905
40025 3207.7956931044464
40085 2858.126755634901
40115 2645.9517751401445
4027 3631.6526961683167
41003 2128.3609349446015
41009 1884.1135807651924
41027 2246.494580830935
41035 2845.6120711978347
42045 2274.269152281452
44005 2158.5516720624028
45021 2889.577308721644
45047 2965.3094931181577
45079 2976.7911659598044
46069 2244.116151841361
46097 2209.628020963175
47107 2850.657406284986
47147 2720.3822180721063
47173 2741.806140257566
47183 2795.39357272697
47187 2741.322171586688
48169 3371.084521246456
48197 3029.928303116149
48207 3187.1922400324665
48223 2902.001235223684
48291 3178.6513298664613
48345 3255.665381303114
48357 3090.5019937670004
49029 2986.999347383965
49035 2944.2293730312185
49057 2941.096525249348
51011 2641.895677689065
51015 2529.222892290823
51049 2609.364990716657
5107 2942.5121425149573
51113 2435.999203216573
51147 2662.9001227549006
51167 2662.842557343485
51750 2625.6102795105667
51770 2589.295620004504
53031 1723.2878698908626
54043 2458.7342130727184
54069 2247.8951968772817
55071 2111.680597972298
6011 2986.988745721369
6035 3092.1313827167533
6071 3570.5359547529083
6085 3221.9522795356716
8073 3036.5525740929165
8105 3663.8684983154376
9003 2133.1007109485804
9015 2131.1602443879315
1035 3200.6950111314445
1129 3180.8824124177913
12019 3246.690798536373
12055 3631.627485266569
12107 3329.287854955638
13125 3066.7251909348406
13153 3142.832336258355
16015 2617.3210937321924
17047 2548.070880220112
17049 2523.3491926299153
17177 2139.606687913857
18143 2472.55888045354
19059 2163.1585750407894
19107 2311.033908237508
19197 2219.4055050200077
20001 2540.9915749494057
20027 2534.305478128441
20047 2840.912287181302
20057 2932.991092864507
20069 2952.0806433562616
20141 2660.8777110481606
20143 2591.1013507311895
20161 2518.3479804291205
20209 2512.5093873465803
21195 2547.0429015095488
26029 2054.7488745109295
26075 2185.213386071048
26139 2183.6510793843718
27129 2066.4917710082777
28025 3006.7825532508227
28059 3317.2958444899155
28071 2931.0194552900266
28087 3003.83384023507
28149 3118.9303285909346
29069 2797.42842637037
29177 2522.884544169092
29187 2593.087855420086
29203 2660.2144128172927
30067 2362.744635959483
30069 2188.566510481586
31007 2642.519466572238
31031 2492.4978096333434
31045 2567.590341920765
31073 2602.989396600567
31091 2593.7216781869683
31141 2394.6089637527484
35001 3500.1060431243914
36085 2224.453575025116
36113 1990.487176538361
37049 2847.269830214106
37131 2741.4941745815327
37149 2879.485223761586
37179 2918.6554231102823
37183 2809.0306149137955
38003 1904.1833107163454
38081 1971.5522875954382
39017 2369.729762560226
39019 2200.8704931284137
39047 2327.22528645456
39155 2144.540778671469
40005 2813.230478394419
40013 2813.163332500623
40021 2717.401638498188
40043 2915.135077309263
40091 2715.190409556144
40095 2842.869065279348
40125 2775.2398319811045
42073 2128.5981339626364
42125 2197.6921943226357
45081 2988.2204840247846
46023 2309.595305915835
47071 2842.4440461207937
47103 2837.24876847929
47167 2884.51309928068
48033 3451.759260056661
48099 3106.983842340737
48173 3447.595156940509
48179 3201.3735616233434
48217 3043.819140117249
48371 3626.967357917421
48445 3498.2617758354704
48463 3393.4748923153534
48495 3657.572776544845
49023 3042.928251452472
49027 3055.8309887346595
5019 2887.3034613511595
5033 2695.5782534338814
51081 2689.434733197593
51161 2587.9858518605374
51640 2666.4077862873114
51685 2392.368672191784
51700 2700.0963385004798
54099 2450.9814280068567
55013 2058.450400121425
55057 2118.8299914857726
55087 2109.0919186502633
56027 2598.5488014164325
56029 2519.004718670849
56033 2448.6463792211043
6053 3181.0872226054694
8025 3159.938643342777
9005 2140.558733724539
9011 2200.624481729883
1099 3159.5072384682444
12013 3267.575175337082
12021 3898.03026141507
12077 3317.4118417253567
12089 3267.9251122120927
13065 3197.065070563286
13099 3284.2765505968537
13159 2979.8085767793787
13235 3235.125157990821
16061 2215.6635385933514
16079 2062.6681207089746
17003 2739.1014970879305
17057 2379.603678752442
17061 2498.8324723291785
17083 2511.974625500028
17123 2282.380037453884
18021 2421.846186225491
18035 2271.8875271610764
18085 2235.580147592181
18149 2243.0466528228612
18177 2321.553351774052
19149 2262.4252967527464
19151 2214.6282261469973
20191 2680.5651698182996
20205 2580.587213930227
21097 2445.0073952056077
21107 2666.72419836235
22009 3200.681688102349
22021 3110.662086008635
22031 3016.5649112807064
22077 3203.4322778809615
23009 1925.0968587307843
26047 2034.3706211759484
26105 2133.4680875210147
27001 1988.3997674128027
27039 2071.2349618012895
27041 1984.9144683217119
27091 2148.2789937387315
27113 1857.43974716568
27121 2007.6006711795362
27125 1865.4649800025074
28007 3067.1832440419535
29065 2606.2328123241086
29071 2544.6624877853264
30109 2165.657936827197
32011 2999.2910535612564
36089 1905.8186707316593
37063 2799.517300577819
37085 2827.6613965712204
37087 2812.793124996827
37193 2722.120220370595
37199 2782.391990555155
39059 2259.491005772323
40141 2987.494813375806
42053 2105.764413648357
42113 2147.761085151898
42123 2060.1302994357793
45027 3033.2826534550986
45035 3045.929205024477
45069 2917.9727313678177
45075 3045.4319898029735
46015 2330.5475902354965
46027 2260.055512579274
46089 2048.6162662889524
46101 2145.532899490473
47165 2692.0275141324923
47185 2752.6192575467985
48041 3156.0142141588954
48123 3221.3922895412725
48367 2996.616179557932
48507 3512.7190975090675
49055 3364.1716252840893
5021 2770.9508959606515
51013 2377.6018878290347
51057 2533.389564717289
51135 2678.601033992721
54005 2477.1542306601427
54083 2389.504248402264
55041 2042.3937576864068
56011 2468.261394693217
6003 3525.7973518518506
6023 2658.2137189591153
6075 2928.8337060904273
2050 2655.858699445748
46102 2655.858699445748
1047 3154.0392972223763
1091 3132.7506578092916
1109 3207.6493269914454
12063 3279.01464374388
12099 3762.227064926429
13221 2947.6040674803376
13227 2902.555713574674
13233 2947.2866945330024
13237 3019.34661345125
16023 2750.104188668553
16045 2568.311844575525
17021 2479.319926971571
18097 2331.978022449179
19073 2327.184629447991
19093 2314.1747510510036
19179 2345.395877400223
20101 2892.18944532578
20119 2989.993528605724
21045 2617.775692507535
21141 2668.0553863953655
21159 2515.1705731152415
21203 2568.085820808071
22059 3118.9129724310733
22101 3215.575186424023
24005 2345.8576485636195
24031 2379.734000072664
24035 2435.6575568991507
25013 2079.0027362803908
26063 2121.0661775642493
29045 2417.142130261529
29137 2467.820687449545
29185 2572.6962197613875
29197 2415.317698128047
30027 2192.1558277752974
30049 2264.734760596092
30053 2007.2594929601762
30077 2303.345045531792
31071 2423.110567138809
31109 2450.9251604647884
31157 2653.009243160109
32017 3337.5594616910216
32021 3266.142214793363
34021 2246.1224768836096
34041 2175.759427634816
35019 3472.7672218130347
37035 2823.1923965524925
37093 2853.497315122323
37117 2791.9560262978725
38007 2102.8113997167134
39021 2303.1951603427683
40037 2700.7957172783563
40077 2707.6023310637665
40103 2738.823481726319
4011 3762.2811609236737
4021 3605.8863532953865
41007 1871.2697212323653
41031 2466.2459484791743
41059 2302.2335185148036
42079 2156.632655537404
42115 2085.0260867816664
46003 2256.0500572237975
46043 2257.1878113314447
46063 2311.775499716714
46081 2423.033286694645
46105 2293.637215864023
46115 2110.0274638119504
46123 2380.678720638699
47017 2803.2358077626354
47029 2806.0695427223495
47059 2807.458238397847
47129 2705.8577454818405
47143 2784.6794446460926
47149 2722.850390474504
47161 2761.8144978561477
47171 2759.3722419277924
48053 3173.465395094874
48107 3353.268309216348
48359 3342.9141767705373
48457 3114.5760828478196
50009 1872.4909682207376
5015 2724.9440233677597
5073 2967.728046196714
51021 2606.6599665430595
51036 2649.652955289207
51093 2705.266155616716
51107 2372.6335953048188
51117 2734.5403433514466
54075 2433.670759033712
54081 2525.8472064235693
55097 2085.674553075326
55101 2160.084455745346
6013 3104.72173805903
6073 3499.5856306505393
6083 3385.1112197571783
8089 3111.3220929041063
2150 2655.858699445748
2282 2655.858699445748
10005 2464.0240466245045
1069 3336.209819472152
1073 3028.581969617225
1089 2892.4488982522375
1111 3031.7200007831716
12041 3379.7334057709636
12133 3225.519342314076
13073 3012.10841800921
13083 2892.200456486232
13165 3119.382474677567
13261 3213.3262876376493
13275 3250.2610125486117
13289 3147.3724199500293
13301 3026.2317759787575
13319 3122.77383489578
16001 2613.5760742596003
17079 2505.499376448639
18125 2556.2392663377627
19037 2146.944960144067
19061 2166.960742752546
19101 2321.8494359458364
19127 2275.7665619004315
19159 2449.2792977499153
20031 2563.8029824567425
20075 2996.472803966005
20149 2496.195509543398
20153 2703.1825563739394
20155 2670.5380180055527
20159 2672.4916062836837
20195 2802.536235410764
21169 2681.5573804183273
21207 2656.5046561077056
22091 3234.358177745466
24047 2538.651053257365
26043 2022.7152878370719
26107 2104.87934977623
26113 2071.3817257145306
26135 2061.0152989051626
26137 2021.3283357839648
27071 1774.6740264611733
27155 1990.3501016545451
28031 3163.0621599017004
28103 3064.6711852191497
28113 3154.2933164389833
28121 3100.826214536149
29003 2476.2430781545904
29023 2696.5181773381014
29035 2658.388659668555
29051 2535.6715191576754
29061 2465.9531300637004
29123 2610.020267360141
29133 2776.644942185611
29141 2559.293500767024
29205 2459.625137637732
31021 2325.285406911607
31179 2302.846648584469
35003 3394.962929829547
35009 3439.9481387519554
36013 2046.6161175236164
36111 2109.010547538681
37001 2792.637116288753
37027 2752.045265493939
37043 2831.494701570792
39169 2188.0298698312195
40053 2717.185875119717
4009 3733.601280616754
42021 2191.3670406406527
42087 2208.9926849335116
42093 2156.933993505898
46017 2324.264843909349
46065 2311.914883547534
46121 2466.9790137127748
46125 2245.135283358862
47125 2745.080211919604
48045 3247.6593237960337
48079 3502.4206167138823
48195 3197.8887439075065
48249 3363.299531530564
48329 3559.52917358878
49011 2933.5525031265374
49013 2984.796678480228
50013 1849.9503148981348
5017 3053.7397196373668
5023 2769.2749909078734
5029 2743.816336884392
51007 2631.633330346231
51053 2657.171955391956
51063 2647.555333603682
51067 2630.113198540338
51095 2674.507863412578
5113 2730.666094008867
5131 2700.9407878303405
5143 2676.903641391333
53059 2121.237202608043
54003 2327.9785351803685
55055 2103.4254484028115
55107 2070.3723366150407
55127 2125.2386356952534
56001 2715.6135647341375
6043 3288.031897671454
6051 3688.9776443850747
8043 3267.5347364242484
8065 4068.865301811329
8119 3612.334997301562
2105 2655.858699445748
15007 2655.858699445748
1021 3056.050994192606
1063 3084.1654325611316
12043 3708.8554308523776
12083 3368.0493427566294
13019 3247.5928499413585
13117 2954.17614504833
13143 3001.5668017240228
13231 3058.5022209277363
13283 3229.685262528979
13291 2864.3815903401696
13295 2879.907748116487
17051 2552.917399176252
17105 2306.926308717223
17187 2297.269722437799
18031 2393.002423746062
18041 2352.1055814870265
19075 2235.921901231113
19141 2214.6616967284867
19143 2181.783499700108
20193 2753.799268397855
21025 2547.5718214378753
21027 2619.880362101757
21173 2511.637520127818
21177 2633.6181890879307
21223 2472.160041945523
22109 3278.1833136551254
25027 2060.4976354836353
26005 2196.6251888105207
26013 1960.999582145714
26027 2201.276860825119
26053 1978.9086525365828
26061 1966.519151534592
26073 2099.078036552117
26077 2193.8249425369027
26097 1989.2138857619082
26153 1964.002460443595
27009 2050.725168656378
27063 2166.7590185937115
28003 2889.8529841976497
28081 2990.0504088142766
28095 2996.622928381928
28139 2870.947868596432
29009 2672.460757523598
29043 2652.5558404648705
29075 2464.121755938128
29095 2534.335965968956
29165 2504.5533978760036
30017 2261.6673192111616
30045 2161.347983002834
30101 2083.7630993100543
31099 2568.8631493594894
35015 3638.0309100806503
36005 2183.6592789916135
36055 2012.1609534241645
37033 2763.110611922323
37069 2799.7257886738807
37099 2802.442137316176
38055 2007.107769175027
39001 2390.200156581644
39175 2209.3662592458445
40101 2734.6498958824345
40109 2771.797299836857
40127 2756.2075935597177
40135 2713.1441112352977
4017 3431.5200390965356
41001 2456.8260192940347
42025 2159.581517531906
45003 3005.730131538721
46025 2116.2612920679894
46119 2259.31564674221
47041 2759.59609031054
47069 2835.3109852693183
47175 2766.3632985534573
47177 2764.159608814959
48077 2966.5375134568562
48091 3212.3249651552424
48137 3504.730378753542
48161 3074.781107780056
48183 2953.4596801806792
48221 3036.121754986883
48235 3497.7149830028334
48315 2952.6581993492064
48319 3311.030580649122
48391 3370.6676868785553
48425 3027.3544115979294
48455 3092.9289754613887
51031 2635.3629125097154
51087 2585.0636483880726
51145 2579.427268471503
51595 2687.194668959264
51678 2564.2935750708207
53073 1677.9922931551741
54013 2423.4889244265464
54023 2334.8168376087547
55045 2135.478976591
56003 2500.696680060652
56007 2967.1647259207057
6001 3089.0163384752414
6025 3555.975906181167
6055 3112.6476300317113
8101 3173.305289004076
2198 2655.858699445748
2220 2655.858699445748
2275 2655.858699445748
1043 2948.389429956002
1127 2982.637488780001
12039 3263.586735068557
12061 3678.17296099221
12097 3565.0526382873363
13015 2917.2243139994616
13069 3234.0181592087843
13193 3156.985571910848
13305 3192.6710748816727
16055 2028.5887909170847
18077 2446.865339322093
18081 2365.9075608619823
18115 2416.5785006269402
18135 2283.9101436288383
19091 2226.424041639433
19161 2304.3650149396894
20187 3020.958100849859
21011 2505.2249784554965
21047 2718.6443281779325
21191 2414.6963899164007
22083 3079.35610080377
25023 2123.0063254528454
26015 2168.5826218854127
27045 2112.762063241048
27067 2039.4843734966926
27081 2095.5564510989207
28035 3218.334613226287
28063 3146.8828225708776
28097 3052.1567227517007
28107 2952.381829625045
28129 3138.0544954218094
28141 2926.34320424204
29013 2586.6682677583844
29207 2720.7869977020114
30007 2293.752898661556
30079 2221.068771104816
30105 2098.1224632685544
31011 2372.386963429969
31019 2546.2354960598577
31163 2457.241396883853
35011 3493.992527195465
35031 3353.495933196547
36123 2002.0287715607658
37109 2880.2781693183847
37137 2845.702598992268
37145 2753.755951134617
37187 2774.6899611829717
38095 1837.3732240793197
39003 2237.0077021324346
39089 2247.331711910795
39105 2353.536557227848
40009 3059.7836548554956
41045 2565.103864784847
42047 2104.150950629547
42099 2231.685993022692
45009 3061.6785531831447
46093 2406.6640581597726
46129 2170.31166403635
47035 2712.278978981359
47113 2830.2069754797767
47153 2794.7868564581318
48001 3015.8110121792643
48157 3075.4092708323237
48213 3026.5645065364297
48247 3565.1629801417835
48293 3085.013263701275
48473 3164.201830449489
48491 3143.568881471898
5037 2826.7790031349004
5089 2694.3040377980738
5093 2856.8268994270816
5101 2750.299551725637
51023 2572.954535561954
51069 2342.7219767716997
51097 2586.3451274841045
51127 2627.647555067479
51760 2598.83452702153
53001 2209.2619648046298
53043 2123.3008453120387
54017 2324.8691852717257
54019 2496.506086257138
54041 2345.451446449433
8097 4012.749241379686
1015 3001.5495079857233
1019 2933.3745224509057
12075 3420.623203675777
13101 3268.839321003626
13205 3259.3258083530573
13287 3242.022263513001
13299 3171.761015027371
17015 2170.8463278495083
17037 2188.0415157842017
17145 2594.212243960218
18047 2382.9565083020107
18051 2554.809907625297
18141 2213.10696978983
18183 2243.6058864482998
19165 2381.861816834911
20043 2499.500510900738
20087 2521.3014717536257
20147 2647.912146676233
20189 3114.5508553753816
21037 2383.8818738280956
21055 2676.1446716924374
21071 2547.4982080279606
21099 2649.3765351507072
21133 2591.2845612292613
21139 2690.0271186812165
22047 3237.177296844223
22123 3073.05552755255
22127 3073.0338078783548
24015 2325.138905862945
25017 2061.592648445272
25021 2105.7554157526088
26023 2190.801408816033
26111 2094.332465992314
26119 2041.5558668381882
27047 2117.0680160044085
27075 1907.1793774704563
27085 2061.670493745957
27127 2088.708387834043
28033 2923.4506861851255
29083 2565.9611347501404
29093 2617.9251935073094
31017 2444.872607932011
31069 2670.42889858357
31087 2696.09111388102
31103 2385.4635475920672
31105 2698.0509308781893
31171 2559.214959206799
31185 2454.7453245712586
33005 2039.2327260245472
35039 3455.6064990212167
37095 2908.765999433428
37113 2803.23018485677
38019 1807.0419407139625
38035 1834.788349229958
38085 2138.8470333114406
39157 2217.676160426262
40041 2677.5145588192904
40121 2712.1166650116443
40133 2783.4708755215015
40143 2672.110643946203
40153 2916.770736562887
45049 3071.222119731276
45053 3116.377924630142
46009 2273.8550473984396
46047 2534.0829769291217
47047 2863.337740620822
47083 2774.107253470766
48031 3219.3144920391514
48059 3184.1409558825203
48073 2983.1132779980708
48153 3328.0529312476206
48181 2875.820815861304
48205 3362.5518458923543
48219 3455.8967944449005
48271 3404.3652331444755
48289 3089.867846860678
48337 2913.4171207764566
48353 3321.815583166971
48429 3091.701242942149
48431 3415.7499932011274
48443 3660.8859144475928
48453 3163.9173248134575
49001 3134.250389968605
49019 3272.1995331229464
49043 3066.523311061502
5047 2718.43822939748
5087 2716.5543994762875
5097 2779.1403582584408
51530 2569.785691218129
51690 2681.4431696874526
53037 2202.8301820009465
53039 2306.788740781439
53075 2193.894504786216
54033 2324.970224593202
55017 2085.673965959742
55091 2101.5978140516713
6115 3004.5679390928226
8014 2787.472895888103
8103 2943.5000988107354
1023 3155.3397578846198
12059 3259.975419624161
12123 3414.0147436778198
12127 3399.96994940031
12129 3347.094095247478
13107 3169.2922653335418
13155 3244.69144199765
13169 3067.416355302885
13253 3289.4089347983886
16041 2816.4782894643345
16059 2461.444556865326
16081 2696.422673087819
17029 2466.5564892616144
17115 2408.7547877290062
17165 2639.8969292559223
18025 2520.8396041409064
18053 2237.2872548201162
18055 2490.17453585711
18137 2392.3454456907657
18147 2600.5182299018998
19011 2236.894167257758
19085 2370.2868223642918
19123 2312.992036215733
19129 2412.014338651586
20051 2742.8346594749564
20129 3137.209128045325
20139 2544.781682029008
20179 2745.760075017452
20201 2536.1007927270252
21137 2600.0027195555817
21149 2619.248928949643
21171 2719.0700463588673
21205 2478.4710632021797
22025 3149.0011453443926
22103 3314.222141495896
22117 3206.910932719854
26131 1936.352056722307
27007 1910.9949950368566
29157 2610.4526886656654
30005 2090.386765498074
31117 2628.135252124645
31147 2468.286832691429
32023 3446.9354509442464
32027 3114.5341780626786
35033 3617.982299716711
35051 3628.89136122957
37029 2789.230448254082
37089 2830.4329950148713
37163 2843.6615243956953
37165 2890.578899311248
37191 2840.6290503710184
38059 2063.471102684334
39007 2120.237554452715
39041 2247.4020842435134
39051 2177.6747382549
39067 2228.7056451647877
40049 2836.110295101076
4013 3583.9921258553018
41043 2149.4482846674664
42127 2126.622179383667
45011 3049.6098729205664
45031 2941.4094116605943
47031 2784.5880736463173
47117 2791.704659057338
48037 2888.9594824237374
48209 3181.9959864309612
48263 3285.3557512747875
48307 3288.431710056485
48311 3383.1894790368265
48381 3278.5478743047
48401 2976.093829576486
48465 3466.6244232294343
48483 3091.603843661161
49051 3125.132424363602
5043 2954.3284723258917
5063 2734.086991106203
51029 2590.8893123178473
51125 2547.0126952037676
51155 2632.609359969036
5121 2731.8113064443337
51610 2379.6814200761182
51683 2393.629288147111
54067 2462.846524002748
54071 2387.2102030609913
55021 2111.7485908570197
55035 2085.1693027029974
55049 2137.028552470223
55111 2130.567656615065
55135 2089.3358834647834
56025 2708.160194903457
6041 3031.8261145033634
6101 2985.549537612109
8019 3548.175964661188
8099 3023.054932828698
8111 4176.418628895188
2110 2655.858699445748
2170 2655.858699445748
1011 3178.58300809292
1065 3104.144024750622
12017 3475.094336796003
12125 3294.2475241570564
13009 3071.6035259921237
13177 3248.5740167641097
13243 3262.9981886501737
17005 2529.67304232804
17075 2302.4472252093774
17149 2479.228146701435
17173 2484.9853142057673
17179 2340.917628364958
17201 2135.277887366098
18157 2293.972388449189
18161 2371.8758859158916
19039 2408.1038537077857
19049 2354.8090387799643
19083 2238.710731525613
19147 2198.9858682614854
20019 2621.3119028328615
20077 2743.3721092882156
20095 2730.1735712527197
20125 2609.8755146403973
21081 2414.945070609463
21089 2423.1749067762307
21193 2614.811962333429
21201 2444.1598912181316
22011 3100.7630614894324
22055 3172.5715948823477
22099 3217.8294197892355
22111 3019.1046158110507
22119 2980.6274578219263
23021 1845.033396177995
24029 2395.715182717031
24039 2550.476120027024
26163 2141.370018374393
28073 3220.4194824355773
28091 3183.7267693463446
29107 2509.434820793003
29151 2545.0409943535697
31041 2521.070883617617
31137 2595.3766296436543
31181 2572.9629299691223
32033 3132.9293229819946
33013 2002.957245472646
35037 3471.0438149219576
36051 1996.6742711897746
36067 1966.9132544340332
36119 2172.264200190565
37037 2825.1335070714445
37139 2792.769539096601
38009 1863.8412315514101
38029 2062.851048441926
38037 2144.4978042492894
38069 1870.117844738289
38083 1992.6069031161476
38087 2234.5180005665716
39097 2315.6453646732466
39109 2314.236222320206
40003 2820.769725927336
4001 3379.4949595772823
41037 2836.4662734060717
41039 2243.2775289160977
41057 1989.3338074840105
42001 2288.3127683133143
42033 2141.6465118158067
42129 2185.101744561985
45059 2964.374841338161
46031 2206.956199462662
48017 3436.3870269121803
48021 3178.2694672340804
48083 3242.657828365439
48101 3175.7645308781875
48159 2892.2157111052134
48261 3513.1037028328637
48317 3504.2322250370544
49053 3387.163961745047
51037 2679.728903835352
51041 2616.4960708084413
51149 2666.9933702058624
51730 2655.119207813287
53033 1788.237511455075
53051 2004.264903711318
53053 1805.6963377959523
53055 1751.1127091921833
54077 2252.3580831588674
56021 2609.492679905554
6017 3170.082133072249
6097 3085.6561457841885
8009 3042.1974398757247
2188 2655.858699445748
2290 2655.858699445748
1081 3102.648629844394
12085 3695.493531935183
12121 3338.9056840508797
13023 3193.4035496410484
13137 2889.6271191134
13173 3233.2849280797154
16021 2002.5608737944915
16027 2586.075104740912
17073 2248.5734116795243
17155 2280.1918919126924
18049 2248.6203887700553
18121 2391.1679370720112
19183 2289.4620301831355
19187 2285.0565937945466
20025 2952.5457416430577
20099 2602.526863389603
20185 2768.723790732776
21029 2514.1790134901707
21033 2698.405880188583
21123 2602.29535860493
21189 2567.521122251048
21219 2691.863002292576
21227 2689.423458659545
22015 2986.2985709775926
23007 1861.765376758766
24001 2252.516232366885
25025 2091.976268894868
26003 1926.6202980213634
27141 2044.7093287706366
28009 2882.284163299773
28041 3165.0080154403436
28055 3081.0837779036847
28079 3091.788796724277
28109 3229.0037185007372
28159 3055.845254642012
29077 2637.2167641347583
29121 2469.928949008132
29135 2531.9591244931744
30095 2381.7794233382137
31039 2326.5769497404544
31049 2721.677239943343
31115 2446.2346878186963
31153 2402.4469647505666
33007 1887.9348752301125
34011 2374.5762933583947
35041 3467.479369803655
36063 2033.2215784306773
37073 2758.0919259797442
37107 2850.704878666005
38027 1909.491625495751
39049 2270.366933101925
40069 2825.1191838191503
40071 2706.79845912915
40137 2920.830018803342
4025 3410.6997974026217
41017 2555.181790848632
42049 2078.9112266388947
42065 2131.3517957360345
42067 2198.3189887065328
46029 2051.3851135793598
47021 2738.9894773209353
47053 2836.76942453241
48003 3594.099871688473
48097 2882.4213574341634
48139 2994.653900866994
48231 2914.7993503135726
48283 3467.793632011331
48305 3443.1896850367166
48351 3099.8970551451
48369 3407.776130081105
48399 3289.5339397803164
48487 2988.840287404532
50003 1984.1582127570607
51175 2695.8358890702834
5133 2820.6530803029736
54029 2198.3660019446183
55093 2082.042328234474
6007 2973.5354469269514
6031 3218.1015330038167
6063 3129.7030610568095
6067 3052.2789257936456
8077 3156.419695487789
8125 2805.104512193034
1025 3162.003721622605
12007 3259.55448504306
12115 3816.46677918023
13127 3281.554245923031
13213 2846.0644534416133
13245 3013.944597562948
13251 3107.5986661577326
13255 3049.019069148414
13269 3078.282907616997
13303 3123.788588453087
16043 2624.471977694631
16047 2747.4610817453117
16071 2755.6763144475894
17017 2433.998134474968
17065 2587.050544050001
17069 2673.0842367316127
17089 2231.8741973738215
18033 2229.0318040439092
18073 2249.32546798017
18087 2213.7421734497657
18109 2390.4905017413316
18163 2587.192307693713
18165 2381.6171233025507
19027 2338.175533778227
19043 2142.586258837024
19045 2196.579002537441
19077 2355.829242423742
19109 2186.2246399317073
19191 2117.800025487821
20123 2613.172692602267
20137 2671.148947592068
22037 3234.9342178827187
22049 3029.3087158466883
24021 2337.3926379782943
26037 2165.3397298324776
26133 2087.2665639690886
26149 2194.6376835759365
27093 2056.0211302385846
27117 2151.7933538052002
28013 3011.7669596928044
28111 3201.1119423126347
28157 3224.2781139798612
29021 2495.033567528125
29161 2573.028945960765
29179 2634.8528820392935
30099 2168.8342962484007
31009 2506.769619546741
31013 2651.079864760825
31027 2312.4125848558483
31055 2389.531140105299
31095 2543.451194849177
35017 3612.0206385290107
36053 1986.7203371811045
36093 2015.1813546430596
37015 2757.9028720963756
37115 2809.2308041682445
37147 2822.3038057704803
37175 2810.9930113095465
38017 1913.2550307534393
38025 2057.0493416430613
38065 2026.1400359773374
39055 2116.288803197054
39063 2188.19917271042
39127 2288.6988468270533
40099 2824.0242552635445
41019 2416.1120159778316
41053 2073.00238381362
41061 2369.875066240026
42005 2168.511703537904
42041 2252.8321277009068
42119 2156.330723064589
44003 2133.23800922973
45037 2994.857415701021
45043 3088.187537865554
46055 2419.8267093484415
46083 2193.867255933824
47001 2744.6364427486983
47079 2762.825445474646
47105 2831.254317493456
48061 3712.9835456152427
48089 3149.0093286739643
48109 3795.9195005665697
48111 3356.3191238279023
48145 3125.3693507389817
48167 3245.089737503087
48335 3370.232964208413
48497 2936.609988091333
49003 2890.0517219873095
50001 1907.4211902119557
5035 2899.050210565525
51005 2554.855595894164
51073 2676.802750810593
51099 2484.302351555428
51101 2593.257328657762
51173 2714.8915670992055
5141 2757.711267161301
51515 2603.7431260623257
51670 2664.720682440538
51720 2620.9905609065145
53017 2131.7981010918033
53045 1777.9072680379963
54047 2630.0876041076767
55099 2037.3541520846989
55105 2117.3660238631396
6095 3103.7862540862957
8033 3312.6425643059492
2230 2655.858699445748
1085 3188.827229372864
12051 3719.024282322804
12057 3574.0785585277054
13067 2955.8924741046726
13187 2888.568277988669
13259 3204.485467480481
13307 3200.8367893472487
16057 2179.748376475549
16077 2720.4573948945012
17009 2447.345059873852
17095 2316.3442391424105
17099 2261.82561006354
17175 2252.002002507818
17183 2335.7925101814426
18011 2327.289109206261
18029 2394.0020874973648
18111 2270.2885661711043
19031 2226.1408199752163
19081 2164.6142229429
19105 2194.82802550023
19137 2399.6455791637204
19155 2398.925413344929
20023 2787.2149011331435
20083 2898.882960339942
21013 2651.172588135806
21065 2530.3946617957517
21083 2724.0638899036544
21113 2526.942334412265
21153 2518.259599231812
24033 2385.8170702559487
24037 2503.9070467504916
26055 2023.248899705871
27015 2094.188965132991
27055 2117.1908406715
27167 1943.0324248421723
28037 3172.5656924116433
29031 2697.9859815079876
29037 2569.6500126127467
29223 2660.5793916934845
30019 2028.1752297450419
31059 2530.1306652085964
31079 2486.247710041134
31097 2475.4576636512465
31177 2371.2288035049132
36029 2044.8918479872227
36033 1879.86611855882
36037 2005.3869264325824
37023 2771.7436399572503
37083 2763.8850732310475
38057 2012.8941243053537
38063 1847.2514855524087
40065 2986.162443781385
40147 2613.6222746198864
42023 2118.33419727456
42075 2216.52064700736
42097 2164.920162872734
46079 2174.9152327732636
46137 2343.757290651559
47003 2782.0883515997157
47181 2804.2295586596897
48069 3382.471406095976
48071 3194.1005921033443
48095 3306.330659490086
48201 3086.0618611159794
48269 3208.9456776203924
48389 3652.50133471218
5041 2977.561039339546
5059 2865.1946280575344
51047 2401.931721136685
51085 2578.3484339985534
5109 2822.223537873681
51187 2373.939843449744
5119 2818.3943223157808
5139 2968.7266988675083
5149 2732.1511558785837
51540 2489.0132763370552
51740 2719.926224877906
53015 1839.9236564398434
53025 2175.3586160687255
54027 2300.9730761808755
55011 2105.044099008215
55067 2074.6546230984486
55069 2035.777637815158
55073 2058.935960762859
56005 2548.6321972219903
8017 2956.1647747875345
8123 2777.5852664269696
1031 3274.2625454677896
11001 2375.02241911728
12065 3290.4874685569134
12093 3616.845227075354
13017 3237.6643792179902
13087 3261.5751023798293
13147 2955.8624169017266
13229 3173.2686223565165
16011 2730.728628923966
16029 2724.8012326498865
16053 2746.348066337303
17125 2389.8485698658214
18017 2255.8669620641645
19007 2367.9213968172803
19033 2156.3853555460114
19071 2441.3787297841036
20071 2917.3787560906485
20181 2876.276722371335
20197 2517.2203617734103
21003 2716.2928949521233
21017 2475.9019241249207
21041 2449.593663366601
21053 2700.5375459171396
21087 2648.1706957400556
21129 2546.7910056057767
21187 2458.253940229348
22089 3295.696808678161
26011 2098.047244277291
26019 2083.0006180867954
26051 2074.137500865041
26069 2113.650052128377
27051 1972.8114965551933
27059 2044.0668387646456
27065 2050.0315697634755
28043 3050.5574583724656
29039 2587.0605437954387
29097 2640.9081037479614
30035 2126.122517121096
30065 2314.977865220906
30071 2088.1158563739377
31001 2503.483221064968
31051 2278.9981901309015
31093 2451.4705453661163
31107 2323.0417290251075
32029 3191.0247287749294
33017 1998.620766137974
35023 3777.5981813494627
35061 3566.64166943575
36003 2045.3500470037977
36077 2012.371045786159
37123 2858.0363600095216
38045 1981.891170921539
39061 2374.9564274910745
4023 3744.3793305985464
41051 1978.8014401616917
45085 2995.662738501954
46059 2212.5544271133995
47051 2825.906327616031
47111 2739.3651867396884
48051 3153.7429070793746
48341 3298.43812693142
48413 3486.2192294617525
48441 3230.455777249429
48449 2901.421118576971
48451 3393.8308505376485
50007 1889.4947147819626
50017 1918.6696648993575
5057 2896.35576678966
5065 2687.1755227098297
51045 2552.3029668555237
51157 2385.5496701250427
53061 1726.7437382773726
54037 2345.3138019032867
55043 2150.933880427621
55061 2098.223341973456
55075 2082.2316265457184
56019 2488.3214135317835
6091 3192.487448148149
6107 3269.3493808601756
2130 2655.858699445748
1001 3114.78464228408
1037 3051.554271682718
1055 2989.4446775423244
1101 3142.9982047512212
1105 3147.1193553156636
12011 3762.3367019506513
12081 3785.7708677730047
12095 3449.231402771272
13093 3229.9789108225486
13129 2870.3440457047323
13135 2966.7286705171664
13199 3049.4979272879327
13223 2968.2963065853273
16039 2751.586100763134
16087 2532.646708148995
17039 2362.175982457594
17195 2184.6192525659176
18145 2351.7854067973376
18179 2278.52893719983
19003 2410.6405127930875
21101 2611.1928549950153
21115 2512.1828363945906
21145 2712.08200601391
21163 2578.5317279790665
22061 3002.1711711789812
24043 2301.71668588082
25015 2055.8036166777333
27107 1891.7793403693493
27165 2127.827794563625
28127 3132.716224733399
29131 2579.001131777082
30055 2181.764909348442
30103 2285.1385405099168
31029 2727.8649099150116
32005 3306.9584045878064
36023 1998.5660561896857
36071 2132.9475579765685
37009 2721.4933487797457
37041 2768.51285554167
37067 2827.5469736719256
37091 2750.616628113343
37125 2849.3590755856094
37127 2823.4594152711325
37167 2877.15736689796
38013 1946.1859711048157
39013 2250.1021034014448
39081 2202.303967698102
39145 2410.4544183732
40007 3044.3565363448447
40011 2850.0425914299153
4005 3337.937723223049
40117 2722.1991790064867
41005 2017.5426868326156
45061 2971.2132768400843
45077 2876.008278628584
46019 2410.739590666798
46033 2487.460945684476
46035 2238.7573789158882
46127 2260.8471749450973
47089 2803.145055267762
47139 2855.2579263462317
47145 2762.533899211556
48009 3016.252565122268
48047 3464.7182424695748
48055 3199.4716342137676
48087 3075.241684702547
48281 3128.9632121893483
48343 2898.530623341302
48477 3152.6247480839074
5039 2905.8599454037103
5069 2908.8397473504524
51065 2531.142548527278
51075 2562.4775639920963
53023 2230.2532566951572
54015 2458.9936345389806
54035 2386.539981446376
6019 3184.5804012714834
6027 3649.969938694988
6037 3512.4891550507127
6049 2935.80898303379
6079 3308.862387557721
8031 2804.740552782519
8113 3905.560839635185
2158 2655.858699445748
2261 2655.858699445748
10003 2317.3074079292073
1007 3073.85916181932
1039 3234.1187987095473
1071 2895.775632148441
12027 3702.5782094753567
12035 3417.6221756677583
12113 3305.116262635695
13035 3001.744327516005
13061 3264.9472396600577
13167 3156.0816472906818
13263 3066.061303121504
13293 3057.802308930253
13313 2860.9602671481575
16007 2851.462147716827
16051 2707.2027741827496
16069 2216.1748378786706
17067 2423.0689879384995
17077 2646.941295874787
17103 2190.4874746545124
17111 2182.0423651133724
17119 2499.8491586746445
17131 2270.238698868569
18037 2547.391509351446
18067 2234.244452682164
19021 2258.3494547172218
19097 2188.719323425637
20085 2488.990020073683
21005 2511.22433608932
21057 2711.2010976042225
21131 2623.4484441547306
21179 2550.953187252891
22039 3185.0625865505967
22045 3205.29870528
26017 2090.7330954480285
26093 2159.7601315808784
27027 1920.1436601149007
27079 2067.336906310933
27109 2078.0222688388085
28021 3130.5753569359476
28053 3050.038707086969
28125 3084.083660317506
29033 2499.84378556422
29153 2688.2379033222664
31023 2439.5136973346143
31111 2639.7025581053454
31139 2332.2478095742604
34013 2193.8377682317478
36027 2134.9556285078056
36041 1982.806072481077
37011 2727.987188514955
37021 2822.6709944255786
37059 2840.683493730027
38011 2250.7718679837676
38051 2059.7102507082154
39027 2347.4174835300087
39101 2220.3942106517557
39117 2217.980631689801
40001 2699.1020671815877
40019 2821.728005881983
40113 2670.9359375541644
41063 2360.9759166627323
42029 2261.915784615212
42071 2240.9063548726203
42107 2187.256255611583
42109 2167.820203746985
45025 2905.7597817250416
45057 2940.456534910709
46021 2095.836882436259
46061 2242.26978640227
46135 2311.209801250614
48141 3882.692993825211
49041 3147.4101249669634
5045 2792.439226654276
5091 2887.9515606977043
51159 2537.868661215301
51171 2365.3937936789785
51775 2585.866312503797
53007 2138.4316391409457
53067 1778.3138062082119
54105 2376.6175449364023
55025 2129.752853234747
8013 2805.0010368636813
8053 4157.783730878189
2122 2655.858699445748
15001 2655.858699445748
15009 2655.858699445748
