12033 3398.2771819601944
12086 3817.537099733078
13097 2990.7118891937303
13103 3178.791988848318
16013 2618.2871560521257
17001 2362.8307720613066
17035 2347.8004104693155
18075 2185.6192477416535
18103 2185.2563385981052
18173 2388.312453421946
19041 2138.3376390072067
19047 2269.7323735343507
19079 2144.7391289232387
19195 2100.0870259825856
20005 2525.4583431688206
20045 2596.677462849944
20091 2571.5737343747733
20109 2865.165724645892
20171 2969.083343059488
20177 2584.318658655513
20203 2980.2313280453222
21039 2629.70644026844
21049 2368.2782828834183
21105 2647.0392383522717
21165 2377.541343591538
21197 2397.354247567209
21199 2461.172583649404
22007 3408.8633543527844
22097 3325.1459562789782
23023 1854.0254148408335
24019 2416.457645701392
24027 2312.189175560227
25001 2056.2982675497065
26033 1858.3462781638382
26041 1882.0945887499545
26099 2013.8124540230374
26159 2100.6309392689664
27031 1880.5413733863113
27037 2055.090587027141
27095 2059.3149183027263
27149 1997.8549870269353
29057 2697.284218250738
30039 2316.709000283286
31151 2494.9046237204007
32001 3134.763140005796
34015 2266.857444196609
35045 3400.18139243122
35047 3408.0551584531995
36009 1940.5404362510803
36039 1913.505650952235
37061 2803.9664187626436
37185 2656.2066058286946
39011 2177.990149309631
39093 2128.7526023823875
39133 2061.7613537168177
40033 3169.7403712245737
40097 2844.5325856369313
40111 2903.9579624074713
41041 2205.0319186896672
41067 2056.164077121325
42027 2095.1699401179544
42057 2231.3445985785233
45039 2890.5572527207123
47027 2545.736948206383
47123 2726.775552455812
47189 2564.1767112128223
48043 3899.162503992803
48057 3552.4596249685487
48115 3596.9807824717277
48165 3640.167004556685
48171 3650.817843425862
48191 3302.325569971675
48287 3427.2684474092025
48295 3148.621042034792
48325 3631.4934978911615
48331 3419.701264945222
48363 3365.0309740735556
48447 3356.4639572237925
5011 3020.181062797444
5071 2874.6648303326697
5077 2933.8097508130704
5079 2980.6943509142047
5123 2921.2560797214205
5137 2780.5836413982965
53011 2056.0840937596627
53065 2054.9617762995567
54001 2240.957780757444
54085 2238.7479014975015
54097 2273.579496860312
55077 1962.7072305940458
55081 1979.9690081973438
55121 2019.0415181498197
56043 2646.1380193102536
6029 3228.53220988395
6045 2825.26031496946
8037 4011.1660517528057
8047 3557.5596566572262
8063 2956.913947922842
2180 2646.2403532252424
12005 3537.787947048688
13145 3127.7518652414265
13181 2966.4733338063247
13285 3103.7206906575766
17033 2338.092244559971
17133 2441.917655215882
17141 2090.9198383623366
18023 2208.458411754801
18181 2170.837968711541
19009 2295.6618683491242
19103 2181.459030873464
19171 2164.5170070288914
19173 2386.6497806090924
20013 2494.894330785749
21009 2455.887580703021
22115 3250.9729492328156
22125 3327.802644888408
24013 2285.6591916595735
24045 2405.489720484559
25009 1895.9749108540761
26039 1925.1851625731836
26091 2071.9075703317485
27049 2064.187685647016
27123 2056.527752337279
27145 2025.380276730556
27157 2058.733915681024
29109 2684.1231569732377
29155 2699.5540959665045
29229 2680.129616973096
32013 2963.225708451419
34025 2210.1438492989164
35043 3601.2616923703117
36019 1709.998202949638
37017 2876.9271211899445
37053 2685.0733827333806
37079 2734.3204131923017
37103 2770.8386788344046
38023 1976.3990339943334
38033 2219.021097733712
38079 1873.4148448833344
39065 2171.3835115688908
39085 2095.400985142475
40055 3265.769215892407
40087 3082.3818165342905
41029 2603.38279598893
42061 2131.3877967594312
42131 2012.4896515503413
45041 2923.0659091843177
45073 2869.600206151651
47015 2673.4867583276637
47063 2645.3586150240453
47155 2673.69711155245
48135 3775.4527134928608
48175 3542.003691497275
48189 3423.4021885232023
48409 3736.781285813695
48499 3216.02621054412
5005 2734.587885389064
5053 2943.54774250929
51033 2460.7722592342607
51079 2395.463943447614
51131 2572.2098554577515
54049 2215.9698726753136
54063 2461.542853362726
54073 2203.6467488563353
55019 1981.2093456306427
56009 2681.075957808668
6005 2948.980541016399
6077 2924.697191546166
6093 2725.884047598718
8003 3417.443602841416
8051 4123.2441763785255
8061 3092.057387818695
8071 3119.2846331869155
8075 2810.8539585626468
8115 2712.7739172804518
2020 2646.2403532252424
1027 3038.478676685926
12003 3390.0091556467546
13123 2838.463800101884
13183 3227.7832626965796
13217 2994.044339564871
13297 2948.936580343419
16005 2675.574084773911
16019 2674.663309825156
16049 2274.93455112192
17011 2144.6396376173875
17023 2329.19009427882
17027 2451.9155183436355
17093 2087.1837209985633
17139 2311.026846653296
17163 2436.4861701148025
17171 2397.3121439363354
18007 2205.8484654610706
18123 2388.3950397786325
19053 2339.758567437202
19111 2291.791451824053
19177 2281.6371613288807
19193 2262.128521641421
20039 2794.472532151061
20067 3080.858877862436
21007 2583.2177272409103
21175 2410.947557841139
22035 3108.4140531719313
22065 3160.7225160595135
22107 3233.520107385197
23015 1864.558079739353
24017 2376.3725953833814
26147 2005.598992132387
27005 1944.9424412782944
27043 2085.911926250661
28137 2953.6188686303713
28143 2934.967801099687
28147 3286.2164254222107
28163 3110.3760127360497
29079 2393.375587430977
29085 2630.134032116846
29159 2535.4815562473273
29510 2411.3877714524997
30047 2127.9321684898864
30057 2449.1717651960053
30097 2393.675928328612
30111 2369.8478289262034
31003 2396.4214794669874
31063 2707.8034849858345
31149 2455.3151306818177
31155 2414.419231924588
32009 3337.7591761363637
33015 1884.1013784743495
34017 2107.7877959368216
34031 2088.023087976836
35006 3457.209822557108
35021 3384.283494334281
35025 3656.4227251782722
35027 3474.721830401981
36107 1919.0962893529284
37005 2604.162721625824
37047 2917.666481559431
37111 2739.1797883736754
38001 2265.1176402266274
38097 1844.2427213141384
39005 2122.5379687063923
39025 2277.866971655475
39031 2131.722654754498
39131 2267.1177256709084
40047 3000.177959319262
40089 3029.9724055502284
41065 2315.971648771356
42055 2210.5164249077743
42101 2209.28334881045
42105 1972.1303349123582
45029 3063.438208533704
45083 2842.211746147182
46007 2489.233884827669
46057 2120.8367367278715
46099 2177.3275343298696
46109 2032.5170213807278
46117 2312.74453852691
47011 2801.8555358249578
48029 3599.119355283798
48067 3100.307432262498
48113 3276.9964973055644
48301 3761.925829178468
48303 3505.660060690057
48411 3586.3980781331716
48433 3445.9704311614737
48503 3326.8692379133527
48505 3935.847450778042
5003 3069.1302231644872
54053 2286.0026553878124
55039 1973.7264619368857
55123 1985.3314671659666
6047 3010.242344036705
6105 2757.5818608343475
8021 3569.410375800933
9007 1994.0081553443642
2164 2646.2403532252424
1005 3272.8539299721674
1133 2909.82660921733
12031 3411.4414624375186
13175 3116.797012099003
13209 3220.1557001615392
16067 2708.1105653263758
17025 2400.932377750767
17045 2293.903522937444
17053 2242.4629439904193
17159 2336.9810111378706
18069 2161.76673156063
18169 2161.520830138008
19013 2132.8741787589197
19125 2254.94611708304
19139 2167.8198490753753
19145 2374.654445712864
19153 2248.2097724632517
20021 2708.0829560672432
20035 2889.2805575796892
20063 2866.699160906081
20065 2808.2778469084974
20073 2753.531152415539
20093 3038.095727478753
20103 2549.5692209967037
20121 2625.343094306876
20127 2752.273183746505
20183 2753.9973438182865
21031 2422.7050929403126
21067 2369.6367046017945
21103 2330.602202047179
21183 2421.463454277047
21225 2453.090585976419
22121 3360.4134306590586
23017 1818.324736476232
26087 1997.9083827393624
26109 1897.0924175903024
26141 1926.9857920713946
26145 2003.7705225132208
27025 2060.525438629775
27061 1916.6744365560044
28131 3275.3376803146016
28153 3255.2023261336376
29019 2498.0561184387484
29171 2334.3127596476693
30011 2371.082188101983
31061 2710.586696932584
31119 2383.8848275277337
31175 2535.3260519219434
32510 3140.8303049049155
34007 2241.5416868295442
34027 2089.746907952877
35035 3663.000448158187
36045 1857.3363656650502
36081 2096.583195856582
37097 2774.252343131477
38053 2086.7236516014777
39035 2060.6850477614776
39037 2198.5793431757843
40123 3034.156280751902
4019 3662.851662586941
41021 2317.6347351274817
41047 2169.0025089198657
41055 2342.052816997165
42013 2123.2759957354547
42043 2159.7343933602842
42091 2195.91606701997
45019 3145.018799131761
46053 2354.338872115331
47101 2696.7778471292313
48007 3729.672495325141
48019 3650.6845925676475
48121 3262.695759669943
48149 3403.996527122019
48193 3481.403308026813
48267 3683.149341410512
48285 3461.4207712521325
48419 3208.4330320864187
48439 3310.192341248154
48469 3517.520534968893
48501 3601.9043958894877
49047 3000.920259569178
5051 2906.886613624603
5111 2806.0930850930977
51141 2593.6464110926418
51197 2571.2514584959663
51199 2546.4903855917323
5125 2893.2029969533237
51570 2556.196418080088
51620 2606.965977202898
51710 2599.923456094432
51790 2427.400352578692
53003 2211.912407298499
54065 2282.2714276943184
55119 1978.947458901933
56015 2672.794735968355
6039 3063.2386357497744
8011 3225.0613696883865
8023 3994.808985657734
8069 2762.4711729355295
8085 3089.304661841757
1077 2812.441376886649
1121 3029.8723744801437
12029 3541.294444941426
12109 3509.335995898209
13039 3360.442806581936
13091 3173.4966584950994
13095 3288.673296105812
13131 3386.899329190939
13257 2872.776249949742
13267 3224.2710722728184
13271 3243.993020286468
13281 2807.905840100655
16003 2428.4062594538486
16031 2720.029794395862
17101 2346.2928209453958
17169 2319.617133783695
18071 2268.149631850946
18095 2194.166224377694
19055 2120.9945267647167
19065 2110.3886400602273
19067 2116.0636710188346
19157 2184.2199473792807
21021 2428.347928537892
21061 2439.5989947050725
21085 2408.1024943141606
21109 2418.587567526637
21231 2477.208554662706
22017 3145.3077019961365
22071 3439.824271560395
22087 3459.9594029807645
27003 2056.3479703434095
27069 1784.956418040648
28017 2995.10481797054
28029 3235.5458326883786
28047 3398.731523067187
28069 3105.608740213493
30059 2309.5992858356976
30087 2326.4025823315583
31127 2444.720358363778
31131 2435.9528612672284
31145 2729.7734234920117
32015 2952.5704441926373
34001 2317.375741132451
34003 2087.524652937006
34005 2230.590167716068
34039 2115.6485197746733
35053 3643.9479965265746
36017 1904.1512238668656
36087 2068.3729722301405
36121 1915.0620710344904
37177 2740.4824778409093
38067 1803.094973349864
39071 2250.525470943323
39079 2289.851726077728
39161 2160.550752332449
4003 3762.294084285409
40057 3295.286520396599
40063 2994.8876683516205
41049 2314.306695890286
42007 2077.988559339743
42089 2054.5711516357237
42117 1986.9358007547164
46075 2355.9505152974507
46085 2283.9715621926844
46087 2216.38569009838
46091 2050.934527272729
47009 2686.1981404635044
47095 2661.1946644662507
47127 2719.2253564405983
48027 3456.8230309800842
48039 3364.851505269944
48225 3289.8772243405706
48297 3613.66858863674
49025 3253.087333242378
49045 2863.2751150441636
5007 2775.03446491162
51025 2594.211293468352
51091 2367.185211363636
51105 2588.2937165365806
51111 2589.146848900682
51165 2377.5256416692896
51590 2587.510389097896
53005 2244.2361568424735
53029 1896.8024772984525
54051 2155.455499070001
55007 1950.112738285045
55065 2032.902136373496
55083 1934.4111013345375
55095 2038.653063294616
55103 1998.6685261534187
56017 2660.881737012803
56045 2564.643609742381
6065 3463.2757276761085
6111 3322.2393141224716
2013 2646.2403532252424
2060 2646.2403532252424
1059 2897.354814178578
1093 2913.3243974671886
12103 3896.410590940573
13021 3097.261099548999
13077 3051.621155666324
13115 2892.709300678915
13149 3059.414313692679
13157 2913.2146675292597
13163 3100.4181932924525
13185 3345.473397115044
13201 3366.616217148434
13215 3153.5048329392894
13225 3107.61295404285
13321 3330.1428938405425
17147 2283.4611649692897
18009 2189.6051760044297
18013 2254.284187951954
18091 2103.905574331656
19005 2064.260014156278
19095 2185.5107759656817
20081 3047.4016495750725
21093 2422.1860866112265
21167 2412.615061277436
22053 3395.811293274911
22093 3391.3749991661944
22095 3418.4448557284345
23011 1823.369835504636
23025 1777.3722475154748
26031 1904.9207634835445
26057 2011.66975404872
26067 2036.1142605598848
26157 1992.1393201521876
27023 2009.868974765188
27083 2044.7038558384595
27105 2108.1972441764774
27119 1857.7002074370787
28015 3084.5342674599146
28115 2966.9142835674425
29111 2336.7536842755403
29145 2724.799576362356
30075 2430.1515994334295
30091 1995.6583109793676
31015 2321.9642855113643
34029 2254.4185843796586
35007 3225.8187680226906
36007 1926.1556312637615
36035 1906.9260941157854
36043 1849.0295490365252
36057 1897.5084052541217
37101 2727.7265779013073
37119 2801.730583458834
37189 2656.5424301033813
38093 2012.2235006435587
39123 2115.0007125376123
39173 2084.6339195375263
40029 3079.4546259950253
40035 2790.492328608579
40051 3123.2035614568476
4007 3561.4527155346705
40083 3020.0323599381522
41011 2302.2086471321313
41023 2466.3996603618393
42083 1958.618497162217
44009 2000.4828375845818
45005 3136.221585398206
45007 2903.7954207350135
45017 2963.0419152337336
45033 2885.0893731640062
45051 3019.902977963579
46011 2113.7044645224482
46095 2378.021827195467
47085 2616.2410972545485
47109 2791.419626239604
47133 2581.5486791510543
47151 2539.1451598078634
48035 3429.221347900739
48093 3469.8635251649034
48185 3350.1019389163926
48241 3275.1085691508515
48277 3125.8349141757676
48339 3301.5745110063367
48375 3252.557144945242
48387 3102.2743445551973
48485 3248.8715842559204
49005 2823.13737845391
50021 1849.4623810297314
5049 2712.319616594659
5075 2737.0376272440353
51027 2449.686488101733
51071 2466.307142268464
51077 2596.7420627971583
51580 2464.3913096481806
51630 2397.8929108393477
51840 2311.4775599602854
54007 2309.502390335226
54045 2375.4037692037805
54057 2223.164107343295
54093 2215.9450030276435
54109 2428.448984919658
55037 1890.7787502117333
55059 2061.897158357935
55133 1989.927902410858
8027 3808.2440062322926
8055 3236.591740998129
8057 3848.734146175641
1057 2973.0625028881277
1117 3040.8399940259083
12067 3477.780187510116
12111 3826.517594143245
13247 2987.099894242479
13315 3230.1741813732515
16025 2558.447317847025
17031 2103.0295595002895
18003 2122.332084228579
18043 2342.041492090642
18117 2302.505034849145
18159 2209.0949293046447
19169 2190.6972074634314
20049 2740.3716869318214
20157 2656.037134165141
21001 2440.4296397308854
21051 2448.144981090285
21143 2533.772664922189
21211 2359.4783055437324
21235 2501.4515775454997
22085 3225.06884795449
23005 1848.2742978024726
23019 1805.5595847926795
24023 2208.025820601166
24041 2396.4895133775294
26007 1924.926483784195
26035 1970.4074266717319
27077 1807.0250217143837
27143 2033.9036875925026
27151 2007.562690183914
28019 3045.1310745246597
28039 3283.0226865207674
28077 3234.474655561705
28083 3125.426258415084
28093 2880.328019513067
28123 3128.3714148336903
29073 2510.698717541933
29105 2637.353174649629
29113 2474.400063340343
29115 2399.346405631618
29125 2557.763380709745
29175 2458.3116426426645
29199 2304.347799108563
29217 2687.1753406729663
30003 2388.689154296658
30081 2311.910727763966
31113 2614.4289487252117
32007 2871.667712113146
35055 4203.865543027222
36021 1909.0955733892533
36061 2095.9483067780043
36065 1857.5438719891467
37003 2776.3203959881253
37007 2789.594883788606
37025 2772.1655515521584
37039 2787.3589478652684
37075 2772.957809134073
37159 2752.455233938635
38031 2002.7937622159093
38075 1938.1641138810196
39113 2259.5117776178067
40059 3108.318262419425
42051 2166.65385732892
42077 2147.996864408919
45067 2906.1105456373552
47025 2570.4530657186033
47091 2636.8264923735046
48015 3329.9082988176147
48105 3785.882115297447
48127 3823.823692604361
48237 3326.5178344221563
48251 3363.7911024134405
48421 3254.71277082153
5001 2954.5738961563634
5099 2979.533272876305
51035 2584.566606893409
51061 2346.1715228750554
51133 2468.5176516174974
51153 2345.864856753919
51800 2611.847101849913
53009 1900.2851821184254
53057 1833.164647069511
53063 2084.2431939264566
55078 1956.629875275618
55113 1972.7739128032233
6033 2906.4844694136364
8045 3613.995929342239
8049 3971.5161766526376
8109 3803.2842813507355
8117 4099.93739630374
9001 2064.518310135973
2068 2646.2403532252424
12009 3685.8083246055303
12023 3421.101162656779
12045 3507.9634564322205
12101 3773.0362618277254
13053 3180.265237348576
17007 2041.0380174133184
17081 2405.6452445201976
18057 2202.5883197184594
18099 2112.8278268774093
19017 2128.0720997328367
19099 2211.980728764804
20037 2705.7255220262223
20145 2896.9499581341056
20175 3103.6457144892906
20207 2694.013602600113
21135 2310.4910397383474
22001 3396.608367275595
22013 3167.1433292561937
22029 3272.5261353909664
22043 3208.903407053294
23029 1815.947856843131
24011 2343.51240923648
25003 1879.4542055346947
26009 1962.181905113494
26021 2116.78318839296
26049 2007.9515819631356
26101 2014.9359233313592
26165 1931.292847423513
27029 1892.4338385898006
28049 3160.3800343847743
28067 3233.3162472313925
28075 3153.813113700906
28161 3039.1029231626435
29063 2470.2529278563616
29119 2742.851171147075
29129 2356.2499888003686
29143 2634.8194488366767
29167 2654.8761317798294
30001 2523.379657238243
30023 2340.536880018413
31083 2740.5072960227267
33019 1835.71640629108
36115 1853.0908702093084
37045 2818.510357840202
37051 2777.5524175002843
37071 2837.169499176081
37169 2656.5778222398317
38089 2187.3956563945294
39077 2105.5713014130097
39107 2161.139259883905
39159 2210.4971307187498
39163 2249.61632147409
40031 3160.430767474008
40073 3045.52573878679
4015 3501.1409001755223
41069 2393.1710308781894
42063 2110.768750334943
42069 2010.864165420059
42085 2013.0483784350872
42121 1990.6392764025304
45013 3252.3439912918766
45087 2842.9928540168667
46037 2054.749630382512
46039 2045.7521300763192
46073 2243.000045738637
46107 2234.351196883854
47023 2752.692655496109
47033 2719.2083094414743
47141 2613.9135845163237
48025 3593.048585162644
48229 3898.2804223796043
48273 3746.8754767382084
48373 3277.860621367132
48377 4014.8331900535136
48393 3215.0454373937705
49033 2845.958809915015
50019 1723.461897231703
5031 2764.4754127571596
5067 2819.387014391961
5095 2932.7153982211353
51143 2576.3914897436375
51169 2637.135978457835
51680 2540.4270756572164
53019 2014.005237529325
54061 2191.4825702838516
54079 2322.5371048936086
54101 2300.38818704517
55027 1978.4087031375866
55033 2042.4689915861447
55139 1961.9950039212572
6009 3001.7416298328667
8015 4109.079049137417
8059 2840.5101255665954
8093 3732.010696099008
2070 2646.2403532252424
1029 3028.7333225128787
1087 3210.9933690558696
12053 3716.403991556725
12079 3424.281647802364
12117 3583.100252565783
13047 2819.937477069203
13057 2928.9092198696007
13089 2953.1999675053844
13197 3139.1699461985445
16083 2703.1072911202805
17041 2296.0370760985797
17043 2091.6741348177793
17097 2078.552720941742
17127 2512.803936827926
17161 2157.6847616950854
17193 2404.7881835254825
18045 2218.82880445591
18119 2240.429080112996
18127 2126.9806060302944
19115 2229.135679155948
19119 2196.921203320968
20041 2727.207989592906
20107 2641.210541813691
20133 2688.171213437044
21075 2645.475842047613
21095 2541.787797716379
21125 2455.5034864647578
21147 2509.993889989485
21215 2376.0228321013683
22003 3291.064776357586
22113 3406.5086993112795
26079 1930.941899004508
27137 1943.7218239256633
27173 2019.1315534975338
28045 3400.6081454805976
29099 2428.9344124753707
30013 2176.328104825187
30021 2204.0927491964007
31057 2842.5674198300294
31101 2661.691216774362
35059 3335.984390934844
36001 1886.838997342681
36015 1954.0640415274158
36073 1985.0644318548452
37055 2753.3696954788884
37173 2766.32333600493
39039 2106.8499756531523
39083 2160.6620246585503
39091 2206.0758470390915
40039 3182.2887942001444
40093 3059.81215122611
40105 2777.4022818689764
40145 2856.92678342392
41013 2511.724437142017
45065 2943.676895155555
45091 2860.8272650304807
46077 2154.9911954084932
46111 2220.884450568185
47045 2688.2165762728955
47121 2707.6309000407996
47137 2507.5030720797727
48023 3329.355176203969
48119 3161.782929148579
48355 3789.6246979850275
48493 3591.845417767224
49007 3008.4536488436256
49037 3311.1182900769413
50011 1701.9336077985813
5009 2748.434815605682
51019 2536.7083825089217
5117 2903.996929565141
51650 2573.4365370157952
51735 2565.0392471343766
51810 2618.0132210465904
54039 2336.06063623838
54095 2187.6362765278404
55001 1963.1626843802703
55023 2052.9140702034697
6069 3037.125972151023
6081 2798.050649539546
8079 4271.414085552407
8083 3526.4446160503376
1017 3137.6102326588893
1033 2832.101537282159
12105 3681.6937760434485
13001 3251.7011460094022
13027 3373.709065135613
13051 3243.8151771445014
13191 3334.287774107863
13211 2995.604447160881
13239 3270.082203703707
13279 3225.9392806014207
17055 2447.0217735121882
17059 2453.5800460108258
18015 2200.0395217200667
18061 2350.9191747641603
19015 2223.032889906522
19035 2196.2738240677563
19057 2268.951968580255
19063 2077.9033986845247
19185 2325.1784149789787
20135 2896.946969458158
21117 2287.5731810018783
21121 2492.882368874874
22023 3427.0374532250307
22079 3270.9290822024427
23031 1866.0818842360277
26085 1940.9828645212738
26095 1856.6290226532944
26103 1848.7527138146136
26125 2023.137824512698
26129 1956.2489186694102
27035 2009.8242315880964
27163 2054.392130824522
28001 3300.0438052621043
29089 2472.03003562091
29209 2704.848055869659
30031 2374.165183979973
30043 2321.6792128378165
30083 2120.1450127216685
31065 2727.7503900849847
31067 2518.822593545225
31075 2600.4478883852685
31173 2308.2184343404424
33003 1862.4823937367632
34009 2368.3054138441616
37105 2732.175736833522
37161 2799.271741530142
38091 1924.3338136363639
39023 2238.5883655505686
39115 2230.529007323807
40023 3097.56241442659
40045 3158.9105249558625
42095 2113.6272013232187
44001 1968.6560840660698
46005 2226.45288510821
46071 2403.672069965326
47013 2541.3939266599423
47055 2752.678990710569
47065 2789.33808028664
47081 2668.4915524464504
47157 2806.4347929077567
47163 2661.2958985892583
48103 3779.7710747875353
48117 3354.4550254995474
48233 3233.3034942588074
48243 3801.516332294622
48253 3465.0736066213594
48349 3335.5761733050003
48415 3550.475393332039
48427 3948.4870751920953
5055 2734.5195701662506
5085 2893.3603701451143
5105 2881.464851493977
51089 2610.5705891305997
51195 2517.532725886638
5147 2886.975000216023
53035 1910.8447809658253
53069 1960.9078190340915
54089 2452.5635256994024
56035 3141.1146193131435
8029 3344.1105927017525
8041 3033.958432217622
2016 2646.2403532252424
2100 2646.2403532252424
1009 2930.7747051374154
1067 3301.212736687434
13055 2869.329434583219
13277 3333.8845570970384
16085 2448.755980743337
17019 2274.893139123893
17063 2132.548438404097
17113 2251.2791579107666
17117 2390.8861026788927
17121 2416.415363030795
17129 2300.2298578804266
18001 2178.5471437057545
18079 2268.1553904066527
18151 2099.68379683349
19133 2293.173081223662
19181 2267.5074057282945
20007 2996.1983921052883
20017 2770.8697011363633
20111 2728.8154135098866
21023 2297.6819897768387
21161 2310.520104823986
21213 2512.11519488077
21221 2553.336529811989
21229 2383.4748715383485
22069 3218.4894221155114
25005 1958.3427826961788
26089 1985.1671602374988
27019 2041.9397682449705
27135 1793.2070613705926
27139 2060.4624203050325
28011 3062.999834644633
28133 3101.106483614775
29007 2466.768864244432
29029 2605.373290659289
29189 2410.5479731719606
29211 2368.2236604355307
30089 2095.3589949925863
31047 2666.9090493746316
31165 2636.2270991501405
31169 2613.063955012787
35049 3550.6932571645866
36031 1759.7670811824203
36047 2124.6062220607896
36091 1885.261646295302
37057 2735.9545789958534
37077 2637.6579491127845
37153 2766.399862724831
37155 2872.534228084204
38077 1946.0841903021108
38105 2035.563235849132
39125 2119.589714090571
39139 2128.6590414579537
39167 2216.108463293437
40081 2982.3309944140037
42035 2073.0106935449953
46041 2295.160540407877
47039 2748.0233030798568
47049 2540.803952843362
47073 2662.276637019372
48011 3239.0202232294614
48049 3543.095142643195
48125 3433.465273371106
48131 3718.9784465200564
48239 3460.054301165313
48265 3673.5907613055247
48275 3412.525626937589
48327 3625.658890084987
49031 3729.015637110478
5013 3027.2741599822443
5025 2997.8945179197735
5027 3071.6773374434374
51043 2326.523959197328
51115 2489.994476034032
51510 2339.1599786127285
54103 2182.212308047928
55109 2052.9844994820382
56031 2649.974377823124
6059 3354.5182425035196
6061 2897.2524171296022
8091 4057.015828328618
9009 2020.0098456212374
9013 1924.5033425644026
1097 3306.5263665716734
1103 2853.463249824205
12047 3409.0952537473777
13013 2929.91921975171
13025 3272.516620877209
13049 3327.217807178005
13071 3387.189007905414
13085 2890.2659662599426
13241 2798.717706966039
17091 2153.1850829669415
17109 2274.5594699494595
19051 2287.809138868521
19089 2105.4170349384663
20115 2799.675995294234
21069 2329.076941214446
21073 2365.6397503486596
21077 2312.2917841416247
21119 2473.967594524272
21209 2357.7950213933336
22033 3341.2536067373326
23003 1653.256643063572
25011 1881.4803979432618
26071 1915.9380768400667
26117 2022.0265954589186
27053 2055.3986360006347
27161 2057.0172311592473
27169 2043.098265204767
28027 3004.287870483154
28061 3198.8425106434324
29005 2417.746246136614
29011 2708.722873846028
29047 2526.0488265091767
29059 2659.735315551676
29101 2563.393048907215
29117 2432.6173884283817
29147 2441.4088617732973
29225 2661.7752090279832
30015 2125.465702233027
30029 2047.1134460237079
31037 2415.3241635009094
31043 2260.452061942813
31161 2561.4250385146433
32019 3135.346830906763
36075 1932.8570970457629
38039 1937.5487730113616
38041 2216.494083000541
38099 1829.2254378716773
39043 2123.2315267828967
39045 2197.1330412309103
39053 2298.1296693351424
39075 2132.5588437667907
39147 2109.974322443379
39171 2092.4335015841457
41025 2590.965028291391
41033 2573.2977689831673
42011 2151.6797371624752
42017 2183.769530360569
42059 2185.120410781961
45001 2900.4880379047013
45015 3054.718326989487
46113 2496.131850325683
47019 2677.8197017735024
47037 2605.9400221971005
47043 2627.0497006221603
47087 2578.148858814159
47097 2735.2179339705963
47099 2735.316221417073
47131 2648.790587470255
47169 2566.547391958403
48065 3232.51531536269
48187 3556.2016692372736
48435 3746.8992130311603
48481 3419.5006534910513
49021 3077.165637736658
50005 1764.4596361012316
50027 1828.7577034515261
51003 2430.3291307232685
5103 3031.758257931138
51137 2401.3391437095156
51179 2385.641439537099
51191 2629.247437637017
5129 2778.677856831506
51520 2634.9128176007403
51660 2374.335721128351
53021 2237.2982374273465
54025 2445.940591346477
54087 2303.2363357864488
54107 2231.3572640910793
55117 2006.6885238750544
55131 1985.68433721432
6015 2409.1295683417156
6057 2939.82660278551
6099 2958.865050329715
8035 2864.4252265109058
1003 3388.4812280519895
1041 3303.007746019177
1107 3033.5758815329823
13029 3230.419721832023
13037 3264.459162733361
13111 2784.3489140734778
13121 2951.1548444258374
13133 3011.764234085557
13151 3018.1074131265505
13171 3077.0412697784054
13249 3183.210954101139
13273 3224.578543697064
16033 2495.902885269121
17087 2479.882053209867
17137 2363.600757720569
17151 2482.2809207426717
17167 2316.8138008002256
18063 2253.181250996512
18107 2226.348155317321
18153 2303.0848608957217
18167 2262.777069879536
18175 2313.6442539098844
20003 2642.725189646675
20015 2811.5687083483517
20053 2799.752935594346
20089 2728.3251487586085
20097 2977.098231161473
20105 2755.810453693183
21079 2435.0297915630504
21091 2407.9380136379195
22073 3118.4692746392043
25019 2135.9759027479063
26025 2055.1684575153718
26065 2000.6364301879564
26123 1975.6698404022898
26151 1979.546797958835
27011 1986.5563747840713
27153 1992.0573533442612
27171 2019.7241476681013
28005 3299.7102328947144
28101 3140.2636541675583
28105 3042.061354755057
29015 2590.925468644715
29049 2497.9494522977952
29163 2448.0186747886646
29173 2410.3102604583833
29201 2570.9486740143752
29213 2667.217933921191
29219 2481.6469945816484
30025 2268.2337804532544
30063 2262.4586698941644
31035 2594.6759999821315
31089 2396.849039701502
31135 2692.5894900849835
33009 1821.7894792289774
35005 3644.9105048405972
35029 3821.017641823969
37019 2992.926014548921
37031 2877.1453324845174
37065 2732.602572474887
37121 2699.6881629026757
37133 2828.0722635931834
37181 2656.14765775537
38103 2011.9295917205336
39099 2074.770349761335
39149 2175.0412891718797
40067 3165.644959860994
40149 3231.119452545184
41015 2415.638690828584
41071 2113.5867126096614
42039 1995.6540148186657
44007 1928.3237349571327
45045 2863.4168997159
46045 2153.3620342250706
47093 2645.7458624924197
47115 2767.7583518625065
48063 3163.7323003010492
48129 3302.742104572945
48177 3523.824607560826
48199 3307.1549912700884
48203 3137.567515736561
48211 3194.269405099151
48361 3319.7042439351153
48365 3194.3591399867914
48379 3197.929193591447
48383 3727.917464589236
48475 3774.5346347003147
48479 3887.79744955258
49009 2829.9277413597756
50025 1854.5951319473018
51001 2505.517009376668
51059 2334.3611413849717
5115 2894.8559115578983
51185 2471.0246562241464
53013 2226.966689518413
55063 1980.4165835341162
6109 3072.0936465422997
8007 4128.90705171266
8067 3885.7879584236257
2090 2646.2403532252424
2185 2646.2403532252424
2240 2646.2403532252424
15003 2646.2403532252424
1013 3323.509610108777
1045 3326.610640279658
1079 2869.517280543068
1113 3192.9874622345865
12037 3641.003126278148
12049 3784.1710983937874
12091 3399.9165542431524
12131 3409.8236432310773
13033 3101.245336973333
13045 3027.2885953059267
13141 3028.6807135197982
13161 3271.638611762479
16009 2095.599148774763
16075 2563.6447271824204
17143 2225.211358846762
17181 2502.9731633275583
17185 2369.2584621329875
17191 2391.0787729052863
17199 2452.0459586163347
18019 2327.00966087967
18027 2346.919088683847
18105 2291.9287316849523
18139 2219.8845255483293
18171 2209.8779574972136
19189 2088.285865620113
20061 2692.8700270868094
20117 2569.6133785357943
20167 2770.4627344344317
20199 2964.608383852689
21063 2375.7291165033903
23013 1880.888586889974
23027 1848.1243248774374
27073 1998.078853009523
27103 2060.1435093906607
27147 2080.209537213353
28085 3246.2073036621036
28099 3118.2148002807958
29041 2424.5624440871975
29127 2386.563720547926
29181 2666.435750952528
29186 2435.3423912580956
29227 2422.1104718749975
30033 2194.5814099150175
30085 2065.1531339490552
31025 2421.0046725557618
31033 2708.3466583529407
31081 2554.2042373165627
31085 2755.928910481587
31121 2521.536324484801
34033 2307.548917496664
34035 2124.7028803914245
35028 3349.532360472351
36025 1923.9660897966942
36049 1811.5414486276773
36059 2116.043410915841
36095 1919.7906253988224
36103 2138.11994202682
36117 1953.4955105508789
37151 2735.1599065755104
39073 2228.4981920984933
39111 2171.6247659538344
39121 2188.3600585588606
39129 2241.3309917067922
39135 2261.9737038204144
39141 2252.596902713382
40075 3237.731369131163
40079 2914.974760251706
40107 2965.1238544318735
4012 3587.5435546844733
40151 3017.2154512044867
42009 2196.1613657500284
42015 1995.8558775784934
45071 2883.691231453332
46051 2014.4618296928775
46067 2234.2014349638157
47007 2661.729134736183
47077 2733.057030633551
48005 3275.7878856019
48147 3168.9553045928114
48151 3484.185543189833
48155 3321.2320648725176
48215 3862.031832638131
48299 3566.39666449606
48309 3421.8936078303113
48321 3478.1800423582104
48333 3544.561661088016
48385 3773.3204260623224
48395 3372.0253973446875
48405 3244.2929294711353
5083 2865.2870414220156
51083 2573.3289752886617
51193 2426.16884048321
5145 2878.593810363751
53047 2080.8196159496133
54009 2106.442072270974
55015 1963.9156902500456
55031 1982.3716038427135
55047 1962.724041411043
55137 1960.6022661058123
55141 1970.1985626908229
56013 2843.5178410724075
56039 3384.6698120032283
56041 2864.112233086318
6103 2739.8944048267167
8005 2877.143361518771
8081 2907.810083665071
8095 2789.136568971356
8107 3757.048207989491
2195 2646.2403532252424
15005 2646.2403532252424
1053 3311.157499105854
1075 2971.9468383835806
1083 2821.725905343463
1131 3315.3077128706223
13081 3225.986267923962
13105 2904.3035794636485
13109 3223.099507427265
13113 3015.6732251161534
16037 2508.3034317280467
17157 2427.132377862754
17203 2221.8031068571286
18059 2211.3458131573225
18093 2273.8158700368
18155 2283.2148879041292
19001 2318.732091609827
19019 2129.272811334177
19131 2129.544646605332
20055 3007.9665507638506
20059 2629.242643011957
20169 2719.231350397954
21035 2594.3217118461666
21111 2344.4171753702617
21181 2345.313982191026
21239 2392.4698970496315
22019 3348.2483028910824
22027 3106.0305683135784
22051 3426.1679094372157
22075 3518.263201119351
24025 2284.440507235997
26081 2000.1874999007923
26127 2031.1817409350053
26155 1960.3049998926704
27057 1951.105670439035
27087 1894.3236794342245
27089 1821.2291877897003
27097 2030.2825390027274
27101 2077.3991561548287
28065 3212.916134395683
28117 2905.645718653125
28155 3034.459314577018
29001 2371.810997825463
29017 2512.467902068834
29027 2515.881290053297
29055 2562.228693566845
29067 2698.2393823984658
29139 2489.0451401033265
29195 2510.7408057886887
30037 2342.6423626062333
30061 2177.7794991664323
30073 2124.2300904489466
31133 2478.0179579545493
31143 2481.5795275009386
31167 2391.256557339288
32003 3313.6460812717587
32031 3065.4806281556516
34023 2149.650385647835
35013 3872.3061361713862
36079 2040.5332558730768
36083 1874.200446249377
36097 1912.7127168159097
36099 1905.5935565575849
36101 1945.3185547018184
36109 1880.0348101614763
37013 2729.9605244149147
37081 2696.0741138839494
37171 2633.041460017528
38005 1929.1179857971329
38071 1889.8449025956836
39087 2317.5185173485816
39095 2086.5882664146307
39143 2110.8180611487496
39151 2118.798611573097
40131 2826.1689512796584
42003 2090.7639544890044
42081 2060.7148966721397
42133 2212.5529842206233
45055 2920.1890516659937
47061 2725.577524935755
48013 3616.3854682129754
48075 3286.658308854678
48163 3702.1570115084405
48227 3663.4676955898594
48245 3323.7869498160794
48255 3582.197505416453
48257 3287.0619609501664
48279 3506.2730176000296
48323 3812.389566356625
48397 3251.7123073070748
48459 3173.296656763324
48467 3234.8505719987515
49049 2965.16821227139
50015 1738.214863663414
51103 2472.404105344234
51183 2565.9639722908246
53027 1943.500706276075
54021 2288.6619265480963
54055 2464.359081195227
55005 2020.082942570994
55029 1966.7014933116604
55079 2016.4635461166486
55129 2000.636303743696
56023 2900.051195240198
6089 2690.228817374844
6113 2874.3034401998566
8087 2929.554720265232
10001 2337.8909984701895
1123 3151.7135821668644
1125 3066.9108580373304
12071 3934.4111382314513
12087 4220.390671141338
13031 3180.663332813704
13059 2944.5533207735625
13063 2978.7000325313384
13139 2902.7757155323948
13309 3227.7316702351272
13311 2849.270522553359
16035 2212.71167613827
17085 2062.249456362756
17153 2538.6420360792613
17189 2449.4366617192313
18039 2101.7797289182117
18089 2123.200738170505
18101 2319.243646768289
18129 2412.902290516451
18131 2141.36739153235
19121 2289.497360541448
19167 2212.0008699101436
20079 2841.7173524758473
20113 2802.438975709573
20151 2974.7163489853115
20163 2776.03580669198
20173 2850.2055152281814
21059 2424.988341649431
21157 2564.0139867802536
22041 3176.0238897364766
22057 3421.476263567132
22063 3337.331219411732
22081 3172.6372979698576
22105 3339.1572109378135
24009 2404.803379610965
26059 2062.931378776018
26083 1919.6545201133147
26115 2075.2313356674717
27013 2071.689270776886
27017 1968.20814218618
27033 2094.382527985824
27099 2103.1388102074434
27111 1962.9031376887224
27115 2033.2330728138988
28057 2952.6802365369626
29025 2489.289128488308
29087 2449.9524284745166
29149 2667.623546027869
30051 2104.2968317280456
30107 2347.3968203966015
31005 2646.18906203966
31053 2384.7384470158254
31183 2465.2205846590923
33011 1863.9662160066262
37143 2704.9550224393756
38015 2105.0635547141
38043 2070.1027215909085
38047 2102.1266056818185
38073 1932.0422293674483
39015 2287.723072465357
39057 2252.995083306811
40027 3053.061070055455
40129 3236.857870254961
42037 2098.5790112752443
45023 2872.5757621357266
45063 2948.4024459511397
46049 2169.222036363636
47005 2624.8577372776704
47119 2676.2589312777554
47135 2691.6308640739207
47159 2595.2662297811125
47179 2685.722189348688
48081 3619.1958454670234
48133 3416.6050363335385
48259 3624.075607626998
48461 3733.556939743317
48489 3764.109715618406
49017 3114.114689533796
5061 3012.5601495655983
51017 2448.051014204545
51139 2374.454324202272
5127 2888.957261736223
54011 2325.3648641946315
55051 1964.4126726504255
55053 2002.2063257956897
55085 1968.5792251025043
55125 1946.8554993688585
56037 2879.8024212117275
6087 2955.450686606079
8039 2935.953969203581
1049 2884.7312575936767
1115 3006.4655515657373
12001 3444.1229809961546
12015 3909.766239514276
12069 3593.612874789631
12119 3633.133670012564
13007 3335.530970398943
13011 2890.448353595701
13079 3096.061938095129
13219 2962.443491165441
16017 2023.125213560099
16063 2666.297295467422
17013 2431.2258841307676
17071 2232.762722146059
17107 2269.284440629318
17197 2100.3706695589444
18065 2204.8041914782343
18083 2350.42861624667
18133 2220.300338710939
19025 2207.473691382473
19029 2324.7458901145687
19087 2257.4017988979817
19135 2278.774380620515
19163 2158.0049074873004
19175 2375.244908247756
20131 2513.5677454706833
21043 2336.9679010159266
21151 2422.310748706297
21185 2331.8553381302863
21217 2417.807499603846
22005 3357.4574661379565
23001 1826.0805865492732
25007 2090.6179064176717
26045 2016.0098103645303
26121 2078.1355515769833
27021 1962.7087139681819
27133 2183.210258424517
27159 1949.6504569819765
28051 3132.1312514989754
28089 3149.326659104093
28119 3021.2532391326404
28145 2936.6191453626716
29053 2502.258272428465
29081 2416.619657350739
29169 2620.1632096507965
29221 2515.743987387272
30093 2355.0072575198583
34019 2130.9636816924476
34037 2060.850663155868
35057 3574.129656921189
37129 2965.9754555098298
37195 2742.2416698783245
37197 2693.5186543388354
38021 2042.603454223262
38049 1975.5874390907998
38101 1980.2705800510473
39009 2226.72595592861
39033 2124.374522861165
39069 2101.1628391850595
39103 2074.794470908466
39165 2254.799261870312
40015 3165.6057682255373
40017 3087.1726788567607
40061 2917.0570957329564
40119 2936.8108717558503
40139 3188.8292048796875
42019 2037.5138158705965
42031 2025.6531392390054
42103 2016.3874666453548
42111 2181.2681263461645
45089 2999.1645496117594
46013 2116.5109822879067
46103 2365.2047573864593
47057 2614.7954183309685
47067 2621.40200131037
47075 2736.9608187489775
48085 3238.9638218036653
48143 3434.3643982800595
48313 3331.973209245739
48347 3231.4308978888366
48403 3249.4752055172708
48407 3305.461824693496
48417 3421.2047844192616
48423 3221.122960037983
48437 3359.7380078268525
48471 3299.9849217581504
49015 2961.3835330128372
49039 3052.093724268697
50023 1763.859619739645
5081 3057.590843738921
51009 2526.439065442955
51051 2464.4221227087196
51109 2434.80087564108
51119 2459.414040568152
51121 2523.404389602272
51163 2488.6974625778425
51177 2409.747351027016
51181 2553.140947932586
5135 2730.1767134797433
51550 2610.3253508388925
51600 2334.804887126364
51820 2434.842802311165
51830 2534.590067596279
53041 1951.4394608759133
53049 1967.1262436106488
53071 2230.4195506676456
53077 2247.6056385220745
54031 2262.0049303098003
54059 2393.9351851753704
54091 2235.7906254214195
55003 1944.1747703626709
55009 1976.7879675487827
55089 1992.063603201416
55115 1952.6953316342306
6021 2782.3280416039697
8001 2846.6828656278785
8121 2903.8325603367534
1051 3189.355640908207
1061 3368.266794589542
1095 2900.6507509566104
1119 3140.226596259378
12073 3397.871315186664
13003 3312.7114397206515
13005 3264.3680102914013
13043 3191.083500326183
13075 3353.524491323446
13119 2906.7488270314516
13179 3218.6187471498006
13189 3023.23951127701
13195 2896.439984976469
13207 3070.2302788133065
13265 2996.0981082621097
13317 2978.9551877765516
16065 2618.5673720014997
16073 2566.180540065778
17135 2396.75735264321
18005 2245.1635519137753
18113 2105.24566520156
19023 2134.564236464204
19069 2149.2243736178116
19113 2124.85215995613
19117 2308.760539504589
20009 2853.4064856161103
20011 2681.138174165853
20029 2651.753676488633
20033 3022.256379320112
20165 2846.9249299809894
21015 2297.223240680855
21019 2321.8165832833515
21127 2359.49760195125
21155 2399.009436189629
21233 2470.1020798340614
21237 2399.6707637582067
22067 3098.4613823634627
24003 2328.2653600330395
24510 2292.3562859120434
26001 1975.7956872261684
26143 1957.7203505497587
26161 2043.227684155603
27131 2060.018119349631
28023 3183.2317194971915
28135 3064.786057493238
28151 3098.910255563153
29091 2701.2319846302544
29103 2332.78687357946
29183 2426.815139837843
29215 2644.0233735540646
30009 2426.144081407478
30041 2060.9922389073954
31077 2521.6506971590907
31123 2703.3055033994324
31125 2498.126464488636
31129 2654.0793991159085
31159 2460.759749140221
33001 1876.2521536386425
36011 1868.0424785299977
36069 1918.3651182970434
36105 1991.9046668142178
37135 2691.180322475682
37141 2901.196831794091
37157 2643.3244624500007
38061 2007.0523442062915
39029 2098.406051437445
39119 2169.389775013124
39137 2145.522902612302
39153 2060.547998289745
40025 3284.158107796804
40085 3194.921563976137
40115 2740.557504551079
4027 3687.5179842992093
41003 2205.435634723272
41009 2019.4509399461028
41027 2258.840529641024
41035 2697.298479896052
42045 2255.828830391026
44005 2008.0756624320975
45021 2799.2879928621655
45047 2900.3603917990604
45079 2926.9391444465255
46069 2247.1436281249985
46097 2229.2778181818167
47107 2724.9182606190893
47147 2544.46603581102
47173 2604.6417611072657
47183 2663.499874925909
47187 2657.696027367217
48169 3500.9495985835683
48197 3289.920455807366
48207 3419.3590137849583
48223 3190.137485006702
48291 3321.3413190414476
48345 3357.134313031165
48357 3181.6382990431466
49029 2882.1362511758894
49035 2855.712652741474
49057 2896.540458384531
51011 2531.4219045440045
51015 2431.4401307059397
51049 2522.473453467301
5107 2962.4383751055107
51113 2366.8217918491496
51147 2555.6265369624725
51167 2533.856301630199
51750 2510.734563190597
51770 2509.82087912659
53031 1867.9877385022698
54043 2335.1685882598576
54069 2139.9498883684105
55071 2007.3510440058033
6011 2832.2487075437257
6035 2936.5729103132107
6071 3471.618774317647
6085 3043.3014072046626
8073 3078.9416187077254
8105 3740.5007493392354
9003 1933.5843768083434
9015 1926.3269735562337
1035 3338.0659708501703
1129 3300.600684274035
12019 3439.217315927262
12055 3754.319697514555
12107 3476.0740294113098
13125 3059.1642547008537
13153 3117.265945614418
16015 2560.188818413595
17047 2367.5649622465894
17049 2376.524626974657
17177 2052.905013436235
18143 2295.518391945719
19059 2108.098531003135
19107 2243.7586413593176
19197 2138.495515143209
20001 2671.7392349808283
20027 2678.930364581307
20047 2911.8174414548685
20057 2971.1155539124384
20069 3000.219129421501
20141 2761.178320738636
20143 2693.2892794205395
20161 2663.6719018056833
20209 2536.159411247145
21195 2435.428679051475
26029 1977.9007063597574
26075 2054.6203689844288
26139 2058.8534340504134
27129 1998.0174584677843
28025 3033.76226204307
28059 3401.5904339546587
28071 2994.269936710312
28087 3021.1578284340067
28149 3184.4031325961637
29069 2695.695941297188
29177 2540.3105206840883
29187 2474.4915144578695
29203 2610.843357521137
30067 2372.73767551207
30069 2200.611170821528
31007 2750.17384759207
31031 2460.8390129355016
31045 2551.6849057316776
31073 2685.2709271954686
31091 2549.961409348442
31141 2423.150316638438
35001 3638.3685674404537
36085 2145.9097450737045
36113 1849.3437686554205
37049 2769.7702345888047
37131 2650.746839990938
37149 2807.8669532920794
37179 2807.1913082812794
37183 2697.4801318126956
38003 1953.343412898959
38081 2000.7223797356962
39017 2264.5193475808856
39019 2115.1078900511916
39047 2249.0191773577562
39155 2052.837094737044
40005 3084.2749239560503
40013 3146.254668741135
40021 2841.997356237557
40043 3136.910981049969
40091 2904.318212181221
40095 3148.5058225153703
40125 3000.269494586108
42073 2058.3178782187224
42125 2139.1131028132113
45081 2920.9241954646463
46023 2296.03481298714
47071 2780.9695409359974
47103 2772.1167904726426
47167 2787.818421461761
48033 3603.1365223796042
48099 3458.4648380657677
48173 3655.4790441926375
48179 3245.463985868101
48217 3388.5744742314523
48371 3732.0177423011296
48445 3543.663637692407
48463 3760.0493659121835
48495 3776.4030859789227
49023 2971.111386232011
49027 3033.770302526826
5019 2964.6577425822998
5033 2865.4280728906233
51081 2577.34510202074
51161 2501.0493473818456
51640 2591.246980574488
51685 2307.2762316368758
51700 2555.9157012886103
54099 2335.8813827359922
55013 2008.4336123951437
55057 1982.4172663483653
55087 1967.2311737999728
56027 2601.129687252126
56029 2572.978698120454
56033 2492.926472428868
6053 2988.0955811775257
8025 3204.8179470254954
9005 1959.0111766522866
9011 2010.7120576651446
1099 3341.7128513457396
12013 3401.8744846946993
12021 3949.6540575634144
12077 3419.4958881555553
12089 3379.1025601149877
13065 3308.401852207864
13099 3312.608109411594
13159 3021.330732179373
13235 3157.987491664076
16061 2222.906448634315
16079 2045.407641377413
17003 2551.8058675800585
17057 2265.5498404728974
17061 2412.0799981453974
17083 2428.642663660113
17123 2167.865516870908
18021 2241.3813008595057
18035 2174.1098456930677
18085 2119.138821181467
18149 2128.4694573078136
18177 2240.5334476579087
19149 2231.677118682935
19151 2162.0311042069557
20191 2904.547591612472
20205 2703.9329410884657
21097 2334.5697599156115
21107 2492.277552545995
22009 3310.572867754516
22021 3129.946000877414
22031 3176.5589855856815
22077 3318.873098342925
23009 1867.083994663157
26047 1932.1386468018309
26105 2027.789739095274
27001 1996.8172204739858
27039 2066.8128481213807
27041 2006.0987064573894
27091 2103.006112508227
27113 1858.280435359689
27121 2009.6607872143074
27125 1860.0053771475891
28007 3085.342735105143
29065 2608.0304949175284
29071 2483.3582807765606
30109 2205.466761473087
32011 2969.612610764872
36089 1767.0095351847503
37063 2678.0073182432675
37085 2741.5568976355967
37087 2783.46362910117
37193 2689.8914509508245
37199 2728.6824949888887
39059 2152.129503147657
40141 3238.1281691022705
42053 1982.0026830702277
42113 2051.8610977730095
42123 1965.3729941415907
45027 2989.5747831526137
45035 3045.008865901025
45069 2816.9164274844597
45075 3019.322456763363
46015 2283.2370963737517
46027 2245.799248224272
46089 2152.138543465911
46101 2132.8963920066476
47165 2537.999504896581
47185 2646.2164631631613
48041 3369.3241240393468
48123 3510.0377815598285
48367 3346.0515072931234
48507 3795.796031749633
49055 3349.888958640225
5021 2705.4701883529256
51013 2331.816330036534
51057 2461.8243616744007
51135 2551.16650902537
54005 2365.672183981305
54083 2244.8045655079545
55041 1922.5178839973444
56011 2471.657887429459
6003 3458.9214673295455
6023 2522.398268629888
6075 2756.2245215360203
2050 2646.2403532252424
46102 2646.2403532252424
1047 3228.783870534746
1091 3191.662250680821
1109 3299.2916045161282
12063 3355.042197596327
12099 3818.6256191343623
13221 2939.0686028065547
13227 2885.895184179373
13233 2938.9221840856703
13237 3030.4180430259844
16023 2551.6146388101997
16045 2594.7107704180526
17021 2347.713719606761
18097 2206.8117520157703
19073 2238.4488849156405
19093 2231.907042837753
19179 2252.345138924139
20101 2916.702423796033
20119 3058.17027919419
21045 2447.228570514646
21141 2475.5170587698003
21159 2395.24258253188
21203 2429.447695591539
22059 3181.6611234467314
22101 3431.1904277518465
24005 2294.2995244017334
24031 2318.5429136080124
24035 2361.3535581125284
25013 1905.8258351920535
26063 1995.9608999398029
29045 2299.076284086826
29137 2440.2719749278986
29185 2616.245718802471
29197 2347.0679897738514
30027 2209.8216716010775
30049 2299.869533503088
30053 2030.0414988726916
30077 2337.254151487479
31071 2515.666872443181
31109 2453.940723502319
31157 2729.958281279126
32017 3269.3810108115886
32021 3195.9767068257656
34021 2184.725437358719
34041 2095.010529586751
35019 3435.4164016997165
37035 2780.1281125688083
37093 2791.0536603051705
37117 2702.019423793013
38007 2166.249154674222
39021 2228.9744197870473
40037 2885.346532316901
40077 2948.6993060749724
40103 2924.2129368330097
4011 3755.826908888894
4021 3650.6068319653236
41007 2009.1485968082716
41031 2436.7845151278802
41059 2277.9269447007296
42079 2049.070957386981
42115 1974.9037402374931
46003 2232.1200690340897
46043 2267.777745170455
46063 2367.258818130311
46081 2422.058987676432
46105 2318.026995184137
46115 2170.9954520121346
46123 2320.7524712578766
47017 2681.610824201704
47029 2699.6341671267237
47059 2700.5415527988885
47129 2563.493109664503
47143 2667.5821708627623
47149 2632.5659330471503
47161 2593.4855451125286
47171 2686.88879783826
48053 3536.457260286846
48107 3448.5199415183865
48359 3282.5842416430605
48457 3283.3370285718734
50009 1742.1738196070867
5015 2751.8498494995465
5073 3044.8067727829243
51021 2489.4330533693187
51036 2545.7678178220167
51093 2586.313963742246
51107 2296.4623998220454
51117 2603.339982736478
54075 2379.588154471138
54081 2407.3121138922156
55097 1961.6153102144
55101 2044.644649582372
6013 2928.3237761100286
6073 3472.942325755114
6083 3227.095094913265
8089 3206.2260952108354
2150 2646.2403532252424
2282 2646.2403532252424
10005 2357.788268583477
1069 3332.93103693803
1073 2992.554039174944
1089 2840.636301840114
1111 3074.132223424048
12041 3489.6668243024506
12133 3330.200957554474
13073 3006.9373725181454
13083 2809.6003562936185
13165 3151.942549994758
13261 3214.3509433072068
13275 3389.681402690767
13289 3084.943507637095
13301 3006.950049218292
13319 3071.890953719143
16001 2594.7816435712766
17079 2343.1124971559657
18125 2373.117642540958
19037 2121.0184409295175
19061 2085.013021667556
19101 2238.005582477395
19127 2152.785951984582
19159 2381.8888220139265
20031 2670.9549410665622
20075 3055.681967422095
20149 2629.2857565865065
20153 2780.4063382436266
20155 2846.9151735031833
20159 2854.3971846915633
20195 2831.2652696883843
21169 2463.1300778107125
21207 2451.4481503780057
22091 3310.8354446684343
24047 2403.0120174227636
26043 1893.3484681272387
26107 1979.28105478055
26113 1932.8992910937893
26135 1928.9554815393763
26137 1888.7275525206169
27071 1821.524290500414
27155 1993.0788738535032
28031 3228.0943684882704
28103 3080.9759708563925
28113 3299.3650848679854
28121 3172.9287001600296
29003 2450.069990999773
29023 2638.037278145001
29035 2617.3835146187484
29051 2543.5995208702266
29061 2440.949814624562
29123 2488.148089654006
29133 2623.2761028714776
29141 2583.0385334248017
29205 2414.32564939855
31021 2333.731515362775
31179 2335.9977824186553
35003 3484.2187300283276
35009 3478.635838598471
36013 1967.6136468312159
36111 1974.778280099886
37001 2676.0202228679004
37027 2730.957991969543
37043 2787.5306671471512
39169 2119.835888360881
40053 2943.3575326814475
4009 3745.3430733962628
42021 2136.4108200121323
42087 2135.4073443648304
42093 2097.3211351853865
46017 2281.3286227272724
46065 2289.4966736322026
46121 2414.5567128572675
46125 2214.1004408226054
47125 2577.174748758779
48045 3330.545097450424
48079 3548.9568229461756
48195 3226.1221478143343
48249 3659.1497324392076
48329 3759.8492271807895
49011 2880.3781991703086
49013 2956.202379302519
50013 1703.1432916549065
5017 3080.279117336844
5023 2821.4591315714474
5029 2866.063682613665
51007 2528.9095582794052
51053 2553.3589586863077
51063 2564.85264981733
51067 2548.6409626886366
51095 2533.7922498527273
5113 2923.827200949346
5131 2869.0116049026697
5143 2780.8193083859082
53059 2143.0091648130324
54003 2295.503787821592
55055 1962.838659171015
55107 2010.594141363141
55127 1997.5872874254003
56001 2824.168205218131
6043 3111.560951729491
6051 3602.231672728156
8043 3298.2258817709653
8065 4115.56395553173
8119 3700.5472261956925
2105 2646.2403532252424
15007 2646.2403532252424
1021 3140.401610122503
1063 3114.6535080929852
12043 3832.1757519477214
12083 3539.040940937549
13019 3351.825015144272
13117 2912.78903370906
13143 2997.9463145459845
13231 3087.7461039075492
13283 3161.7567572784606
13291 2819.1054237414783
13295 2825.739073994985
17051 2407.7325122249727
17105 2193.097102678537
17187 2220.410912760917
18031 2235.020694278934
18041 2243.9696604762967
19075 2147.998316345737
19141 2166.985379273258
19143 2140.5263896914685
20193 2843.509920277498
21025 2440.876352396296
21027 2404.8418199998555
21173 2363.6429872578915
21177 2449.2693794517063
21223 2288.4988686084666
22109 3437.0331655338114
25027 1904.760893285289
26005 2068.6092874498186
26013 1881.7443502178635
26027 2087.4621268845817
26053 1945.017321243356
26061 1909.8629327122671
26073 1999.6047691300955
26077 2057.4940037576257
26097 1881.984245839156
26153 1847.6619480160882
27009 2036.2051487558122
27063 2102.7514602052697
28003 2831.082226845343
28081 2963.53880862412
28095 2990.249374988693
28139 2866.8611789390343
29009 2728.7843083555977
29043 2651.483046565426
29075 2433.4049034707114
29095 2555.9900595517047
29165 2523.624742623411
30017 2272.9112712620117
30045 2218.5699427762033
30101 2081.971483896912
31099 2679.7312391188357
35015 3696.006921801417
36005 2074.9225509446437
36055 1976.911430946421
37033 2621.320387715908
37069 2683.579747630484
37099 2795.021055041711
38055 2074.0416527913594
39001 2287.56309348886
39175 2138.655503431647
40101 2865.2611663432685
40109 3040.8566181830956
40127 3035.6220449275297
40135 2903.903647719717
4017 3406.9817647071663
41001 2434.404903598581
42025 2084.6483292049875
45003 2990.5948787993757
46025 2148.5166133522735
46119 2283.47506203966
47041 2658.9334800373767
47069 2768.325310684288
47175 2648.8007368380313
47177 2708.299570283732
48077 3237.584503602529
48091 3572.8222399687
48137 3816.618230028331
48161 3317.346517098491
48183 3164.434205803269
48221 3373.6716793586097
48235 3722.0837467422084
48315 3119.918365179516
48319 3626.3001821846206
48391 3641.083538712585
48425 3379.876875272926
48455 3269.5529018630095
51031 2547.511917623694
51087 2504.7725534375295
51145 2502.4096196741216
51595 2568.945569538238
51678 2482.2309224431806
53073 1833.867873176374
54013 2298.2941778009927
54023 2244.239207269204
55045 2038.2482845218817
56003 2569.610956550736
56007 3005.4895539779623
6001 2909.624930983893
6025 3587.5183151482966
6055 2912.75316231804
8101 3166.7179139020427
2198 2646.2403532252424
2220 2646.2403532252424
2275 2646.2403532252424
1043 2883.443071627218
1127 2934.911768445059
12039 3402.339670187859
12061 3794.0226886906553
12097 3609.620869814105
13015 2928.2551102251573
13069 3288.549091102338
13193 3152.7053897735036
13305 3234.894363216126
16055 2061.8073190758864
18077 2267.6976151976887
18081 2227.786422806182
18115 2288.21651972302
18135 2193.049503254131
19091 2161.691625882586
19161 2217.1646226173507
20187 3090.5106351274785
21011 2335.5320397762966
21047 2550.767243315056
21191 2307.220884268006
22083 3144.4659923071026
25023 1948.6606783851923
26015 2033.164804589502
27045 2072.9076496252565
27067 1997.1280836600063
27081 2053.9593365922688
28035 3279.460905184687
28063 3303.205131500654
28097 3061.6212759220743
28107 3016.079554717301
28129 3189.3832258449165
28141 2868.3226327408524
29013 2637.93641170585
29207 2605.692194289659
30007 2328.342717616685
30079 2231.59168611898
30105 2076.0304526150794
31011 2460.703015507585
31019 2634.133350101656
31163 2598.0660633522716
35011 3508.150155524082
35031 3397.9739125090364
36123 1926.5289913891438
37109 2804.265072468493
37137 2783.1626898819336
37145 2623.2885781147434
37187 2737.1870302421025
38095 1885.1385051136356
39003 2182.61936113622
39089 2164.1278337055396
39105 2257.412814183636
40009 3248.763033411786
41045 2559.0581611287726
42047 1980.1824284339475
42099 2181.8622436210458
45009 3070.8023888154707
46093 2366.2759782668286
46129 2215.456188611931
47035 2591.626156677377
47113 2731.176901292046
47153 2717.029974120428
48001 3259.659702706218
48157 3300.3796813326962
48213 3257.1088044746007
48247 3861.141266039012
48293 3359.1651507668766
48473 3330.4033246280073
48491 3502.4616088841753
5037 2879.6054652600283
5089 2720.134277089487
5093 2743.8502628945744
5101 2795.0390742768177
51023 2485.185132968522
51069 2313.468197305823
51097 2479.8493875721006
51127 2519.658702101873
51760 2512.794212783666
53001 2204.0535975722332
53043 2099.3083903947604
54017 2231.1670012331547
54019 2347.229922865482
54041 2254.8290835097728
8097 4055.9759582618103
1015 2978.6639091009974
1019 2925.7653981270387
12075 3553.347212491679
13101 3380.113334207891
13205 3363.865444118637
13287 3272.1776036709703
13299 3276.5197792026484
17015 2096.1969075019006
17037 2062.714914295319
17145 2459.3062880858215
18047 2254.727512689649
18051 2370.955504829145
18141 2084.325681082332
18183 2131.4936226011077
19165 2306.4316155605034
20043 2486.630847178721
20087 2577.0148269324145
20147 2742.442284280307
20189 3133.924998812011
21037 2290.4830288820035
21055 2489.5129824887485
21071 2445.8650564683767
21099 2431.3253381855548
21133 2503.4227141972365
21139 2537.4183651790054
22047 3374.416981606219
22123 3108.4463581896894
22127 3183.3595942892334
24015 2271.7409927341605
25017 1887.1441855703838
25021 1912.3004835785991
26023 2073.6392580416646
26111 2022.614422425598
26119 1894.0060971099922
27047 2104.9136267598847
27075 1949.432658773721
27085 1999.6290475166722
27127 2035.497939413099
28033 2871.125657250512
29083 2602.458864940596
29093 2514.6313824074728
31017 2485.608252974504
31069 2636.7269815864033
31087 2753.3160042492923
31103 2386.9036813031157
31105 2735.998638810199
31171 2531.618696600565
31185 2529.1714348148
33005 1850.1370692496391
35039 3522.767514649944
37095 2853.9630923295463
37113 2803.249051527522
38019 1811.2552720804276
38035 1842.7444875605731
38085 2176.680419684033
39157 2131.856275447448
40041 2785.3094119888065
40121 2955.5855838871307
40133 2990.0979052950847
40143 2850.7856060381814
40153 3118.687655907367
45049 3143.456441256782
45053 3178.913621526609
46009 2275.5528314868466
46047 2468.109446137648
47047 2790.250324011224
47083 2599.787009179802
48031 3575.917172284756
48059 3488.1013297182417
48073 3226.581517817387
48153 3413.0919038422107
48181 3179.7943959137206
48205 3379.1626399433453
48219 3529.843869547875
48271 3718.721701416436
48289 3330.876104464488
48337 3238.2776360723847
48353 3513.1048816972816
48429 3352.6321086484727
48431 3647.13088413598
48443 3944.795811048157
48453 3515.9135793330115
49001 3048.311704441985
49019 3268.0838210463758
49043 2934.558273763996
5047 2835.170847573152
5087 2792.207026220712
5097 2860.217516545027
51530 2475.2548846590876
51690 2615.5671036320746
53037 2220.9605290181926
53039 2277.528151329149
53075 2180.67459472022
54033 2253.118566858719
55017 2010.9465618690933
55091 2031.9413216466767
6115 2858.679131268436
8014 2813.1265115060046
8103 2992.9006089876752
1023 3210.8215382023295
12059 3349.0571959846475
12123 3521.785144979458
12127 3605.0391578937342
12129 3412.1302519878936
13107 3153.5208220699706
13155 3292.473392114133
13169 3074.1326843225934
13253 3357.751983509999
16041 2741.691141517112
16059 2476.1026900414176
16081 2579.344410198302
17029 2337.052339996562
17115 2301.150799898152
17165 2447.6581012973866
18025 2336.675870813561
18053 2190.332619218838
18055 2289.6848309721177
18137 2248.0164377876063
18147 2396.4779495985417
19011 2156.4255514326996
19085 2319.4123010936364
19123 2222.692691712982
19129 2386.198219796733
20051 2806.128428718296
20129 3161.051920396601
20139 2630.3913581587503
20179 2855.7740272952624
20201 2634.938408483069
21137 2434.8534287712246
21149 2448.4483218848295
21171 2524.264743734503
21205 2354.864422255269
22025 3236.597984116648
22103 3388.414647450652
22117 3303.7514420759107
26131 1907.1152581960728
27007 1890.4872844708552
29157 2440.3808583675836
30005 2055.456086977105
31117 2594.135369688385
31147 2461.211097773154
32023 3375.051811378376
32027 3028.254923011365
35033 3556.125532011333
35051 3736.2972869451246
37029 2677.262754374575
37089 2781.849264470228
37163 2773.8539219435233
37165 2806.0128940398
37191 2759.2428720296894
38059 2122.2887843543003
39007 2064.374400146165
39041 2206.5771693209103
39051 2094.1850806260227
39067 2110.2061593074923
40049 3088.776439667586
4013 3606.941545052548
41043 2224.66678985625
42127 2005.6248187520214
45011 3062.88266149695
45031 2895.1541040335246
47031 2708.2172044522226
47117 2686.773476452752
48037 3071.8995718396577
48209 3523.84352217023
48263 3451.1780005665687
48307 3578.5657411343327
48311 3645.499512747874
48381 3258.4959781097155
48401 3194.6273624261635
48465 3759.4114974294353
48483 3298.8273339552698
49051 3047.8295583731715
5043 3019.216085861821
5063 2772.928256499034
51029 2523.7134100683525
51125 2453.9923844419027
51155 2519.2172357334957
5121 2716.0217554754554
51610 2338.0288937471882
51683 2319.125641527074
54067 2330.276471359318
54071 2330.015488760627
55021 1965.6348040760276
55035 2018.830786702988
55049 2024.248819309631
55111 1992.892378306786
55135 1964.0219193719413
56025 2749.4111070644162
6041 2850.7390084457943
6101 2833.130948875911
8019 3633.9262587112466
8099 3142.19167670674
8111 4215.813738526909
2110 2646.2403532252424
2170 2646.2403532252424
1011 3258.9971895902545
1065 3142.790859949349
12017 3666.475323389689
12125 3422.5896542697424
13009 3052.210829978488
13177 3266.1664790578648
13243 3245.474244203731
17005 2432.14831762543
17075 2193.504323623704
17149 2413.5112204050574
17173 2362.9091942120717
17179 2244.2039240332374
17201 2053.482732280177
18157 2206.3011458607393
18161 2271.0886076236775
19039 2300.3405780556345
19049 2279.4439603911815
19083 2149.7890487258924
19147 2134.2031385492296
20019 2741.890339772726
20077 2944.407381549436
20095 2906.2848308976418
20125 2737.5232079785515
21081 2308.2756126727636
21089 2316.2554161972184
21193 2487.077762849686
21201 2319.9018091168105
22011 3263.5192709319294
22055 3351.4239846826717
22099 3374.3815282148876
22111 3103.309506918071
22119 3124.9676497675027
23021 1769.9557137823076
24029 2339.4780526974137
24039 2450.981228637805
26163 2019.0546238278125
28073 3275.5273976903686
28091 3273.2120775228973
29107 2552.087163516453
29151 2521.1676584186066
31041 2581.6643195017386
31137 2687.4046229779337
31181 2664.4649707612307
32033 3025.7238550154702
33013 1862.7387327180777
35037 3435.645543912067
36051 1918.8761127125085
36067 1882.3834241747552
36119 2068.6939769856117
37037 2711.1141033209083
37139 2685.3253947587204
38009 1895.5106326008886
38029 2167.803943909348
38037 2164.6167518413604
38069 1939.0386102070288
38083 2052.3622311614736
38087 2249.370149575072
39097 2239.885564265057
39109 2215.717567608093
40003 2992.6338196541183
4001 3387.834611078527
41037 2716.785977355513
41039 2265.008869840243
41057 2086.5088835798506
42001 2240.8188612072586
42033 2067.003928248012
42129 2117.063313061392
45059 2891.101530937607
46031 2235.407419023285
48017 3470.8495376770525
48021 3462.8982067111315
48083 3525.3768051282764
48101 3354.452979320116
48159 3157.5342329534087
48261 3789.765914488636
48317 3694.50563068932
49053 3312.603049142405
51037 2564.8799106878982
51041 2523.459487632274
51149 2556.774299028523
51730 2561.429523554122
53033 1897.7789269928628
53051 2022.4473933403074
53053 1915.168547170736
53055 1920.4492572190834
54077 2209.3415197044883
56021 2688.1276849735414
6017 2982.3221240476983
6097 2881.029174032526
8009 3128.1694380284007
2188 2646.2403532252424
2290 2646.2403532252424
1081 3173.571839768207
12085 3868.1581394050177
12121 3445.4757663757523
13023 3128.888243981394
13137 2855.23902989365
13173 3354.2216101759286
16021 2048.482096473243
16027 2564.4523046189806
17073 2161.144167748267
17155 2164.838025459517
18049 2126.119853084305
18121 2227.2314163238957
19183 2213.470313916333
19187 2178.263756187216
20025 3037.8614028328634
20099 2723.21386963216
20185 2900.7028974372424
21029 2380.2755077594875
21033 2523.190809008123
21123 2435.091721690998
21189 2425.377369309118
21219 2513.735968682075
21227 2457.9115898555287
22015 3146.0376830075893
23007 1753.8769129914
24001 2243.954561130227
25025 1898.6278219886285
26003 1853.077494891629
27141 2038.8555709575742
28009 2866.9213089143186
28041 3260.1278185310516
28055 3091.293226988635
28079 3113.2012984011076
28109 3289.5324346857956
28159 3079.9958576531253
29077 2635.8783586129243
29121 2417.14805474648
29135 2550.676475379572
30095 2351.8266956813595
31039 2369.756204309544
31049 2683.7454393767707
31115 2529.1276792613626
31153 2389.210356336025
33007 1751.2073446240188
34011 2334.2520206499726
35041 3491.5807957074753
36063 2005.6029515163902
37073 2649.780788767214
37107 2744.937432645172
38027 1973.4187065340911
39049 2205.6654486884663
40069 3097.159002911448
40071 2898.7495959214207
40137 3157.7608266360785
4025 3410.859865959319
41017 2519.47254526824
42049 2032.5545870739945
42065 2047.0624948654536
42067 2143.008666015796
46029 2103.238973782622
47021 2609.0911200378705
47053 2703.2450079848586
48003 3715.302187306177
48097 3221.6305554093433
48139 3328.768699550026
48231 3206.009788106079
48283 3790.4269325779032
48305 3527.973464990507
48351 3262.0542629781544
48369 3412.9364669697757
48399 3539.0598430429445
48487 3274.2199530886687
50003 1848.7551703239276
51175 2606.7468389207093
5133 3038.36450906625
54029 2110.4018127005647
55093 2055.123537441448
6007 2810.6375327953706
6031 3116.6817506082934
6063 2945.9041236963913
6067 2893.4122146237214
8077 3130.268736253594
8125 2875.5224870061556
1025 3310.5733971276136
12007 3439.5270942120496
12115 3923.6801036330194
13127 3396.2885295214774
13213 2850.286080603305
13245 3012.911969990228
13251 3141.8024268331637
13255 3063.820959478604
13269 3070.6791384531607
13303 3080.0550574052427
16043 2549.6559168277045
16047 2709.185983769831
16071 2681.359275920682
17017 2335.864052939943
17065 2422.674773643298
17069 2477.643253702869
17089 2080.319490418474
18033 2106.2187900628583
18073 2152.1843295160493
18087 2095.828630147804
18109 2259.7092062948145
18163 2394.701969808878
18165 2247.9659294231524
19027 2248.5503108098605
19043 2104.304937565768
19045 2129.7360773911105
19077 2278.4905714831893
19109 2131.4793333145394
19191 2101.880229245113
20123 2733.65521392196
20137 2782.5523688385274
22037 3326.4474619249713
22049 3165.276942863577
24021 2274.6863072422443
26037 1996.2665306925066
26133 1951.6053409654974
26149 2087.9176459725845
27093 1994.7896320934194
27117 2105.9986472040914
28013 2994.9081773931825
28111 3278.239919942385
28157 3295.1100551856566
29021 2472.5795862128957
29161 2583.0080898670167
29179 2578.6619864317327
30099 2186.635805097875
31009 2509.5166960339957
31013 2632.645509583744
31027 2315.9776742243785
31055 2378.5095974823753
31095 2597.1649665447426
35017 3664.89571936915
36053 1868.5171146835323
36093 1903.5279617485526
37015 2677.4652100662793
37115 2758.540152824645
37147 2727.965482940227
37175 2743.3991836222817
38017 1894.433362251649
38025 2110.1448082152983
38065 2115.9869243626063
39055 2054.168217601112
39063 2126.9579207641477
39127 2190.581393028069
40099 3082.191026788553
41019 2398.7019928839495
41053 2180.6652142284584
41061 2355.4674459954736
42005 2072.3285593372307
42041 2187.5929540954817
42119 2098.267180750609
44003 1948.4051462285033
45037 2984.7488397444463
45043 3054.5162702243456
46055 2393.7886560906513
46083 2185.5418194295967
47001 2616.8107661821928
47079 2647.7397436448864
47105 2702.526535167179
48061 3882.6958981799708
48089 3379.551054976418
48109 3965.1229719546777
48111 3372.673225961782
48145 3408.63623637392
48167 3368.706380157356
48335 3558.661638820538
48497 3267.320904381793
49003 2846.769616800427
50001 1791.1967608494926
5035 2854.08547050159
51005 2459.2543383925604
51073 2497.007725664062
51099 2426.6557589575577
51101 2494.6508620371014
51173 2609.771315041136
5141 2807.0242479165345
51515 2529.2548159090916
51670 2545.6544347415347
51720 2520.250119943019
53017 2151.6932707862243
53045 1918.6500985540747
54047 2456.3478415043205
55099 1978.6391332089222
55105 2008.5997130557328
6095 2927.184159932301
8033 3265.575143342776
2230 2646.2403532252424
1085 3287.798252473178
12051 3793.97906794174
12057 3765.41156787627
13067 2939.7070961549293
13187 2862.5950302300275
13259 3191.2591772768114
13307 3200.1537410500014
16057 2178.1209552027244
16077 2671.612312100654
17009 2350.571414663496
17095 2216.5822881688346
17099 2116.2051702132667
17175 2172.0577710981543
17183 2251.5475903815313
18011 2224.786682976837
18029 2288.066357618634
18111 2174.608736175943
19031 2149.6142821585518
19081 2129.5235344920184
19105 2109.447727594916
19137 2377.522829745059
19155 2368.6370041424557
20023 2863.1000405099167
20083 2922.6782354107677
21013 2520.7238766504006
21065 2390.542787220171
21083 2581.784273197047
21113 2407.672914808547
21153 2421.6666281174344
24033 2331.416449530824
24037 2441.3545714324423
26055 1948.5561614064338
27015 2058.688081779597
27055 2009.580752782132
27167 1939.149189343447
28037 3283.4385072931564
29031 2515.016700863891
29037 2592.758711411394
29223 2581.529724375568
30019 2020.4161203965991
31059 2571.7079816414757
31079 2563.947588021797
31097 2476.938407562472
31177 2364.26241910172
36029 1957.1961911651154
36033 1722.8449711168716
36037 1928.9934048469513
37023 2734.0573843121656
37083 2672.6787639128997
38057 2106.297051283684
38063 1911.1644758522727
40065 3258.2377159922935
40147 2784.4482908682403
42023 1998.8107755648577
42075 2153.386475626819
42097 2099.875879811384
46079 2147.318855413468
46137 2317.117065155808
47003 2672.585557106497
47181 2749.068028847815
48069 3455.868392399209
48071 3296.955557105371
48095 3586.5443597733724
48201 3279.4675850863077
48269 3383.096908781871
48389 3741.8191807252424
5041 3023.985469567131
5059 2941.244776283721
51047 2359.7785489001626
51085 2491.9024623187197
5109 2927.3886460853714
51187 2333.88292111264
5119 2884.2411764446033
5139 3061.4006539433
5149 2891.9295736494323
51540 2434.840757922557
51740 2599.7747026297443
53015 2001.9907710821549
53025 2194.0128803960797
54027 2280.8550072262506
55011 2043.4820308361077
55067 1924.9261451007537
55069 1944.791863139895
55073 1937.4889375114187
56005 2521.000469742323
8017 3011.0602490085003
8123 2822.825805147097
1031 3331.2181509589714
11001 2321.8241404916785
12065 3422.3284463093196
12093 3761.292729272054
13017 3268.7734635301417
13087 3387.9207088206854
13147 2922.391664422934
13229 3271.9770098555578
16011 2711.813118287537
16029 2628.261309533118
16053 2696.149336160568
17125 2284.129068358919
18017 2193.963576696488
19007 2314.569035573408
19033 2127.666022762356
19071 2400.4195595018705
20071 3007.310614447594
20181 2898.3541366823547
20197 2676.688196517927
21003 2508.6902196728784
21017 2348.1384745536166
21041 2288.9788839648418
21053 2482.260467082192
21087 2446.311228140595
21129 2403.6855985581496
21187 2332.213156869629
22089 3392.8928203528126
26011 1997.5663397526398
26019 2004.8832250788064
26051 1979.3699671811664
26069 2008.924469487363
27051 1983.478498585363
27059 2076.459564045483
27065 2055.9295838407434
28043 3076.4930480731523
29039 2656.844795051849
29097 2711.8421273656522
30035 2168.432972437162
30065 2321.249290818641
30071 2052.1861450424913
31001 2605.0196720832314
31051 2292.8499651661646
31093 2543.832172674204
31107 2335.0178003933793
32029 3088.782712499997
33017 1858.8720440158204
35023 3799.947181225722
35061 3665.011777630313
36003 1951.4538670363652
36077 1890.2242755369818
37123 2761.585985067672
38045 2008.685923201125
39061 2274.4801964122285
4023 3766.513481044134
41051 2060.1404979010395
45085 2942.1561902899443
46059 2222.484720750191
47051 2754.9586613202855
47111 2561.229936058091
48051 3408.363186873379
48341 3256.462880777082
48413 3693.311198016996
48441 3502.9334397840503
48449 3150.815940918807
48451 3659.882238378612
50007 1747.290528400157
50017 1787.3785616094826
5057 3032.356302802329
5065 2741.039894398806
51045 2446.6508275568167
51157 2342.1766199751683
53061 1854.4975726979883
54037 2304.776796276675
55043 2040.9228801761483
55061 1996.0674274021133
55075 1913.1271813749988
56019 2561.3364421187234
6091 2987.0395275568208
6107 3151.733925713553
2130 2646.2403532252424
1001 3197.0536438470463
1037 3110.1014889920234
1055 2951.780531030143
1101 3230.9416486651116
1105 3180.539846918012
12011 3808.207216289173
12081 3858.4926248672928
12095 3575.691049765584
13093 3184.229629749973
13129 2881.271348153391
13135 2923.8268492421075
13199 3107.4887867990033
13223 2967.73720683396
16039 2697.0118371595177
16087 2513.2488211129307
17039 2254.914420549545
17195 2126.938354592073
18145 2225.2346562703447
18179 2175.096419889317
19003 2372.9655069742034
21101 2411.2054118712786
21115 2413.133001830654
21145 2540.444225897812
21163 2383.5229331635614
22061 3125.6766873567003
24043 2242.294177179276
25015 1896.4341267521786
27107 1862.0893738186396
27165 2084.20262593575
28127 3205.200017796934
29131 2597.7432427948843
30055 2162.675621246461
30103 2309.261106515581
31029 2780.5165668555264
32005 3205.6908413279834
36023 1877.793446640717
36071 2029.6799538571224
37009 2658.0551590319606
37041 2703.753030864206
37067 2694.665334895768
37091 2664.525159329858
37125 2734.6497610033807
37127 2716.16669307801
37167 2757.3140481797996
38013 1973.3990039660043
39013 2130.4014582519594
39081 2103.5231185510584
39145 2308.89704321605
40007 3108.9508148373584
40011 3111.091448308121
4005 3302.955132912068
40117 2900.682224608721
41005 2078.1174820738233
45061 2932.902490825396
45077 2856.521976144333
46019 2421.682502917987
46033 2429.3538767233968
46035 2225.1117153657096
46127 2233.541693891024
47089 2658.0902042317944
47139 2765.6039399458396
47145 2641.5432168470647
48009 3269.826299534662
48047 3752.2280027463185
48055 3497.5584274393227
48087 3313.191108781869
48281 3491.401938281276
48343 3150.3924874555673
48477 3381.9914341500594
5039 2996.0885939715913
5069 2944.179698105626
51065 2458.1627392228406
51075 2481.6503303594045
53023 2207.673720113315
54015 2326.877558956305
54035 2298.5564873844046
6019 3055.6403645554283
6027 3556.4644848020516
6037 3400.7289168724997
6049 2787.2581043647992
6079 3157.434224139545
8031 2844.243952411277
8113 3936.7594093199136
2158 2646.2403532252424
2261 2646.2403532252424
10003 2279.9369423728476
1007 3097.6821665976404
1039 3331.562551945741
1071 2868.607151532877
12027 3870.9905333145884
12035 3575.9345334095974
12113 3386.8855588622696
13035 3044.671426798688
13061 3287.802823361825
13167 3087.5468427807714
13263 3129.0549913607106
13293 3100.404680015271
13313 2850.8047207310237
16007 2735.9826387330304
16051 2655.5226763115306
16069 2210.3870128953167
17067 2302.7487955235792
17077 2467.422355775823
17103 2115.6254049748745
17111 2049.951624867744
17119 2421.3387610677255
17131 2167.6452497675577
18037 2355.792338417643
18067 2205.784113427359
19021 2189.8259421752095
19097 2105.406795297962
20085 2559.99916805375
21005 2390.590682937922
21057 2482.158626494615
21131 2511.755689761194
21179 2400.6364829831914
22039 3292.332136339603
22045 3382.255819311651
26017 2023.8057246922874
26093 2004.7749628908534
27027 1888.0314027579518
27079 2050.072656064421
27109 2071.941734417499
28021 3248.7492712125854
28053 3108.037466689575
28125 3075.01244914375
29033 2494.714907723363
29153 2722.433215365766
31023 2430.5686908370703
31111 2656.2272655885668
31139 2363.050181582497
34013 2105.000386369771
36027 2003.0948852430624
36041 1843.8575074208657
37011 2658.315826803707
37021 2779.5871353563257
37059 2725.5235382673873
38011 2272.7224271257364
38051 2136.153622159091
39027 2263.3865302501695
39101 2140.6888156726422
39117 2153.7202945263352
40001 2842.0155457509118
40019 3139.121446092416
40113 2838.444219457812
41063 2329.7625107882427
42029 2230.751589771366
42071 2171.012562264403
42107 2110.2115348751186
42109 2107.700277657867
45025 2824.4997704948573
45057 2859.4243792121324
46021 2181.849067988668
46061 2238.441647159088
46135 2267.902172838711
48141 3902.0072274524905
49041 3064.9546000180753
5045 2864.637618777785
5091 3058.4974311252286
51159 2435.2231705160502
51171 2320.4242285861915
51775 2496.34196351
53007 2161.809976137266
53067 1924.6752590046838
54105 2242.899405436875
55025 1979.4570074152543
8013 2847.4481106866956
8053 4196.732788385267
2122 2646.2403532252424
15001 2646.2403532252424
15009 2646.2403532252424
