316.82 1001
279.98 1003
264.63 1005
374.27 1007
307.45 1009
344.74 1011
377.33 1013
371.19 1015
329.55 1017
300.23 1019
351.97 1021
354.33 1023
316.86 1025
379.96 1027
361.21 1029
304.79 1031
298.78 1033
334.88 1035
296.16 1037
312.32 1039
311.51 1041
352.40 1043
298.51 1045
403.33 1047
365.48 1049
281.11 1051
341.14 1053
364.18 1055
321.72 1057
378.92 1059
326.34 1061
295.08 1063
366.13 1065
311.34 1067
301.74 1069
349.86 1071
301.11 1073
326.07 1075
262.04 1077
348.88 1079
282.02 1081
301.09 1083
392.82 1085
371.47 1087
236.12 1089
368.38 1091
360.38 1093
338.31 1095
325.41 1097
328.38 1099
276.34 1101
337.36 1103
382.03 1105
341.71 1107
327.19 1109
353.67 1111
319.54 1113
330.85 1115
235.12 1117
324.58 1119
337.37 1121
322.52 1123
302.16 1125
343.86 1127
348.59 1129
342.43 1131
320.19 1133
149.33 2013
149.33 2016
211.39 2020
239.47 2050
234.27 2060
230.66 2068
256.93 2070
214.60 2090
213.69 2100
195.80 2105
186.96 2110
222.55 2122
244.93 2130
209.73 2150
283.30 2158
256.93 2164
208.99 2170
277.02 2180
195.02 2185
230.00 2188
244.93 2195
244.93 2198
214.60 2220
195.80 2230
242.21 2240
228.83 2261
244.93 2275
195.80 2282
230.66 2290
205.94 4001
255.26 4003
192.11 4005
253.00 4007
247.92 4009
239.79 4011
187.51 4012
205.31 4013
297.12 4015
229.73 4017
215.76 4019
191.31 4021
175.04 4023
206.40 4025
187.51 4027
412.42 5001
382.07 5003
279.78 5005
265.06 5007
324.84 5009
467.29 5011
305.05 5013
263.61 5015
405.96 5017
350.34 5019
396.71 5021
313.43 5023
360.41 5025
374.77 5027
307.80 5029
341.05 5031
350.69 5033
372.97 5035
345.21 5037
376.39 5039
447.55 5041
327.71 5043
273.12 5045
325.49 5047
312.03 5049
291.09 5051
325.48 5053
379.22 5055
393.78 5057
324.63 5059
389.03 5061
332.39 5063
301.12 5065
401.89 5067
387.47 5069
306.15 5071
371.04 5073
339.75 5075
351.32 5077
356.09 5079
368.71 5081
358.23 5083
313.40 5085
332.80 5087
276.05 5089
326.70 5091
429.10 5093
400.80 5095
321.65 5097
361.52 5099
305.99 5101
407.51 5103
312.23 5105
433.63 5107
335.83 5109
425.68 5111
339.97 5113
302.88 5115
318.65 5117
291.99 5119
316.29 5121
411.04 5123
246.35 5125
372.34 5127
328.86 5129
324.97 5131
352.04 5133
326.38 5135
290.16 5137
338.22 5139
277.37 5141
278.38 5143
348.54 5145
427.80 5147
388.07 5149
211.73 6001
220.34 6003
247.72 6005
259.75 6007
240.85 6009
228.85 6011
213.06 6013
292.02 6015
205.03 6017
272.74 6019
242.85 6021
258.50 6023
231.38 6025
279.90 6027
308.67 6029
268.29 6031
301.44 6033
264.29 6035
239.26 6037
264.14 6039
168.10 6041
223.13 6043
258.74 6045
263.54 6047
267.02 6049
162.82 6051
208.40 6053
237.20 6055
203.16 6057
211.37 6059
220.23 6061
241.42 6063
249.96 6065
254.37 6067
209.33 6069
291.95 6071
215.94 6073
196.71 6075
282.04 6077
236.22 6079
191.49 6081
221.06 6083
177.74 6085
223.35 6087
289.19 6089
241.69 6091
259.76 6093
220.49 6095
234.98 6097
302.79 6099
284.07 6101
261.35 6103
241.03 6105
305.73 6107
239.11 6109
216.05 6111
215.05 6113
326.77 6115
200.86 8001
248.67 8003
200.86 8005
152.74 8007
279.14 8009
254.59 8011
200.86 8013
200.86 8014
196.20 8015
219.34 8017
185.61 8019
242.14 8021
202.63 8023
227.31 8025
157.65 8027
245.36 8029
200.86 8031
205.04 8033
155.71 8035
113.12 8037
218.12 8041
175.59 8039
258.44 8043
193.78 8045
196.16 8047
165.56 8049
181.79 8051
122.96 8053
252.52 8055
170.62 8057
200.86 8059
223.01 8061
212.39 8063
180.31 8067
220.61 8065
199.90 8069
252.89 8071
218.32 8073
238.95 8075
235.51 8077
169.04 8079
234.42 8081
237.04 8083
219.72 8085
222.37 8087
273.65 8089
146.12 8091
158.64 8093
223.80 8095
79.29 8097
234.02 8099
234.96 8101
219.61 8103
285.19 8105
162.76 8107
199.85 8109
207.94 8111
114.55 8113
246.90 8115
80.37 8117
190.37 8119
223.51 8121
200.86 8123
237.34 8125
209.49 9001
229.01 9003
226.14 9005
206.34 9007
220.65 9009
217.70 9011
229.10 9013
257.41 9015
290.87 10001
246.92 10003
248.18 10005
292.39 11001
219.58 12001
299.10 12003
279.79 12005
269.19 12007
232.54 12009
250.47 12011
304.40 12013
199.33 12015
275.76 12017
263.05 12019
151.08 12021
288.63 12023
213.00 12027
286.57 12029
287.24 12031
293.48 12033
193.20 12035
258.17 12037
303.58 12039
261.11 12041
190.66 12043
282.05 12045
298.57 12047
226.91 12049
287.45 12051
254.60 12053
217.96 12055
251.90 12057
380.76 12059
198.06 12061
321.08 12063
265.74 12065
279.47 12067
228.36 12069
195.63 12071
234.48 12073
272.44 12075
291.56 12077
330.91 12079
228.05 12081
247.07 12083
173.79 12085
232.96 12086
209.43 12087
240.60 12089
240.52 12091
294.20 12093
236.33 12095
259.18 12097
202.45 12099
268.29 12101
260.26 12103
263.02 12105
273.80 12107
183.28 12109
221.59 12111
251.01 12113
182.89 12115
222.39 12117
183.25 12119
304.00 12121
301.70 12123
390.68 12125
248.08 12127
274.99 12129
274.33 12131
325.48 12133
326.63 13001
361.16 13003
392.26 13005
262.46 13007
337.66 13009
291.67 13011
294.11 13013
290.96 13015
325.67 13017
329.21 13019
394.59 13021
303.39 13023
321.24 13025
300.87 13027
295.89 13029
273.58 13031
364.17 13033
319.35 13035
367.82 13037
299.39 13039
306.52 13043
338.67 13045
265.61 13047
310.51 13049
290.72 13051
304.67 13053
357.05 13055
253.42 13057
257.23 13059
357.50 13061
307.32 13063
368.15 13065
231.70 13067
315.27 13069
333.14 13071
227.08 13073
367.27 13075
259.92 13077
288.12 13079
321.40 13081
323.79 13083
269.69 13085
240.28 13089
308.18 13087
348.03 13091
304.02 13093
288.88 13095
319.40 13097
369.34 13099
244.98 13101
295.24 13103
343.76 13105
373.12 13107
329.48 13109
241.53 13111
208.81 13113
323.81 13115
220.13 13117
326.62 13119
269.74 13121
253.08 13123
316.31 13125
251.79 13127
315.39 13129
304.89 13131
309.24 13133
217.62 13135
251.53 13137
254.55 13139
268.63 13141
367.71 13143
228.23 13145
286.31 13147
266.33 13149
278.83 13151
269.66 13153
268.66 13155
320.42 13157
319.87 13159
395.15 13161
366.96 13163
334.01 13165
290.38 13167
270.40 13169
332.33 13171
295.42 13173
354.92 13175
259.44 13177
287.01 13179
336.41 13181
261.38 13183
331.65 13185
251.59 13187
376.07 13193
317.08 13195
344.76 13197
331.13 13189
210.55 13191
382.58 13199
303.36 13201
342.11 13205
322.64 13207
306.96 13209
311.96 13211
316.17 13213
326.43 13215
317.49 13217
241.51 13219
252.75 13221
243.69 13223
342.48 13225
263.88 13227
336.46 13229
312.32 13231
395.15 13233
340.74 13235
291.40 13237
248.61 13239
249.39 13241
353.79 13243
320.82 13245
257.11 13247
299.00 13249
356.76 13251
324.49 13253
342.38 13255
324.72 13257
320.26 13259
349.32 13261
339.41 13263
340.70 13265
339.72 13267
363.82 13269
329.02 13271
319.54 13273
301.84 13275
322.37 13277
326.65 13279
227.91 13281
314.80 13283
331.77 13285
357.41 13287
388.93 13289
227.98 13291
399.20 13293
363.87 13295
315.45 13297
351.16 13299
287.97 13301
327.05 13303
344.76 13305
230.67 13307
300.24 13309
260.64 13311
275.23 13313
331.49 13315
339.50 13317
377.83 13319
301.47 13321
226.05 15001
193.79 15003
196.54 15005
217.84 15007
196.54 15009
202.52 16001
214.71 16003
287.22 16005
268.20 16007
269.97 16009
248.67 16011
144.68 16013
188.88 16015
238.11 16017
250.00 16019
268.01 16021
272.06 16023
196.41 16025
231.66 16027
259.65 16029
254.63 16031
258.27 16033
231.81 16035
207.55 16037
251.61 16039
254.76 16041
245.57 16043
239.99 16045
256.48 16047
226.64 16049
217.12 16051
249.83 16053
221.77 16055
218.53 16057
223.08 16059
221.36 16061
232.98 16063
255.83 16065
251.27 16067
254.03 16069
242.13 16071
233.19 16073
262.81 16075
286.28 16077
309.77 16079
186.82 16081
228.10 16083
173.24 16085
258.37 16087
252.93 17001
360.73 17003
252.74 17005
241.14 17007
296.42 17009
262.92 17011
315.85 17013
267.89 17015
321.14 17017
212.54 17019
279.44 17021
328.86 17023
312.34 17025
248.97 17027
297.19 17029
273.53 17031
316.12 17033
266.49 17035
284.36 17039
244.95 17037
269.42 17041
214.25 17043
350.10 17045
294.25 17047
267.36 17049
275.23 17051
311.67 17053
262.52 17055
265.82 17057
348.20 17059
292.17 17061
260.88 17063
351.05 17065
244.53 17067
323.26 17069
299.95 17071
267.64 17073
306.15 17075
272.53 17077
285.21 17079
264.76 17081
306.34 17083
224.20 17085
277.34 17087
219.03 17089
289.94 17091
213.16 17093
291.53 17095
300.86 17099
213.12 17097
292.72 17101
261.99 17103
311.93 17105
241.60 17107
268.38 17115
288.25 17117
293.35 17119
314.83 17121
293.29 17123
265.59 17125
312.28 17127
290.50 17109
240.30 17111
236.75 17113
252.52 17129
260.76 17131
216.59 17133
273.87 17135
275.81 17137
279.53 17139
236.30 17141
263.02 17143
278.50 17145
242.79 17147
226.63 17149
278.28 17151
356.33 17153
225.24 17155
278.14 17157
278.79 17159
271.59 17161
271.47 17163
352.87 17165
260.65 17167
306.55 17169
284.77 17171
274.85 17173
259.59 17175
237.92 17177
253.85 17179
307.28 17181
319.99 17183
238.71 17185
320.18 17187
329.80 17189
297.05 17191
317.09 17193
271.10 17195
254.54 17197
271.24 17199
266.16 17201
238.75 17203
267.78 18001
240.46 18003
274.14 18005
276.77 18007
284.63 18009
282.66 18011
232.31 18013
233.47 18015
279.12 18017
316.45 18019
333.02 18021
310.83 18023
311.43 18025
300.90 18027
285.10 18033
256.61 18029
285.12 18031
283.00 18035
288.10 18037
272.35 18039
308.59 18041
290.83 18043
314.38 18045
231.88 18047
322.29 18049
273.54 18051
282.86 18053
330.86 18055
212.82 18057
265.70 18059
255.57 18061
242.97 18063
296.43 18065
287.62 18067
300.92 18069
296.72 18071
289.66 18073
278.26 18075
346.27 18077
291.23 18079
287.25 18081
364.51 18083
265.03 18085
254.98 18087
304.11 18091
308.46 18089
322.08 18093
292.03 18095
291.59 18097
262.05 18099
319.98 18101
305.33 18103
219.24 18105
302.22 18107
313.78 18109
291.44 18111
282.98 18113
274.47 18115
306.37 18117
331.82 18119
300.44 18121
277.16 18123
318.84 18125
246.74 18127
244.85 18129
332.16 18131
276.77 18133
285.21 18135
280.09 18137
288.48 18139
267.17 18141
316.40 18143
285.79 18145
261.76 18147
348.24 18149
261.32 18151
355.46 18153
313.83 18155
262.48 18157
291.75 18159
270.84 18161
266.83 18163
405.93 18165
333.37 18167
258.18 18169
267.35 18171
248.29 18173
327.63 18175
276.10 18177
240.54 18179
250.87 18181
252.12 18183
274.55 19001
270.96 19003
249.10 19005
363.54 19007
208.66 19009
252.37 19011
244.74 19013
283.45 19015
246.86 19017
273.81 19019
234.25 19021
291.50 19023
227.70 19025
224.76 19027
271.85 19029
236.28 19031
266.55 19033
254.74 19035
277.32 19037
273.93 19039
232.91 19041
224.57 19043
330.69 19045
219.77 19047
208.68 19049
265.18 19051
282.23 19053
216.33 19055
273.69 19057
232.15 19059
246.04 19061
245.19 19063
253.48 19065
309.57 19067
290.11 19069
244.75 19071
263.92 19073
232.95 19075
289.44 19077
234.54 19079
258.16 19081
273.36 19083
274.42 19085
311.97 19087
263.67 19089
267.17 19091
253.50 19093
229.15 19095
287.63 19097
244.14 19099
270.76 19101
202.94 19103
223.73 19105
222.92 19107
237.97 19109
312.54 19111
220.56 19113
266.51 19115
268.29 19117
247.51 19119
227.35 19121
262.53 19123
259.70 19125
255.72 19127
282.26 19129
250.02 19131
293.03 19133
301.02 19135
290.71 19137
260.43 19139
229.36 19141
313.24 19143
264.15 19145
248.03 19147
228.35 19149
253.45 19151
236.43 19153
256.33 19155
273.02 19157
241.55 19159
249.73 19161
254.00 19163
236.51 19165
194.61 19167
205.77 19169
228.55 19171
254.17 19173
321.57 19175
281.93 19177
299.03 19179
223.97 19181
242.42 19183
297.37 19185
294.69 19187
246.97 19189
204.81 19191
256.21 19193
272.83 19195
225.11 19197
301.09 20001
245.85 20003
269.02 20005
304.81 20007
250.98 20009
295.28 20011
306.42 20013
280.34 20015
255.72 20017
276.55 20019
355.85 20021
214.80 20023
284.23 20025
210.36 20027
256.49 20029
267.80 20031
307.40 20033
284.49 20035
321.18 20037
227.55 20039
273.32 20041
277.65 20043
215.50 20045
288.48 20047
289.26 20049
229.65 20051
273.16 20053
226.58 20055
265.39 20057
263.54 20059
264.07 20061
244.96 20063
247.22 20065
261.98 20067
213.48 20069
225.71 20071
324.13 20073
264.61 20075
287.06 20077
227.07 20079
252.52 20081
217.88 20083
288.41 20085
237.47 20087
240.61 20089
229.44 20091
255.59 20093
262.15 20095
224.61 20097
303.28 20099
274.93 20101
252.21 20103
283.87 20105
280.30 20107
246.66 20109
265.00 20111
234.52 20115
256.77 20117
248.12 20113
231.84 20119
260.04 20121
256.39 20123
295.18 20125
222.77 20127
280.18 20129
242.82 20131
273.76 20133
249.03 20135
265.04 20137
291.38 20139
272.42 20141
292.23 20143
232.31 20145
294.44 20147
271.02 20149
257.89 20151
229.60 20153
233.96 20155
269.93 20157
259.74 20159
208.36 20161
263.46 20163
254.67 20165
273.09 20167
254.14 20169
235.69 20171
257.08 20173
236.57 20175
253.46 20177
249.86 20179
248.89 20181
250.92 20183
325.59 20185
215.57 20187
213.40 20189
276.10 20191
268.13 20193
291.23 20195
240.74 20197
216.90 20199
237.51 20201
212.92 20203
323.28 20205
288.89 20207
293.08 20209
338.29 21001
341.36 21003
263.98 21005
366.46 21007
299.16 21009
361.05 21011
425.31 21013
245.12 21015
299.36 21017
329.26 21019
263.76 21021
334.51 21023
478.49 21025
334.68 21027
243.48 21029
308.95 21031
335.58 21033
297.16 21035
257.56 21037
348.70 21039
349.54 21041
315.23 21043
319.91 21045
326.40 21047
308.25 21049
407.42 21051
375.04 21053
391.88 21055
429.03 21057
253.23 21059
266.22 21061
251.80 21063
384.79 21065
229.54 21067
374.39 21069
372.68 21071
263.52 21073
401.16 21075
368.14 21077
251.99 21079
314.71 21081
298.78 21083
339.37 21085
326.86 21087
309.07 21089
305.86 21091
265.83 21093
374.56 21095
375.26 21097
318.51 21099
310.57 21101
314.64 21103
297.28 21105
352.59 21107
421.58 21109
259.76 21111
225.45 21113
351.43 21115
264.86 21117
385.61 21119
372.68 21121
276.57 21123
333.96 21125
392.55 21127
395.95 21129
378.63 21131
406.24 21133
335.61 21135
289.21 21137
355.34 21139
310.41 21141
285.16 21143
291.34 21151
326.83 21153
269.56 21155
325.41 21157
422.85 21159
345.00 21161
355.00 21145
366.52 21147
330.54 21149
271.77 21163
345.08 21165
296.31 21167
375.11 21169
440.15 21171
313.58 21173
295.32 21175
325.91 21177
288.32 21179
360.18 21181
311.52 21183
238.59 21185
304.64 21187
443.60 21189
322.74 21191
477.67 21193
387.73 21195
372.25 21197
297.37 21199
374.66 21201
352.69 21203
301.91 21205
325.10 21207
278.49 21209
345.76 21211
383.59 21213
290.22 21215
305.56 21217
358.61 21219
283.84 21221
279.58 21223
334.59 21225
277.98 21227
270.97 21229
302.88 21231
317.70 21233
407.10 21235
437.61 21237
243.37 21239
357.25 22001
266.99 22003
291.88 22005
314.58 22007
383.82 22009
381.01 22011
306.81 22013
271.07 22015
282.46 22017
382.37 22019
341.93 22021
259.01 22023
416.23 22025
342.26 22027
351.70 22029
361.89 22031
302.93 22033
373.07 22035
367.11 22037
339.01 22039
515.31 22041
330.91 22043
332.78 22045
304.28 22047
349.40 22049
377.40 22053
278.48 22051
391.06 22059
286.66 22055
286.96 22057
225.59 22061
306.47 22063
478.39 22065
346.55 22067
355.04 22069
293.88 22071
274.03 22073
285.73 22075
328.21 22077
344.10 22079
369.05 22081
393.07 22083
336.02 22085
351.21 22087
283.97 22089
321.88 22091
297.64 22093
353.99 22095
350.90 22097
312.49 22099
300.12 22101
255.76 22103
364.76 22105
420.10 22107
320.54 22109
325.45 22111
351.37 22113
333.55 22115
366.49 22117
360.47 22119
286.17 22121
343.13 22123
254.18 22125
354.75 22127
241.68 23001
251.00 23003
187.71 23005
225.27 23007
232.66 23009
240.90 23011
205.68 23013
199.77 23015
215.79 23017
252.18 23019
246.06 23021
230.28 23023
257.40 23025
244.02 23027
261.31 23029
203.68 23031
350.08 24001
253.40 24003
365.51 24510
255.12 24005
262.72 24009
286.30 24011
264.48 24013
290.50 24015
271.41 24017
294.15 24019
237.76 24021
292.75 24023
252.35 24025
197.34 24027
251.59 24029
224.17 24031
224.17 24033
223.16 24035
272.06 24037
337.19 24039
223.17 24041
272.28 24043
304.44 24045
244.52 24047
204.50 25001
217.53 25003
250.46 25005
202.54 25007
212.55 25009
212.81 25011
238.54 25013
224.24 25015
197.15 25017
240.65 25019
203.30 25021
238.84 25023
212.05 25025
221.71 25027
279.79 26001
266.48 26003
245.07 26005
271.01 26007
227.31 26009
330.36 26011
333.70 26013
248.18 26015
307.49 26017
241.04 26019
279.56 26021
290.60 26023
286.85 26025
271.30 26027
227.11 26029
243.94 26031
266.60 26033
340.46 26035
244.68 26037
272.75 26039
242.07 26041
269.30 26043
249.27 26045
228.71 26047
315.26 26049
288.17 26051
299.88 26053
211.02 26055
343.33 26057
296.48 26059
300.45 26061
316.62 26063
267.00 26065
263.95 26067
298.57 26069
297.71 26071
281.42 26073
274.39 26075
240.10 26077
281.21 26079
243.37 26081
249.82 26083
307.98 26085
310.90 26087
173.29 26089
282.44 26091
259.39 26093
262.64 26095
261.68 26097
293.71 26099
273.73 26101
269.24 26103
258.71 26105
278.79 26107
261.13 26109
226.91 26111
280.71 26113
289.58 26115
289.95 26117
288.12 26119
273.61 26121
258.97 26123
259.96 26125
273.19 26127
347.56 26129
339.37 26131
296.05 26133
315.94 26135
237.00 26137
201.09 26139
238.55 26141
309.84 26143
277.79 26145
316.06 26147
319.84 26149
299.02 26151
260.17 26153
294.14 26155
291.31 26157
282.52 26159
227.71 26161
354.40 26163
267.97 26165
205.61 27001
171.67 27003
226.32 27005
219.10 27007
254.81 27009
274.76 27011
192.03 27013
201.58 27015
262.97 27017
167.95 27019
214.49 27021
192.56 27023
191.80 27025
203.08 27027
262.45 27029
167.14 27031
223.43 27033
196.80 27035
169.42 27037
203.50 27039
213.12 27041
223.89 27043
218.73 27045
218.32 27047
213.05 27049
248.57 27051
171.32 27053
181.48 27055
189.13 27057
201.27 27059
220.28 27061
205.60 27063
211.25 27065
196.05 27067
268.41 27069
225.77 27071
210.76 27073
190.91 27075
221.99 27077
207.45 27079
220.02 27081
216.10 27083
235.49 27087
199.15 27089
216.96 27091
211.44 27085
210.25 27093
229.93 27095
212.61 27097
180.03 27099
203.36 27101
177.00 27103
194.21 27105
239.62 27107
162.68 27109
221.11 27111
230.74 27113
214.25 27115
211.91 27117
234.17 27119
224.46 27121
194.06 27123
247.44 27125
221.77 27127
228.91 27129
194.70 27131
232.36 27133
226.61 27135
225.37 27137
192.36 27139
201.75 27141
230.70 27143
172.84 27145
196.38 27147
194.94 27149
225.72 27151
188.79 27153
246.04 27155
189.94 27157
254.85 27159
211.93 27161
164.82 27163
231.50 27165
300.05 27167
211.81 27169
191.02 27171
212.66 27173
360.65 28001
375.24 28003
291.51 28005
353.27 28007
383.42 28009
444.28 28011
379.86 28013
289.81 28015
340.67 28017
307.35 28019
459.34 28021
364.27 28023
375.51 28025
405.31 28027
349.85 28029
387.82 28031
314.33 28033
339.39 28035
382.60 28037
363.36 28039
384.31 28041
392.96 28043
291.29 28045
360.75 28047
328.20 28049
408.45 28051
413.64 28053
277.89 28055
369.82 28057
315.79 28059
367.26 28061
376.10 28063
335.62 28065
325.81 28067
318.26 28069
298.19 28071
286.47 28073
328.40 28075
394.87 28077
373.25 28079
341.97 28081
460.31 28083
341.11 28085
293.63 28087
321.37 28089
372.44 28091
380.89 28093
318.23 28095
379.74 28097
394.24 28099
352.01 28101
346.70 28103
286.14 28105
403.43 28107
328.60 28109
356.26 28111
365.65 28113
288.57 28115
297.37 28117
427.49 28119
302.59 28121
352.10 28123
351.84 28125
408.95 28127
345.71 28129
401.39 28131
426.48 28133
309.97 28135
372.78 28137
451.49 28139
407.09 28141
488.78 28143
348.57 28145
358.38 28147
405.70 28149
391.69 28151
362.91 28153
442.37 28155
401.14 28157
303.33 28159
388.63 28161
342.13 28163
278.44 29001
273.08 29003
274.35 29005
267.16 29007
346.43 29009
276.05 29011
306.27 29013
290.56 29015
358.13 29017
228.42 29019
316.47 29021
327.89 29023
282.93 29025
276.51 29027
275.88 29029
300.81 29031
348.98 29033
350.54 29035
255.54 29037
308.75 29039
291.38 29041
278.06 29043
303.94 29045
224.27 29047
286.08 29049
270.50 29051
306.36 29053
370.26 29055
306.15 29057
263.12 29059
323.10 29061
300.02 29063
339.55 29065
243.35 29067
427.27 29069
303.34 29071
310.67 29073
322.78 29075
269.94 29077
295.59 29079
322.69 29081
357.69 29083
260.63 29085
272.73 29087
278.45 29089
325.15 29091
420.18 29093
262.09 29095
343.56 29097
336.10 29099
344.29 29101
315.27 29103
374.71 29105
316.25 29107
306.22 29109
342.40 29111
316.31 29113
333.92 29115
316.65 29117
309.87 29121
329.10 29123
322.56 29125
300.13 29127
322.14 29119
262.67 29129
347.03 29131
466.25 29133
302.44 29135
265.23 29137
311.67 29139
315.81 29141
417.61 29143
309.81 29145
271.74 29147
378.71 29149
304.31 29151
304.66 29153
465.97 29155
292.10 29157
267.33 29159
317.16 29161
325.03 29163
209.27 29165
285.23 29167
334.61 29169
295.37 29171
232.79 29173
308.84 29175
310.34 29177
318.12 29179
371.69 29181
229.48 29183
321.82 29185
343.09 29187
365.19 29510
272.30 29189
272.86 29186
336.49 29195
271.14 29197
278.18 29199
320.61 29201
327.39 29203
318.43 29205
298.49 29207
249.52 29209
284.42 29211
294.38 29213
306.00 29215
345.85 29217
263.39 29219
454.15 29221
313.35 29223
313.64 29225
277.84 29227
350.62 29229
199.76 30001
282.72 30003
259.99 30005
230.36 30007
187.63 30009
249.65 30011
209.85 30013
230.42 30015
229.92 30017
205.51 30019
235.32 30021
268.76 30023
230.65 30025
224.89 30027
229.51 30029
189.92 30031
202.90 30033
282.11 30035
188.94 30037
184.82 30039
260.40 30041
229.53 30043
181.23 30045
225.77 30047
215.86 30049
185.11 30051
269.06 30053
213.25 30057
261.85 30055
263.89 30059
236.91 30061
204.03 30063
292.11 30065
190.35 30067
202.72 30069
237.29 30071
203.39 30073
210.16 30075
226.82 30077
214.50 30079
203.63 30081
285.51 30083
354.51 30085
264.50 30087
247.38 30089
242.92 30091
296.22 30093
229.25 30095
221.47 30097
217.87 30099
249.92 30101
194.93 30103
238.45 30105
240.57 30107
268.39 30109
224.48 30111
247.49 31001
225.65 31003
216.57 31005
163.35 31007
217.66 31009
198.12 31011
252.72 31013
265.58 31015
196.25 31017
221.59 31019
260.81 31021
259.00 31023
242.03 31025
236.88 31027
227.44 31029
191.24 31031
212.71 31033
254.23 31035
218.95 31037
240.07 31039
277.37 31041
275.03 31043
237.55 31045
249.65 31047
223.25 31049
263.71 31051
219.45 31053
235.92 31055
242.17 31057
280.22 31059
255.26 31061
189.81 31063
261.92 31065
227.04 31067
275.86 31069
262.24 31071
218.65 31073
195.89 31075
229.22 31077
211.35 31079
205.99 31081
248.22 31083
128.59 31085
208.92 31087
238.45 31089
241.81 31091
239.66 31093
262.38 31095
244.10 31097
230.93 31099
254.92 31101
191.27 31103
256.16 31105
305.25 31107
201.06 31109
222.83 31111
242.05 31113
185.60 31115
267.39 31119
142.60 31117
219.71 31121
256.00 31123
249.42 31125
212.08 31127
237.46 31129
215.62 31131
229.09 31133
226.79 31135
245.31 31137
289.63 31139
221.20 31141
279.99 31143
195.34 31145
262.86 31147
229.88 31149
256.43 31151
212.46 31153
208.09 31155
277.00 31157
252.97 31159
256.14 31161
224.16 31163
137.19 31165
211.39 31167
256.55 31169
203.50 31171
307.95 31173
229.83 31175
204.94 31177
192.21 31179
275.82 31181
183.31 31183
239.88 31185
292.82 32510
289.15 32001
247.02 32003
202.29 32005
246.12 32007
339.69 32009
276.10 32011
300.97 32013
288.52 32015
295.47 32017
279.91 32019
330.61 32021
325.80 32023
256.82 32027
150.52 32029
307.34 32031
285.08 32033
244.08 33001
195.11 33003
223.72 33005
260.43 33007
213.40 33009
216.46 33011
237.86 33013
218.76 33015
220.65 33017
230.33 33019
283.45 34001
219.77 34003
253.15 34005
274.27 34007
284.54 34009
321.68 34011
279.65 34013
275.93 34015
257.13 34017
203.18 34019
252.45 34021
245.13 34023
246.89 34025
231.27 34027
281.61 34029
261.03 34031
303.80 34033
214.53 34035
264.03 34037
247.50 34039
261.94 34041
220.05 35001
172.16 35003
256.05 35005
219.88 35006
219.10 35007
291.17 35009
238.00 35011
207.89 35013
278.74 35015
223.71 35017
242.48 35019
164.16 35021
247.10 35023
296.88 35025
187.09 35027
148.69 35028
296.54 35029
204.39 35031
190.99 35033
257.20 35035
299.01 35037
210.11 35039
277.31 35041
197.27 35045
230.83 35047
195.99 35043
167.72 35049
280.44 35051
241.69 35053
155.95 35055
252.74 35057
264.04 35059
219.88 35061
262.96 36001
261.37 36003
296.78 36005
278.79 36007
362.91 36009
259.53 36011
289.63 36013
268.85 36015
354.32 36017
260.17 36019
292.49 36021
274.08 36023
291.72 36025
256.23 36027
274.00 36029
235.24 36031
281.39 36033
301.66 36035
280.00 36037
288.89 36039
263.94 36041
294.42 36043
288.15 36045
292.89 36047
235.89 36049
237.88 36051
243.39 36053
229.49 36055
337.47 36057
282.77 36059
221.46 36061
326.45 36063
280.95 36065
229.74 36067
241.58 36069
262.72 36071
308.67 36073
288.43 36075
252.42 36077
260.80 36079
278.56 36081
292.60 36083
348.08 36085
255.17 36087
289.94 36089
235.56 36091
260.96 36093
233.50 36095
282.39 36097
242.80 36099
265.02 36101
265.71 36103
303.05 36105
226.93 36107
226.25 36109
248.74 36111
230.14 36113
238.95 36115
247.43 36117
227.48 36119
286.16 36121
240.07 36123
259.65 37001
249.73 37003
255.71 37005
347.15 37007
236.34 37009
267.57 37011
311.29 37013
306.02 37015
350.57 37017
247.36 37019
233.02 37021
277.30 37023
254.81 37025
294.16 37027
259.84 37029
261.68 37031
290.36 37033
265.47 37035
205.47 37037
272.02 37039
289.23 37041
225.69 37043
322.70 37045
384.04 37047
259.90 37049
291.58 37051
274.70 37053
235.48 37055
287.00 37057
227.12 37059
278.35 37061
234.16 37063
338.53 37065
219.85 37067
260.36 37069
305.34 37071
286.84 37073
294.44 37075
252.24 37077
290.82 37079
233.37 37081
328.09 37083
287.99 37085
258.50 37087
213.40 37089
286.81 37091
289.88 37093
315.89 37095
283.11 37097
235.97 37099
305.60 37101
317.59 37103
280.23 37105
355.18 37107
301.71 37109
248.65 37113
268.36 37115
373.86 37117
264.52 37111
211.68 37119
284.56 37121
250.57 37123
199.90 37125
304.71 37127
241.69 37129
288.52 37131
255.04 37133
203.59 37135
237.42 37137
306.91 37139
243.57 37141
291.19 37143
310.90 37145
262.94 37147
219.94 37149
262.68 37151
370.66 37153
324.73 37155
293.75 37157
295.30 37159
343.43 37161
302.46 37163
330.97 37165
326.36 37167
293.44 37169
275.49 37171
340.73 37173
204.11 37175
288.20 37177
249.23 37179
323.91 37181
212.93 37183
267.60 37185
315.58 37187
218.40 37189
288.61 37191
257.62 37193
283.73 37195
277.67 37197
241.96 37199
223.78 38001
232.52 38003
300.03 38005
123.44 38007
227.81 38009
285.20 38011
213.66 38013
208.74 38015
207.48 38017
234.59 38019
234.46 38021
202.66 38023
262.45 38025
263.86 38027
235.63 38029
275.33 38031
193.74 38033
239.15 38035
230.14 38037
239.33 38039
226.74 38041
207.01 38043
195.55 38045
203.42 38047
218.76 38049
225.76 38051
266.77 38053
238.58 38055
242.70 38057
239.95 38059
312.08 38061
314.70 38063
155.82 38065
231.59 38067
230.59 38069
317.08 38071
271.86 38073
228.45 38075
235.28 38077
304.56 38079
214.15 38081
175.23 38083
476.45 38085
152.68 38087
232.95 38089
232.30 38091
237.20 38093
267.69 38095
245.45 38097
279.13 38099
244.10 38101
252.52 38103
241.75 38105
311.12 39001
295.53 39003
271.82 39005
307.09 39007
329.23 39009
275.42 39011
336.01 39013
284.29 39015
251.22 39017
274.27 39019
279.71 39021
308.84 39023
251.18 39025
286.87 39027
286.07 39029
289.89 39031
282.59 39033
286.55 39035
274.45 39037
252.78 39039
202.25 39041
239.52 39043
261.18 39045
364.61 39047
268.85 39049
275.37 39051
313.16 39053
214.35 39055
241.73 39057
313.81 39059
261.34 39061
264.21 39063
369.33 39065
342.95 39067
255.27 39069
294.85 39071
281.03 39073
263.51 39075
283.42 39077
348.64 39079
360.70 39081
296.72 39083
261.63 39085
323.74 39087
252.50 39089
293.92 39091
249.21 39093
310.95 39095
276.50 39097
293.41 39099
293.63 39101
237.06 39103
339.76 39105
305.88 39107
265.31 39109
313.51 39111
257.57 39113
266.39 39115
255.06 39117
284.98 39119
217.20 39121
263.01 39123
267.99 39125
306.37 39127
289.10 39129
294.18 39131
267.21 39133
323.31 39135
239.72 39137
282.25 39139
313.12 39141
259.77 39143
360.46 39145
307.59 39147
287.00 39149
262.83 39151
264.71 39153
294.93 39155
284.63 39157
231.06 39159
265.21 39161
334.84 39163
238.10 39165
262.42 39167
266.18 39169
242.03 39171
288.15 39173
286.89 39175
377.75 40001
306.97 40003
363.92 40005
260.97 40007
406.44 40009
370.09 40011
326.24 40013
366.86 40015
287.69 40017
384.97 40019
339.53 40021
432.98 40023
257.96 40025
280.90 40027
482.86 40029
330.48 40031
397.81 40033
414.85 40035
353.54 40037
344.64 40039
333.88 40041
402.72 40043
299.76 40045
313.31 40047
392.63 40049
355.58 40051
305.38 40053
346.16 40055
352.17 40057
369.09 40059
388.55 40061
447.95 40063
359.45 40065
418.75 40067
376.92 40069
330.99 40071
320.39 40073
417.75 40075
318.35 40077
369.46 40079
350.07 40081
290.63 40083
324.21 40085
338.67 40093
319.37 40095
347.22 40097
345.41 40087
387.39 40089
362.99 40091
384.88 40099
373.60 40101
294.89 40103
327.19 40105
418.97 40107
312.55 40109
377.41 40111
278.41 40113
380.36 40115
357.54 40117
275.42 40119
383.41 40121
365.49 40123
341.73 40125
415.17 40127
283.94 40129
305.19 40131
415.20 40133
374.24 40135
374.95 40137
284.16 40139
295.98 40141
319.86 40143
287.04 40145
276.08 40147
320.96 40149
369.08 40151
339.83 40153
248.23 41001
193.27 41003
210.04 41005
256.16 41007
236.91 41009
256.95 41011
254.20 41013
264.92 41015
202.33 41017
238.03 41019
191.92 41021
209.49 41023
238.69 41025
217.41 41027
222.12 41029
238.33 41031
246.38 41033
232.28 41035
225.82 41037
197.30 41039
237.82 41041
246.83 41043
259.87 41045
229.82 41047
210.18 41049
222.84 41051
202.39 41053
178.95 41055
219.75 41057
241.33 41059
216.97 41061
222.56 41063
242.29 41065
190.04 41067
216.91 41069
213.12 41071
263.70 42001
269.59 42003
275.11 42005
266.39 42007
281.24 42009
259.15 42011
305.38 42013
247.25 42015
226.81 42017
263.05 42019
302.75 42021
248.50 42023
290.53 42025
232.27 42027
225.90 42029
297.10 42031
280.53 42033
278.60 42035
303.07 42037
279.82 42039
260.77 42041
285.28 42043
276.23 42045
242.06 42047
251.31 42049
327.16 42051
319.02 42053
221.63 42055
278.17 42057
305.62 42059
264.87 42061
262.60 42063
309.01 42065
249.70 42067
309.06 42069
223.76 42071
270.58 42073
246.04 42075
225.95 42077
317.69 42079
251.60 42081
330.04 42083
277.10 42085
254.45 42087
239.24 42089
227.40 42091
258.08 42093
223.92 42095
303.65 42097
287.90 42099
327.49 42101
215.75 42103
249.38 42105
326.84 42107
233.46 42109
283.47 42111
269.55 42113
293.16 42115
254.08 42117
244.74 42119
254.94 42121
286.36 42123
267.91 42125
300.66 42127
268.92 42129
293.67 42131
237.18 42133
215.00 44001
248.26 44003
225.43 44005
248.92 44007
220.24 44009
254.85 45001
260.82 45003
370.66 45005
275.90 45007
333.35 45009
334.45 45011
164.73 45013
255.90 45015
275.76 45017
228.74 45019
330.20 45021
344.08 45023
336.06 45025
308.15 45027
333.78 45029
345.81 45031
353.18 45033
277.80 45035
272.40 45037
354.91 45039
344.49 45041
252.88 45043
243.93 45045
268.29 45047
322.13 45049
267.95 45051
300.22 45053
263.56 45055
290.66 45057
323.58 45059
325.32 45061
262.87 45063
385.95 45067
319.69 45069
227.85 45065
286.45 45071
262.32 45073
321.49 45075
276.84 45077
255.94 45079
326.84 45081
280.75 45083
314.35 45085
369.94 45087
338.58 45089
244.79 45091
229.18 46003
237.85 46005
251.22 46007
224.85 46009
230.12 46011
254.15 46013
225.08 46015
539.93 46017
278.00 46019
177.93 46021
238.62 46023
239.33 46025
293.47 46027
234.52 46029
322.93 46031
217.82 46033
240.54 46035
313.42 46037
217.14 46039
318.39 46041
198.45 46043
268.42 46045
301.33 46047
199.51 46049
267.07 46051
272.34 46053
227.25 46055
230.43 46057
225.80 46059
185.75 46061
211.17 46063
222.24 46065
241.18 46067
281.63 46069
282.56 46071
193.15 46073
182.17 46075
280.17 46077
218.47 46079
204.17 46081
187.50 46083
235.36 46085
243.90 46091
278.43 46087
254.55 46089
240.33 46093
254.93 46095
229.44 46097
228.97 46099
270.08 46101
372.77 46102
204.77 46103
234.31 46105
220.46 46107
288.39 46109
204.77 46111
247.73 46115
188.57 46117
156.79 46119
342.68 46121
252.02 46123
256.60 46125
215.14 46127
266.21 46129
236.75 46135
236.50 46137
271.91 47001
351.37 47003
409.29 47005
344.46 47007
243.64 47009
315.18 47011
339.90 47013
352.86 47015
431.40 47017
294.64 47019
327.34 47021
320.49 47023
375.32 47025
369.68 47027
394.37 47029
328.05 47031
430.15 47033
257.58 47035
289.33 47037
358.31 47041
359.93 47039
347.46 47043
370.45 47045
309.06 47047
395.44 47049
303.53 47051
379.81 47053
361.96 47055
313.21 47057
352.72 47059
367.06 47061
320.70 47063
285.59 47065
394.25 47067
349.64 47069
409.40 47071
326.76 47073
371.62 47075
433.34 47077
404.39 47079
294.20 47081
336.64 47083
329.87 47085
379.37 47087
297.08 47089
276.61 47091
272.35 47093
407.78 47095
395.74 47097
322.69 47099
357.17 47101
366.73 47103
250.14 47105
350.57 47111
310.38 47113
329.98 47115
340.34 47117
277.93 47119
311.92 47107
407.28 47109
353.74 47121
297.70 47123
306.54 47125
239.00 47127
286.47 47129
355.96 47131
358.90 47133
341.57 47135
317.56 47137
348.55 47139
297.30 47141
317.73 47143
280.91 47145
378.74 47147
288.32 47149
339.70 47151
285.48 47153
313.16 47155
320.33 47157
378.59 47159
366.94 47161
292.32 47163
285.86 47165
334.36 47167
354.76 47169
346.62 47171
309.14 47173
302.57 47175
348.08 47177
308.54 47179
338.19 47181
314.90 47183
354.60 47185
203.34 47187
278.38 47189
326.18 48001
340.36 48003
372.84 48005
263.64 48007
238.93 48009
250.22 48011
290.88 48013
319.59 48015
259.23 48017
202.49 48019
261.18 48021
314.22 48023
263.28 48025
271.30 48027
253.68 48029
260.41 48031
189.15 48033
308.84 48035
362.80 48037
260.93 48039
254.13 48041
210.59 48043
271.33 48045
337.30 48047
352.29 48049
275.10 48051
217.70 48053
250.63 48055
241.06 48057
305.82 48059
228.01 48061
340.47 48063
272.76 48065
349.69 48067
244.50 48069
276.82 48071
336.91 48073
319.70 48075
317.58 48077
306.82 48079
235.47 48081
298.58 48083
218.76 48085
308.06 48087
302.71 48089
232.13 48091
313.30 48093
287.93 48095
311.66 48097
283.04 48099
280.03 48101
344.98 48103
290.11 48105
320.20 48107
233.66 48109
361.88 48111
267.84 48113
259.26 48115
312.43 48123
251.22 48117
320.23 48119
225.49 48121
282.30 48125
279.79 48127
283.54 48129
299.17 48131
335.08 48133
352.75 48135
207.74 48137
216.41 48141
270.44 48139
274.75 48143
360.92 48145
372.20 48147
295.28 48149
299.64 48151
270.51 48153
327.07 48155
211.42 48157
283.77 48159
312.27 48161
293.81 48163
288.49 48165
270.02 48167
319.95 48169
210.28 48171
209.14 48173
225.28 48175
274.51 48177
297.47 48179
309.61 48181
310.26 48183
336.10 48185
239.19 48187
265.56 48189
325.75 48191
320.59 48193
299.17 48195
259.54 48197
303.15 48199
254.84 48201
304.35 48203
204.11 48205
327.62 48207
219.09 48209
278.49 48211
332.49 48213
226.33 48215
288.09 48217
289.69 48219
240.51 48221
315.44 48223
321.90 48225
343.93 48227
182.56 48229
336.44 48231
318.52 48233
209.77 48235
306.31 48237
290.54 48239
337.94 48241
183.07 48243
303.12 48245
327.05 48247
327.42 48249
319.49 48251
325.76 48253
314.56 48255
326.48 48257
236.11 48259
292.93 48261
305.81 48263
218.42 48265
290.83 48267
269.77 48269
206.61 48271
316.66 48273
283.92 48275
337.96 48283
339.39 48277
286.98 48279
267.48 48281
281.87 48285
281.94 48287
280.89 48289
368.28 48291
337.84 48293
276.64 48295
225.27 48297
205.36 48299
310.90 48301
283.87 48303
284.39 48305
332.06 48313
318.43 48315
334.16 48317
214.44 48319
300.50 48321
226.82 48323
314.93 48307
279.76 48309
260.54 48311
269.68 48325
293.40 48327
244.11 48329
272.21 48331
247.09 48333
332.19 48335
377.33 48337
258.49 48339
253.65 48341
349.05 48343
273.04 48345
318.74 48347
292.20 48349
355.09 48351
350.97 48353
235.44 48355
332.55 48357
252.14 48359
345.15 48361
353.21 48363
292.17 48365
290.70 48367
266.00 48369
250.95 48371
350.46 48373
326.83 48375
150.77 48377
291.62 48379
229.35 48381
334.56 48383
314.18 48385
390.53 48387
282.63 48389
296.47 48391
315.53 48393
324.03 48395
255.86 48397
283.23 48399
322.64 48401
338.18 48403
308.34 48405
290.24 48407
269.87 48409
272.42 48411
231.85 48413
244.74 48415
319.25 48417
377.30 48419
280.20 48421
288.42 48423
235.49 48425
275.42 48427
318.48 48429
263.59 48431
296.31 48433
272.48 48435
264.40 48437
278.93 48439
307.81 48441
254.33 48443
330.88 48445
274.64 48447
294.73 48449
257.81 48451
207.35 48453
313.16 48455
323.77 48457
332.70 48459
339.82 48461
244.67 48463
248.16 48465
340.29 48467
263.42 48469
279.87 48471
295.77 48473
310.64 48475
253.44 48477
249.46 48479
289.09 48481
297.82 48483
321.64 48485
375.13 48487
211.34 48489
188.39 48491
255.18 48493
358.42 48495
314.28 48497
305.14 48499
257.84 48501
314.79 48503
250.13 48505
273.03 48507
291.94 49001
253.85 49003
196.68 49005
306.00 49007
137.28 49009
224.37 49011
260.35 49013
256.92 49015
239.66 49017
222.59 49019
246.93 49021
272.10 49023
238.80 49025
240.23 49027
208.80 49029
264.01 49031
183.98 49033
227.04 49035
177.41 49037
252.66 49039
283.96 49041
203.30 49043
235.21 49045
227.91 49047
227.32 49049
229.57 49051
176.09 49053
256.93 49055
241.19 49057
208.60 50001
217.13 50003
227.46 50005
196.05 50007
206.14 50009
246.55 50011
237.29 50013
216.51 50015
234.02 50017
232.05 50019
255.98 50021
227.15 50023
214.01 50025
211.35 50027
275.52 51001
198.86 51003
208.97 51510
332.56 51005
277.92 51007
265.03 51009
310.91 51011
184.57 51013
240.84 51015
327.57 51017
250.78 51019
313.83 51021
273.33 51023
321.23 51520
391.67 51025
350.55 51027
292.64 51029
235.37 51530
247.17 51031
264.32 51033
276.11 51035
262.33 51036
325.86 51037
198.86 51540
262.64 51550
225.62 51041
243.63 51043
261.27 51570
321.16 51580
289.09 51045
263.19 51047
250.29 51049
311.73 51590
314.98 51051
287.46 51053
393.33 51595
272.81 51057
164.02 51600
164.02 51059
180.10 51610
231.45 51061
250.02 51063
210.61 51065
325.34 51620
256.13 51067
213.35 51069
231.33 51630
316.40 51640
312.64 51071
261.25 51073
228.14 51075
279.18 51077
221.57 51079
393.33 51081
300.06 51083
294.82 51650
246.86 51085
214.13 51660
235.45 51087
307.58 51089
232.50 51091
355.51 51670
267.72 51093
190.57 51095
231.84 51099
288.75 51101
276.67 51097
261.44 51103
352.85 51105
233.54 51678
181.16 51107
256.82 51109
324.15 51111
273.92 51680
236.36 51113
210.93 51683
210.93 51685
400.08 51690
269.15 51115
338.42 51117
245.29 51119
261.57 51121
272.93 51125
254.74 51127
258.93 51700
318.95 51710
268.57 51131
230.53 51133
293.18 51720
346.90 51135
227.20 51137
310.67 51139
309.08 51141
390.98 51730
311.73 51143
255.80 51735
323.35 51740
228.53 51145
294.90 51147
229.78 51149
210.93 51153
328.39 51155
299.34 51750
246.36 51157
317.12 51760
288.53 51159
352.26 51770
237.92 51161
235.37 51163
214.13 51165
332.51 51167
288.59 51775
310.92 51169
240.94 51171
338.27 51173
325.34 51175
231.33 51177
221.97 51179
240.84 51790
295.35 51800
260.54 51181
336.94 51183
366.02 51185
221.49 51810
272.83 51187
280.88 51191
240.84 51820
272.17 51193
190.57 51830
263.69 51840
334.16 51195
298.58 51197
258.93 51199
257.63 53001
223.83 53003
234.70 53005
214.84 53007
223.71 53009
216.56 53011
249.34 53013
243.27 53015
212.96 53017
259.13 53019
227.95 53021
190.32 53023
244.76 53025
278.10 53027
189.16 53029
189.24 53031
204.72 53033
215.02 53035
224.83 53037
212.60 53039
267.90 53041
255.86 53043
230.72 53045
227.99 53047
288.86 53049
247.87 53051
259.89 53053
141.87 53055
213.45 53057
201.36 53059
225.81 53061
234.34 53063
259.00 53065
208.46 53067
235.52 53069
235.77 53071
211.48 53073
227.63 53075
273.52 53077
301.58 54001
282.83 54003
317.39 54005
280.55 54007
304.35 54009
298.14 54011
291.32 54013
282.96 54015
308.14 54017
317.04 54019
295.76 54021
314.19 54023
277.34 54025
268.59 54027
317.97 54029
292.36 54031
313.52 54033
295.06 54035
278.37 54037
283.53 54039
356.38 54041
328.14 54043
360.13 54045
288.79 54049
301.01 54051
324.30 54053
392.99 54047
314.36 54055
316.42 54057
397.89 54059
258.23 54061
249.45 54063
253.46 54065
313.31 54067
284.57 54069
272.80 54071
318.42 54073
287.10 54075
305.12 54077
271.27 54079
306.72 54081
310.22 54083
356.14 54085
309.35 54087
272.53 54089
312.02 54091
304.29 54093
341.56 54095
292.58 54097
276.72 54099
326.31 54101
340.06 54103
330.61 54105
352.94 54107
341.20 54109
256.46 55001
285.73 55003
243.53 55005
236.34 55007
235.85 55009
245.73 55011
208.54 55013
206.69 55015
225.08 55017
230.55 55019
235.75 55021
248.86 55023
198.50 55025
275.71 55027
223.62 55029
232.65 55031
217.38 55033
216.43 55035
307.89 55037
233.91 55039
260.37 55041
259.53 55043
206.76 55045
266.78 55047
267.39 55049
262.08 55051
284.49 55053
224.51 55055
247.38 55057
277.69 55059
218.71 55061
205.96 55063
224.73 55065
245.41 55067
236.14 55069
233.77 55071
195.16 55073
280.28 55075
226.31 55077
321.61 55078
281.88 55079
266.36 55081
257.44 55083
246.72 55085
216.99 55087
222.18 55089
258.37 55091
230.91 55093
240.90 55095
210.10 55097
251.38 55099
234.94 55101
226.46 55103
232.53 55105
251.22 55107
221.72 55109
249.75 55111
254.08 55113
249.15 55115
245.46 55117
214.50 55119
249.99 55121
260.04 55123
241.57 55125
231.99 55127
276.35 55129
215.14 55131
198.35 55133
298.64 55135
271.53 55137
212.78 55139
223.77 55141
204.93 56001
262.80 56003
266.21 56005
279.90 56007
226.51 56009
200.69 56011
258.59 56013
229.07 56015
248.50 56017
247.73 56019
245.39 56021
228.26 56023
228.06 56025
244.39 56027
199.64 56029
234.40 56031
260.80 56033
229.04 56035
260.62 56037
152.49 56039
260.39 56041
224.13 56043
214.31 56045
