368.83 1001
308.99 1003
301.04 1005
409.25 1007
347.79 1009
391.51 1011
422.02 1013
414.93 1015
366.22 1017
349.86 1019
398.26 1021
387.24 1023
361.11 1025
419.05 1027
400.22 1029
338.77 1031
348.79 1033
375.49 1035
337.27 1037
353.37 1039
347.32 1041
378.46 1043
333.37 1045
433.61 1047
410.60 1049
322.81 1051
383.26 1053
396.91 1055
359.12 1057
405.36 1059
367.73 1061
339.13 1063
414.19 1065
364.68 1067
341.69 1069
398.78 1071
341.35 1073
377.16 1075
295.84 1077
393.27 1079
339.10 1081
354.43 1083
435.57 1085
408.79 1087
275.85 1089
401.31 1091
392.99 1093
387.63 1095
374.00 1097
354.28 1099
311.66 1101
355.79 1103
419.85 1105
387.50 1107
368.70 1109
388.28 1111
378.44 1113
368.37 1115
271.22 1117
361.41 1119
374.59 1121
377.88 1123
345.73 1125
392.09 1127
389.31 1129
380.49 1131
368.49 1133
195.73 2013
195.73 2016
235.26 2020
265.87 2050
269.43 2060
272.44 2068
300.94 2070
249.37 2090
251.09 2100
234.33 2105
218.51 2110
241.55 2122
277.94 2130
256.37 2150
290.13 2158
300.94 2164
242.16 2170
306.56 2180
246.64 2185
267.32 2188
277.94 2195
277.94 2198
248.15 2220
234.33 2230
278.90 2240
257.68 2261
277.94 2275
234.33 2282
272.44 2290
225.91 4001
282.20 4003
223.60 4005
287.37 4007
275.98 4009
278.42 4011
215.81 4012
253.57 4013
324.43 4015
259.92 4017
243.33 4019
247.09 4021
212.05 4023
247.07 4025
215.81 4027
457.04 5001
416.42 5003
315.91 5005
298.91 5007
357.41 5009
506.28 5011
346.59 5013
296.13 5015
446.75 5017
388.10 5019
426.58 5021
352.87 5023
394.41 5025
406.81 5027
353.75 5029
391.75 5031
396.45 5033
408.28 5035
386.41 5037
420.80 5039
478.13 5041
371.95 5043
303.48 5045
353.31 5047
344.24 5049
326.65 5051
368.80 5053
420.54 5055
421.71 5057
356.25 5059
419.63 5061
361.75 5063
341.17 5065
437.48 5067
426.63 5069
338.05 5071
399.93 5073
386.50 5075
390.40 5077
395.89 5079
396.67 5081
392.16 5083
356.43 5085
364.14 5087
297.76 5089
355.16 5091
479.27 5093
451.66 5095
372.06 5097
386.39 5099
327.76 5101
449.95 5103
360.67 5105
486.54 5107
363.94 5109
466.46 5111
375.34 5113
336.03 5115
354.62 5117
330.80 5119
353.92 5121
462.41 5123
288.21 5125
421.93 5127
355.18 5129
371.21 5131
397.64 5133
361.40 5135
328.64 5137
371.61 5139
312.21 5141
301.75 5143
382.49 5145
481.36 5147
427.98 5149
259.56 6001
275.85 6003
279.30 6005
290.90 6007
276.49 6009
266.84 6011
241.38 6013
324.96 6015
244.09 6017
304.15 6019
281.00 6021
287.26 6023
275.68 6025
309.87 6027
368.44 6029
315.13 6031
345.03 6033
293.36 6035
292.40 6037
287.52 6039
206.49 6041
264.48 6043
282.63 6045
298.87 6047
285.58 6049
196.61 6051
242.33 6053
258.48 6055
232.79 6057
251.76 6059
252.47 6061
268.19 6063
301.13 6065
295.47 6067
241.04 6069
351.29 6071
253.19 6073
235.62 6075
339.03 6077
258.24 6079
227.65 6081
253.43 6083
211.77 6085
250.49 6087
310.05 6089
273.61 6091
287.03 6093
258.92 6095
260.89 6097
340.71 6099
322.64 6101
292.94 6103
280.19 6105
344.70 6107
268.35 6109
242.36 6111
258.94 6113
371.40 6115
241.09 8001
288.84 8003
241.09 8005
177.12 8007
302.45 8009
284.28 8011
241.09 8013
241.09 8014
231.88 8015
250.48 8017
223.36 8019
272.87 8021
231.91 8023
269.61 8025
190.09 8027
264.50 8029
241.09 8031
232.08 8033
193.21 8035
140.69 8037
259.18 8041
212.32 8039
304.30 8043
223.53 8045
232.08 8047
206.53 8049
219.78 8051
144.20 8053
270.95 8055
203.96 8057
241.09 8059
250.72 8061
249.12 8063
210.54 8067
260.18 8065
223.97 8069
288.36 8071
253.48 8073
273.88 8075
259.32 8077
199.07 8079
268.04 8081
258.23 8083
241.06 8085
259.39 8087
312.18 8089
162.79 8091
188.42 8093
258.14 8095
99.37 8097
270.01 8099
262.27 8101
250.55 8103
323.82 8105
197.36 8107
228.55 8109
217.17 8111
140.71 8113
280.63 8115
104.74 8117
237.74 8119
267.02 8121
241.09 8123
282.22 8125
253.92 9001
256.75 9003
262.79 9005
236.08 9007
253.82 9009
254.57 9011
260.26 9013
294.65 9015
342.91 10001
299.21 10003
294.50 10005
351.94 11001
250.10 12001
344.90 12003
314.54 12005
303.34 12007
265.92 12009
285.76 12011
349.61 12013
228.53 12015
297.29 12017
307.59 12019
173.72 12021
320.33 12023
252.43 12027
314.13 12029
327.00 12031
318.67 12033
216.07 12035
284.93 12037
339.67 12039
300.26 12041
229.98 12043
328.92 12045
345.07 12047
265.37 12049
340.49 12051
271.64 12053
254.09 12055
296.77 12057
416.10 12059
231.02 12061
362.22 12063
302.63 12065
316.94 12067
273.10 12069
235.31 12071
263.53 12073
312.07 12075
338.96 12077
364.20 12079
254.59 12081
283.43 12083
204.94 12085
292.97 12086
241.17 12087
283.55 12089
277.37 12091
336.38 12093
276.52 12095
295.58 12097
228.32 12099
296.06 12101
287.82 12103
305.22 12105
303.34 12107
217.94 12109
257.45 12111
293.76 12113
207.04 12115
265.17 12117
232.30 12119
345.42 12121
340.82 12123
446.12 12125
287.61 12127
305.53 12129
322.46 12131
364.10 12133
354.88 13001
430.14 13003
453.83 13005
315.00 13007
379.60 13009
334.60 13011
335.05 13013
342.37 13015
381.82 13017
378.00 13019
423.79 13021
345.20 13023
387.50 13025
359.88 13027
341.62 13029
322.16 13031
421.05 13033
355.78 13035
419.59 13037
341.89 13039
364.43 13043
377.28 13045
317.75 13047
355.22 13049
325.09 13051
345.46 13053
414.57 13055
288.05 13057
308.16 13059
401.13 13061
359.48 13063
418.00 13065
281.57 13067
369.64 13069
370.49 13071
280.66 13073
416.89 13075
312.15 13077
328.32 13079
369.84 13081
358.97 13083
324.68 13085
257.40 13089
352.83 13087
391.91 13091
351.89 13093
331.51 13095
351.49 13097
413.45 13099
277.58 13101
337.70 13103
386.09 13105
414.94 13107
381.86 13109
287.02 13111
237.11 13113
366.81 13115
278.04 13117
356.65 13119
309.02 13121
306.83 13123
364.41 13125
293.92 13127
359.71 13129
365.52 13131
367.88 13133
255.45 13135
298.45 13137
293.26 13139
323.34 13141
395.84 13143
269.99 13145
326.59 13147
312.39 13149
315.81 13151
309.67 13153
311.86 13155
361.79 13157
363.05 13159
446.47 13161
402.15 13163
393.60 13165
342.26 13167
314.45 13169
373.10 13171
341.01 13173
400.80 13175
284.34 13177
332.27 13179
371.00 13181
306.78 13183
363.36 13185
295.33 13187
424.10 13193
354.54 13195
396.52 13197
364.18 13189
259.25 13191
437.30 13199
349.26 13201
391.94 13205
371.35 13207
349.29 13209
352.23 13211
360.28 13213
369.33 13215
351.25 13217
281.24 13219
301.33 13221
297.59 13223
378.77 13225
312.46 13227
383.19 13229
360.48 13231
435.41 13233
396.43 13235
329.05 13237
297.33 13239
287.12 13241
406.53 13243
366.75 13245
294.18 13247
351.91 13249
396.11 13251
378.16 13253
386.92 13255
355.74 13257
371.57 13259
371.69 13261
409.43 13263
366.69 13265
380.03 13267
406.33 13269
383.94 13271
364.64 13273
344.38 13275
362.08 13277
370.75 13279
256.12 13281
350.21 13283
380.43 13285
416.94 13287
428.61 13289
259.09 13291
436.98 13293
398.71 13295
350.77 13297
396.74 13299
335.19 13301
372.05 13303
406.49 13305
290.97 13307
334.49 13309
290.85 13311
325.17 13313
374.97 13315
370.94 13317
418.38 13319
339.94 13321
253.66 15001
221.04 15003
226.94 15005
242.79 15007
226.94 15009
243.40 16001
252.33 16003
308.03 16005
308.65 16007
317.29 16009
281.56 16011
179.92 16013
223.53 16015
275.23 16017
274.69 16019
295.72 16021
312.46 16023
223.66 16025
262.41 16027
288.43 16029
282.57 16031
296.20 16033
262.30 16035
247.41 16037
278.50 16039
285.53 16041
299.30 16043
270.84 16045
287.37 16047
267.76 16049
253.22 16051
279.78 16053
254.38 16055
250.97 16057
254.98 16059
247.26 16061
264.09 16063
281.28 16065
269.07 16067
272.89 16069
252.18 16071
262.79 16073
293.90 16075
307.66 16077
344.65 16079
215.61 16081
257.93 16083
215.40 16085
297.40 16087
300.19 17001
412.11 17003
296.65 17005
285.03 17007
351.35 17009
303.33 17011
359.11 17013
309.01 17015
357.01 17017
254.70 17019
316.60 17021
356.86 17023
353.16 17025
293.09 17027
345.34 17029
321.98 17031
355.19 17033
309.17 17035
327.81 17039
278.78 17037
314.44 17041
257.58 17043
397.43 17045
328.58 17047
306.45 17049
321.10 17051
352.56 17053
314.22 17055
309.46 17057
395.81 17059
337.84 17061
295.17 17063
375.16 17065
288.77 17067
383.10 17069
340.49 17071
304.35 17073
344.28 17075
320.07 17077
318.65 17079
299.87 17081
347.73 17083
262.09 17085
321.24 17087
263.68 17089
336.65 17091
254.04 17093
331.62 17095
335.92 17099
256.26 17097
335.92 17101
307.64 17103
351.20 17105
283.26 17107
298.55 17115
335.82 17117
329.07 17119
350.86 17121
323.91 17123
300.49 17125
340.59 17127
320.77 17109
289.97 17111
271.06 17113
298.28 17129
298.30 17131
267.71 17133
315.47 17135
326.03 17137
311.47 17139
276.34 17141
311.29 17143
328.18 17145
280.71 17147
261.68 17149
323.44 17151
401.48 17153
262.98 17155
329.61 17157
322.86 17159
309.89 17161
324.98 17163
397.05 17165
306.20 17167
350.29 17169
336.77 17171
308.15 17173
295.82 17175
283.66 17177
292.60 17179
344.59 17181
351.99 17183
280.24 17185
360.81 17187
374.02 17189
328.78 17191
361.21 17193
312.28 17195
299.53 17197
315.25 17199
300.97 17201
274.33 17203
302.21 18001
283.07 18003
303.01 18005
317.95 18007
343.83 18009
311.81 18011
263.78 18013
275.48 18015
319.19 18017
363.88 18019
372.98 18021
347.38 18023
356.08 18025
338.59 18027
324.48 18033
300.07 18029
333.24 18031
319.65 18035
327.02 18037
307.28 18039
338.24 18041
331.79 18043
353.93 18045
267.42 18047
362.25 18049
320.18 18051
323.34 18053
362.64 18055
253.34 18057
304.03 18059
301.24 18061
279.53 18063
343.86 18065
327.31 18067
346.22 18069
330.10 18071
333.77 18073
329.55 18075
383.06 18077
324.62 18079
329.16 18081
405.35 18083
301.63 18085
294.28 18087
344.09 18091
358.14 18089
363.87 18093
318.12 18095
321.04 18097
304.68 18099
363.23 18101
341.20 18103
258.51 18105
338.31 18107
346.50 18109
333.97 18111
327.41 18113
310.85 18115
348.42 18117
358.84 18119
332.82 18121
315.88 18123
365.99 18125
292.03 18127
289.97 18129
373.14 18131
320.26 18133
328.04 18135
325.43 18137
332.98 18139
308.90 18141
373.18 18143
321.61 18145
308.77 18147
382.71 18149
307.35 18151
389.49 18153
343.13 18155
296.43 18157
319.04 18159
319.73 18161
305.88 18163
439.31 18165
370.62 18167
296.43 18169
300.44 18171
292.89 18173
365.06 18175
322.05 18177
278.88 18179
294.21 18181
295.98 18183
298.81 19001
299.74 19003
290.17 19005
399.37 19007
241.55 19009
286.03 19011
286.79 19013
309.08 19015
276.33 19017
310.94 19019
265.63 19021
320.39 19023
266.20 19025
256.79 19027
311.64 19029
269.37 19031
306.59 19033
297.39 19035
316.02 19037
322.61 19039
260.00 19041
264.67 19043
363.62 19045
251.45 19047
246.41 19049
310.16 19051
317.46 19053
257.09 19055
305.02 19057
264.99 19059
298.80 19061
278.45 19063
280.18 19065
347.00 19067
315.27 19069
285.67 19071
302.74 19073
269.78 19075
335.34 19077
267.43 19079
291.78 19081
299.85 19083
324.15 19085
338.51 19087
297.74 19089
296.32 19091
295.67 19093
262.96 19095
334.46 19097
287.63 19099
300.48 19101
228.51 19103
258.44 19105
261.26 19107
269.00 19109
341.28 19111
236.41 19113
313.30 19115
311.05 19117
283.08 19119
256.06 19121
299.71 19123
293.50 19125
291.32 19127
326.56 19129
290.48 19131
338.83 19133
333.84 19135
321.17 19137
282.02 19139
271.91 19141
344.08 19143
303.34 19145
289.52 19147
278.02 19149
284.08 19151
269.24 19153
300.25 19155
304.08 19157
274.33 19159
291.63 19161
284.92 19163
269.79 19165
221.98 19167
232.87 19169
264.32 19171
281.85 19173
356.57 19175
323.41 19177
332.71 19179
253.52 19181
270.82 19183
331.67 19185
333.54 19187
285.25 19189
241.61 19191
286.05 19193
301.81 19195
258.75 19197
332.96 20001
273.95 20003
309.64 20005
331.85 20007
283.93 20009
335.87 20011
344.11 20013
313.69 20015
294.63 20017
308.18 20019
404.57 20021
245.66 20023
299.72 20025
249.49 20027
295.59 20029
306.02 20031
335.88 20033
320.62 20035
355.72 20037
255.75 20039
312.42 20041
317.89 20043
236.12 20045
321.72 20047
334.42 20049
259.18 20051
307.65 20053
258.10 20055
293.91 20057
297.09 20059
308.29 20061
275.88 20063
275.35 20065
308.98 20067
249.76 20069
263.44 20071
360.07 20073
297.49 20075
308.31 20077
252.22 20079
297.87 20081
258.38 20083
328.04 20085
273.30 20087
286.22 20089
244.92 20091
285.43 20093
301.09 20095
248.77 20097
343.77 20099
298.63 20101
281.47 20103
317.18 20105
310.24 20107
275.44 20109
307.90 20111
272.50 20115
297.44 20117
271.75 20113
265.91 20119
303.01 20121
295.99 20123
327.32 20125
261.28 20127
313.45 20129
282.55 20131
314.86 20133
278.03 20135
299.13 20137
328.40 20139
300.19 20141
344.47 20143
274.28 20145
321.70 20147
303.17 20149
282.38 20151
264.13 20153
273.77 20155
297.51 20157
294.16 20159
237.16 20161
293.33 20163
285.71 20165
320.19 20167
287.75 20169
270.11 20171
293.92 20173
278.34 20175
282.91 20177
279.87 20179
298.06 20181
281.49 20183
371.63 20185
253.97 20187
240.21 20189
316.83 20191
297.95 20193
329.16 20195
285.18 20197
252.75 20199
271.52 20201
252.00 20203
350.83 20205
315.29 20207
335.45 20209
373.22 21001
397.27 21003
301.52 21005
416.76 21007
344.47 21009
394.75 21011
452.02 21013
298.28 21015
333.74 21017
384.24 21019
307.78 21021
375.09 21023
516.00 21025
382.30 21027
294.59 21029
348.56 21031
378.40 21033
328.59 21035
312.00 21037
381.01 21039
408.29 21041
357.41 21043
354.74 21045
369.91 21047
342.29 21049
425.58 21051
411.09 21053
437.98 21055
477.68 21057
292.05 21059
304.43 21061
295.61 21063
412.84 21065
281.28 21067
422.64 21069
416.82 21071
313.16 21073
439.75 21075
404.66 21077
288.13 21079
369.28 21081
333.09 21083
380.73 21085
359.31 21087
353.15 21089
339.03 21091
303.33 21093
409.59 21095
423.60 21097
362.54 21099
343.25 21101
357.43 21103
342.34 21105
392.77 21107
425.72 21109
301.67 21111
267.18 21113
407.35 21115
309.86 21117
417.67 21119
414.71 21121
310.06 21123
382.74 21125
428.51 21127
422.05 21129
386.25 21131
441.76 21133
375.34 21135
323.43 21137
390.77 21139
365.29 21141
321.23 21143
322.61 21151
371.88 21153
318.77 21155
351.97 21157
460.63 21159
385.30 21161
396.79 21145
411.10 21147
365.58 21149
313.21 21163
382.96 21165
333.10 21167
402.90 21169
462.70 21171
344.29 21173
347.13 21175
371.79 21177
325.40 21179
391.66 21181
350.73 21183
289.69 21185
344.82 21187
478.86 21189
365.96 21191
507.10 21193
441.77 21195
399.03 21197
334.76 21199
410.39 21201
387.50 21203
340.97 21205
359.64 21207
317.04 21209
385.60 21211
417.24 21213
332.79 21215
345.20 21217
401.19 21219
324.91 21221
322.17 21223
377.56 21225
323.99 21227
310.08 21229
343.05 21231
350.36 21233
446.76 21235
492.27 21237
284.96 21239
401.56 22001
328.85 22003
332.56 22005
359.87 22007
435.13 22009
433.16 22011
343.36 22013
304.75 22015
316.79 22017
414.77 22019
380.31 22021
293.59 22023
431.65 22025
380.38 22027
403.67 22029
419.52 22031
340.33 22033
421.68 22035
403.03 22037
394.16 22039
529.87 22041
381.23 22043
364.15 22045
372.28 22047
403.60 22049
405.38 22053
317.35 22051
447.65 22059
305.97 22055
329.00 22057
273.36 22061
343.68 22063
527.93 22065
375.54 22067
406.50 22069
346.48 22071
324.07 22073
335.84 22075
381.73 22077
386.32 22079
424.75 22081
433.80 22083
368.57 22085
364.81 22087
325.37 22089
350.50 22091
341.85 22093
389.69 22095
395.45 22097
361.33 22099
346.29 22101
298.99 22103
435.69 22105
481.41 22107
367.22 22109
361.86 22111
380.55 22113
385.55 22115
427.20 22117
395.71 22119
339.03 22121
389.76 22123
293.55 22125
394.43 22127
269.07 23001
299.89 23003
227.03 23005
265.47 23007
273.03 23009
276.32 23011
235.54 23013
237.17 23015
262.19 23017
303.60 23019
278.17 23021
274.40 23023
293.52 23025
285.52 23027
307.99 23029
243.71 23031
382.82 24001
288.39 24003
430.32 24510
291.07 24005
301.27 24009
322.54 24011
305.07 24013
316.20 24015
307.65 24017
342.42 24019
284.91 24021
333.65 24023
297.64 24025
230.92 24027
292.75 24029
253.91 24031
253.91 24033
263.97 24035
311.91 24037
369.87 24039
265.98 24041
317.21 24043
349.54 24045
278.84 24047
226.61 25001
262.72 25003
288.85 25005
238.74 25007
243.15 25009
249.52 25011
268.59 25013
255.11 25015
232.48 25017
269.55 25019
231.96 25021
275.47 25023
257.81 25025
271.10 25027
312.28 26001
323.44 26003
285.78 26005
318.85 26007
282.50 26009
381.95 26011
392.28 26013
289.61 26015
333.69 26017
288.72 26019
332.30 26021
329.15 26023
317.95 26025
307.12 26027
276.71 26029
285.74 26031
307.76 26033
381.22 26035
284.66 26037
315.77 26039
279.46 26041
306.57 26043
293.93 26045
274.71 26047
370.76 26049
341.90 26051
336.62 26053
255.65 26055
388.89 26057
320.13 26059
356.77 26061
346.62 26063
300.25 26065
305.57 26067
355.82 26069
334.89 26071
325.95 26073
317.29 26075
271.09 26077
321.57 26079
271.28 26081
318.48 26083
362.27 26085
344.86 26087
210.43 26089
320.00 26091
296.11 26093
316.38 26095
311.40 26097
333.89 26099
323.23 26101
319.39 26103
295.03 26105
309.52 26107
299.22 26109
263.96 26111
315.81 26113
332.05 26115
335.47 26117
329.80 26119
320.41 26121
294.62 26123
294.23 26125
318.41 26127
407.15 26129
400.18 26131
335.85 26133
347.64 26135
282.11 26137
235.20 26139
279.78 26141
347.56 26143
322.05 26145
348.20 26147
356.24 26149
332.95 26151
299.27 26153
327.80 26155
336.41 26157
324.48 26159
262.38 26161
405.89 26163
316.69 26165
246.51 27001
210.07 27003
266.00 27005
252.45 27007
304.33 27009
308.84 27011
231.96 27013
242.11 27015
295.22 27017
205.10 27019
261.35 27021
224.76 27023
230.80 27025
241.24 27027
304.04 27029
198.88 27031
257.47 27033
235.83 27035
206.37 27037
227.20 27039
247.83 27041
256.89 27043
250.26 27045
251.43 27047
245.35 27049
278.28 27051
196.01 27053
216.45 27055
222.81 27057
240.57 27059
257.10 27061
235.82 27063
253.02 27065
219.79 27067
320.19 27069
273.14 27071
247.59 27073
232.17 27075
267.44 27077
249.26 27079
248.02 27081
258.55 27083
272.96 27087
235.47 27089
245.85 27091
245.21 27085
254.03 27093
265.17 27095
257.41 27097
213.15 27099
239.45 27101
211.45 27103
215.37 27105
277.08 27107
194.02 27109
251.31 27111
277.31 27113
256.45 27115
243.84 27117
262.57 27119
258.66 27121
231.07 27123
289.25 27125
260.68 27127
261.93 27129
235.28 27131
255.19 27133
264.15 27135
255.99 27137
229.23 27139
245.12 27141
274.81 27143
205.74 27145
228.45 27147
227.17 27149
253.86 27151
224.55 27153
266.39 27155
224.92 27157
297.00 27159
239.39 27161
202.37 27163
266.34 27165
334.57 27167
238.19 27169
228.80 27171
247.11 27173
405.64 28001
413.72 28003
317.92 28005
397.50 28007
414.30 28009
481.96 28011
413.64 28013
329.20 28015
386.52 28017
355.54 28019
483.98 28021
415.39 28023
414.14 28025
459.42 28027
386.32 28029
421.02 28031
356.08 28033
395.89 28035
420.30 28037
417.44 28039
437.77 28041
458.07 28043
330.57 28045
414.89 28047
367.46 28049
458.14 28051
458.39 28053
299.43 28055
405.85 28057
357.05 28059
402.74 28061
408.82 28063
365.83 28065
373.28 28067
356.11 28069
339.47 28071
330.56 28073
395.60 28075
431.72 28077
426.01 28079
389.84 28081
513.39 28083
389.54 28085
343.56 28087
367.04 28089
416.09 28091
423.60 28093
364.16 28095
430.85 28097
440.40 28099
402.16 28101
385.35 28103
327.11 28105
455.23 28107
369.46 28109
391.26 28111
415.97 28113
337.32 28115
333.15 28117
475.31 28119
340.76 28121
400.64 28123
414.67 28125
446.44 28127
413.41 28129
459.57 28131
490.98 28133
360.77 28135
415.30 28137
495.59 28139
443.63 28141
526.48 28143
388.56 28145
405.86 28147
446.20 28149
466.04 28151
409.41 28153
482.45 28155
445.95 28157
355.46 28159
422.97 28161
390.11 28163
324.91 29001
311.37 29003
313.75 29005
295.91 29007
384.71 29009
318.08 29011
352.47 29013
325.91 29015
402.11 29017
256.87 29019
354.32 29021
368.08 29023
323.05 29025
304.26 29027
312.96 29029
342.72 29031
366.64 29033
415.49 29035
299.67 29037
344.73 29039
338.47 29041
318.07 29043
349.19 29045
257.49 29047
339.78 29049
307.29 29051
340.03 29053
398.68 29055
343.57 29057
303.06 29059
363.08 29061
341.41 29063
372.67 29065
282.92 29067
461.28 29069
336.25 29071
348.17 29073
353.97 29075
298.67 29077
339.61 29079
367.38 29081
399.79 29083
285.49 29085
303.20 29087
302.22 29089
364.95 29091
456.09 29093
301.51 29095
384.03 29097
377.08 29099
378.38 29101
360.99 29103
411.64 29105
365.25 29107
345.25 29109
382.89 29111
359.96 29113
366.75 29115
354.44 29117
346.82 29121
353.98 29123
363.50 29125
336.08 29127
363.11 29119
298.76 29129
390.47 29131
500.66 29133
340.43 29135
304.91 29137
358.39 29139
353.37 29141
458.53 29143
333.08 29145
303.43 29147
418.19 29149
335.20 29151
329.77 29153
517.43 29155
326.57 29157
306.42 29159
362.92 29161
371.23 29163
237.04 29165
320.58 29167
385.86 29169
335.12 29171
262.81 29173
336.40 29175
353.16 29177
358.63 29179
413.34 29181
259.63 29183
349.65 29185
393.83 29187
419.35 29510
302.48 29189
310.06 29186
373.35 29195
308.51 29197
306.55 29199
365.54 29201
348.94 29203
343.78 29205
338.63 29207
289.77 29209
317.72 29211
336.20 29213
345.21 29215
380.78 29217
299.56 29219
502.36 29221
357.94 29223
359.68 29225
321.67 29227
383.07 29229
241.08 30001
316.79 30003
300.08 30005
264.45 30007
224.00 30009
301.71 30011
251.73 30013
265.25 30015
270.80 30017
244.29 30019
267.84 30021
314.14 30023
264.88 30025
257.60 30027
262.79 30029
211.59 30031
232.26 30033
319.88 30035
218.96 30037
214.02 30039
293.61 30041
287.58 30043
208.34 30045
257.68 30047
245.55 30049
218.73 30051
298.88 30053
252.75 30057
280.63 30055
289.91 30059
266.83 30061
228.56 30063
308.72 30065
223.00 30067
231.96 30069
281.62 30071
234.84 30073
247.21 30075
267.10 30077
247.72 30079
233.72 30081
327.33 30083
391.08 30085
309.74 30087
275.64 30089
270.43 30091
340.92 30093
271.71 30095
250.19 30097
244.46 30099
278.45 30101
210.42 30103
261.95 30105
279.38 30107
318.93 30109
254.12 30111
280.94 31001
260.53 31003
267.26 31005
198.82 31007
255.86 31009
238.37 31011
298.27 31013
301.71 31015
230.96 31017
252.77 31019
311.26 31021
292.73 31023
283.57 31025
284.89 31027
269.99 31029
223.57 31031
246.80 31033
281.61 31035
249.68 31037
279.46 31039
319.05 31041
312.65 31043
271.91 31045
289.32 31047
250.57 31049
291.48 31051
258.94 31053
268.73 31055
288.79 31057
308.83 31059
292.10 31061
225.75 31063
296.52 31065
259.52 31067
310.38 31069
303.22 31071
257.89 31073
242.24 31075
282.60 31077
251.66 31079
240.26 31081
282.85 31083
159.10 31085
239.17 31087
277.27 31089
261.27 31091
277.48 31093
293.38 31095
287.80 31097
255.60 31099
296.78 31101
223.36 31103
282.77 31105
353.96 31107
232.15 31109
270.58 31111
282.51 31113
205.70 31115
314.42 31119
175.82 31117
253.92 31121
289.93 31123
304.46 31125
249.42 31127
267.59 31129
248.61 31131
259.56 31133
258.69 31135
291.80 31137
327.77 31139
254.26 31141
308.12 31143
237.85 31145
301.64 31147
266.63 31149
286.44 31151
259.99 31153
249.87 31155
303.83 31157
296.19 31159
290.87 31161
275.11 31163
170.14 31165
244.95 31167
290.48 31169
231.36 31171
371.35 31173
267.64 31175
255.46 31177
230.13 31179
312.87 31181
212.35 31183
272.01 31185
330.33 32510
327.81 32001
309.06 32003
233.11 32005
281.38 32007
354.38 32009
305.63 32011
343.98 32013
332.24 32015
324.93 32017
315.51 32019
377.80 32021
345.38 32023
287.97 32027
174.24 32029
338.25 32031
324.33 32033
291.91 33001
239.88 33003
259.14 33005
295.87 33007
249.25 33009
264.27 33011
281.36 33013
248.27 33015
257.83 33017
265.76 33019
344.19 34001
252.59 34003
293.16 34005
313.22 34007
344.70 34009
384.06 34011
307.26 34013
343.89 34015
319.25 34017
240.18 34019
279.21 34021
271.30 34023
293.62 34025
271.22 34027
301.75 34029
293.22 34031
346.75 34033
250.45 34035
307.04 34037
285.12 34039
304.15 34041
240.70 35001
198.39 35003
280.32 35005
251.13 35006
246.74 35007
337.00 35009
269.68 35011
238.09 35013
302.28 35015
248.43 35017
277.80 35019
190.64 35021
284.60 35023
328.84 35025
209.78 35027
164.03 35028
333.41 35029
235.90 35031
211.74 35033
293.15 35035
337.07 35037
238.65 35039
300.72 35041
224.77 35045
258.04 35047
214.04 35043
189.06 35049
305.34 35051
263.63 35053
182.76 35055
277.97 35057
305.87 35059
251.13 35061
318.81 36001
307.83 36003
362.77 36005
303.04 36007
395.89 36009
300.57 36011
324.95 36013
302.47 36015
377.63 36017
310.50 36019
326.72 36021
315.50 36023
342.74 36025
304.61 36027
314.69 36029
274.38 36031
333.90 36033
341.99 36035
320.61 36037
336.93 36039
315.75 36041
340.77 36043
312.74 36045
369.80 36047
280.15 36049
276.85 36051
284.54 36053
252.64 36055
380.33 36057
304.82 36059
270.22 36061
364.92 36063
314.13 36065
265.89 36067
276.78 36069
310.29 36071
352.44 36073
326.75 36075
285.06 36077
308.04 36079
341.48 36081
321.46 36083
404.87 36085
299.80 36087
333.29 36089
283.41 36091
292.80 36093
270.80 36095
311.58 36097
281.74 36099
303.10 36101
330.77 36103
347.76 36105
272.08 36107
257.30 36109
292.51 36111
268.76 36113
282.38 36115
283.16 36117
278.20 36119
330.96 36121
278.16 36123
300.14 37001
294.67 37003
285.87 37005
379.54 37007
279.53 37009
312.74 37011
356.62 37013
347.37 37015
411.60 37017
299.44 37019
268.59 37021
311.49 37023
294.92 37025
322.74 37027
298.59 37029
302.17 37031
325.99 37033
284.14 37035
244.98 37037
304.71 37039
329.40 37041
267.07 37043
363.98 37045
436.99 37047
306.88 37049
342.16 37051
319.38 37053
268.21 37055
334.24 37057
256.34 37059
340.42 37061
265.42 37063
388.52 37065
267.67 37067
304.99 37069
351.31 37071
342.85 37073
315.54 37075
304.46 37077
338.78 37079
274.69 37081
381.24 37083
334.11 37085
293.85 37087
247.58 37089
340.53 37091
334.11 37093
368.04 37095
322.05 37097
271.30 37099
360.85 37101
356.19 37103
315.18 37105
413.76 37107
346.23 37109
278.38 37113
306.29 37115
418.22 37117
304.60 37111
247.02 37119
312.60 37121
306.40 37123
236.17 37125
350.80 37127
292.75 37129
344.87 37131
304.85 37133
235.91 37135
283.36 37137
349.41 37139
290.21 37141
332.47 37143
346.87 37145
318.69 37147
247.58 37149
302.78 37151
412.33 37153
380.15 37155
338.91 37157
343.57 37159
372.82 37161
350.35 37163
385.92 37165
372.10 37167
331.05 37169
317.85 37171
391.57 37173
232.69 37175
328.92 37177
289.99 37179
388.86 37181
256.63 37183
308.05 37185
361.05 37187
253.38 37189
343.52 37191
295.99 37193
340.20 37195
310.81 37197
274.20 37199
260.13 38001
269.99 38003
330.47 38005
145.10 38007
260.63 38009
323.41 38011
249.83 38013
238.30 38015
235.80 38017
278.92 38019
278.39 38021
218.05 38023
306.30 38025
300.44 38027
266.86 38029
314.47 38031
221.88 38033
266.94 38035
273.24 38037
276.66 38039
272.95 38041
236.90 38043
231.01 38045
237.76 38047
264.80 38049
260.55 38051
305.85 38053
276.86 38055
277.25 38057
273.42 38059
352.89 38061
348.92 38063
181.70 38065
277.60 38067
252.12 38069
348.68 38071
315.13 38073
250.61 38075
265.40 38077
350.77 38079
249.23 38081
191.46 38083
519.73 38085
185.76 38087
266.54 38089
264.27 38091
272.03 38093
297.48 38095
292.49 38097
322.71 38099
274.18 38101
285.90 38103
269.02 38105
363.36 39001
328.23 39003
305.74 39005
346.21 39007
358.43 39009
313.69 39011
365.03 39013
336.90 39015
296.13 39017
304.93 39019
324.95 39021
333.04 39023
296.79 39025
322.42 39027
339.97 39029
339.61 39031
323.87 39033
340.07 39035
315.35 39037
297.43 39039
240.53 39041
282.97 39043
299.47 39045
412.86 39047
312.24 39049
304.27 39051
362.46 39053
252.34 39055
288.28 39057
356.46 39059
303.43 39061
299.47 39063
388.69 39065
389.61 39067
289.28 39069
335.77 39071
330.20 39073
294.64 39075
321.51 39077
396.76 39079
412.90 39081
341.34 39083
302.96 39085
380.44 39087
297.64 39089
332.30 39091
287.79 39093
355.24 39095
332.65 39097
332.90 39099
338.47 39101
269.45 39103
387.38 39105
342.91 39107
311.95 39109
353.48 39111
286.36 39113
317.43 39115
302.18 39117
330.81 39119
275.01 39121
313.33 39123
313.11 39125
360.16 39127
340.38 39129
345.29 39131
314.69 39133
348.68 39135
278.39 39137
324.05 39139
354.01 39141
306.42 39143
397.17 39145
344.66 39147
335.30 39149
297.88 39151
304.56 39153
338.80 39155
335.61 39157
285.21 39159
303.92 39161
367.29 39163
282.68 39165
312.55 39167
308.30 39169
281.35 39171
326.89 39173
327.60 39175
417.64 40001
348.98 40003
411.40 40005
304.14 40007
435.94 40009
425.10 40011
382.11 40013
406.57 40015
328.08 40017
415.97 40019
380.78 40021
467.41 40023
287.72 40025
321.68 40027
511.46 40029
382.97 40031
435.22 40033
453.85 40035
383.85 40037
374.80 40039
380.01 40041
434.78 40043
335.63 40045
357.83 40047
422.68 40049
402.00 40051
337.96 40053
383.77 40055
392.70 40057
419.59 40059
427.84 40061
466.23 40063
401.90 40065
457.47 40067
416.56 40069
372.82 40071
347.62 40073
441.93 40075
364.63 40077
417.75 40079
393.10 40081
340.46 40083
359.59 40085
369.42 40093
359.84 40095
378.13 40097
372.24 40087
431.81 40089
399.77 40091
416.44 40099
399.31 40101
341.37 40103
361.94 40105
462.80 40107
359.46 40109
421.68 40111
310.25 40113
418.50 40115
392.32 40117
318.18 40119
414.53 40121
411.70 40123
386.93 40125
456.80 40127
314.64 40129
340.99 40131
442.97 40133
420.86 40135
404.83 40137
317.04 40139
336.34 40141
361.89 40143
316.63 40145
299.86 40147
349.18 40149
398.09 40151
376.42 40153
276.98 41001
222.55 41003
249.31 41005
293.73 41007
275.90 41009
301.80 41011
295.45 41013
284.51 41015
237.69 41017
267.41 41019
221.87 41021
246.08 41023
267.53 41025
253.37 41027
246.56 41029
282.77 41031
275.02 41033
275.59 41035
262.32 41037
242.31 41039
269.00 41041
284.45 41043
290.87 41045
261.92 41047
238.95 41049
272.12 41051
235.50 41053
217.42 41055
260.56 41057
270.56 41059
255.55 41061
258.47 41063
265.77 41065
224.95 41067
259.87 41069
246.84 41071
307.42 42001
316.45 42003
320.85 42005
312.12 42007
327.49 42009
302.58 42011
356.57 42013
290.64 42015
273.06 42017
298.54 42019
328.65 42021
283.55 42023
337.57 42025
273.11 42027
271.45 42029
345.10 42031
323.46 42033
330.24 42035
346.82 42037
314.29 42039
292.57 42041
325.46 42043
313.59 42045
285.88 42047
304.49 42049
358.19 42051
363.47 42053
263.72 42055
331.16 42057
342.64 42059
324.65 42061
300.37 42063
348.44 42065
299.21 42067
355.80 42069
266.41 42071
320.80 42073
294.84 42075
270.54 42077
362.19 42079
295.84 42081
377.09 42083
320.12 42085
302.09 42087
284.12 42089
265.68 42091
304.10 42093
273.71 42095
353.33 42097
331.72 42099
377.30 42101
272.70 42103
292.41 42105
380.50 42107
288.58 42109
320.88 42111
323.61 42113
340.30 42115
293.85 42117
285.66 42119
313.07 42121
333.43 42123
305.50 42125
356.61 42127
310.20 42129
335.62 42131
274.92 42133
252.27 44001
292.58 44003
268.84 44005
296.71 44007
259.86 44009
279.52 45001
299.78 45003
403.09 45005
306.09 45007
381.85 45009
373.89 45011
206.48 45013
303.71 45015
312.74 45017
278.52 45019
360.58 45021
390.22 45023
382.38 45025
350.88 45027
377.48 45029
397.23 45031
394.16 45033
327.18 45035
324.61 45037
405.37 45039
404.77 45041
283.98 45043
277.22 45045
314.55 45047
357.16 45049
309.02 45051
348.79 45053
300.73 45055
338.25 45057
367.74 45059
364.86 45061
293.56 45063
433.56 45067
381.58 45069
280.69 45065
317.54 45071
307.58 45073
368.37 45075
324.98 45077
305.48 45079
373.31 45081
327.71 45083
362.39 45085
410.99 45087
385.81 45089
292.65 45091
257.88 46003
282.07 46005
288.54 46007
261.56 46009
259.08 46011
289.36 46013
258.26 46015
597.24 46017
324.67 46019
197.95 46021
285.40 46023
280.25 46025
324.20 46027
265.17 46029
357.17 46031
260.22 46033
274.93 46035
343.64 46037
256.13 46039
363.25 46041
231.18 46043
322.35 46045
343.59 46047
234.79 46049
292.48 46051
296.83 46053
267.25 46055
274.14 46057
270.27 46059
218.10 46061
232.90 46063
258.86 46065
266.16 46067
330.20 46069
324.69 46071
225.47 46073
219.38 46075
326.96 46077
246.12 46079
241.37 46081
232.34 46083
285.65 46085
283.24 46091
315.65 46087
301.36 46089
286.09 46093
289.20 46095
267.18 46097
260.03 46099
298.42 46101
442.34 46102
241.96 46103
265.28 46105
254.50 46107
335.28 46109
237.80 46111
291.98 46115
223.66 46117
190.18 46119
383.60 46121
295.95 46123
299.64 46125
258.48 46127
311.06 46129
283.26 46135
274.06 46137
292.09 47001
384.77 47003
443.67 47005
363.99 47007
280.40 47009
350.26 47011
371.20 47013
397.25 47015
477.38 47017
326.55 47019
383.07 47021
352.19 47023
417.74 47025
405.71 47027
455.00 47029
354.23 47031
461.48 47033
301.41 47035
324.36 47037
401.38 47041
398.88 47039
391.30 47043
404.63 47045
350.93 47047
449.08 47049
342.21 47051
414.10 47053
397.56 47055
370.99 47057
401.52 47059
385.40 47061
367.87 47063
318.97 47065
419.16 47067
389.82 47069
454.98 47071
373.15 47073
414.10 47075
481.99 47077
448.67 47079
338.81 47081
385.45 47083
380.16 47085
426.53 47087
340.08 47089
317.16 47091
302.67 47093
447.67 47095
433.64 47097
365.62 47099
378.98 47101
403.34 47103
310.60 47105
387.99 47111
349.52 47113
381.24 47115
379.75 47117
329.06 47119
340.06 47107
443.37 47109
370.22 47121
334.60 47123
347.76 47125
268.01 47127
328.14 47129
410.72 47131
407.81 47133
400.49 47135
359.67 47137
394.44 47139
353.98 47141
359.52 47143
317.90 47145
410.02 47147
324.49 47149
379.13 47151
334.57 47153
334.38 47155
388.83 47157
427.74 47159
393.02 47161
323.51 47163
326.98 47165
393.41 47167
395.26 47169
372.90 47171
342.34 47173
355.70 47175
387.30 47177
348.62 47179
389.37 47181
363.41 47183
388.37 47185
250.46 47187
328.70 47189
365.83 48001
365.02 48003
386.91 48005
286.93 48007
273.49 48009
289.20 48011
328.10 48013
360.53 48015
289.64 48017
237.60 48019
290.57 48021
346.55 48023
305.99 48025
314.25 48027
291.61 48029
287.50 48031
221.58 48033
342.61 48035
396.35 48037
305.72 48039
289.98 48041
240.59 48043
309.91 48045
384.95 48047
378.89 48049
308.21 48051
256.04 48053
280.91 48055
282.31 48057
349.58 48059
255.84 48061
379.37 48063
306.94 48065
393.60 48067
294.12 48069
326.25 48071
363.52 48073
387.57 48075
355.55 48077
351.47 48079
286.07 48081
347.88 48083
247.43 48085
338.85 48087
335.14 48089
257.02 48091
348.89 48093
332.08 48095
337.40 48097
329.46 48099
306.41 48101
380.94 48103
320.17 48105
363.29 48107
266.97 48109
396.65 48111
300.38 48113
295.00 48115
352.42 48123
283.57 48117
364.57 48119
254.48 48121
319.41 48125
306.00 48127
332.71 48129
333.19 48131
383.82 48133
358.27 48135
237.23 48137
257.59 48141
322.22 48139
321.39 48143
388.76 48145
404.78 48147
331.97 48149
345.83 48151
323.91 48153
364.51 48155
251.10 48157
320.56 48159
351.10 48161
335.55 48163
337.75 48165
326.89 48167
349.36 48169
240.90 48171
267.86 48173
261.10 48175
315.22 48177
334.78 48179
353.14 48181
354.93 48183
370.48 48185
275.04 48187
312.59 48189
387.04 48191
364.23 48193
313.54 48195
305.76 48197
349.10 48199
296.22 48201
353.52 48203
242.03 48205
374.60 48207
237.96 48209
310.49 48211
345.61 48213
259.25 48215
330.56 48217
328.97 48219
271.85 48221
351.19 48223
354.32 48225
389.25 48227
202.46 48229
359.56 48231
339.63 48233
245.42 48235
347.36 48237
321.75 48239
376.14 48241
201.66 48243
348.52 48245
378.93 48247
360.42 48249
370.37 48251
364.78 48253
367.06 48255
369.34 48257
282.48 48259
337.74 48261
356.95 48263
241.56 48265
319.25 48267
310.67 48269
232.95 48271
343.95 48273
341.01 48275
385.92 48283
371.15 48277
329.65 48279
321.85 48281
312.71 48285
303.48 48287
319.38 48289
403.06 48291
377.00 48293
310.23 48295
259.64 48297
230.38 48299
348.28 48301
314.75 48303
324.68 48305
359.68 48313
357.89 48315
379.56 48317
248.70 48319
333.62 48321
264.34 48323
354.52 48307
322.12 48309
310.15 48311
300.94 48325
331.79 48327
273.61 48329
306.98 48331
288.77 48333
377.36 48335
424.08 48337
303.06 48339
289.41 48341
388.97 48343
303.95 48345
360.76 48347
328.29 48349
387.97 48351
376.41 48353
262.06 48355
368.51 48357
295.11 48359
389.58 48361
395.72 48363
334.46 48365
326.47 48367
308.81 48369
288.53 48371
362.73 48373
363.62 48375
179.00 48377
341.02 48379
248.64 48381
379.16 48383
353.03 48385
439.54 48387
322.55 48389
325.41 48391
335.15 48393
354.19 48395
304.00 48397
322.22 48399
362.15 48401
372.86 48403
350.31 48405
312.22 48407
304.67 48409
305.88 48411
283.17 48413
281.49 48415
358.17 48417
413.42 48419
312.46 48421
298.55 48423
268.98 48425
291.30 48427
355.17 48429
290.10 48431
355.94 48433
316.40 48435
309.86 48437
314.66 48439
339.74 48441
274.92 48443
362.66 48445
313.43 48447
348.07 48449
305.77 48451
238.24 48453
340.98 48455
373.06 48457
358.59 48459
369.11 48461
272.29 48463
286.21 48465
374.74 48467
308.06 48469
306.11 48471
335.20 48473
346.25 48475
294.27 48477
283.06 48479
326.32 48481
350.39 48483
369.94 48485
420.45 48487
254.23 48489
227.29 48491
304.02 48493
390.99 48495
360.79 48497
337.93 48499
290.80 48501
343.80 48503
278.66 48505
299.61 48507
348.11 49001
286.96 49003
220.08 49005
324.41 49007
176.08 49009
257.57 49011
295.81 49013
301.79 49015
265.81 49017
248.58 49019
271.00 49021
304.43 49023
265.38 49025
278.14 49027
245.51 49029
313.43 49031
220.03 49033
244.42 49035
203.92 49037
289.13 49039
309.06 49041
238.33 49043
264.52 49045
253.96 49047
261.95 49049
291.00 49051
194.20 49053
281.92 49055
269.60 49057
240.47 50001
253.24 50003
257.94 50005
233.25 50007
241.45 50009
291.58 50011
266.37 50013
253.96 50015
269.25 50017
268.53 50019
302.16 50021
258.08 50023
246.49 50025
245.47 50027
314.47 51001
234.52 51003
236.04 51510
387.66 51005
336.48 51007
303.90 51009
353.27 51011
219.24 51013
289.71 51015
396.46 51017
281.93 51019
365.53 51021
321.40 51023
362.07 51520
436.43 51025
406.86 51027
338.31 51029
279.63 51530
281.68 51031
305.02 51033
316.74 51035
303.02 51036
360.74 51037
234.52 51540
313.74 51550
267.80 51041
288.89 51043
298.71 51570
365.75 51580
332.51 51045
303.92 51047
293.37 51049
373.19 51590
357.47 51051
312.44 51053
436.60 51595
305.09 51057
189.06 51600
189.06 51059
215.73 51610
273.64 51061
283.90 51063
248.04 51065
373.03 51620
307.94 51067
253.51 51069
270.35 51630
367.26 51640
346.53 51071
295.30 51073
272.99 51075
321.47 51077
268.93 51079
436.60 51081
343.83 51083
327.72 51650
280.64 51085
258.22 51660
271.24 51087
345.70 51089
268.18 51091
395.46 51670
306.58 51093
214.39 51095
273.14 51099
326.15 51101
323.13 51097
294.75 51103
402.18 51105
273.08 51678
219.60 51107
296.46 51109
369.69 51111
312.31 51680
272.78 51113
253.28 51683
253.28 51685
425.00 51690
307.49 51115
395.11 51117
278.25 51119
302.01 51121
313.19 51125
289.21 51127
302.45 51700
359.39 51710
312.96 51131
268.33 51133
353.49 51720
385.47 51135
274.25 51137
350.32 51139
337.51 51141
439.88 51730
373.19 51143
297.93 51735
359.68 51740
275.37 51145
333.39 51147
272.13 51149
253.28 51153
355.42 51155
344.90 51750
281.63 51157
368.20 51760
335.07 51159
374.38 51770
282.65 51161
279.63 51163
258.22 51165
368.53 51167
331.17 51775
352.81 51169
287.08 51171
390.17 51173
373.03 51175
270.35 51177
264.51 51179
289.71 51790
337.14 51800
301.93 51181
393.57 51183
395.15 51185
255.27 51810
314.21 51187
326.80 51191
289.71 51820
309.65 51193
214.39 51830
313.66 51840
376.17 51195
354.03 51197
302.45 51199
286.36 53001
260.12 53003
266.44 53005
247.05 53007
252.51 53009
258.97 53011
277.21 53013
287.52 53015
238.89 53017
288.13 53019
270.24 53021
223.17 53023
275.37 53025
314.13 53027
215.49 53029
216.36 53031
226.79 53033
247.13 53035
255.24 53037
254.28 53039
297.83 53041
289.47 53043
268.71 53045
261.11 53047
322.50 53049
281.98 53051
296.15 53053
164.38 53055
238.44 53057
237.38 53059
261.50 53061
267.80 53063
297.03 53065
238.63 53067
271.06 53069
267.29 53071
239.94 53073
254.20 53075
312.87 53077
353.39 54001
331.57 54003
364.92 54005
330.97 54007
339.79 54009
344.63 54011
337.85 54013
345.13 54015
343.70 54017
363.78 54019
337.09 54021
351.91 54023
330.37 54025
310.62 54027
374.47 54029
339.33 54031
346.16 54033
343.88 54035
324.79 54037
335.26 54039
413.46 54041
385.81 54043
410.80 54045
326.29 54049
342.89 54051
372.45 54053
426.06 54047
348.88 54055
368.40 54057
441.77 54059
307.25 54061
290.73 54063
290.17 54065
352.29 54067
328.52 54069
313.33 54071
354.88 54073
346.61 54075
346.61 54077
317.91 54079
345.80 54081
348.77 54083
404.27 54085
361.23 54087
317.15 54089
352.54 54091
349.42 54093
389.36 54095
341.28 54097
330.14 54099
362.96 54101
393.89 54103
366.25 54105
384.36 54107
395.31 54109
295.74 55001
319.42 55003
278.51 55005
280.79 55007
272.55 55009
276.38 55011
253.97 55013
242.39 55015
271.78 55017
258.80 55019
279.03 55021
290.39 55023
232.92 55025
311.57 55027
260.21 55029
278.82 55031
249.08 55033
249.75 55035
352.72 55037
274.38 55039
301.19 55041
297.57 55043
242.13 55045
302.36 55047
305.22 55049
306.87 55051
326.50 55053
258.34 55055
283.37 55057
313.69 55059
258.97 55061
236.52 55063
265.96 55065
286.50 55067
276.10 55069
262.72 55071
226.17 55073
314.72 55075
267.65 55077
385.59 55078
303.47 55079
310.39 55081
293.47 55083
285.34 55085
261.71 55087
255.39 55089
291.92 55091
265.29 55093
273.74 55095
254.11 55097
292.82 55099
267.44 55101
261.21 55103
275.94 55105
286.57 55107
261.41 55109
274.89 55111
300.24 55113
291.88 55115
284.86 55117
251.53 55119
286.59 55121
305.25 55123
272.38 55125
272.78 55127
312.05 55129
247.97 55131
240.76 55133
345.25 55135
307.13 55137
250.34 55139
258.98 55141
230.16 56001
296.90 56003
296.43 56005
318.14 56007
259.01 56009
240.39 56011
284.62 56013
261.14 56015
272.94 56017
277.45 56019
277.60 56021
268.43 56023
255.14 56025
296.37 56027
230.53 56029
264.00 56031
291.77 56033
274.97 56035
285.94 56037
180.82 56039
283.53 56041
262.41 56043
252.15 56045
