470.30 1001
379.58 1003
417.73 1005
484.34 1007
412.63 1009
489.31 1011
480.51 1013
460.70 1015
421.35 1017
442.45 1019
472.86 1021
473.19 1023
454.11 1025
450.00 1027
467.03 1029
399.56 1031
455.44 1033
461.99 1035
426.37 1037
422.20 1039
441.60 1041
425.81 1043
403.21 1045
465.11 1047
485.05 1049
453.03 1051
456.69 1053
471.17 1055
418.25 1057
499.75 1059
445.62 1061
442.19 1063
502.58 1065
454.98 1067
403.98 1069
514.03 1071
409.58 1073
459.12 1075
363.70 1077
479.12 1079
455.45 1081
456.79 1083
476.67 1085
475.86 1087
401.88 1089
471.66 1091
427.88 1093
478.63 1095
444.28 1097
409.98 1099
436.53 1101
449.25 1103
426.04 1105
444.81 1107
455.07 1109
476.89 1111
575.81 1113
436.31 1115
400.74 1117
424.83 1119
485.63 1121
466.01 1123
413.68 1125
454.94 1127
500.43 1129
433.06 1131
482.38 1133
309.76 2013
309.76 2016
306.71 2020
340.65 2050
279.40 2060
364.04 2068
403.92 2070
363.40 2090
320.62 2100
348.22 2105
302.82 2110
333.87 2122
382.80 2130
377.56 2150
362.66 2158
403.92 2164
321.75 2170
382.79 2180
384.48 2185
384.87 2188
382.80 2195
382.80 2198
383.65 2220
348.22 2230
406.53 2240
364.28 2261
382.80 2275
348.22 2282
364.04 2290
286.95 4001
361.95 4003
299.23 4005
371.09 4007
340.11 4009
368.06 4011
303.37 4012
334.46 4013
395.04 4015
346.52 4017
347.42 4019
357.57 4021
297.97 4023
323.39 4025
303.37 4027
542.56 5001
481.89 5003
377.71 5005
384.20 5007
406.35 5009
566.48 5011
431.66 5013
365.90 5015
488.53 5017
449.95 5019
482.92 5021
430.64 5023
457.40 5025
473.53 5027
431.00 5029
464.92 5031
487.45 5033
498.32 5035
501.72 5037
497.02 5039
519.26 5041
443.73 5043
385.38 5045
434.58 5047
407.55 5049
414.82 5051
464.86 5053
496.25 5055
460.59 5057
439.71 5059
465.18 5061
438.68 5063
413.73 5065
482.16 5067
508.81 5069
397.64 5071
460.98 5073
444.84 5075
472.97 5077
462.33 5079
437.60 5081
470.16 5083
448.23 5085
433.08 5087
352.80 5089
455.44 5091
519.34 5093
529.71 5095
438.31 5097
451.69 5099
380.78 5101
506.01 5103
450.28 5105
583.32 5107
416.80 5109
529.35 5111
432.48 5113
390.45 5115
430.25 5117
419.87 5119
431.44 5121
550.04 5123
394.73 5125
473.82 5127
422.72 5129
455.39 5131
488.32 5133
409.97 5135
421.34 5137
452.30 5139
381.51 5141
380.45 5143
432.24 5145
556.26 5147
486.57 5149
402.59 6001
397.81 6003
350.36 6005
363.47 6007
368.67 6009
403.76 6011
352.04 6013
421.90 6015
337.69 6017
389.94 6019
388.43 6021
380.74 6023
413.20 6025
395.81 6027
452.63 6029
449.15 6031
402.49 6033
374.39 6035
452.79 6037
364.54 6039
323.54 6041
358.57 6043
370.63 6045
384.16 6047
383.01 6049
277.96 6051
350.87 6053
333.03 6055
306.33 6057
381.65 6059
360.43 6061
339.77 6063
405.06 6065
383.99 6067
347.32 6069
446.60 6071
350.58 6073
399.21 6075
416.48 6077
354.90 6079
337.73 6081
320.23 6083
340.99 6085
341.72 6087
372.93 6089
332.00 6091
368.54 6093
366.39 6095
340.08 6097
385.15 6099
417.89 6101
388.69 6103
371.00 6105
430.72 6107
346.09 6109
339.63 6111
376.75 6113
459.09 6115
332.26 8001
358.97 8003
332.26 8005
262.01 8007
386.49 8009
358.90 8011
332.26 8013
332.26 8014
358.88 8015
321.60 8017
307.89 8019
344.46 8021
308.99 8023
365.95 8025
281.44 8027
311.07 8029
332.26 8031
306.69 8033
317.25 8035
227.00 8037
332.18 8041
299.16 8039
399.00 8043
290.70 8045
329.04 8047
301.34 8049
315.72 8051
213.55 8053
343.68 8055
303.99 8057
332.26 8059
348.16 8061
324.97 8063
297.44 8067
358.90 8065
291.67 8069
377.16 8071
341.87 8073
356.85 8075
326.18 8077
279.55 8079
340.54 8081
320.39 8083
304.91 8085
360.58 8087
387.77 8089
251.27 8091
293.21 8093
347.81 8095
163.79 8097
371.35 8099
358.31 8101
334.69 8103
397.74 8105
291.19 8107
333.57 8109
258.79 8111
190.57 8113
361.48 8115
166.67 8117
335.90 8119
396.07 8121
332.26 8123
361.80 8125
366.97 9001
353.85 9003
352.39 9005
349.55 9007
375.33 9009
374.79 9011
372.61 9013
385.01 9015
455.23 10001
410.47 10003
432.48 10005
449.72 11001
349.29 12001
460.13 12003
412.60 12005
411.80 12007
349.28 12009
356.78 12011
456.15 12013
323.22 12015
368.52 12017
440.67 12019
277.44 12021
422.39 12023
377.02 12027
396.24 12029
438.54 12031
412.01 12033
330.12 12035
404.04 12037
417.50 12039
457.74 12041
357.67 12043
416.79 12045
461.74 12047
387.39 12049
479.19 12051
339.79 12053
341.84 12055
403.54 12057
504.38 12059
313.47 12061
455.60 12063
401.11 12065
413.67 12067
348.08 12069
319.60 12071
341.43 12073
423.95 12075
449.99 12077
438.42 12079
336.21 12081
382.95 12083
311.24 12085
391.82 12086
303.27 12087
407.47 12089
409.17 12091
440.83 12093
381.28 12095
394.41 12097
334.41 12099
345.79 12101
373.06 12103
381.76 12105
407.74 12107
348.55 12109
378.09 12111
425.20 12113
308.38 12115
366.45 12117
411.98 12119
442.94 12121
469.46 12123
544.60 12125
382.18 12127
388.96 12129
431.23 12131
445.08 12133
446.82 13001
557.45 13003
561.38 13005
429.01 13007
445.09 13009
393.46 13011
428.79 13013
456.96 13015
504.31 13017
492.97 13019
495.51 13021
461.41 13023
516.21 13025
482.53 13027
442.93 13029
427.75 13031
532.53 13033
461.10 13035
533.89 13037
450.47 13039
500.74 13043
443.63 13045
420.06 13047
468.20 13049
422.08 13051
472.30 13053
535.23 13055
418.80 13057
398.02 13059
535.96 13061
427.14 13063
536.53 13065
378.42 13067
482.74 13069
451.99 13071
438.62 13073
519.16 13075
472.23 13077
444.61 13079
476.32 13081
437.36 13083
493.64 13085
354.16 13089
466.15 13087
500.48 13091
491.34 13093
419.13 13095
435.76 13097
472.50 13099
398.14 13101
450.68 13103
459.41 13105
508.49 13107
496.35 13109
391.08 13111
350.80 13113
451.77 13115
446.84 13117
433.75 13119
436.34 13121
418.35 13123
454.52 13125
391.93 13127
440.99 13129
455.14 13131
534.82 13133
356.00 13135
409.55 13137
408.86 13139
464.98 13141
437.78 13143
405.32 13145
424.07 13147
449.74 13149
439.60 13151
428.39 13153
418.09 13155
463.67 13157
476.01 13159
551.16 13161
479.15 13163
552.82 13165
420.24 13167
416.25 13169
481.66 13171
486.58 13173
473.77 13175
380.25 13177
435.88 13179
494.43 13181
462.95 13183
481.59 13185
416.16 13187
498.63 13193
421.65 13195
524.16 13197
453.71 13189
447.94 13191
533.97 13199
419.44 13201
509.21 13205
484.81 13207
474.92 13209
451.54 13211
431.10 13213
498.37 13215
459.54 13217
381.57 13219
400.78 13221
444.07 13223
479.68 13225
441.78 13227
506.87 13229
465.45 13231
499.43 13233
536.55 13235
451.13 13237
433.19 13239
369.18 13241
525.06 13243
496.62 13245
382.75 13247
478.02 13249
505.96 13251
485.45 13253
492.99 13255
414.05 13257
478.31 13259
450.63 13261
512.30 13263
472.84 13265
502.48 13267
541.44 13269
514.50 13271
441.85 13273
450.16 13275
458.68 13277
454.03 13279
314.97 13281
447.92 13283
474.97 13285
514.14 13287
538.68 13289
344.10 13291
509.13 13293
464.60 13295
462.49 13297
487.80 13299
412.75 13301
476.91 13303
527.06 13305
425.04 13307
435.66 13309
383.18 13311
423.71 13313
473.09 13315
470.74 13317
534.17 13319
440.86 13321
329.42 15001
303.82 15003
299.42 15005
303.99 15007
299.42 15009
340.26 16001
328.77 16003
356.80 16005
385.76 16007
399.15 16009
346.46 16011
247.41 16013
333.62 16015
363.99 16017
338.04 16019
338.99 16021
417.15 16023
301.90 16025
332.11 16027
335.73 16029
336.80 16031
353.75 16033
343.29 16035
331.63 16037
360.30 16039
339.45 16041
384.85 16043
365.18 16045
339.16 16047
343.34 16049
335.17 16051
329.44 16053
353.43 16055
337.01 16057
342.12 16059
342.17 16061
342.94 16063
361.60 16065
334.22 16067
335.43 16069
337.01 16071
360.65 16073
368.74 16075
363.98 16077
467.32 16079
309.86 16081
318.22 16083
349.23 16085
374.62 16087
424.28 17001
496.52 17003
421.32 17005
396.32 17007
433.15 17009
433.90 17011
452.06 17013
434.04 17015
462.78 17017
353.57 17019
401.75 17021
428.71 17023
459.53 17025
389.15 17027
453.93 17029
462.85 17031
435.97 17033
416.77 17035
437.31 17039
375.48 17037
432.96 17041
378.32 17043
503.56 17045
393.65 17047
420.30 17049
448.76 17051
444.15 17053
449.13 17055
402.38 17057
487.00 17059
444.66 17061
393.57 17063
452.46 17065
397.14 17067
504.68 17069
451.28 17071
401.75 17073
415.85 17075
426.08 17077
423.96 17079
390.68 17081
455.85 17083
375.89 17085
420.79 17087
413.36 17089
456.19 17091
371.62 17093
428.62 17095
416.49 17099
385.94 17097
436.19 17101
422.69 17103
420.23 17105
405.79 17107
408.53 17115
423.26 17117
447.76 17119
462.93 17121
393.17 17123
393.27 17125
427.07 17127
413.19 17109
406.51 17111
386.96 17113
405.75 17129
401.37 17131
403.70 17133
419.36 17135
426.43 17137
425.61 17139
378.14 17141
401.21 17143
454.03 17145
387.88 17147
370.74 17149
416.85 17151
487.38 17153
355.93 17155
441.84 17157
416.66 17159
430.74 17161
463.17 17163
515.52 17165
386.14 17167
475.21 17169
420.75 17171
414.32 17173
388.72 17175
370.72 17177
377.74 17179
429.92 17181
448.01 17183
403.95 17185
449.13 17187
494.93 17189
406.23 17191
455.40 17193
412.03 17195
438.30 17197
407.18 17199
391.23 17201
367.46 17203
384.67 18001
422.04 18003
402.69 18005
426.77 18007
461.39 18009
399.76 18011
350.29 18013
390.84 18015
426.00 18017
496.71 18019
474.78 18021
443.36 18023
457.72 18025
433.07 18027
436.47 18033
417.00 18029
440.40 18031
426.27 18035
420.28 18037
413.71 18039
435.95 18041
437.84 18043
441.96 18045
373.96 18047
439.65 18049
420.94 18051
449.11 18053
453.96 18055
373.68 18057
431.29 18059
400.70 18061
383.44 18063
446.30 18065
423.63 18067
455.46 18069
417.59 18071
437.65 18073
447.00 18075
487.21 18077
419.78 18079
424.96 18081
497.22 18083
408.47 18085
387.76 18087
441.14 18091
485.91 18089
456.46 18093
420.98 18095
416.41 18097
416.98 18099
478.52 18101
461.04 18103
369.15 18105
425.41 18107
424.36 18109
434.10 18111
450.98 18113
412.19 18115
443.91 18117
411.13 18119
423.12 18121
427.60 18123
489.36 18125
410.33 18127
403.41 18129
468.85 18131
426.61 18133
438.56 18135
407.65 18137
437.04 18139
409.53 18141
478.17 18143
415.78 18145
443.59 18147
473.28 18149
417.24 18151
500.20 18153
444.13 18155
415.61 18157
409.15 18159
401.22 18161
413.33 18163
511.45 18165
463.47 18167
398.66 18169
433.53 18171
431.78 18173
457.18 18175
432.29 18177
388.04 18179
435.81 18181
413.41 18183
352.92 19001
386.58 19003
376.52 19005
452.46 19007
316.80 19009
356.53 19011
399.67 19013
379.41 19015
364.07 19017
408.53 19019
374.29 19021
363.09 19023
353.78 19025
341.27 19027
403.08 19029
341.07 19031
379.62 19033
409.06 19035
400.61 19037
393.96 19039
364.19 19041
364.73 19043
438.37 19045
355.94 19047
364.12 19049
411.68 19051
394.47 19053
376.70 19055
395.29 19057
348.02 19059
405.00 19061
360.01 19063
386.53 19065
407.21 19067
374.84 19069
403.61 19071
397.27 19073
332.35 19075
425.94 19077
345.07 19079
367.61 19081
366.24 19083
443.31 19085
397.71 19087
355.68 19089
356.84 19091
400.57 19093
355.15 19095
421.57 19097
364.01 19099
394.22 19101
309.91 19103
356.10 19105
351.76 19107
349.69 19109
415.93 19111
337.62 19113
394.03 19115
405.69 19117
339.87 19119
353.51 19121
404.95 19123
369.70 19125
382.64 19127
444.21 19129
359.13 19131
399.51 19133
416.37 19135
384.82 19137
360.44 19139
352.35 19141
413.45 19143
405.46 19145
378.94 19147
378.19 19149
377.78 19151
377.79 19153
425.96 19155
364.18 19157
368.62 19159
392.44 19161
391.85 19163
368.72 19165
310.28 19167
295.49 19169
346.31 19171
370.55 19173
430.29 19175
421.37 19177
418.18 19179
362.26 19181
345.57 19183
400.02 19185
396.65 19187
365.11 19189
337.92 19191
398.63 19193
382.75 19195
339.41 19197
407.71 20001
389.00 20003
416.76 20005
405.43 20007
387.89 20009
414.11 20011
422.76 20013
371.46 20015
381.90 20017
372.23 20019
486.24 20021
339.05 20023
369.56 20025
332.46 20027
375.72 20029
376.31 20031
388.64 20033
384.53 20035
448.63 20037
327.85 20039
388.45 20041
408.00 20043
321.12 20045
394.64 20047
391.57 20049
333.16 20051
377.82 20053
355.42 20055
371.23 20057
375.88 20059
400.41 20061
335.52 20063
343.22 20065
417.47 20067
322.62 20069
375.34 20071
422.46 20073
370.72 20075
376.94 20077
322.69 20079
390.68 20081
353.75 20083
418.89 20085
371.27 20087
386.64 20089
326.19 20091
382.48 20093
375.30 20095
322.94 20097
414.92 20099
374.45 20101
390.41 20103
390.07 20105
416.06 20107
365.49 20109
386.57 20111
333.03 20115
393.72 20117
329.59 20113
355.04 20119
407.66 20121
359.64 20123
390.74 20125
331.40 20127
407.02 20129
357.37 20131
383.40 20133
345.58 20135
370.76 20137
400.21 20139
386.53 20141
424.16 20143
362.41 20145
392.71 20147
387.17 20149
337.02 20151
341.68 20153
370.61 20155
398.00 20157
356.69 20159
339.21 20161
375.02 20163
367.74 20165
392.84 20167
378.30 20169
334.86 20171
372.73 20173
375.89 20175
374.50 20177
376.76 20179
391.89 20181
360.09 20183
417.69 20185
346.59 20187
336.66 20189
409.38 20191
362.40 20193
365.49 20195
364.18 20197
339.38 20199
355.98 20201
321.46 20203
421.62 20205
364.21 20207
432.11 20209
460.70 21001
500.52 21003
391.80 21005
508.29 21007
463.05 21009
454.79 21011
536.92 21013
428.62 21015
417.98 21017
473.13 21019
405.42 21021
499.12 21023
547.99 21025
494.04 21027
441.14 21029
464.12 21031
464.93 21033
416.00 21035
458.82 21037
497.33 21039
544.80 21041
450.23 21043
434.24 21045
432.29 21047
413.37 21049
439.00 21051
480.26 21053
514.68 21055
525.88 21057
406.55 21059
415.74 21061
386.35 21063
447.74 21065
366.67 21067
478.80 21069
484.47 21071
417.91 21073
526.37 21075
495.59 21077
382.66 21079
473.85 21081
438.92 21083
471.97 21085
417.75 21087
473.73 21089
483.08 21091
401.54 21093
482.46 21095
513.03 21097
463.21 21099
452.06 21101
492.57 21103
435.51 21105
447.53 21107
464.01 21109
422.54 21111
376.80 21113
517.71 21115
428.83 21117
489.08 21119
489.40 21121
385.58 21123
442.59 21125
539.60 21127
464.58 21129
412.23 21131
520.46 21133
498.42 21135
426.11 21137
448.45 21139
459.91 21141
396.78 21143
415.73 21151
469.34 21153
420.15 21155
426.34 21157
554.94 21159
511.79 21161
455.30 21145
523.22 21147
480.82 21149
446.78 21163
479.24 21165
422.22 21167
514.62 21169
525.44 21171
427.33 21173
452.69 21175
468.13 21177
433.88 21179
431.22 21181
446.00 21183
407.25 21185
451.26 21187
479.98 21189
477.55 21191
551.92 21193
542.74 21195
432.08 21197
424.17 21199
470.84 21201
437.40 21203
433.27 21205
443.08 21207
413.73 21209
515.46 21211
509.06 21213
444.67 21215
431.16 21217
518.66 21219
423.15 21221
418.23 21223
491.36 21225
412.60 21227
409.23 21229
427.95 21231
455.38 21233
489.10 21235
525.42 21237
394.05 21239
482.60 22001
486.15 22003
464.36 22005
481.34 22007
502.10 22009
513.92 22011
419.05 22013
432.83 22015
430.66 22017
476.96 22019
460.27 22021
388.90 22023
481.19 22025
453.33 22027
499.88 22029
506.72 22031
444.84 22033
537.83 22035
473.31 22037
489.58 22039
536.80 22041
470.02 22043
450.43 22045
505.96 22047
465.34 22049
483.72 22053
433.35 22051
531.34 22059
403.24 22055
429.89 22057
406.84 22061
427.29 22063
591.65 22065
445.77 22067
515.72 22069
478.24 22071
436.85 22073
493.67 22075
486.23 22077
484.42 22079
540.95 22081
493.90 22083
430.48 22085
516.76 22087
431.54 22089
427.22 22091
471.30 22093
451.28 22095
518.14 22097
463.86 22099
471.67 22101
431.18 22103
570.27 22105
559.63 22107
474.94 22109
473.94 22111
442.88 22113
507.98 22115
540.59 22117
490.76 22119
481.32 22121
467.84 22123
390.80 22125
496.71 22127
391.53 23001
406.12 23003
339.03 23005
364.18 23007
360.25 23009
379.32 23011
343.53 23013
326.33 23015
384.27 23017
392.62 23019
381.22 23021
392.08 23023
407.78 23025
393.59 23027
419.44 23029
370.62 23031
486.47 24001
391.84 24003
522.55 24510
382.13 24005
390.24 24009
442.09 24011
384.54 24013
426.41 24015
410.69 24017
440.96 24019
396.45 24021
444.14 24023
422.82 24025
344.29 24027
431.01 24029
353.16 24031
353.16 24033
387.98 24035
393.16 24037
487.21 24039
386.35 24041
421.39 24043
449.99 24045
444.15 24047
304.28 25001
368.17 25003
419.87 25005
344.12 25007
377.57 25009
353.20 25011
376.27 25013
362.21 25015
347.38 25017
379.11 25019
346.88 25021
378.84 25023
405.59 25025
368.11 25027
429.01 26001
503.80 26003
388.33 26005
414.15 26007
441.70 26009
499.48 26011
500.67 26013
382.73 26015
446.76 26017
434.40 26019
435.75 26021
433.42 26023
430.40 26025
424.66 26027
400.90 26029
407.80 26031
423.14 26033
521.37 26035
387.77 26037
443.22 26039
383.30 26041
404.77 26043
379.11 26045
386.84 26047
501.79 26049
455.13 26051
414.38 26053
369.77 26055
493.97 26057
395.94 26059
443.23 26061
452.33 26063
388.07 26065
401.96 26067
459.13 26069
405.59 26071
447.32 26073
425.23 26075
380.66 26077
427.70 26079
382.30 26081
449.74 26083
501.27 26085
487.42 26087
359.91 26089
424.65 26091
437.70 26093
423.42 26095
442.82 26097
449.25 26099
458.29 26101
415.59 26103
416.51 26105
420.41 26107
419.30 26109
371.21 26111
438.83 26113
453.36 26115
428.01 26117
451.62 26119
440.29 26121
418.20 26123
417.19 26125
435.40 26127
525.24 26129
487.97 26131
466.43 26133
461.95 26135
416.51 26137
340.84 26139
408.64 26141
443.86 26143
439.97 26145
464.15 26147
434.48 26149
468.45 26151
432.87 26153
446.69 26155
442.57 26157
417.80 26159
379.23 26161
528.45 26163
432.56 26165
378.17 27001
331.07 27003
357.80 27005
354.10 27007
409.33 27009
404.67 27011
322.90 27013
334.07 27015
396.62 27017
332.79 27019
372.55 27021
314.73 27023
339.80 27025
311.99 27027
389.35 27029
303.60 27031
330.96 27033
365.08 27035
324.27 27037
313.15 27039
337.34 27041
342.38 27043
349.54 27045
330.82 27047
328.20 27049
361.68 27051
309.12 27053
329.98 27055
339.08 27057
341.13 27059
368.38 27061
310.82 27063
376.86 27065
303.70 27067
410.89 27069
401.77 27071
360.62 27073
328.50 27075
373.85 27077
357.27 27079
331.42 27081
355.42 27083
362.91 27087
375.58 27089
316.51 27091
346.95 27085
357.98 27093
361.10 27095
357.18 27097
293.14 27099
336.89 27101
296.11 27103
285.27 27105
390.67 27107
268.86 27109
341.25 27111
383.58 27113
370.63 27115
347.54 27117
358.98 27119
332.51 27121
335.78 27123
379.72 27125
355.35 27127
351.26 27129
333.99 27131
312.26 27133
376.08 27135
377.31 27137
351.68 27139
411.09 27141
349.59 27143
308.40 27145
320.83 27147
334.99 27149
350.30 27151
322.70 27153
339.02 27155
326.79 27157
412.49 27159
327.46 27161
327.70 27163
358.20 27165
349.89 27167
328.13 27169
347.49 27171
334.28 27173
534.30 28001
448.09 28003
421.45 28005
450.24 28007
449.41 28009
584.42 28011
464.82 28013
391.19 28015
495.35 28017
444.26 28019
541.53 28021
515.33 28023
526.36 28025
539.39 28027
491.31 28029
488.81 28031
458.51 28033
518.80 28035
505.01 28037
475.10 28039
549.40 28041
570.54 28043
451.80 28045
510.95 28047
445.35 28049
519.71 28051
544.63 28053
377.66 28055
471.19 28057
444.39 28059
469.08 28061
495.76 28063
442.53 28065
468.45 28067
430.97 28069
416.41 28071
426.85 28073
496.67 28075
514.29 28077
491.68 28079
496.11 28081
595.86 28083
471.58 28085
424.53 28087
410.86 28089
487.37 28091
504.24 28093
489.08 28095
522.85 28097
499.80 28099
492.69 28101
488.32 28103
440.52 28105
514.47 28107
481.51 28109
500.49 28111
538.88 28113
452.47 28115
410.56 28117
541.73 28119
447.17 28121
499.94 28123
530.92 28125
533.53 28127
473.45 28129
584.12 28131
573.25 28133
484.02 28135
479.18 28137
552.62 28139
499.77 28141
630.87 28143
461.50 28145
492.53 28147
504.57 28149
558.85 28151
503.28 28153
497.60 28155
551.71 28157
451.73 28159
491.25 28161
519.18 28163
401.63 29001
381.23 29003
422.88 29005
366.69 29007
431.93 29009
422.77 29011
443.70 29013
423.73 29015
490.30 29017
330.52 29019
446.38 29021
460.78 29023
423.76 29025
373.92 29027
385.42 29029
433.64 29031
445.12 29033
474.28 29035
400.83 29037
418.44 29039
430.56 29041
398.11 29043
443.68 29045
382.69 29047
423.75 29049
390.48 29051
393.15 29053
425.64 29055
425.20 29057
375.50 29059
454.22 29061
433.20 29063
436.40 29065
345.43 29067
532.07 29069
440.28 29071
429.65 29073
425.68 29075
382.52 29077
436.21 29079
456.49 29081
480.47 29083
368.09 29085
403.47 29087
371.04 29089
452.12 29091
492.97 29093
415.46 29095
457.97 29097
456.63 29099
455.05 29101
444.38 29103
479.42 29105
452.28 29107
430.18 29109
438.87 29111
465.74 29113
442.49 29115
430.37 29117
424.55 29121
424.50 29123
438.77 29125
402.86 29127
444.15 29119
376.61 29129
447.24 29131
560.66 29133
436.08 29135
359.75 29137
420.02 29139
427.84 29141
533.44 29143
409.23 29145
380.96 29147
489.93 29149
433.37 29151
396.92 29153
598.06 29155
422.82 29157
412.86 29159
455.62 29161
447.21 29163
344.65 29165
407.85 29167
474.88 29169
444.41 29171
361.74 29173
395.64 29175
436.22 29177
446.86 29179
476.27 29181
395.99 29183
414.12 29185
488.78 29187
532.08 29510
387.25 29189
381.33 29186
451.29 29195
421.31 29197
416.86 29199
455.54 29201
433.13 29203
403.31 29205
452.51 29207
354.65 29209
395.06 29211
409.80 29213
418.78 29215
429.62 29217
401.85 29219
545.46 29221
446.46 29223
433.49 29225
408.04 29227
437.25 29229
348.02 30001
398.64 30003
384.81 30005
351.01 30007
321.68 30009
376.35 30011
338.91 30013
328.31 30015
363.58 30017
330.35 30019
341.59 30021
443.42 30023
350.08 30025
343.44 30027
338.15 30029
294.09 30031
312.66 30033
382.93 30035
314.43 30037
326.10 30039
347.66 30041
388.31 30043
269.50 30045
349.75 30047
334.95 30049
309.98 30051
386.78 30053
354.81 30057
382.57 30055
405.78 30059
355.89 30061
286.09 30063
368.00 30065
330.13 30067
346.68 30069
358.56 30071
315.26 30073
329.38 30075
361.08 30077
316.81 30079
324.65 30081
390.96 30083
451.71 30085
381.99 30087
365.02 30089
310.31 30091
423.55 30093
353.38 30095
331.83 30097
318.26 30099
335.84 30101
269.03 30103
350.44 30105
366.51 30107
409.67 30109
304.87 30111
359.79 31001
363.92 31003
374.39 31005
263.38 31007
323.39 31009
344.27 31011
374.07 31013
390.34 31015
322.95 31017
346.35 31019
425.73 31021
391.96 31023
385.89 31025
404.97 31027
350.43 31029
310.84 31031
332.16 31033
383.37 31035
322.97 31037
365.65 31039
406.67 31041
426.99 31043
369.07 31045
380.55 31047
343.86 31049
383.39 31051
366.53 31053
395.34 31055
376.73 31057
404.44 31059
364.24 31061
338.44 31063
394.04 31065
376.33 31067
414.88 31069
421.39 31071
377.42 31073
349.57 31075
401.21 31077
363.03 31079
347.30 31081
349.62 31083
249.15 31085
310.19 31087
381.33 31089
356.05 31091
398.10 31093
355.94 31095
370.35 31097
337.65 31099
406.96 31101
295.66 31103
380.46 31105
453.91 31107
336.78 31109
382.01 31111
378.40 31113
302.42 31115
416.87 31119
261.58 31117
352.20 31121
376.25 31123
428.29 31125
342.26 31127
353.81 31129
349.33 31131
351.83 31133
349.03 31135
389.58 31137
431.26 31139
357.62 31141
394.84 31143
327.78 31145
403.87 31147
345.81 31149
353.28 31151
382.41 31153
363.92 31155
362.89 31157
374.39 31159
367.17 31161
361.48 31163
253.86 31165
358.60 31167
380.48 31169
329.15 31171
489.84 31173
353.82 31175
361.02 31177
324.89 31179
395.14 31181
319.68 31183
358.79 31185
391.79 32510
419.05 32001
415.79 32003
320.29 32005
389.45 32007
431.35 32009
450.90 32011
441.74 32013
400.91 32015
431.54 32017
402.30 32019
437.57 32021
379.52 32023
368.18 32027
235.26 32029
412.07 32031
426.67 32033
404.03 33001
359.31 33003
363.78 33005
383.62 33007
335.60 33009
385.83 33011
366.73 33013
360.53 33015
374.33 33017
349.58 33019
457.75 34001
390.91 34003
418.67 34005
449.32 34007
441.40 34009
466.14 34011
460.01 34013
457.82 34015
476.56 34017
374.23 34019
417.11 34021
424.21 34023
431.77 34025
381.27 34027
399.39 34029
436.15 34031
448.59 34033
362.27 34035
413.22 34037
402.64 34039
441.92 34041
296.38 35001
258.54 35003
333.82 35005
314.56 35006
297.55 35007
395.94 35009
335.87 35011
316.36 35013
374.11 35015
320.84 35017
369.18 35019
260.03 35021
368.00 35023
403.94 35025
300.73 35027
228.05 35028
400.22 35029
295.37 35031
281.88 35033
379.35 35035
415.73 35037
305.36 35039
357.13 35041
290.02 35045
317.22 35047
267.54 35043
248.76 35049
370.00 35051
328.46 35053
250.98 35055
334.73 35057
376.59 35059
314.56 35061
425.62 36001
381.57 36003
565.24 36005
424.85 36007
491.27 36009
421.66 36011
446.88 36013
425.84 36015
459.73 36017
434.09 36019
427.57 36021
439.75 36023
453.07 36025
429.45 36027
488.17 36029
415.60 36031
491.89 36033
450.78 36035
430.85 36037
458.03 36039
467.47 36041
437.66 36043
482.83 36045
547.01 36047
417.89 36049
397.42 36051
423.36 36053
360.08 36055
453.21 36057
459.71 36059
435.79 36061
475.07 36063
446.02 36065
400.26 36067
382.71 36069
462.60 36071
463.74 36073
470.15 36075
391.55 36077
420.94 36079
490.76 36081
439.71 36083
550.08 36085
434.53 36087
451.17 36089
419.28 36091
406.50 36093
408.06 36095
408.75 36097
379.52 36099
411.65 36101
469.46 36103
505.30 36105
394.53 36107
363.03 36109
446.41 36111
394.85 36113
433.28 36115
392.03 36117
405.96 36119
433.70 36121
376.72 36123
412.52 37001
406.55 37003
369.90 37005
484.31 37007
373.38 37009
414.70 37011
475.70 37013
492.77 37015
537.99 37017
424.70 37019
371.48 37021
394.65 37023
396.85 37025
401.12 37027
456.40 37029
412.41 37031
429.73 37033
411.60 37035
376.24 37037
368.60 37039
439.01 37041
334.72 37043
474.91 37045
548.75 37047
415.43 37049
495.16 37051
451.89 37053
387.15 37055
401.95 37057
371.28 37059
497.63 37061
374.00 37063
512.81 37065
387.17 37067
443.80 37069
476.89 37071
474.69 37073
387.79 37075
459.02 37077
451.04 37079
406.26 37081
529.60 37083
462.89 37085
380.60 37087
331.44 37089
466.94 37091
469.71 37093
479.71 37095
422.84 37097
358.00 37099
498.29 37101
448.68 37103
450.02 37105
543.08 37107
449.45 37109
333.18 37113
386.22 37115
508.70 37117
401.78 37111
387.42 37119
393.52 37121
432.70 37123
362.35 37125
483.93 37127
434.42 37129
480.46 37131
415.86 37133
332.69 37135
386.98 37137
454.82 37139
423.27 37141
419.63 37143
445.95 37145
444.65 37147
344.12 37149
406.53 37151
517.84 37153
521.20 37155
434.51 37157
424.46 37159
450.16 37161
494.11 37163
516.59 37165
456.85 37167
423.36 37169
401.31 37171
479.48 37173
312.02 37175
437.26 37177
441.04 37179
526.76 37181
381.00 37183
433.25 37185
466.23 37187
345.12 37189
509.71 37191
409.21 37193
483.66 37195
393.01 37197
329.14 37199
346.46 38001
358.65 38003
360.80 38005
190.26 38007
354.91 38009
384.64 38011
318.34 38013
322.49 38015
345.03 38017
403.26 38019
379.27 38021
289.19 38023
365.11 38025
375.96 38027
335.53 38029
417.82 38031
300.06 38033
356.79 38035
333.59 38037
362.93 38039
330.38 38041
315.89 38043
329.44 38045
298.65 38047
346.17 38049
337.36 38051
349.68 38053
353.20 38055
333.43 38057
358.53 38059
408.94 38061
427.21 38063
247.82 38065
422.71 38067
320.09 38069
413.22 38071
432.57 38073
301.48 38075
369.32 38077
462.00 38079
389.18 38081
272.67 38083
638.04 38085
242.93 38087
336.47 38089
399.47 38091
349.44 38093
356.51 38095
405.21 38097
416.36 38099
324.96 38101
350.52 38103
331.76 38105
494.18 39001
424.66 39003
393.96 39005
431.12 39007
475.76 39009
404.12 39011
463.81 39013
432.22 39015
402.15 39017
401.87 39019
425.66 39021
435.50 39023
411.59 39025
433.79 39027
501.25 39029
457.66 39031
441.13 39033
446.83 39035
430.26 39037
405.31 39039
384.25 39041
407.98 39043
392.86 39045
525.14 39047
407.11 39049
405.03 39051
474.54 39053
373.29 39055
426.52 39057
477.53 39059
405.73 39061
403.51 39063
472.87 39065
481.73 39067
393.86 39069
446.68 39071
432.37 39073
390.19 39075
457.59 39077
517.69 39079
490.22 39081
452.02 39083
414.92 39085
513.33 39087
420.63 39089
436.59 39091
413.97 39093
480.34 39095
488.51 39097
439.89 39099
436.81 39101
398.39 39103
503.50 39105
426.42 39107
437.40 39109
433.21 39111
421.66 39113
435.67 39115
401.98 39117
460.55 39119
401.31 39121
442.94 39123
427.11 39125
463.97 39127
482.35 39129
473.15 39131
429.67 39133
436.50 39135
380.41 39137
462.34 39139
456.67 39141
420.27 39143
523.80 39145
447.97 39147
442.94 39149
419.33 39151
413.99 39153
440.64 39155
457.87 39157
421.23 39159
415.55 39161
486.42 39163
419.71 39165
429.99 39167
409.78 39169
375.62 39171
441.92 39173
442.17 39175
527.25 40001
409.84 40003
469.65 40005
365.75 40007
480.68 40009
488.67 40011
474.98 40013
453.66 40015
400.44 40017
465.62 40019
426.05 40021
516.58 40023
381.72 40025
404.89 40027
529.09 40029
428.49 40031
482.41 40033
518.38 40035
451.65 40037
431.81 40039
458.15 40041
467.44 40043
376.95 40045
432.97 40047
467.75 40049
439.46 40051
395.23 40053
428.97 40055
455.62 40057
443.61 40059
510.91 40061
490.45 40063
451.02 40065
513.11 40067
514.74 40069
460.47 40071
401.42 40073
472.80 40075
453.93 40077
494.18 40079
447.59 40081
458.80 40083
420.94 40085
393.18 40093
455.27 40095
459.82 40097
442.94 40087
529.11 40089
466.76 40091
473.82 40099
468.68 40101
447.88 40103
430.43 40105
515.18 40107
431.40 40109
521.62 40111
377.12 40113
491.50 40115
443.43 40117
407.48 40119
455.73 40121
466.44 40123
471.45 40125
499.56 40127
372.92 40129
416.42 40131
516.84 40133
513.42 40135
421.18 40137
399.34 40139
421.10 40141
438.71 40143
379.57 40145
365.14 40147
408.54 40149
424.11 40151
417.93 40153
360.20 41001
313.97 41003
350.08 41005
382.43 41007
388.92 41009
369.98 41011
420.52 41013
330.21 41015
351.35 41017
358.22 41019
297.59 41021
361.12 41023
389.03 41025
358.03 41027
332.58 41029
386.77 41031
357.39 41033
364.89 41035
380.44 41037
316.77 41039
370.20 41041
354.66 41043
354.85 41045
360.97 41047
348.53 41049
379.62 41051
341.63 41053
315.99 41055
353.38 41057
369.39 41059
323.90 41061
340.42 41063
344.60 41065
324.34 41067
358.39 41069
345.11 41071
409.75 42001
436.78 42003
459.83 42005
422.20 42007
444.13 42009
393.54 42011
492.34 42013
397.82 42015
413.34 42017
446.64 42019
433.69 42021
414.33 42023
463.25 42025
408.24 42027
383.81 42029
462.01 42031
449.36 42033
447.99 42035
471.17 42037
423.38 42039
399.41 42041
428.82 42043
414.51 42045
426.52 42047
446.09 42049
468.10 42051
488.02 42053
379.99 42055
465.65 42057
449.01 42059
450.33 42061
436.48 42063
469.02 42065
437.26 42067
459.36 42069
380.49 42071
473.29 42073
408.73 42075
397.53 42077
473.42 42079
402.58 42081
475.70 42083
429.32 42085
434.63 42087
401.50 42089
354.71 42091
416.47 42093
388.71 42095
471.34 42097
464.19 42099
486.46 42101
449.28 42103
409.84 42105
470.38 42107
429.75 42109
441.20 42111
442.64 42113
458.70 42115
438.45 42117
402.34 42119
445.08 42121
439.36 42123
439.09 42125
463.52 42127
440.17 42129
449.05 42131
389.04 42133
356.16 44001
403.55 44003
376.28 44005
400.00 44007
364.32 44009
389.39 45001
451.40 45003
530.63 45005
397.61 45007
497.92 45009
506.43 45011
337.67 45013
453.41 45015
418.25 45017
422.87 45019
423.32 45021
487.27 45023
495.61 45025
491.82 45027
503.54 45029
515.21 45031
520.39 45033
483.71 45035
457.22 45037
533.87 45039
562.63 45041
432.38 45043
399.11 45045
428.04 45047
466.49 45049
418.82 45051
470.61 45053
402.85 45055
455.06 45057
472.74 45059
466.39 45061
410.10 45063
528.65 45067
532.44 45069
401.81 45065
404.11 45071
414.62 45073
522.44 45075
391.18 45077
443.66 45079
480.22 45081
437.11 45083
490.73 45085
504.03 45087
515.31 45089
441.81 45091
365.17 46003
378.67 46005
381.94 46007
365.52 46009
345.93 46011
397.45 46013
332.97 46015
789.52 46017
443.53 46019
270.70 46021
378.01 46023
378.79 46025
420.40 46027
355.07 46029
453.86 46031
387.35 46033
359.22 46035
438.99 46037
358.08 46039
460.20 46041
312.45 46043
442.22 46045
483.74 46047
378.74 46049
382.10 46051
405.82 46053
334.88 46055
379.36 46057
387.83 46059
280.16 46061
329.75 46063
330.21 46065
357.28 46067
395.64 46069
420.78 46071
315.14 46073
304.75 46075
418.50 46077
302.59 46079
353.42 46081
350.17 46083
393.64 46085
376.65 46091
399.29 46087
394.56 46089
366.29 46093
427.10 46095
372.67 46097
333.68 46099
403.71 46101
638.65 46102
342.13 46103
346.67 46105
355.88 46107
416.13 46109
364.50 46111
423.14 46115
329.92 46117
251.13 46119
562.53 46121
381.25 46123
394.75 46125
404.58 46127
418.05 46129
394.82 46135
390.65 46137
374.11 47001
442.72 47003
486.82 47005
511.30 47007
385.75 47009
431.95 47011
444.86 47013
458.53 47015
537.35 47017
417.04 47019
476.13 47021
439.22 47023
514.99 47025
475.73 47027
544.43 47029
421.60 47031
498.84 47033
402.29 47035
426.22 47037
482.32 47041
454.76 47039
495.87 47043
476.52 47045
448.87 47047
527.34 47049
423.22 47051
494.47 47053
462.83 47055
461.98 47057
476.83 47059
453.88 47061
516.35 47063
447.83 47065
529.66 47067
478.12 47069
507.28 47071
470.94 47073
476.05 47075
542.38 47077
485.85 47079
447.08 47081
468.14 47083
479.26 47085
506.30 47087
420.42 47089
390.43 47091
391.49 47093
510.16 47095
526.75 47097
443.80 47099
449.00 47101
501.62 47103
429.90 47105
449.37 47111
439.15 47113
496.00 47115
478.31 47117
452.46 47119
438.91 47107
508.54 47109
466.48 47121
404.82 47123
430.84 47125
357.16 47127
447.59 47129
519.37 47131
471.66 47133
468.07 47135
435.90 47137
488.62 47139
444.87 47141
452.39 47143
416.16 47145
484.49 47147
416.72 47149
490.00 47151
429.96 47153
411.10 47155
494.31 47157
493.45 47159
450.43 47161
420.01 47163
411.89 47165
491.33 47167
482.24 47169
406.17 47171
438.21 47173
414.03 47175
431.57 47177
407.05 47179
453.06 47181
469.56 47183
464.15 47185
382.52 47187
439.20 47189
424.90 48001
437.92 48003
457.53 48005
322.14 48007
357.17 48009
359.96 48011
444.50 48013
418.94 48015
361.85 48017
326.98 48019
369.58 48021
426.31 48023
392.87 48025
423.35 48027
387.06 48029
350.82 48031
309.64 48033
413.08 48035
435.75 48037
383.62 48039
371.76 48041
327.60 48043
411.78 48045
456.05 48047
456.74 48049
399.77 48051
329.51 48053
337.53 48055
372.75 48057
444.11 48059
338.29 48061
434.30 48063
369.73 48065
455.15 48067
414.96 48069
434.50 48071
440.77 48073
476.30 48075
434.51 48077
402.69 48079
341.98 48081
436.33 48083
390.60 48085
414.39 48087
404.37 48089
343.28 48091
425.27 48093
414.98 48095
405.92 48097
409.92 48099
426.82 48101
448.19 48103
383.68 48105
442.94 48107
363.41 48109
515.61 48111
440.41 48113
352.99 48115
459.36 48123
367.18 48117
428.54 48119
372.38 48121
389.24 48125
361.12 48127
409.85 48129
426.48 48131
459.08 48133
380.98 48135
327.50 48137
345.25 48141
420.44 48139
403.74 48143
453.78 48145
455.75 48147
395.21 48149
411.10 48151
429.79 48153
445.72 48155
365.11 48157
418.63 48159
413.14 48161
411.17 48163
399.81 48165
439.40 48167
436.75 48169
308.56 48171
317.32 48173
378.19 48175
405.74 48177
392.27 48179
454.37 48181
420.38 48183
454.29 48185
351.83 48187
417.54 48189
461.92 48191
420.50 48193
379.56 48195
422.82 48197
438.80 48199
439.72 48201
451.90 48203
304.66 48205
453.52 48207
323.81 48209
360.49 48211
395.14 48213
330.04 48215
443.80 48217
392.14 48219
357.20 48221
432.85 48223
421.36 48225
434.91 48227
323.69 48229
436.73 48231
393.25 48233
295.17 48235
441.95 48237
396.21 48239
454.94 48241
295.29 48243
416.91 48245
403.72 48247
445.75 48249
456.74 48251
427.23 48253
444.29 48255
449.27 48257
365.68 48259
550.36 48261
457.17 48263
316.79 48265
401.69 48267
426.13 48269
341.17 48271
422.41 48273
432.24 48275
492.51 48283
439.67 48277
402.31 48279
412.79 48281
392.70 48285
366.13 48287
395.75 48289
490.15 48291
449.01 48293
352.34 48295
337.63 48297
307.65 48299
485.55 48301
409.45 48303
419.06 48305
413.66 48313
430.59 48315
439.55 48317
350.73 48319
412.57 48321
326.79 48323
440.64 48307
424.29 48309
391.61 48311
362.33 48325
403.04 48327
347.68 48329
377.58 48331
383.06 48333
414.07 48335
492.35 48337
397.76 48339
368.42 48341
449.17 48343
418.61 48345
434.12 48347
389.43 48349
440.64 48351
414.76 48353
378.77 48355
409.54 48357
375.71 48359
462.74 48361
454.91 48363
412.35 48365
424.79 48367
392.59 48369
334.76 48371
395.99 48373
447.09 48375
293.50 48377
418.13 48379
344.22 48381
437.54 48383
437.10 48385
493.46 48387
386.96 48389
417.43 48391
384.53 48393
437.65 48395
408.32 48397
394.54 48399
419.95 48401
444.89 48403
426.04 48405
361.61 48407
394.49 48409
377.45 48411
352.18 48413
347.77 48415
441.25 48417
481.09 48419
398.53 48421
394.34 48423
365.38 48425
346.67 48427
474.47 48429
387.64 48431
416.20 48433
431.06 48435
428.85 48437
430.85 48439
417.78 48441
362.75 48443
417.20 48445
410.67 48447
444.08 48449
385.65 48451
341.95 48453
396.04 48455
436.79 48457
411.47 48459
437.41 48461
339.43 48463
388.66 48465
449.19 48467
404.61 48469
369.54 48471
400.48 48473
402.31 48475
389.31 48477
366.14 48479
404.78 48481
389.07 48483
431.40 48485
466.04 48487
371.06 48489
368.41 48491
381.69 48493
422.52 48495
427.66 48497
428.17 48499
377.65 48501
412.82 48503
331.76 48505
377.60 48507
373.77 49001
343.16 49003
282.68 49005
361.96 49007
261.44 49009
325.14 49011
387.23 49013
358.85 49015
360.18 49017
327.94 49019
329.05 49021
358.77 49023
332.59 49025
329.16 49027
348.10 49029
368.82 49031
289.14 49033
317.63 49035
296.16 49037
358.77 49039
364.13 49041
311.21 49043
364.96 49045
338.19 49047
326.25 49049
367.76 49051
266.37 49053
347.02 49055
347.37 49057
352.13 50001
341.64 50003
355.38 50005
356.79 50007
357.46 50009
430.58 50011
422.73 50013
352.71 50015
361.02 50017
365.03 50019
442.03 50021
362.76 50023
337.37 50025
346.34 50027
426.67 51001
359.15 51003
354.96 51510
511.36 51005
448.86 51007
429.42 51009
459.16 51011
311.00 51013
408.59 51015
522.77 51017
407.33 51019
452.10 51021
447.20 51023
448.98 51520
560.19 51025
531.92 51027
433.82 51029
437.61 51530
394.20 51031
417.09 51033
395.63 51035
470.69 51036
475.49 51037
359.15 51540
465.48 51550
368.11 51041
394.09 51043
418.25 51570
463.70 51580
458.32 51045
409.42 51047
400.48 51049
469.12 51590
471.46 51051
418.26 51053
500.05 51595
394.19 51057
296.52 51600
296.52 51059
312.67 51610
408.52 51061
367.65 51063
388.33 51065
483.83 51620
403.50 51067
392.39 51069
394.66 51630
463.63 51640
446.17 51071
394.99 51073
398.04 51075
424.72 51077
392.90 51079
500.05 51081
448.97 51083
434.42 51650
409.29 51085
372.86 51660
379.17 51087
399.25 51089
410.68 51091
476.09 51670
438.75 51093
321.36 51095
411.97 51099
457.18 51101
465.62 51097
397.33 51103
481.61 51105
395.77 51678
375.49 51107
417.22 51109
482.87 51111
406.10 51680
361.09 51113
392.56 51683
392.56 51685
477.39 51690
394.67 51115
504.72 51117
376.23 51119
422.74 51121
456.85 51125
432.84 51127
432.00 51700
488.67 51710
436.99 51131
403.27 51133
450.02 51720
466.09 51135
385.47 51137
455.11 51139
380.43 51141
528.94 51730
469.12 51143
381.25 51735
471.60 51740
422.33 51145
426.92 51147
381.41 51149
392.56 51153
396.36 51155
459.14 51750
424.65 51157
452.98 51760
432.33 51159
460.84 51770
365.79 51161
437.61 51163
372.86 51165
467.62 51167
484.64 51775
444.05 51169
416.70 51171
487.17 51173
483.83 51175
394.66 51177
372.24 51179
408.59 51790
487.40 51800
426.68 51181
500.27 51183
479.35 51185
382.65 51810
440.57 51187
422.71 51191
408.59 51820
432.57 51193
321.36 51830
466.82 51840
473.90 51195
459.13 51197
432.00 51199
393.31 53001
342.59 53003
350.12 53005
337.42 53007
333.60 53009
352.79 53011
409.39 53013
368.31 53015
314.21 53017
388.21 53019
375.97 53021
318.64 53023
348.20 53025
413.63 53027
315.90 53029
308.19 53031
319.11 53033
328.18 53035
344.58 53037
344.27 53039
392.69 53041
370.34 53043
338.63 53045
359.21 53047
391.39 53049
382.53 53051
387.55 53053
243.13 53055
340.72 53057
321.81 53059
338.64 53061
369.53 53063
364.62 53065
316.60 53067
366.65 53069
333.53 53071
313.03 53073
333.05 53075
381.08 53077
430.83 54001
459.65 54003
488.14 54005
454.66 54007
458.33 54009
481.21 54011
451.05 54013
476.76 54015
440.02 54017
502.19 54019
403.34 54021
460.81 54023
451.39 54025
440.13 54027
473.26 54029
479.96 54031
470.77 54033
448.45 54035
471.17 54037
434.32 54039
501.87 54041
488.83 54043
510.40 54045
449.30 54049
454.26 54051
504.09 54053
532.75 54047
458.24 54055
499.01 54057
605.86 54059
409.97 54061
418.58 54063
398.96 54065
434.31 54067
480.94 54069
411.43 54071
448.25 54073
447.95 54075
453.71 54077
423.65 54079
474.02 54081
426.14 54083
495.03 54085
490.02 54087
437.43 54089
467.39 54091
457.44 54093
499.57 54095
426.12 54097
448.53 54099
465.49 54101
496.73 54103
449.11 54105
462.13 54107
503.31 54109
398.15 55001
416.54 55003
354.07 55005
383.89 55007
365.17 55009
360.78 55011
358.83 55013
339.29 55015
383.31 55017
346.69 55019
376.20 55021
393.12 55023
324.40 55025
419.94 55027
365.01 55029
406.74 55031
337.33 55033
347.66 55035
446.99 55037
363.45 55039
414.09 55041
391.53 55043
351.54 55045
382.43 55047
415.99 55049
404.98 55051
402.37 55053
365.64 55055
385.71 55057
431.35 55059
360.73 55061
348.12 55063
396.59 55065
388.44 55067
375.36 55069
368.49 55071
319.51 55073
417.06 55075
375.91 55077
669.77 55078
416.69 55079
419.93 55081
398.96 55083
376.29 55085
356.33 55087
355.80 55089
400.91 55091
367.63 55093
366.18 55095
364.45 55097
382.93 55099
385.71 55101
352.59 55103
406.15 55105
359.49 55107
362.40 55109
372.67 55111
381.73 55113
419.45 55115
364.74 55117
348.15 55119
392.11 55121
394.47 55123
379.46 55125
375.79 55127
385.27 55129
377.06 55131
367.08 55133
458.25 55135
384.87 55137
345.89 55139
352.85 55141
324.62 56001
347.47 56003
366.06 56005
406.99 56007
371.13 56009
327.07 56011
365.83 56013
348.23 56015
340.91 56017
379.29 56019
352.27 56021
341.30 56023
319.57 56025
394.14 56027
311.86 56029
363.96 56031
351.91 56033
376.60 56035
364.26 56037
282.55 56039
335.70 56041
332.20 56043
339.56 56045
