437.74 1001
357.73 1003
387.08 1005
491.84 1007
399.31 1009
473.94 1011
476.14 1013
447.25 1015
415.96 1017
421.88 1019
457.97 1021
466.94 1023
430.28 1025
457.78 1027
450.34 1029
394.63 1031
426.78 1033
451.56 1035
413.41 1037
421.04 1039
420.40 1041
426.23 1043
399.90 1045
474.38 1047
456.37 1049
425.79 1051
440.70 1053
435.46 1055
413.67 1057
485.89 1059
435.25 1061
425.04 1063
485.96 1065
437.33 1067
403.92 1069
490.28 1071
377.00 1073
452.42 1075
354.98 1077
468.33 1079
429.87 1081
438.62 1083
479.03 1085
468.87 1087
373.50 1089
462.32 1091
430.31 1093
448.34 1095
417.85 1097
402.58 1099
391.68 1101
424.70 1103
444.40 1105
444.93 1107
455.77 1109
465.04 1111
517.91 1113
427.30 1115
365.26 1117
416.92 1119
457.07 1121
446.76 1123
397.81 1125
450.50 1127
480.15 1129
439.10 1131
461.31 1133
267.94 2013
267.94 2016
294.97 2020
326.43 2050
300.27 2060
352.77 2068
377.69 2070
335.66 2090
314.28 2100
314.52 2105
281.12 2110
307.71 2122
358.70 2130
339.37 2150
351.66 2158
377.69 2164
304.94 2170
376.28 2180
342.04 2185
364.19 2188
358.70 2195
358.70 2198
351.30 2220
314.52 2230
360.20 2240
336.85 2261
358.70 2275
314.52 2282
352.77 2290
273.21 4001
344.52 4003
287.28 4005
360.96 4007
331.66 4009
342.68 4011
279.70 4012
302.72 4013
379.16 4015
326.85 4017
327.08 4019
321.60 4021
276.04 4023
308.30 4025
279.70 4027
528.21 5001
477.45 5003
367.59 5005
367.50 5007
405.53 5009
559.80 5011
413.14 5013
348.69 5015
490.02 5017
446.32 5019
482.76 5021
422.56 5023
455.24 5025
467.65 5027
416.48 5029
454.21 5031
470.97 5033
490.75 5035
479.45 5037
489.90 5039
534.40 5041
437.08 5043
365.28 5045
426.43 5047
400.85 5049
404.03 5051
449.48 5053
482.32 5055
470.14 5057
427.70 5059
462.17 5061
424.60 5063
407.44 5065
491.99 5067
494.87 5069
386.78 5071
460.89 5073
438.13 5075
457.88 5077
457.91 5079
441.68 5081
462.31 5083
434.97 5085
427.50 5087
352.20 5089
423.35 5091
524.47 5093
519.98 5095
422.91 5097
444.86 5099
372.62 5101
505.88 5103
435.59 5105
572.68 5107
412.96 5109
522.85 5111
431.63 5113
387.50 5115
423.21 5117
408.97 5119
417.75 5121
529.28 5123
369.41 5125
469.26 5127
415.72 5129
435.83 5131
474.34 5133
404.37 5135
405.94 5137
441.25 5139
375.89 5141
365.01 5143
439.51 5145
551.33 5147
479.30 5149
362.23 6001
355.11 6003
340.16 6005
348.53 6007
344.55 6009
366.10 6011
317.62 6013
402.45 6015
310.82 6017
374.43 6019
368.78 6021
350.21 6023
370.89 6025
375.71 6027
434.43 6029
419.63 6031
397.17 6033
350.00 6035
389.48 6037
350.19 6039
293.22 6041
335.01 6043
352.03 6045
363.34 6047
360.19 6049
263.20 6051
313.30 6053
318.65 6055
279.15 6057
344.99 6059
324.55 6061
322.24 6063
384.21 6065
357.46 6067
315.84 6069
427.45 6071
331.88 6073
360.15 6075
389.98 6077
328.42 6079
306.93 6081
311.49 6083
310.32 6085
331.79 6087
361.43 6089
319.64 6091
355.38 6093
340.28 6095
316.53 6097
398.80 6099
394.57 6101
376.40 6103
346.31 6105
418.39 6107
327.68 6109
307.66 6111
340.54 6113
442.03 6115
305.44 8001
349.02 8003
305.44 8005
239.27 8007
368.93 8009
345.10 8011
305.44 8013
305.44 8014
324.57 8015
312.42 8017
285.26 8019
333.89 8021
288.64 8023
342.66 8025
260.35 8027
307.48 8029
305.44 8031
288.52 8033
278.32 8035
200.53 8037
303.74 8041
272.68 8039
384.49 8043
279.36 8045
303.57 8047
284.07 8049
289.73 8051
181.68 8053
330.55 8055
271.98 8057
305.44 8059
319.94 8061
305.21 8063
273.90 8067
338.44 8065
273.23 8069
363.00 8071
322.37 8073
332.68 8075
311.78 8077
242.09 8079
328.16 8081
309.38 8083
292.45 8085
333.87 8087
381.03 8089
230.38 8091
258.84 8093
324.06 8095
145.88 8097
344.33 8099
331.83 8101
323.26 8103
378.89 8105
267.36 8107
308.46 8109
235.87 8111
187.27 8113
348.67 8115
150.47 8117
303.64 8119
357.18 8121
305.44 8123
342.18 8125
341.25 9001
351.87 9003
329.11 9005
329.61 9007
348.68 9009
324.81 9011
342.18 9013
371.12 9015
419.50 10001
373.44 10003
397.38 10005
424.91 11001
326.80 12001
433.06 12003
390.88 12005
394.35 12007
326.53 12009
343.63 12011
430.69 12013
295.28 12015
366.30 12017
410.33 12019
235.72 12021
408.56 12023
342.53 12027
384.91 12029
434.15 12031
394.59 12033
297.05 12035
386.21 12037
408.98 12039
409.57 12041
320.44 12043
402.11 12045
442.10 12047
358.00 12049
444.78 12051
317.95 12053
321.43 12055
391.84 12057
496.66 12059
289.25 12061
442.85 12063
383.72 12065
394.90 12067
339.31 12069
299.41 12071
323.84 12073
393.28 12075
428.33 12077
433.16 12079
324.39 12081
363.03 12083
289.04 12085
386.66 12086
288.13 12087
374.58 12089
382.80 12091
417.97 12093
362.26 12095
391.08 12097
303.64 12099
346.87 12101
340.74 12103
367.22 12105
379.96 12107
306.43 12109
355.71 12111
386.63 12113
282.52 12115
346.22 12117
354.01 12119
422.36 12121
453.15 12123
538.64 12125
367.90 12127
373.33 12129
405.10 12131
432.86 12133
431.06 13001
539.69 13003
535.41 13005
408.76 13007
438.96 13009
384.20 13011
405.88 13013
430.68 13015
479.68 13017
468.43 13019
492.97 13021
428.84 13023
490.45 13025
458.49 13027
415.72 13029
404.32 13031
510.38 13033
444.07 13035
510.15 13037
422.29 13039
468.66 13043
432.59 13045
397.91 13047
444.73 13049
391.63 13051
448.63 13053
501.34 13055
390.60 13057
375.73 13059
502.13 13061
422.52 13063
516.75 13065
362.48 13067
461.35 13069
437.63 13071
382.81 13073
497.81 13075
427.64 13077
411.75 13079
466.47 13081
417.63 13083
439.84 13085
342.23 13089
436.08 13087
476.25 13091
457.86 13093
399.83 13095
412.74 13097
470.81 13099
368.28 13101
422.73 13103
443.49 13105
497.13 13107
479.65 13109
361.59 13111
321.86 13113
445.32 13115
405.34 13117
428.97 13119
410.37 13121
386.82 13123
433.39 13125
373.18 13127
430.45 13129
440.81 13131
482.31 13133
316.07 13135
383.86 13137
379.90 13139
426.63 13141
436.96 13143
362.97 13145
405.19 13147
408.71 13149
396.57 13151
407.29 13153
390.06 13155
446.15 13157
445.21 13159
536.03 13161
473.74 13163
506.72 13165
408.19 13167
384.15 13169
459.01 13171
459.90 13173
463.59 13175
354.97 13177
418.21 13179
477.11 13181
415.53 13183
441.89 13185
390.88 13187
484.96 13193
407.48 13195
493.91 13197
434.17 13189
395.96 13191
503.47 13199
409.04 13201
480.18 13205
453.25 13207
445.64 13209
426.70 13211
420.95 13213
460.95 13215
434.13 13217
353.48 13219
380.21 13221
403.31 13223
457.24 13225
413.68 13227
481.42 13229
436.83 13231
493.78 13233
511.20 13235
419.40 13237
392.63 13239
348.32 13241
497.53 13243
449.20 13245
350.09 13247
452.60 13249
487.53 13251
466.40 13253
467.48 13255
410.94 13257
454.54 13259
439.79 13261
494.98 13263
456.73 13265
475.62 13267
507.74 13269
486.18 13271
423.53 13273
425.97 13275
442.72 13277
435.66 13279
307.47 13281
431.31 13283
449.30 13285
488.74 13287
516.73 13289
334.93 13291
496.51 13293
461.29 13295
434.41 13297
477.99 13299
391.18 13301
452.19 13303
499.50 13305
387.62 13307
417.27 13309
367.40 13311
405.03 13313
445.17 13315
449.45 13317
515.81 13319
419.82 13321
307.01 15001
291.29 15003
278.44 15005
291.32 15007
278.44 15009
305.33 16001
307.54 16003
351.38 16005
365.74 16007
387.56 16009
336.74 16011
230.90 16013
301.43 16015
336.36 16017
324.33 16019
336.48 16021
404.15 16023
271.34 16025
321.50 16027
334.36 16029
326.86 16031
326.57 16033
326.43 16035
311.58 16037
340.29 16039
333.97 16041
366.33 16043
342.53 16045
330.10 16047
325.25 16049
318.99 16051
322.24 16053
324.60 16055
318.62 16057
315.22 16059
320.04 16061
329.62 16063
349.65 16065
314.77 16067
320.10 16069
324.14 16071
337.23 16073
356.79 16075
356.94 16077
438.20 16079
283.31 16081
312.37 16083
310.64 16085
361.12 16087
393.59 17001
486.04 17003
392.85 17005
368.15 17007
414.49 17009
394.97 17011
437.87 17013
400.47 17015
435.02 17017
324.66 17019
387.01 17021
422.34 17023
433.27 17025
363.59 17027
437.30 17029
450.93 17031
432.48 17033
386.63 17035
407.34 17039
357.82 17037
403.28 17041
341.27 17043
480.94 17045
378.50 17047
394.49 17049
418.23 17051
420.19 17053
408.99 17055
377.25 17057
470.64 17059
423.28 17061
376.21 17063
434.73 17065
370.80 17067
484.16 17069
424.89 17071
376.31 17073
394.87 17075
402.06 17077
396.36 17079
373.51 17081
431.68 17083
340.28 17085
403.91 17087
376.37 17089
434.32 17091
345.68 17093
413.95 17095
395.10 17099
348.45 17097
417.29 17101
390.32 17103
406.06 17105
377.86 17107
386.41 17115
406.92 17117
424.65 17119
434.34 17121
386.97 17123
377.79 17125
413.40 17127
388.58 17109
376.44 17111
365.29 17113
376.85 17129
378.68 17131
368.64 17133
401.01 17135
400.08 17137
395.50 17139
346.48 17141
375.19 17143
421.89 17145
357.13 17147
347.04 17149
402.16 17151
473.84 17153
331.82 17155
411.09 17157
398.78 17159
403.83 17161
442.47 17163
483.96 17165
361.58 17167
446.28 17169
401.78 17171
387.90 17173
368.63 17175
350.77 17177
371.47 17179
416.74 17181
452.29 17183
370.81 17185
436.57 17187
463.00 17189
397.17 17191
438.18 17193
378.56 17195
413.28 17197
385.74 17199
355.66 17201
350.26 17203
368.22 18001
375.12 18003
380.74 18005
398.55 18007
428.49 18009
383.53 18011
330.91 18013
354.87 18015
400.38 18017
475.27 18019
463.50 18021
425.57 18023
444.69 18025
413.25 18027
417.43 18033
391.65 18029
416.43 18031
413.31 18035
400.40 18037
395.49 18039
422.36 18041
403.32 18043
420.49 18045
355.38 18047
430.47 18049
396.57 18051
417.50 18053
428.43 18055
334.33 18057
398.18 18059
384.12 18061
349.70 18063
419.45 18065
396.84 18067
426.51 18069
403.29 18071
411.70 18073
420.91 18075
467.97 18077
402.50 18079
395.68 18081
490.94 18083
377.26 18085
369.01 18087
413.06 18091
464.43 18089
444.06 18093
405.01 18095
408.74 18097
386.98 18099
454.62 18101
429.41 18103
341.96 18105
411.74 18107
422.11 18109
410.32 18111
411.86 18113
390.22 18115
420.21 18117
414.72 18119
413.22 18121
402.19 18123
464.93 18125
379.27 18127
368.93 18129
453.23 18131
398.15 18133
408.94 18135
389.20 18137
410.64 18139
381.38 18141
459.11 18143
397.59 18145
412.56 18147
464.05 18149
386.02 18151
478.48 18153
433.30 18155
389.39 18157
390.13 18159
393.77 18161
381.09 18163
499.20 18165
449.40 18167
377.40 18169
401.09 18171
393.48 18173
440.33 18175
403.32 18177
359.94 18179
398.17 18181
386.38 18183
342.07 19001
366.86 19003
351.58 19005
452.83 19007
301.12 19009
338.05 19011
368.49 19013
372.80 19015
345.14 19017
392.96 19019
343.32 19021
366.22 19023
340.74 19025
315.92 19027
382.91 19029
326.28 19031
371.04 19033
375.76 19035
389.21 19037
384.92 19039
346.31 19041
340.10 19043
424.40 19045
320.57 19047
336.01 19049
390.27 19051
378.06 19053
346.58 19055
377.82 19057
333.51 19059
376.08 19061
339.30 19063
358.42 19065
393.10 19067
364.30 19069
383.15 19071
376.35 19073
319.04 19075
403.71 19077
330.92 19079
356.89 19081
352.07 19083
413.53 19085
392.80 19087
344.60 19089
344.75 19091
372.61 19093
335.04 19095
400.23 19097
352.59 19099
367.06 19101
292.39 19103
327.06 19105
323.48 19107
340.74 19109
411.73 19111
315.20 19113
378.85 19115
384.49 19117
331.54 19119
338.75 19121
377.01 19123
353.54 19125
362.55 19127
412.53 19129
347.89 19131
384.21 19133
404.64 19135
382.29 19137
346.19 19139
333.31 19141
401.50 19143
386.89 19145
355.44 19147
350.64 19149
356.09 19151
355.48 19153
394.47 19155
351.79 19157
348.86 19159
365.18 19161
384.84 19163
347.41 19165
282.50 19167
283.43 19169
322.14 19171
350.38 19173
420.51 19175
404.41 19177
394.09 19179
336.86 19181
328.03 19183
389.57 19185
395.42 19187
346.84 19189
307.17 19191
385.36 19193
367.90 19195
319.63 19197
403.52 20001
369.10 20003
395.19 20005
389.00 20007
366.58 20009
406.06 20011
409.92 20013
370.32 20015
362.33 20017
360.13 20019
480.51 20021
313.73 20023
368.74 20025
318.43 20027
363.50 20029
365.90 20031
381.36 20033
387.80 20035
433.91 20037
313.41 20039
369.81 20041
393.91 20043
311.06 20045
380.62 20047
386.04 20049
323.39 20051
370.82 20053
333.06 20055
356.81 20057
365.90 20059
381.77 20061
330.31 20063
351.17 20065
391.03 20067
313.65 20069
347.78 20071
413.31 20073
355.60 20075
366.44 20077
306.84 20079
372.51 20081
339.72 20083
407.43 20085
352.74 20087
367.01 20089
312.99 20091
349.78 20093
364.05 20095
305.99 20097
402.87 20099
366.31 20101
361.36 20103
383.43 20105
400.52 20107
341.82 20109
370.27 20111
329.28 20115
377.29 20117
317.80 20113
338.05 20119
389.50 20121
355.99 20123
386.77 20125
319.32 20127
381.25 20129
351.96 20131
373.33 20133
339.49 20135
355.60 20137
387.88 20139
378.49 20141
415.87 20143
342.03 20145
379.99 20147
369.69 20149
328.34 20151
326.91 20153
345.82 20155
377.25 20157
347.70 20159
313.03 20161
364.38 20163
352.72 20165
384.84 20167
359.56 20169
319.72 20171
346.16 20173
358.38 20175
372.36 20177
359.64 20179
360.24 20181
345.83 20183
405.38 20185
316.53 20187
305.12 20189
384.17 20191
350.37 20193
362.52 20195
343.10 20197
317.16 20199
342.95 20201
308.17 20203
406.72 20205
361.96 20207
429.27 20209
439.67 21001
482.17 21003
371.56 21005
490.90 21007
432.94 21009
447.43 21011
532.38 21013
390.05 21015
404.62 21017
470.42 21019
387.00 21021
475.70 21023
558.92 21025
475.26 21027
407.78 21029
436.23 21031
442.40 21033
395.87 21035
418.46 21037
489.06 21039
517.69 21041
432.05 21043
421.23 21045
428.61 21047
403.78 21049
441.83 21051
475.85 21053
501.22 21055
523.39 21057
381.50 21059
393.32 21061
364.86 21063
455.73 21065
340.11 21067
473.02 21069
479.08 21071
398.31 21073
519.91 21075
478.49 21077
367.33 21079
447.66 21081
409.73 21083
463.77 21085
409.91 21087
442.12 21089
458.11 21091
371.63 21093
470.54 21095
488.25 21097
447.90 21099
431.32 21101
453.23 21103
417.77 21105
438.71 21107
466.60 21109
383.48 21111
354.28 21113
494.57 21115
399.43 21117
483.44 21119
476.89 21121
371.25 21123
434.61 21125
532.02 21127
482.58 21129
421.96 21131
514.83 21133
469.65 21135
406.60 21137
443.44 21139
453.19 21141
390.36 21143
396.54 21151
451.44 21153
402.29 21155
417.01 21157
528.06 21159
488.24 21161
451.61 21145
499.09 21147
459.90 21149
402.76 21163
466.08 21165
407.33 21167
496.14 21169
530.28 21171
410.56 21173
427.21 21175
454.69 21177
401.16 21179
429.87 21181
434.48 21183
377.69 21185
430.33 21187
502.20 21189
453.76 21191
544.85 21193
533.16 21195
451.21 21197
407.12 21199
466.62 21201
446.29 21203
409.56 21205
421.70 21207
392.83 21209
486.29 21211
495.85 21213
423.73 21215
414.54 21217
485.43 21219
404.54 21221
397.66 21223
462.21 21225
384.73 21227
389.12 21229
413.59 21231
428.60 21233
490.42 21235
534.29 21237
370.63 21239
483.46 22001
448.63 22003
434.98 22005
452.08 22007
494.43 22009
503.12 22011
416.18 22013
405.10 22015
391.70 22017
447.21 22019
449.33 22021
378.77 22023
480.25 22025
444.08 22027
478.57 22029
495.21 22031
417.62 22033
512.62 22035
464.83 22037
477.91 22039
548.76 22041
457.91 22043
442.50 22045
467.47 22047
459.40 22049
470.62 22053
408.93 22051
515.26 22059
376.27 22055
406.46 22057
375.00 22061
419.24 22063
588.04 22065
438.78 22067
496.26 22069
448.08 22071
397.95 22073
453.31 22075
465.09 22077
471.49 22079
527.08 22081
488.27 22083
428.33 22085
487.13 22087
408.14 22089
420.05 22091
444.36 22093
445.22 22095
482.02 22097
447.17 22099
441.94 22101
387.76 22103
539.84 22105
558.29 22107
449.12 22109
456.95 22111
428.34 22113
474.47 22115
519.93 22117
479.09 22119
443.49 22121
455.72 22123
368.43 22125
481.72 22127
360.11 23001
376.87 23003
314.08 23005
338.66 23007
340.62 23009
353.94 23011
313.96 23013
299.49 23015
348.98 23017
373.90 23019
363.52 23021
361.53 23023
382.05 23025
379.30 23027
395.32 23029
332.09 23031
463.06 24001
354.47 24003
508.64 24510
354.92 24005
367.62 24009
412.54 24011
369.84 24013
404.98 24015
378.57 24017
425.29 24019
355.56 24021
421.92 24023
392.46 24025
306.46 24027
389.08 24029
321.65 24031
321.65 24033
350.99 24035
380.16 24037
473.36 24039
349.52 24041
403.81 24043
427.86 24045
396.19 24047
292.78 25001
341.31 25003
382.19 25005
311.63 25007
342.26 25009
317.66 25011
358.02 25013
337.01 25015
312.69 25017
348.77 25019
316.67 25021
351.28 25023
362.10 25025
329.38 25027
405.91 26001
446.75 26003
367.42 26005
391.22 26007
395.33 26009
465.63 26011
463.50 26013
360.19 26015
418.51 26017
392.95 26019
397.26 26021
410.84 26023
411.80 26025
401.35 26027
369.51 26029
378.47 26031
393.27 26033
489.59 26035
368.62 26037
408.31 26039
358.94 26041
379.98 26043
356.91 26045
350.35 26047
471.48 26049
432.08 26051
399.10 26053
338.30 26055
468.48 26057
391.36 26059
430.44 26061
431.52 26063
377.06 26065
385.34 26067
435.58 26069
394.80 26071
416.38 26073
409.25 26075
345.11 26077
411.82 26079
348.58 26081
401.17 26083
474.20 26085
448.48 26087
315.10 26089
410.38 26091
389.88 26093
387.47 26095
404.67 26097
416.50 26099
433.95 26101
400.40 26103
382.89 26105
395.02 26107
398.50 26109
349.15 26111
400.80 26113
437.22 26115
405.98 26117
423.71 26119
406.13 26121
383.49 26123
390.84 26125
406.78 26127
494.23 26129
473.96 26131
438.78 26133
438.13 26135
383.55 26137
313.01 26139
374.44 26141
429.76 26143
416.42 26145
425.03 26147
425.38 26149
431.04 26151
400.94 26153
423.30 26155
411.06 26157
399.23 26159
343.25 26161
503.86 26163
404.81 26165
345.90 27001
289.55 27003
344.05 27005
334.85 27007
385.53 27009
383.70 27011
299.13 27013
308.33 27015
377.59 27017
294.40 27019
343.16 27021
291.29 27023
309.36 27025
308.31 27027
370.60 27029
275.58 27031
315.78 27033
327.25 27035
286.39 27037
295.02 27039
316.27 27041
321.06 27043
321.00 27045
310.66 27047
309.58 27049
343.34 27051
287.85 27053
297.93 27055
310.19 27057
313.46 27059
339.03 27061
290.68 27063
338.52 27065
283.58 27067
389.14 27069
367.06 27071
331.05 27073
311.10 27075
341.10 27077
327.24 27079
310.54 27081
332.56 27083
345.36 27087
330.40 27089
299.65 27091
324.19 27085
334.77 27093
338.08 27095
331.41 27097
272.05 27099
311.37 27101
275.72 27103
268.79 27105
360.82 27107
251.72 27109
319.59 27111
354.48 27113
345.66 27115
328.59 27117
341.88 27119
316.38 27121
306.41 27123
353.31 27125
327.58 27127
328.79 27129
304.92 27131
304.01 27133
347.60 27135
343.81 27137
314.74 27139
361.28 27141
326.67 27143
279.43 27145
300.06 27147
300.05 27149
328.72 27151
297.15 27153
327.20 27155
300.26 27157
387.74 27159
305.91 27161
282.47 27163
334.53 27165
352.56 27167
302.94 27169
316.92 27171
315.35 27173
506.92 28001
459.81 28003
403.98 28005
454.72 28007
453.46 28009
565.89 28011
466.76 28013
385.59 28015
472.37 28017
432.18 28019
536.44 28021
501.67 28023
499.22 28025
532.14 28027
475.71 28029
485.13 28031
433.86 28033
502.55 28035
491.76 28037
479.32 28039
527.53 28041
546.00 28043
439.03 28045
504.24 28047
453.38 28049
512.96 28051
537.93 28053
356.16 28055
472.02 28057
433.77 28059
473.51 28061
484.28 28063
436.05 28065
458.33 28067
421.59 28069
400.81 28071
404.33 28073
465.99 28075
511.79 28077
485.05 28079
464.86 28081
588.34 28083
464.13 28085
414.45 28087
405.96 28089
482.73 28091
493.09 28093
461.17 28095
505.44 28097
484.52 28099
486.58 28101
472.68 28103
433.19 28105
511.90 28107
461.03 28109
486.88 28111
508.14 28113
420.82 28115
394.67 28117
536.44 28119
435.20 28121
482.64 28123
510.78 28125
521.09 28127
468.15 28129
558.07 28131
558.56 28133
457.29 28135
468.70 28137
550.88 28139
502.04 28141
619.15 28143
454.39 28145
481.65 28147
512.33 28149
560.49 28151
499.86 28153
508.91 28155
526.52 28157
440.91 28159
479.76 28161
483.67 28163
384.52 29001
367.50 29003
401.31 29005
353.27 29007
439.63 29009
398.80 29011
425.17 29013
414.47 29015
479.55 29017
321.75 29019
423.64 29021
453.65 29023
404.53 29025
363.90 29027
375.45 29029
418.76 29031
442.61 29033
468.28 29035
378.34 29037
407.65 29039
412.61 29041
379.94 29043
422.78 29045
351.16 29047
411.56 29049
372.04 29051
386.29 29053
428.61 29055
414.04 29057
365.67 29059
444.76 29061
415.98 29063
436.94 29065
333.71 29067
521.40 29069
423.05 29071
420.28 29073
421.73 29075
371.02 29077
416.58 29079
444.88 29081
473.70 29083
352.74 29085
384.25 29087
364.65 29089
447.68 29091
507.67 29093
410.56 29095
446.47 29097
457.95 29099
443.72 29101
430.19 29103
465.98 29105
440.70 29107
416.25 29109
437.94 29111
454.51 29113
426.20 29115
422.67 29117
410.28 29121
421.25 29123
427.72 29125
397.06 29127
430.74 29119
359.70 29129
447.72 29131
565.34 29133
415.64 29135
351.86 29137
410.42 29139
419.51 29141
528.39 29143
387.70 29145
367.46 29147
487.19 29149
414.10 29151
390.73 29153
600.78 29155
401.19 29157
392.29 29159
437.70 29161
441.04 29163
306.27 29165
395.44 29167
457.94 29169
417.07 29171
343.89 29173
398.61 29175
428.03 29177
431.73 29179
471.42 29181
363.58 29183
405.16 29185
465.41 29187
527.03 29510
378.40 29189
368.59 29186
431.57 29195
402.01 29197
400.57 29199
434.46 29201
424.94 29203
398.04 29205
444.63 29207
345.42 29209
383.76 29211
400.50 29213
406.97 29215
427.35 29217
385.22 29219
552.62 29221
431.88 29223
426.17 29225
397.98 29227
440.04 29229
321.21 30001
387.62 30003
369.28 30005
332.12 30007
293.96 30009
365.53 30011
313.65 30013
308.32 30015
336.00 30017
298.54 30019
325.44 30021
407.39 30023
332.62 30025
325.51 30027
320.08 30029
273.22 30031
289.37 30033
375.97 30035
287.87 30037
295.95 30039
337.89 30041
357.75 30043
256.76 30045
331.96 30047
306.23 30049
289.56 30051
365.39 30053
329.30 30057
351.68 30055
368.25 30059
330.14 30061
272.71 30063
363.65 30065
303.56 30067
309.81 30069
335.90 30071
291.07 30073
306.58 30075
336.88 30077
303.29 30079
299.68 30081
378.74 30083
440.51 30085
366.76 30087
346.36 30089
306.36 30091
407.27 30093
339.47 30095
310.52 30097
299.74 30099
320.89 30101
254.73 30103
325.31 30105
338.02 30107
399.03 30109
303.47 30111
338.53 31001
340.41 31003
340.00 31005
249.13 31007
311.00 31009
314.49 31011
363.47 31013
373.28 31015
299.42 31017
325.57 31019
396.54 31021
371.11 31023
358.08 31025
370.31 31027
328.74 31029
290.81 31031
319.27 31033
358.90 31035
302.10 31037
347.73 31039
392.01 31041
399.46 31043
347.66 31045
353.46 31047
328.65 31049
364.66 31051
342.80 31053
382.27 31055
347.60 31057
397.97 31059
345.68 31061
311.09 31063
373.20 31065
342.89 31067
391.47 31069
396.89 31071
351.37 31073
322.64 31075
369.47 31077
331.67 31079
321.07 31081
336.16 31083
209.03 31085
298.59 31087
350.48 31089
333.19 31091
365.31 31093
349.48 31095
353.39 31097
322.58 31099
381.59 31101
275.11 31103
353.27 31105
433.86 31107
310.17 31109
350.50 31111
344.19 31113
272.46 31115
392.97 31119
234.72 31117
335.50 31121
359.55 31123
394.38 31125
320.62 31127
336.53 31129
323.53 31131
334.73 31133
326.33 31135
369.83 31137
408.16 31139
327.33 31141
380.83 31143
301.57 31145
378.70 31147
336.49 31149
338.72 31151
355.19 31153
338.67 31155
362.63 31157
365.40 31159
346.08 31161
339.98 31163
232.39 31165
331.11 31167
362.14 31169
309.69 31171
467.32 31173
341.43 31175
331.20 31177
306.64 31179
376.52 31181
290.14 31183
338.13 31185
379.60 32510
394.25 32001
393.34 32003
293.77 32005
361.70 32007
427.27 32009
420.66 32011
409.55 32013
397.55 32015
417.37 32017
378.25 32019
429.82 32021
368.17 32023
343.02 32027
223.54 32029
397.38 32031
404.91 32033
373.53 33001
322.67 33003
339.96 33005
369.35 33007
319.20 33009
350.53 33011
357.35 33013
339.93 33015
348.56 33017
333.62 33019
434.21 34001
353.92 34003
373.82 34005
400.90 34007
408.76 34009
447.80 34011
422.00 34013
422.44 34015
425.21 34017
342.43 34019
389.47 34021
369.40 34023
396.93 34025
355.95 34027
385.88 34029
415.28 34031
429.48 34033
341.82 34035
386.39 34037
377.93 34039
409.91 34041
291.25 35001
243.02 35003
334.94 35005
299.06 35006
287.36 35007
391.56 35009
325.83 35011
305.09 35013
358.16 35015
310.64 35017
357.76 35019
241.27 35021
348.87 35023
387.82 35025
277.04 35027
209.61 35028
378.85 35029
283.70 35031
277.39 35033
372.65 35035
406.72 35037
285.59 35039
348.48 35041
273.02 35045
310.69 35047
261.21 35043
245.79 35049
356.06 35051
320.13 35053
235.84 35055
321.13 35057
349.83 35059
299.06 35061
405.20 36001
368.96 36003
534.66 36005
382.62 36007
463.63 36009
391.48 36011
424.12 36013
394.10 36015
443.21 36017
412.55 36019
410.36 36021
404.16 36023
413.67 36025
394.62 36027
420.01 36029
377.56 36031
451.04 36033
416.11 36035
396.58 36037
428.56 36039
425.21 36041
407.79 36043
445.38 36045
531.78 36047
378.24 36049
363.13 36051
382.14 36053
343.27 36055
442.40 36057
414.73 36059
408.43 36061
451.75 36063
403.11 36065
374.20 36067
353.99 36069
422.73 36071
450.52 36073
426.35 36075
361.04 36077
388.68 36079
467.75 36081
427.57 36083
525.95 36085
411.10 36087
429.58 36089
364.89 36091
367.37 36093
373.78 36095
386.10 36097
355.39 36099
386.86 36101
428.41 36103
469.57 36105
368.08 36107
333.80 36109
407.48 36111
362.72 36113
393.90 36115
365.70 36117
382.02 36119
410.28 36121
356.63 36123
383.54 37001
380.78 37003
359.17 37005
467.09 37007
346.09 37009
390.09 37011
453.43 37013
458.23 37015
514.07 37017
395.66 37019
347.30 37021
370.41 37023
379.19 37025
396.60 37027
414.81 37029
385.07 37031
406.92 37033
377.53 37035
336.87 37037
360.19 37039
413.59 37041
320.38 37043
468.34 37045
522.26 37047
389.94 37049
438.33 37051
415.39 37053
359.79 37055
392.43 37057
345.28 37059
460.43 37061
354.85 37063
484.93 37065
361.81 37067
400.11 37069
454.05 37071
440.85 37073
381.65 37075
412.49 37077
428.87 37079
364.49 37081
489.20 37083
433.14 37085
359.99 37087
307.11 37089
434.68 37091
432.40 37093
449.81 37095
412.35 37097
334.68 37099
470.54 37101
430.08 37103
412.46 37105
506.49 37107
421.05 37109
330.72 37113
375.57 37115
501.03 37117
370.74 37111
351.65 37119
381.46 37121
389.07 37123
332.90 37125
441.57 37127
396.19 37129
438.94 37131
397.99 37133
305.01 37135
355.34 37137
426.27 37139
395.59 37141
399.42 37143
426.81 37145
418.02 37147
312.50 37149
374.11 37151
498.89 37153
501.57 37155
419.87 37157
406.13 37159
443.70 37161
457.12 37163
501.00 37165
452.12 37167
403.60 37169
388.33 37171
466.00 37173
294.77 37175
411.97 37177
401.93 37179
497.90 37181
345.88 37183
397.22 37185
450.96 37187
323.31 37189
454.58 37191
381.22 37193
450.98 37195
371.64 37197
316.83 37199
327.01 38001
339.86 38003
369.33 38005
173.00 38007
337.80 38009
373.68 38011
302.61 38013
307.83 38015
317.89 38017
375.55 38019
348.57 38021
273.87 38023
351.69 38025
359.65 38027
327.52 38029
389.59 38031
274.68 38033
334.40 38035
328.37 38037
341.42 38039
316.13 38041
302.14 38043
307.82 38045
284.27 38047
331.55 38049
322.40 38051
340.36 38053
333.11 38055
326.27 38057
334.71 38059
408.37 38061
414.42 38063
223.25 38065
379.69 38067
312.57 38069
404.07 38071
410.43 38073
301.40 38075
338.06 38077
439.56 38079
350.63 38081
253.14 38083
552.85 38085
228.40 38087
315.19 38089
360.06 38091
329.48 38093
350.23 38095
374.33 38097
392.79 38099
323.29 38101
348.87 38103
325.61 38105
462.55 39001
408.64 39003
383.03 39005
399.18 39007
464.17 39009
387.70 39011
434.38 39013
417.36 39015
370.83 39017
373.76 39019
403.21 39021
404.12 39023
390.06 39025
409.84 39027
454.38 39029
427.68 39031
413.92 39033
425.25 39035
413.37 39037
370.55 39039
346.34 39041
370.10 39043
369.89 39045
506.10 39047
385.76 39049
389.39 39051
462.79 39053
343.85 39055
393.06 39057
448.18 39059
402.59 39061
364.39 39063
463.59 39065
465.88 39067
366.58 39069
423.11 39071
409.54 39073
369.46 39075
424.84 39077
491.40 39079
477.30 39081
434.52 39083
386.08 39085
499.54 39087
411.26 39089
413.31 39091
382.65 39093
458.07 39095
442.97 39097
431.53 39099
420.60 39101
366.28 39103
473.96 39105
405.41 39107
417.45 39109
423.42 39111
397.44 39113
406.85 39115
379.09 39117
419.66 39119
368.13 39121
417.82 39123
400.61 39125
444.11 39127
445.34 39129
452.70 39131
390.00 39133
416.23 39135
353.26 39137
436.26 39139
419.67 39141
393.95 39143
490.11 39145
433.42 39147
416.30 39149
378.66 39151
385.69 39153
421.77 39155
427.25 39157
379.83 39159
393.07 39161
459.03 39163
392.43 39165
406.30 39167
387.87 39169
350.50 39171
415.86 39173
421.28 39175
500.91 40001
400.55 40003
475.67 40005
360.02 40007
478.27 40009
481.03 40011
466.96 40013
458.91 40015
387.17 40017
475.14 40019
414.16 40021
508.38 40023
355.55 40025
383.27 40027
550.58 40029
429.09 40031
480.93 40033
508.75 40035
437.16 40037
429.16 40039
448.20 40041
474.40 40043
381.40 40045
427.49 40047
461.09 40049
451.59 40051
395.93 40053
434.09 40055
457.41 40057
449.99 40059
504.99 40061
506.33 40063
448.68 40065
508.71 40067
499.96 40069
435.06 40071
401.17 40073
471.14 40075
444.12 40077
480.63 40079
452.20 40081
435.18 40083
409.50 40085
399.24 40093
432.05 40095
446.10 40097
434.52 40087
524.98 40089
454.73 40091
469.50 40099
452.41 40101
423.84 40103
420.31 40105
514.81 40107
431.51 40109
498.58 40111
365.95 40113
480.37 40115
445.40 40117
392.91 40119
470.90 40121
467.88 40123
467.88 40125
500.64 40127
362.24 40129
411.82 40131
517.12 40133
498.43 40135
423.04 40137
381.64 40139
400.67 40141
421.38 40143
369.24 40145
356.17 40147
405.18 40149
425.67 40151
422.31 40153
340.15 41001
289.73 41003
325.25 41005
369.21 41007
365.69 41009
346.60 41011
389.35 41013
323.04 41015
319.36 41017
337.02 41019
277.73 41021
328.81 41023
359.78 41025
331.26 41027
317.40 41029
361.01 41031
347.27 41033
341.33 41035
353.93 41037
302.91 41039
344.46 41041
337.63 41043
341.09 41045
341.04 41047
326.77 41049
346.77 41051
310.30 41053
285.40 41055
330.27 41057
347.00 41059
306.40 41061
319.32 41063
336.03 41065
293.20 41067
329.37 41069
316.60 41071
393.49 42001
402.90 42003
425.23 42005
387.09 42007
416.07 42009
371.06 42011
460.81 42013
374.37 42015
373.80 42017
404.88 42019
417.98 42021
385.52 42023
427.12 42025
369.45 42027
365.29 42029
440.54 42031
406.63 42033
415.08 42035
433.19 42037
398.11 42039
368.74 42041
399.74 42043
388.61 42045
392.08 42047
404.00 42049
448.35 42051
438.20 42053
340.21 42055
429.47 42057
430.02 42059
409.91 42061
395.08 42063
440.68 42065
396.30 42067
422.37 42069
353.79 42071
420.63 42073
377.78 42075
365.28 42077
457.52 42079
379.32 42081
460.60 42083
391.92 42085
399.32 42087
368.97 42089
335.27 42091
384.66 42093
362.54 42095
424.29 42097
433.12 42099
476.68 42101
396.08 42103
378.73 42105
456.53 42107
387.02 42109
400.33 42111
412.11 42113
429.93 42115
399.77 42117
374.73 42119
415.74 42121
417.90 42123
408.04 42125
436.56 42127
406.93 42129
416.41 42131
366.64 42133
331.64 44001
373.88 44003
344.71 44005
365.14 44007
342.43 44009
371.38 45001
407.45 45003
505.53 45005
394.87 45007
466.27 45009
473.09 45011
304.81 45013
413.71 45015
396.86 45017
368.38 45019
415.61 45021
477.82 45023
479.53 45025
472.40 45027
472.22 45029
483.82 45031
496.32 45033
450.39 45035
417.46 45037
511.51 45039
525.15 45041
401.84 45043
369.90 45045
404.75 45047
445.62 45049
395.40 45051
440.08 45053
383.68 45055
436.88 45057
447.62 45059
442.30 45061
396.28 45063
525.79 45067
508.14 45069
376.46 45065
395.51 45071
393.22 45073
496.62 45075
391.02 45077
403.63 45079
466.94 45081
427.02 45083
464.17 45085
493.66 45087
472.84 45089
426.63 45091
345.50 46003
350.24 46005
359.69 46007
340.63 46009
326.71 46011
366.57 46013
313.52 46015
677.06 46017
412.22 46019
252.78 46021
354.28 46023
350.61 46025
395.98 46027
333.84 46029
438.99 46031
353.89 46033
338.04 46035
422.11 46037
334.11 46039
437.56 46041
291.24 46043
404.77 46045
446.45 46047
346.89 46049
365.05 46051
384.77 46053
318.56 46055
353.00 46057
350.22 46059
268.55 46061
300.41 46063
320.20 46065
336.86 46067
379.61 46069
395.84 46071
290.49 46073
280.58 46075
404.31 46077
289.93 46079
319.98 46081
318.66 46083
363.60 46085
350.74 46091
384.73 46087
370.10 46089
342.06 46093
407.53 46095
350.32 46097
322.62 46099
382.13 46101
577.19 46102
314.00 46103
330.65 46105
333.37 46107
400.17 46109
324.47 46111
383.03 46115
302.31 46117
238.49 46119
512.98 46121
355.77 46123
372.79 46125
362.06 46127
395.91 46129
361.66 46135
345.51 46137
369.06 47001
436.16 47003
490.55 47005
482.98 47007
367.11 47009
420.02 47011
433.91 47013
454.18 47015
532.53 47017
403.46 47019
458.37 47021
429.31 47023
499.17 47025
470.05 47027
534.83 47029
413.18 47031
503.21 47033
386.35 47035
399.34 47037
477.90 47041
454.56 47039
482.38 47043
481.27 47045
436.59 47047
523.75 47049
418.77 47051
486.77 47053
452.97 47055
454.62 47057
474.33 47059
448.02 47061
483.20 47063
427.78 47065
516.42 47067
459.53 47069
509.65 47071
454.31 47073
470.75 47075
541.01 47077
486.34 47079
421.64 47081
453.02 47083
459.99 47085
504.09 47087
398.71 47089
385.10 47091
362.74 47093
512.38 47095
518.05 47097
434.74 47099
450.71 47101
481.92 47103
400.90 47105
441.16 47111
421.45 47113
479.27 47115
457.64 47117
425.59 47119
419.65 47107
507.03 47109
445.41 47121
389.94 47123
424.26 47125
338.05 47127
422.30 47129
494.46 47131
470.92 47133
461.81 47135
428.43 47137
474.02 47139
428.04 47141
440.00 47143
404.21 47145
472.50 47147
395.48 47149
466.75 47151
412.64 47153
392.82 47155
477.49 47157
486.51 47159
453.73 47161
399.51 47163
407.43 47165
476.40 47167
472.10 47169
407.78 47171
423.81 47173
409.87 47175
427.07 47177
404.07 47179
454.42 47181
450.20 47183
462.09 47185
349.44 47187
412.07 47189
423.59 48001
430.25 48003
440.74 48005
327.35 48007
343.78 48009
349.01 48011
419.42 48013
412.04 48015
349.20 48017
302.34 48019
350.42 48021
416.46 48023
372.46 48025
401.52 48027
371.17 48029
336.74 48031
289.81 48033
405.03 48035
435.95 48037
363.88 48039
349.32 48041
305.95 48043
385.17 48045
449.77 48047
439.19 48049
371.07 48051
316.62 48053
321.99 48055
352.20 48057
424.49 48059
320.26 48061
434.24 48063
358.57 48065
448.32 48067
379.66 48069
404.05 48071
434.39 48073
479.53 48075
434.70 48077
395.40 48079
332.54 48081
419.17 48083
348.55 48085
401.10 48087
397.20 48089
327.63 48091
421.26 48093
388.64 48095
403.00 48097
400.57 48099
407.82 48101
432.33 48103
378.22 48105
421.37 48107
343.08 48109
504.11 48111
401.29 48113
347.86 48115
443.70 48123
348.25 48117
428.52 48119
355.99 48121
380.58 48125
344.55 48127
391.23 48129
413.35 48131
453.07 48133
384.14 48135
298.26 48137
310.85 48141
394.42 48139
381.95 48143
449.97 48145
458.69 48147
374.30 48149
400.39 48151
409.86 48153
433.78 48155
343.39 48157
400.28 48159
409.81 48161
403.61 48163
390.04 48165
420.84 48167
423.28 48169
291.97 48171
306.49 48173
352.86 48175
381.92 48177
386.51 48179
431.71 48181
409.89 48183
439.06 48185
330.46 48187
389.93 48189
450.90 48191
415.14 48193
376.60 48195
387.61 48197
417.88 48199
398.34 48201
433.52 48203
300.87 48205
440.74 48207
307.05 48209
353.52 48211
408.79 48213
296.23 48215
433.61 48217
385.54 48219
333.49 48221
418.94 48223
410.51 48225
423.31 48227
309.61 48229
420.54 48231
393.59 48233
279.11 48235
419.06 48237
383.18 48239
450.00 48241
271.42 48243
399.86 48245
402.99 48247
437.71 48249
439.47 48251
432.26 48253
423.49 48255
427.09 48257
346.05 48259
511.19 48261
451.38 48263
299.34 48265
387.00 48267
402.26 48269
309.22 48271
415.91 48273
407.00 48275
485.52 48283
428.29 48277
397.84 48279
393.97 48281
375.37 48285
362.72 48287
388.61 48289
484.02 48291
454.48 48293
356.78 48295
317.51 48297
292.36 48299
458.16 48301
380.85 48303
400.17 48305
411.00 48313
415.76 48315
433.95 48317
329.04 48319
400.76 48321
313.75 48323
424.87 48307
406.93 48309
380.42 48311
356.29 48325
399.06 48327
332.96 48329
370.99 48331
364.31 48333
422.19 48335
478.75 48337
375.77 48339
352.55 48341
448.49 48343
405.93 48345
410.39 48347
381.77 48349
435.72 48351
420.91 48353
361.29 48355
414.14 48357
356.79 48359
445.88 48361
458.90 48363
403.59 48365
402.16 48367
370.84 48369
331.15 48371
416.07 48373
432.00 48375
263.68 48377
404.71 48379
322.67 48381
433.53 48383
421.49 48385
483.74 48387
369.57 48389
407.21 48391
411.52 48393
422.27 48395
385.55 48397
380.28 48399
405.63 48401
444.51 48403
413.97 48405
362.36 48407
385.29 48409
362.62 48411
348.80 48413
332.73 48415
426.29 48417
468.35 48419
386.62 48421
392.49 48423
344.79 48425
334.78 48427
454.17 48429
350.31 48431
404.93 48433
398.95 48435
398.21 48437
400.40 48439
397.96 48441
352.83 48443
409.19 48445
384.29 48447
425.04 48449
374.87 48451
321.16 48453
392.40 48455
430.06 48457
412.85 48459
434.28 48461
335.23 48463
367.88 48465
434.27 48467
392.11 48469
363.91 48471
385.80 48473
397.86 48475
366.23 48477
341.46 48479
398.61 48481
393.85 48483
434.82 48485
465.29 48487
343.25 48489
331.16 48491
364.33 48493
426.67 48495
421.27 48497
406.66 48499
359.49 48501
402.48 48503
320.78 48505
369.37 48507
366.56 49001
339.40 49003
272.77 49005
367.04 49007
256.40 49009
308.16 49011
368.73 49013
351.07 49015
340.77 49017
311.18 49019
323.57 49021
352.98 49023
317.12 49025
319.97 49027
325.87 49029
366.70 49031
280.49 49033
295.06 49035
269.36 49037
350.23 49039
358.39 49041
292.29 49043
342.18 49045
318.78 49047
317.14 49049
351.91 49051
247.52 49053
337.99 49055
328.39 49057
329.15 50001
326.52 50003
340.45 50005
326.63 50007
326.72 50009
401.35 50011
385.04 50013
330.40 50015
342.18 50017
339.79 50019
409.95 50021
348.83 50023
319.66 50025
324.17 50027
396.12 51001
329.51 51003
322.19 51510
485.35 51005
427.08 51007
398.00 51009
434.09 51011
285.86 51013
370.83 51015
495.01 51017
370.67 51019
434.99 51021
412.13 51023
433.37 51520
533.02 51025
501.46 51027
415.53 51029
393.70 51530
375.84 51031
392.83 51033
381.34 51035
431.53 51036
451.55 51037
329.51 51540
428.00 51550
342.84 51041
369.22 51043
382.07 51570
449.21 51580
433.19 51045
391.28 51047
378.62 51049
446.95 51590
447.25 51051
390.53 51053
505.51 51595
381.96 51057
271.37 51600
271.37 51059
286.03 51610
370.27 51061
349.34 51063
351.30 51065
462.63 51620
376.41 51067
347.26 51069
356.74 51630
447.04 51640
429.08 51071
368.65 51073
374.30 51075
402.04 51077
362.41 51079
505.51 51081
417.39 51083
406.70 51650
375.38 51085
341.07 51660
347.71 51087
399.58 51089
368.40 51091
466.22 51670
403.95 51093
294.87 51095
374.84 51099
428.72 51101
424.59 51097
368.50 51103
473.90 51105
364.08 51678
319.74 51107
386.89 51109
454.22 51111
395.04 51680
345.79 51113
347.27 51683
347.27 51685
484.51 51690
378.86 51115
484.12 51117
359.25 51119
395.84 51121
424.17 51125
391.89 51127
398.98 51700
474.94 51710
412.34 51131
362.73 51133
425.85 51720
446.15 51135
353.04 51137
432.63 51139
374.87 51141
521.04 51730
446.95 51143
358.73 51735
444.95 51740
374.09 51145
410.70 51147
354.42 51149
347.27 51153
400.11 51155
439.20 51750
389.38 51157
445.25 51760
414.70 51159
436.90 51770
358.32 51161
393.70 51163
341.07 51165
454.07 51167
442.33 51775
434.06 51169
383.83 51171
471.50 51173
462.63 51175
356.74 51177
335.71 51179
370.83 51790
454.93 51800
395.36 51181
484.77 51183
470.42 51185
351.18 51810
398.99 51187
407.99 51191
370.83 51820
404.18 51193
294.87 51830
424.08 51840
455.44 51195
436.07 51197
398.98 51199
366.77 53001
321.08 53003
322.58 53005
310.56 53007
312.84 53009
327.37 53011
367.17 53013
353.04 53015
294.27 53017
366.10 53019
347.76 53021
295.06 53023
334.98 53025
385.82 53027
289.39 53029
282.58 53031
287.74 53033
291.86 53035
325.67 53037
318.48 53039
381.93 53041
353.35 53043
329.55 53045
333.00 53047
370.78 53049
351.35 53051
375.68 53053
218.78 53055
310.00 53057
303.69 53059
314.20 53061
341.09 53063
349.33 53065
301.11 53067
333.71 53069
317.58 53071
300.38 53073
317.21 53075
363.14 53077
414.88 54001
421.47 54003
463.12 54005
425.19 54007
429.06 54009
446.15 54011
428.31 54013
448.64 54015
431.40 54017
477.08 54019
385.34 54021
437.90 54023
419.16 54025
412.44 54027
448.71 54029
441.21 54031
437.49 54033
428.85 54035
423.61 54037
409.03 54039
480.17 54041
474.86 54043
491.78 54045
414.04 54049
425.79 54051
490.09 54053
519.37 54047
421.52 54055
471.31 54057
569.58 54059
384.14 54061
378.74 54063
374.99 54065
419.39 54067
449.02 54069
395.09 54071
428.08 54073
425.64 54075
432.09 54077
402.18 54079
458.98 54081
413.40 54083
472.29 54085
456.24 54087
413.65 54089
447.25 54091
425.68 54093
480.36 54095
412.97 54097
418.95 54099
445.16 54101
494.39 54103
437.62 54105
448.69 54107
486.54 54109
362.20 55001
399.50 55003
341.33 55005
358.65 55007
339.09 55009
338.44 55011
330.40 55013
312.05 55015
351.86 55017
322.85 55019
357.78 55021
365.02 55023
305.07 55025
391.64 55027
337.15 55029
372.33 55031
323.29 55033
314.33 55035
423.14 55037
335.67 55039
386.73 55041
366.57 55043
326.93 55045
372.50 55047
385.99 55049
374.44 55051
389.57 55053
341.32 55055
362.39 55057
406.30 55059
334.71 55061
322.07 55063
356.89 55065
368.22 55067
359.29 55069
342.75 55071
295.98 55073
393.39 55075
342.01 55077
574.82 55078
397.06 55079
389.42 55081
377.37 55083
353.38 55085
328.77 55087
332.71 55089
374.44 55091
339.83 55093
341.93 55095
331.10 55097
364.88 55099
363.13 55101
330.35 55103
359.81 55105
343.42 55107
341.81 55109
344.65 55111
365.42 55113
388.84 55115
339.49 55117
320.77 55119
367.07 55121
372.74 55123
353.11 55125
351.01 55127
373.44 55129
333.49 55131
339.45 55133
423.90 55135
368.28 55137
331.14 55139
326.38 55141
299.52 56001
343.00 56003
355.69 56005
400.31 56007
348.58 56009
310.53 56011
360.63 56013
327.81 56015
324.98 56017
354.92 56019
334.05 56021
322.45 56023
306.71 56025
374.39 56027
293.79 56029
342.57 56031
338.73 56033
343.61 56035
353.23 56037
254.65 56039
326.33 56041
317.21 56043
317.07 56045
