413.92 1001
333.18 1003
364.29 1005
463.34 1007
378.91 1009
441.62 1011
448.95 1013
451.62 1015
400.87 1017
396.95 1019
442.11 1021
447.75 1023
406.29 1025
447.89 1027
427.01 1029
386.29 1031
390.56 1033
439.07 1035
391.76 1037
393.56 1039
395.03 1041
422.69 1043
384.54 1045
455.60 1047
441.29 1049
380.50 1051
424.96 1053
436.46 1055
408.17 1057
458.91 1059
413.10 1061
400.00 1063
459.08 1065
404.86 1067
389.14 1069
444.39 1071
371.53 1073
433.67 1075
333.41 1077
449.65 1079
393.24 1081
408.14 1083
462.78 1085
453.45 1087
341.57 1089
442.70 1091
420.40 1093
426.52 1095
420.99 1097
394.05 1099
361.49 1101
405.61 1103
447.60 1105
437.38 1107
427.07 1109
442.67 1111
464.88 1113
401.89 1115
326.19 1117
401.77 1119
429.49 1121
417.22 1123
390.57 1125
445.27 1127
454.45 1129
416.14 1131
430.07 1133
257.80 2013
257.80 2016
273.15 2020
298.52 2050
314.12 2060
328.57 2068
345.69 2070
300.51 2090
296.45 2100
287.38 2105
249.49 2110
288.91 2122
326.16 2130
293.07 2150
336.66 2158
345.69 2164
281.65 2170
361.99 2180
303.02 2185
323.94 2188
326.16 2195
326.16 2198
315.69 2220
287.38 2230
312.67 2240
310.87 2261
326.16 2275
287.38 2282
328.57 2290
260.31 4001
320.68 4003
254.62 4005
321.43 4007
311.84 4009
310.14 4011
236.43 4012
284.34 4013
352.41 4015
298.28 4017
292.31 4019
281.15 4021
245.63 4023
275.51 4025
236.43 4027
499.40 5001
466.14 5003
348.37 5005
342.91 5007
387.76 5009
543.36 5011
391.89 5013
336.07 5015
471.39 5017
424.36 5019
480.54 5021
400.97 5023
452.23 5025
448.78 5027
389.24 5029
426.52 5031
438.31 5033
460.47 5035
453.12 5037
474.27 5039
526.03 5041
417.21 5043
339.00 5045
396.31 5047
381.59 5049
369.74 5051
431.75 5053
473.41 5055
457.80 5057
407.67 5059
460.40 5061
411.56 5063
377.46 5065
481.90 5067
463.84 5069
375.33 5071
446.05 5073
426.08 5075
442.89 5077
441.37 5079
439.22 5081
440.32 5083
413.91 5085
411.64 5087
337.40 5089
399.94 5091
517.84 5093
495.59 5095
406.81 5097
431.21 5099
363.39 5101
495.07 5103
400.12 5105
538.96 5107
403.93 5109
507.31 5111
421.56 5113
374.04 5115
404.79 5117
374.90 5119
392.64 5121
520.08 5123
347.07 5125
456.70 5127
397.44 5129
418.78 5131
460.40 5133
396.28 5135
383.94 5137
419.36 5139
360.40 5141
357.37 5143
428.84 5145
533.24 5147
465.28 5149
332.45 6001
369.05 6003
318.15 6005
333.03 6007
313.13 6009
324.72 6011
301.52 6013
375.44 6015
275.70 6017
348.97 6019
338.60 6021
336.79 6023
328.93 6025
346.29 6027
408.23 6029
375.41 6031
385.48 6033
327.64 6035
351.16 6037
332.59 6039
255.45 6041
300.56 6043
327.54 6045
336.64 6047
334.07 6049
239.69 6051
284.33 6053
305.18 6055
267.35 6057
310.09 6059
294.42 6061
300.81 6063
350.15 6065
337.31 6067
288.42 6069
387.82 6071
305.60 6073
294.12 6075
363.04 6077
292.48 6079
264.03 6081
291.82 6083
272.63 6085
302.01 6087
337.83 6089
303.56 6091
325.32 6093
308.51 6095
309.37 6097
386.25 6099
383.44 6101
335.20 6103
325.01 6105
382.56 6107
310.87 6109
296.18 6111
304.75 6113
424.23 6115
277.82 8001
324.88 8003
277.82 8005
213.36 8007
347.38 8009
321.77 8011
277.82 8013
277.82 8014
287.90 8015
296.57 8017
252.29 8019
313.54 8021
260.96 8023
312.45 8025
233.64 8027
292.57 8029
277.82 8031
268.68 8033
233.36 8035
174.22 8037
288.56 8041
244.76 8039
353.89 8043
256.94 8045
274.68 8047
264.02 8049
258.46 8051
160.74 8053
311.91 8055
236.98 8057
277.82 8059
285.64 8061
289.75 8063
247.18 8067
317.43 8065
261.28 8069
334.68 8071
290.78 8073
313.54 8075
298.14 8077
211.14 8079
305.19 8081
294.08 8083
276.14 8085
305.49 8087
349.82 8089
207.07 8091
224.43 8093
306.30 8095
126.64 8097
316.82 8099
300.66 8101
298.18 8103
355.58 8105
237.68 8107
277.08 8109
224.45 8111
182.43 8113
326.89 8115
134.31 8117
266.06 8119
315.45 8121
277.82 8123
319.69 8125
307.86 9001
307.69 9003
301.06 9005
295.71 9007
316.08 9009
319.45 9011
309.07 9013
342.29 9015
379.89 10001
346.28 10003
348.06 10005
398.56 11001
292.28 12001
402.61 12003
368.66 12005
355.38 12007
312.49 12009
313.45 12011
402.53 12013
277.39 12015
328.53 12017
358.65 12019
216.49 12021
377.21 12023
300.90 12027
359.55 12029
385.21 12031
364.84 12033
264.20 12035
343.84 12037
384.13 12039
367.04 12041
278.69 12043
383.81 12045
409.55 12047
325.71 12049
398.24 12051
294.58 12053
283.79 12055
363.83 12057
479.46 12059
266.99 12061
420.66 12063
354.45 12065
366.71 12067
310.68 12069
272.44 12071
311.12 12073
362.35 12075
399.23 12077
410.84 12079
306.00 12081
334.22 12083
258.49 12085
342.83 12086
266.60 12087
342.91 12089
337.73 12091
389.15 12093
341.17 12095
341.50 12097
270.13 12099
323.16 12101
329.05 12103
353.14 12105
356.74 12107
267.84 12109
317.93 12111
357.92 12113
258.86 12115
327.95 12117
299.58 12119
403.56 12121
422.85 12123
492.80 12125
323.17 12127
350.20 12129
386.49 12131
405.36 12133
412.11 13001
495.06 13003
502.47 13005
378.28 13007
420.05 13009
367.46 13011
385.46 13013
391.45 13015
448.45 13017
429.02 13019
459.43 13021
389.50 13023
447.70 13025
428.83 13027
385.45 13029
365.58 13031
483.27 13033
413.13 13035
475.12 13037
392.08 13039
431.66 13043
423.61 13045
367.50 13047
410.45 13049
368.22 13051
416.16 13053
463.51 13055
361.20 13057
353.20 13059
459.09 13061
415.68 13063
484.08 13065
336.07 13067
424.76 13069
409.06 13071
334.80 13073
467.24 13075
377.11 13077
386.31 13079
434.81 13081
402.17 13083
374.41 13085
310.08 13089
400.92 13087
450.97 13091
422.75 13093
380.55 13095
384.41 13097
449.59 13099
334.73 13101
397.39 13103
429.68 13105
462.53 13107
451.38 13109
332.34 13111
281.48 13113
421.61 13115
349.68 13117
410.52 13119
374.18 13121
362.41 13123
412.50 13125
347.30 13127
408.94 13129
408.69 13131
435.78 13133
285.87 13135
347.51 13137
362.38 13139
380.42 13141
424.52 13143
324.33 13145
379.23 13147
355.97 13149
367.82 13151
360.89 13153
355.77 13155
425.91 13157
409.14 13159
517.99 13161
448.46 13163
453.14 13165
387.23 13167
349.11 13169
429.80 13171
429.96 13173
436.35 13175
329.87 13177
398.92 13179
454.32 13181
373.28 13183
424.09 13185
362.01 13187
464.09 13193
400.49 13195
448.21 13197
411.96 13189
335.08 13191
473.73 13199
382.56 13201
442.67 13205
432.50 13207
408.21 13209
402.48 13211
401.22 13213
428.01 13215
394.48 13217
325.80 13219
343.61 13221
358.13 13223
434.85 13225
368.68 13227
449.12 13229
398.02 13231
472.70 13233
470.61 13235
380.17 13237
353.08 13239
323.70 13241
459.34 13243
424.88 13245
328.48 13247
419.59 13249
451.68 13251
427.00 13253
448.46 13255
398.83 13257
421.55 13259
417.61 13261
470.04 13263
418.43 13265
447.38 13267
468.79 13269
446.08 13271
400.09 13273
403.12 13275
415.24 13277
416.19 13279
291.37 13281
410.25 13283
441.08 13285
458.15 13287
489.28 13289
308.20 13291
479.23 13293
453.22 13295
402.48 13297
436.56 13299
374.50 13301
427.58 13303
461.81 13305
346.21 13307
388.72 13309
343.12 13311
379.90 13313
426.11 13315
418.78 13317
482.34 13319
391.23 13321
294.62 15001
258.40 15003
257.11 15005
274.26 15007
257.11 15009
287.23 16001
283.59 16003
344.86 16005
336.16 16007
362.07 16009
314.00 16011
210.82 16013
261.01 16015
311.63 16017
306.95 16019
333.37 16021
361.30 16023
250.73 16025
299.88 16027
320.33 16029
310.52 16031
354.01 16033
303.23 16035
285.50 16037
313.31 16039
321.26 16041
343.76 16043
320.45 16045
312.39 16047
300.99 16049
292.67 16051
303.79 16053
302.15 16055
294.86 16057
286.15 16059
293.51 16061
311.27 16063
329.10 16065
297.81 16067
303.76 16069
311.38 16071
309.69 16073
335.42 16075
353.11 16077
409.27 16079
249.82 16081
285.50 16083
275.16 16085
341.30 16087
351.21 17001
466.00 17003
358.45 17005
334.28 17007
394.59 17009
357.00 17011
418.97 17013
364.64 17015
411.38 17017
294.28 17019
361.84 17021
402.87 17023
406.15 17025
342.82 17027
404.97 17029
379.12 17031
408.93 17033
355.91 17035
377.98 17039
320.20 17037
366.79 17041
309.79 17043
451.02 17045
358.42 17047
363.33 17049
386.90 17051
396.87 17053
373.74 17055
358.43 17057
443.81 17059
397.84 17061
346.82 17063
422.23 17065
339.75 17067
452.29 17069
392.26 17071
342.88 17073
379.62 17075
371.40 17077
368.50 17079
345.48 17081
402.17 17083
309.61 17085
380.94 17087
321.67 17089
396.69 17091
308.59 17093
376.33 17095
356.44 17099
313.65 17097
382.19 17101
364.70 17103
384.21 17105
335.43 17107
349.21 17115
377.03 17117
396.67 17119
400.29 17121
365.84 17123
347.92 17125
395.39 17127
365.45 17109
346.26 17111
328.98 17113
345.36 17129
349.27 17131
323.50 17133
370.21 17135
375.51 17137
363.87 17139
317.26 17141
342.89 17143
395.97 17145
327.04 17147
310.47 17149
380.16 17151
448.94 17153
309.61 17155
381.90 17157
373.31 17159
360.61 17161
380.15 17163
449.92 17165
345.41 17167
409.15 17169
378.90 17171
352.27 17173
341.95 17175
329.34 17177
333.99 17179
394.24 17181
394.29 17183
334.34 17185
412.16 17187
427.67 17189
375.57 17191
427.03 17193
353.10 17195
363.09 17197
358.96 17199
342.50 17201
315.97 17203
345.03 18001
337.49 18003
347.60 18005
367.93 18007
391.16 18009
360.04 18011
301.44 18013
319.36 18015
364.92 18017
429.18 18019
430.78 18021
396.35 18023
425.08 18025
383.50 18027
379.17 18033
353.98 18029
385.07 18031
380.81 18035
380.08 18037
364.04 18039
390.40 18041
384.65 18043
400.19 18045
321.26 18047
399.68 18049
376.23 18051
382.96 18053
408.32 18055
310.08 18057
359.38 18059
352.76 18061
307.08 18063
386.36 18065
382.00 18067
391.20 18069
382.60 18071
380.92 18073
385.28 18075
434.71 18077
380.71 18079
368.28 18081
456.83 18083
347.69 18085
345.82 18087
394.80 18091
417.83 18089
416.50 18093
372.12 18095
377.15 18097
360.32 18099
418.76 18101
394.20 18103
317.64 18105
386.70 18107
395.66 18109
374.86 18111
380.00 18113
359.39 18115
400.24 18117
406.81 18119
381.90 18121
368.99 18123
423.50 18125
343.88 18127
340.55 18129
416.20 18131
373.24 18133
378.78 18135
364.17 18137
380.50 18139
349.48 18141
426.17 18143
364.41 18145
366.09 18147
439.20 18149
359.33 18151
453.32 18153
403.44 18155
358.23 18157
362.98 18159
369.22 18161
356.79 18163
490.84 18165
434.75 18167
341.70 18169
366.87 18171
357.32 18173
406.22 18175
380.77 18177
328.69 18179
361.27 18181
347.12 18183
328.94 19001
334.26 19003
330.21 19005
433.88 19007
276.53 19009
322.87 19011
332.54 19013
357.43 19015
314.50 19017
353.94 19019
315.79 19021
350.87 19023
306.54 19025
289.18 19027
358.27 19029
302.97 19031
341.18 19033
346.05 19035
357.86 19037
368.95 19039
308.97 19041
311.47 19043
401.93 19045
295.54 19047
298.50 19049
356.62 19051
359.43 19053
306.96 19055
348.33 19057
306.26 19059
344.72 19061
317.63 19063
328.98 19065
373.01 19067
348.67 19069
340.08 19071
349.49 19073
297.44 19075
379.51 19077
305.53 19079
332.18 19081
341.97 19083
376.69 19085
376.17 19087
326.52 19089
328.62 19091
335.87 19093
310.98 19095
373.98 19097
324.34 19099
345.12 19101
264.09 19103
298.89 19105
301.77 19107
316.27 19109
389.44 19111
282.87 19113
349.45 19115
358.01 19117
313.27 19119
307.42 19121
343.74 19123
334.02 19125
339.69 19127
379.34 19129
325.90 19131
370.13 19133
379.59 19135
366.94 19137
322.34 19139
316.35 19141
378.41 19143
351.49 19145
328.90 19147
324.50 19149
325.79 19151
318.87 19153
364.85 19155
337.35 19157
325.07 19159
334.79 19161
331.89 19163
312.64 19165
259.97 19167
266.75 19169
297.50 19171
328.36 19173
397.91 19175
376.33 19177
373.13 19179
306.86 19181
303.52 19183
368.23 19185
377.31 19187
325.21 19189
279.74 19191
341.31 19193
346.12 19195
295.72 19197
374.59 20001
332.58 20003
357.98 20005
366.55 20007
341.03 20009
386.10 20011
382.39 20013
360.19 20015
333.67 20017
339.83 20019
455.08 20021
282.38 20023
363.61 20025
284.40 20027
341.94 20029
352.79 20031
366.15 20033
355.73 20035
406.80 20037
289.68 20039
349.20 20041
371.80 20043
279.74 20045
347.22 20047
376.43 20049
297.92 20051
353.42 20053
307.22 20055
339.85 20057
345.83 20059
359.37 20061
325.35 20063
347.71 20065
360.36 20067
293.66 20069
306.00 20071
399.50 20073
341.26 20075
355.22 20077
298.04 20079
343.66 20081
319.80 20083
383.95 20085
322.76 20087
339.95 20089
289.02 20091
316.50 20093
339.81 20095
293.54 20097
386.56 20099
349.54 20101
334.31 20103
361.19 20105
365.66 20107
322.21 20109
350.65 20111
309.40 20115
352.03 20117
307.40 20113
316.35 20119
359.64 20121
338.20 20123
364.74 20125
298.44 20127
347.07 20129
329.50 20131
352.17 20133
325.57 20135
337.49 20137
363.25 20139
355.98 20141
400.99 20143
313.58 20145
359.14 20147
352.16 20149
311.82 20151
310.09 20153
318.14 20155
348.89 20157
326.69 20159
285.22 20161
344.10 20163
326.99 20165
358.83 20167
337.93 20169
302.61 20171
325.15 20173
338.94 20175
352.05 20177
341.29 20179
329.66 20181
325.89 20183
391.53 20185
285.75 20187
272.78 20189
356.49 20191
328.36 20193
351.48 20195
319.72 20197
286.60 20199
316.01 20201
293.31 20203
391.95 20205
346.94 20207
376.50 20209
417.81 21001
448.33 21003
346.46 21005
465.89 21007
403.36 21009
439.33 21011
508.85 21013
352.53 21015
382.92 21017
426.96 21019
353.45 21021
438.44 21023
555.81 21025
445.41 21027
362.25 21029
408.62 21031
417.00 21033
377.93 21035
373.94 21037
472.71 21039
493.08 21041
410.11 21043
401.25 21045
420.48 21047
379.63 21049
456.99 21051
454.73 21053
480.80 21055
516.82 21057
344.63 21059
356.66 21061
338.50 21063
454.65 21065
320.85 21067
452.53 21069
459.69 21071
368.06 21073
497.82 21075
456.95 21077
343.09 21079
412.28 21081
379.32 21083
442.02 21085
391.08 21087
416.58 21089
423.84 21091
351.63 21093
453.48 21095
465.70 21097
420.16 21099
401.83 21101
416.18 21103
390.14 21105
421.60 21107
466.36 21109
372.17 21111
317.71 21113
473.94 21115
348.40 21117
463.76 21119
448.18 21121
349.51 21123
422.18 21125
506.07 21127
479.97 21129
418.71 21131
501.09 21133
433.94 21135
368.99 21137
424.97 21139
407.41 21141
379.71 21143
377.92 21151
422.66 21153
374.53 21155
401.87 21157
494.98 21159
452.56 21161
447.02 21145
459.91 21147
426.67 21149
365.31 21163
436.57 21165
382.72 21167
464.45 21169
516.31 21171
391.37 21173
396.99 21175
434.38 21177
376.59 21179
428.14 21181
401.50 21183
345.28 21185
400.27 21187
504.73 21189
430.44 21191
533.49 21193
502.52 21195
446.80 21197
387.33 21199
457.37 21201
429.41 21203
380.28 21205
402.07 21207
370.02 21209
447.64 21211
467.44 21213
394.00 21215
395.19 21217
442.88 21219
373.52 21221
369.89 21223
436.53 21225
364.52 21227
362.69 21229
387.44 21231
399.74 21233
481.75 21235
524.68 21237
343.11 21239
446.26 22001
394.67 22003
389.68 22005
413.24 22007
471.84 22009
471.89 22011
394.62 22013
366.52 22015
360.72 22017
432.13 22019
419.87 22021
352.58 22023
471.17 22025
432.13 22027
440.44 22029
465.10 22031
383.73 22033
494.56 22035
451.81 22037
442.88 22039
562.08 22041
429.91 22043
404.95 22045
427.47 22047
434.30 22049
444.65 22053
365.08 22051
494.52 22059
360.54 22055
366.11 22057
326.96 22061
384.97 22063
568.63 22065
415.95 22067
470.86 22069
409.09 22071
370.25 22073
411.88 22075
436.52 22077
446.57 22079
490.85 22081
467.14 22083
407.89 22085
444.79 22087
383.78 22089
402.98 22091
406.51 22093
424.09 22095
441.26 22097
409.78 22099
397.99 22101
345.08 22103
476.30 22105
531.19 22107
410.57 22109
428.54 22111
411.09 22113
446.94 22115
487.69 22117
444.87 22119
391.73 22121
436.54 22123
341.18 22125
451.76 22127
318.80 23001
346.00 23003
270.42 23005
307.66 23007
312.32 23009
317.76 23011
288.62 23013
278.66 23015
309.16 23017
359.14 23019
330.80 23021
321.37 23023
347.48 23025
347.14 23027
360.53 23029
301.49 23031
427.78 24001
346.28 24003
479.05 24510
337.84 24005
337.16 24009
383.78 24011
342.66 24013
367.25 24015
348.40 24017
392.86 24019
321.83 24021
391.66 24023
349.20 24025
283.55 24027
350.75 24029
305.68 24031
305.68 24033
317.53 24035
356.77 24037
429.22 24039
314.42 24041
364.20 24043
399.59 24045
347.74 24047
262.47 25001
302.54 25003
341.07 25005
280.43 25007
291.73 25009
297.81 25011
328.49 25013
304.08 25015
285.42 25017
324.42 25019
280.55 25021
322.93 25023
309.06 25025
304.04 25027
370.99 26001
392.40 26003
337.12 26005
366.23 26007
338.27 26009
436.23 26011
437.54 26013
340.08 26015
392.61 26017
348.13 26019
375.85 26021
383.45 26023
378.12 26025
363.84 26027
327.33 26029
340.92 26031
356.87 26033
444.60 26035
334.55 26037
372.17 26039
330.77 26041
351.01 26043
336.35 26045
318.86 26047
430.63 26049
394.45 26051
369.78 26053
295.81 26055
432.11 26057
361.53 26059
401.16 26061
406.92 26063
344.48 26065
352.34 26067
394.04 26069
373.66 26071
369.55 26073
363.92 26075
326.02 26077
384.08 26079
322.84 26081
361.72 26083
426.61 26085
415.35 26087
271.50 26089
373.64 26091
345.80 26093
370.72 26095
367.13 26097
387.64 26099
389.85 26101
372.29 26103
347.80 26105
373.81 26107
361.45 26109
316.36 26111
366.88 26113
400.53 26115
378.38 26117
386.78 26119
373.94 26121
346.95 26123
351.19 26125
367.73 26127
463.08 26129
446.29 26131
402.74 26133
401.28 26135
336.80 26137
279.08 26139
339.48 26141
404.25 26143
373.42 26145
400.71 26147
406.82 26149
400.00 26151
359.39 26153
385.75 26155
384.13 26157
363.32 26159
317.54 26161
463.68 26163
371.06 26165
299.74 27001
259.15 27003
312.10 27005
300.68 27007
351.69 27009
358.78 27011
277.32 27013
275.90 27015
338.59 27017
252.51 27019
301.94 27021
266.27 27023
275.26 27025
271.53 27027
349.01 27029
242.12 27031
295.76 27033
281.50 27035
249.22 27037
264.21 27039
289.92 27041
301.01 27043
286.29 27045
285.79 27047
283.50 27049
321.96 27051
237.28 27053
265.26 27055
271.40 27057
281.79 27059
305.91 27061
266.21 27063
299.96 27065
259.38 27067
363.48 27069
325.65 27071
297.51 27073
276.64 27075
309.52 27077
294.12 27079
284.58 27081
300.77 27083
323.50 27087
285.37 27089
274.34 27091
289.43 27085
302.08 27093
307.45 27095
299.61 27097
244.20 27099
286.72 27101
244.85 27103
249.06 27105
324.94 27107
231.16 27109
292.02 27111
317.84 27113
306.28 27115
293.20 27117
313.80 27119
289.26 27121
272.79 27123
326.72 27125
295.84 27127
302.31 27129
269.38 27131
288.71 27133
316.85 27135
299.60 27137
275.37 27139
303.88 27141
308.47 27143
250.47 27145
265.12 27147
265.45 27149
309.05 27151
267.49 27153
313.60 27155
263.61 27157
351.84 27159
283.97 27161
252.04 27163
315.35 27165
348.33 27167
283.81 27169
273.30 27171
283.36 27173
473.34 28001
461.16 28003
374.66 28005
427.42 28007
445.81 28009
548.95 28011
457.73 28013
368.80 28015
445.76 28017
406.79 28019
525.75 28021
470.41 28023
474.94 28025
512.48 28027
447.28 28029
465.81 28031
398.50 28033
471.06 28035
484.41 28037
468.76 28039
501.78 28041
529.22 28043
402.05 28045
483.80 28047
415.05 28049
491.24 28051
526.22 28053
335.05 28055
449.55 28057
415.65 28059
461.96 28061
450.58 28063
412.61 28065
425.13 28067
402.72 28069
374.14 28071
381.55 28073
450.78 28075
496.62 28077
470.96 28079
453.51 28081
579.49 28083
446.69 28085
378.16 28087
399.97 28089
471.61 28091
473.70 28093
426.18 28095
474.84 28097
476.55 28099
448.93 28101
436.06 28103
401.85 28105
491.82 28107
430.71 28109
455.05 28111
477.47 28113
389.51 28115
368.41 28117
523.91 28119
394.17 28121
448.72 28123
468.51 28125
503.38 28127
439.61 28129
513.77 28131
533.60 28133
418.96 28135
445.85 28137
545.88 28139
500.88 28141
575.76 28143
434.06 28145
455.19 28147
482.65 28149
514.02 28151
463.73 28153
510.97 28155
492.41 28157
411.09 28159
457.68 28161
453.35 28163
362.80 29001
349.60 29003
373.65 29005
328.29 29007
422.22 29009
369.02 29011
398.66 29013
382.51 29015
450.01 29017
298.68 29019
391.74 29021
420.02 29023
380.02 29025
351.12 29027
353.36 29029
395.73 29031
423.17 29033
448.75 29035
349.69 29037
393.33 29039
383.12 29041
363.05 29043
396.31 29045
315.75 29047
385.19 29049
353.07 29051
373.37 29053
424.70 29055
392.59 29057
340.00 29059
412.99 29061
382.57 29063
419.82 29065
320.24 29067
493.62 29069
388.59 29071
398.82 29073
400.19 29075
355.23 29077
388.00 29079
425.66 29081
451.52 29083
326.24 29085
356.29 29087
350.38 29089
426.81 29091
505.34 29093
369.87 29095
420.66 29097
412.19 29099
415.11 29101
408.27 29103
448.20 29105
416.10 29107
398.30 29109
425.81 29111
416.41 29113
408.50 29115
400.93 29117
385.17 29121
402.62 29123
410.07 29125
375.79 29127
414.38 29119
339.40 29129
432.04 29131
539.87 29133
394.53 29135
334.19 29137
388.06 29139
399.32 29141
499.08 29143
386.07 29145
354.13 29147
470.58 29149
397.84 29151
374.28 29153
564.90 29155
372.64 29157
353.73 29159
412.74 29161
428.06 29163
287.72 29165
361.41 29167
430.91 29169
374.76 29171
315.54 29173
386.22 29175
398.81 29177
407.99 29179
465.09 29181
314.14 29183
386.26 29185
442.23 29187
476.67 29510
359.67 29189
354.52 29186
418.00 29195
371.74 29197
371.38 29199
409.66 29201
404.30 29203
391.61 29205
391.10 29207
327.67 29209
363.59 29211
379.70 29213
384.90 29215
423.76 29217
350.80 29219
545.62 29221
412.91 29223
407.67 29225
385.54 29227
429.86 29229
291.64 30001
369.43 30003
346.28 30005
307.61 30007
267.26 30009
344.58 30011
286.67 30013
301.77 30015
304.99 30017
265.41 30019
310.64 30021
365.07 30023
313.44 30025
302.44 30027
299.10 30029
253.84 30031
261.38 30033
353.86 30035
259.10 30037
258.23 30039
319.81 30041
322.75 30043
239.57 30045
308.25 30047
279.41 30049
263.22 30051
341.87 30053
305.55 30057
321.14 30055
322.40 30059
301.61 30061
255.12 30063
354.97 30065
271.08 30067
260.36 30069
314.78 30071
271.89 30073
290.25 30075
304.45 30077
285.50 30079
267.83 30081
355.18 30083
424.20 30085
352.63 30087
323.81 30089
297.57 30091
373.95 30093
317.29 30095
281.85 30097
280.14 30099
296.92 30101
241.04 30103
299.43 30105
307.33 30107
376.35 30109
285.86 30111
310.70 31001
311.24 31003
315.09 31005
232.17 31007
284.96 31009
278.28 31011
340.81 31013
351.63 31015
268.40 31017
298.77 31019
364.26 31021
341.79 31023
323.82 31025
334.51 31027
304.70 31029
264.81 31031
292.96 31033
332.17 31035
285.49 31037
322.70 31039
364.18 31041
366.50 31043
312.98 31045
333.37 31047
296.37 31049
341.09 31051
307.09 31053
326.17 31055
316.48 31057
368.82 31059
320.98 31061
281.55 31063
348.63 31065
313.86 31067
360.72 31069
365.51 31071
313.72 31073
289.06 31075
340.03 31077
300.74 31079
292.98 31081
318.97 31083
182.40 31085
283.80 31087
314.39 31089
313.10 31091
330.83 31093
330.72 31095
329.87 31097
305.13 31099
343.75 31101
264.72 31103
318.85 31105
400.52 31107
278.99 31109
316.21 31111
315.55 31113
238.86 31115
361.14 31119
211.30 31117
310.17 31121
328.27 31123
354.95 31125
288.03 31127
309.14 31129
289.78 31131
304.73 31133
299.32 31135
339.70 31137
383.42 31139
301.49 31141
359.28 31143
275.04 31145
349.13 31147
313.73 31149
320.91 31151
309.38 31153
299.86 31155
343.58 31157
335.05 31159
320.56 31161
320.40 31163
211.06 31165
302.30 31167
333.29 31169
281.61 31171
420.97 31173
318.90 31175
299.03 31177
280.61 31179
347.66 31181
265.95 31183
319.82 31185
350.10 32510
375.42 32001
344.59 32003
270.05 32005
333.79 32007
428.22 32009
362.93 32011
382.50 32013
383.46 32015
391.53 32017
353.29 32019
418.41 32021
355.89 32023
328.28 32027
207.35 32029
368.95 32031
374.33 32033
338.64 33001
286.97 33003
309.37 33005
342.39 33007
289.79 33009
320.52 33011
327.50 33013
301.01 33015
309.34 33017
305.20 33019
403.89 34001
312.37 34003
355.71 34005
373.62 34007
378.18 34009
425.17 34011
369.62 34013
386.20 34015
367.22 34017
297.03 34019
352.59 34021
338.32 34023
360.70 34025
329.61 34027
355.77 34029
362.45 34031
396.11 34033
307.31 34035
357.00 34037
338.87 34039
361.21 34041
252.57 35001
230.66 35003
315.04 35005
283.19 35006
277.50 35007
374.63 35009
312.71 35011
279.19 35013
338.60 35015
288.72 35017
345.78 35019
230.72 35021
324.70 35023
369.91 35025
252.40 35027
191.02 35028
365.46 35029
264.56 35031
262.06 35033
339.88 35035
384.19 35037
274.56 35039
342.39 35041
258.13 35045
298.79 35047
240.73 35043
221.18 35049
342.66 35051
301.98 35053
217.30 35055
301.20 35057
329.68 35059
283.19 35061
369.66 36001
350.84 36003
426.50 36005
367.72 36007
436.00 36009
346.56 36011
386.71 36013
351.76 36015
419.91 36017
370.18 36019
381.85 36021
371.21 36023
389.51 36025
363.61 36027
367.93 36029
334.30 36031
406.79 36033
383.96 36035
368.68 36037
389.50 36039
377.59 36041
381.86 36043
383.82 36045
415.52 36047
337.36 36049
335.40 36051
339.54 36053
306.36 36055
414.66 36057
371.00 36059
330.15 36061
415.88 36063
359.72 36065
317.90 36067
313.83 36069
369.35 36071
403.84 36073
382.62 36075
337.41 36077
361.01 36079
394.80 36081
376.44 36083
456.42 36085
375.96 36087
393.54 36089
319.82 36091
330.45 36093
333.43 36095
353.06 36097
321.41 36099
350.45 36101
388.60 36103
422.57 36105
321.46 36107
302.98 36109
355.74 36111
328.96 36113
346.62 36115
338.09 36117
338.13 36119
377.44 36121
331.87 36123
352.81 37001
353.37 37003
338.86 37005
431.84 37007
323.79 37009
365.47 37011
420.31 37013
424.11 37015
469.05 37017
352.21 37019
330.84 37021
358.51 37023
340.11 37025
369.84 37027
368.10 37029
353.89 37031
368.57 37033
356.36 37035
293.70 37037
340.89 37039
389.88 37041
297.26 37043
424.22 37045
494.82 37047
358.83 37049
416.82 37051
374.98 37053
325.04 37055
383.47 37057
315.83 37059
409.22 37061
321.82 37063
458.35 37065
327.82 37067
374.54 37069
423.75 37071
406.02 37073
365.83 37075
365.67 37077
393.46 37079
339.41 37081
437.19 37083
395.59 37085
330.93 37087
288.93 37089
397.59 37091
392.87 37093
425.30 37095
384.96 37097
309.14 37099
418.04 37101
407.30 37103
377.73 37105
467.15 37107
401.12 37109
310.83 37113
348.90 37115
480.09 37117
346.51 37111
319.33 37119
365.82 37121
360.52 37123
289.55 37125
408.65 37127
342.70 37129
402.19 37131
365.65 37133
272.49 37135
329.26 37137
403.78 37139
349.38 37141
369.40 37143
401.40 37145
373.18 37147
288.17 37149
357.62 37151
466.10 37153
462.50 37155
388.94 37157
380.81 37159
423.65 37161
408.76 37163
467.25 37165
427.39 37167
383.05 37169
350.44 37171
437.56 37173
272.40 37175
389.15 37177
360.46 37179
447.77 37181
317.54 37183
362.16 37185
425.69 37187
297.51 37189
425.70 37191
352.00 37193
396.48 37195
357.48 37197
310.45 37199
302.08 38001
306.58 38003
363.49 38005
170.34 38007
307.03 38009
356.51 38011
280.64 38013
287.06 38015
282.28 38017
341.89 38019
316.14 38021
252.06 38023
333.89 38025
345.10 38027
312.48 38029
358.83 38031
247.34 38033
312.97 38035
318.64 38037
315.01 38039
298.08 38041
282.99 38043
277.55 38045
272.58 38047
308.90 38049
301.74 38051
321.62 38053
311.78 38055
309.61 38057
318.75 38059
395.22 38061
391.12 38063
206.31 38065
332.72 38067
295.42 38069
387.09 38071
374.18 38073
295.52 38075
307.65 38077
406.97 38079
311.01 38081
228.54 38083
538.91 38085
209.43 38087
296.80 38089
318.88 38091
311.71 38093
335.82 38095
333.38 38097
358.07 38099
311.47 38101
332.22 38103
294.01 38105
425.11 39001
382.36 39003
349.42 39005
385.21 39007
426.28 39009
359.84 39011
410.53 39013
376.11 39015
355.03 39017
348.77 39019
365.16 39021
389.35 39023
348.80 39025
373.61 39027
409.17 39029
390.16 39031
374.44 39033
389.51 39035
359.48 39037
337.52 39039
305.76 39041
331.69 39043
348.11 39045
477.67 39047
361.02 39049
362.88 39051
423.21 39053
298.45 39055
347.03 39057
407.93 39059
350.97 39061
340.71 39063
433.00 39065
437.93 39067
337.12 39069
398.07 39071
382.79 39073
344.10 39075
390.20 39077
459.59 39079
446.72 39081
396.91 39083
344.49 39085
448.14 39087
354.03 39089
375.32 39091
334.59 39093
427.08 39095
399.71 39097
383.27 39099
383.35 39101
326.57 39103
443.20 39105
375.90 39107
384.24 39109
394.88 39111
358.95 39113
361.89 39115
347.15 39117
375.89 39119
338.89 39121
374.61 39123
362.93 39125
402.80 39127
399.38 39129
402.57 39131
348.13 39133
395.74 39135
323.62 39137
377.15 39139
399.05 39141
345.14 39143
471.03 39145
404.09 39147
391.61 39149
356.58 39151
354.88 39153
379.68 39155
388.16 39157
336.30 39159
356.64 39161
429.43 39163
340.80 39165
364.47 39167
354.94 39169
321.43 39171
382.42 39173
385.64 39175
479.93 40001
385.15 40003
462.72 40005
348.20 40007
489.59 40009
465.76 40011
438.83 40013
445.09 40015
377.00 40017
471.47 40019
401.87 40021
496.39 40023
335.01 40025
372.67 40027
567.25 40029
399.91 40031
475.02 40033
496.28 40035
437.77 40037
415.90 40039
420.85 40041
473.25 40043
379.57 40045
401.65 40047
465.17 40049
444.74 40051
382.15 40053
430.64 40055
443.86 40057
445.98 40059
477.85 40061
504.54 40063
439.43 40065
512.13 40067
471.30 40069
411.78 40071
397.06 40073
491.70 40075
421.94 40077
469.39 40079
440.80 40081
404.95 40083
403.88 40085
403.18 40093
417.81 40095
428.57 40097
417.21 40087
491.70 40089
439.52 40091
459.34 40099
445.30 40101
392.98 40103
406.65 40105
503.85 40107
414.36 40109
466.92 40111
353.15 40113
459.05 40115
437.32 40117
370.27 40119
458.07 40121
467.24 40123
452.77 40125
501.75 40127
351.91 40129
389.02 40131
498.96 40133
472.87 40135
431.68 40137
365.05 40139
377.08 40141
403.09 40143
348.76 40145
341.11 40147
381.76 40149
419.58 40151
412.66 40153
316.01 41001
260.61 41003
303.89 41005
341.50 41007
324.99 41009
331.95 41011
345.93 41013
320.85 41015
289.20 41017
308.07 41019
257.84 41021
299.33 41023
323.20 41025
302.07 41027
291.99 41029
333.73 41031
325.01 41033
314.80 41035
322.61 41037
276.49 41039
313.58 41041
306.74 41043
323.75 41045
318.66 41047
296.27 41049
312.22 41051
281.10 41053
259.32 41055
299.68 41057
311.76 41059
283.81 41061
295.14 41063
309.68 41065
266.24 41067
302.77 41069
290.28 41071
360.69 42001
357.15 42003
380.42 42005
357.08 42007
386.35 42009
345.82 42011
415.28 42013
339.73 42015
334.85 42017
351.95 42019
378.52 42021
349.80 42023
397.56 42025
332.82 42027
328.86 42029
403.95 42031
367.85 42033
376.34 42035
388.35 42037
364.80 42039
338.67 42041
373.11 42043
365.36 42045
342.95 42047
352.30 42049
399.09 42051
391.55 42053
310.57 42055
390.38 42057
404.16 42059
381.72 42061
355.89 42063
405.01 42065
361.89 42067
400.18 42069
316.94 42071
375.42 42073
349.14 42075
327.95 42077
427.58 42079
356.36 42081
436.58 42083
374.21 42085
361.28 42087
336.26 42089
322.61 42091
362.41 42093
313.48 42095
393.20 42097
387.98 42099
423.89 42101
344.56 42103
341.51 42105
424.16 42107
347.20 42109
380.48 42111
374.39 42113
394.55 42115
352.85 42117
342.47 42119
371.22 42121
383.25 42123
361.73 42125
412.10 42127
363.17 42129
384.35 42131
320.78 42133
300.10 44001
341.06 44003
315.51 44005
331.56 44007
302.37 44009
339.45 45001
365.79 45003
466.86 45005
355.48 45007
438.77 45009
428.44 45011
248.84 45013
364.06 45015
363.58 45017
347.91 45019
399.28 45021
438.42 45023
437.46 45025
410.62 45027
430.25 45029
457.59 45031
453.29 45033
408.31 45035
372.22 45037
475.17 45039
478.84 45041
349.06 45043
334.04 45045
364.45 45047
414.80 45049
366.07 45051
397.77 45053
360.47 45055
405.72 45057
411.75 45059
412.11 45061
348.09 45063
496.92 45067
457.52 45069
332.43 45065
357.79 45071
352.71 45073
433.77 45075
368.59 45077
368.45 45079
421.82 45081
394.68 45083
424.74 45085
463.47 45087
434.96 45089
357.13 45091
317.11 46003
316.16 46005
344.04 46007
305.00 46009
307.61 46011
339.40 46013
292.26 46015
623.41 46017
381.08 46019
235.48 46021
330.11 46023
319.16 46025
370.95 46027
308.47 46029
422.61 46031
324.62 46033
308.40 46035
394.43 46037
306.18 46039
414.25 46041
266.95 46043
368.92 46045
403.31 46047
301.69 46049
343.40 46051
365.74 46053
304.53 46055
319.92 46057
309.92 46059
245.59 46061
272.09 46063
296.01 46065
307.10 46067
363.16 46069
359.82 46071
263.21 46073
260.77 46075
371.80 46077
271.14 46079
289.53 46081
275.82 46083
327.42 46085
321.53 46091
356.94 46087
344.97 46089
323.71 46093
380.11 46095
322.24 46097
299.75 46099
361.92 46101
513.35 46102
283.49 46103
303.91 46105
307.40 46107
378.29 46109
272.94 46111
345.19 46115
278.12 46117
222.63 46119
468.70 46121
325.93 46123
339.16 46125
320.85 46127
366.27 46129
328.11 46135
312.59 46137
337.99 47001
424.85 47003
486.40 47005
441.65 47007
344.00 47009
406.69 47011
408.67 47013
425.41 47015
521.62 47017
374.37 47019
437.00 47021
407.44 47023
482.59 47025
445.38 47027
502.87 47029
391.23 47031
491.32 47033
358.02 47035
384.87 47037
448.37 47041
436.98 47039
437.67 47043
463.60 47045
408.60 47047
491.67 47049
390.06 47051
462.37 47053
437.81 47055
413.70 47057
436.73 47059
431.66 47061
437.54 47063
395.37 47065
495.95 47067
440.93 47069
492.38 47071
419.80 47073
450.86 47075
528.76 47077
478.56 47079
396.68 47081
429.03 47083
429.91 47085
486.50 47087
376.97 47089
358.55 47091
356.13 47093
496.75 47095
487.82 47097
402.33 47099
438.08 47101
464.33 47103
362.01 47105
423.06 47111
394.66 47113
441.22 47115
426.40 47117
388.44 47119
387.69 47107
489.47 47109
418.59 47121
368.68 47123
393.39 47125
318.52 47127
386.94 47129
459.43 47131
458.91 47133
446.29 47135
414.83 47137
448.77 47139
406.36 47141
409.92 47143
373.00 47145
459.11 47147
382.52 47149
434.68 47151
386.65 47153
385.63 47155
456.77 47157
469.81 47159
450.31 47161
373.14 47163
378.80 47165
453.48 47167
443.04 47169
396.36 47171
396.61 47173
394.98 47175
413.66 47177
394.90 47179
427.79 47181
409.16 47183
445.34 47185
302.73 47187
379.24 47189
416.36 48001
405.46 48003
440.55 48005
320.71 48007
322.39 48009
336.44 48011
386.78 48013
404.27 48015
334.13 48017
276.51 48019
335.11 48021
395.58 48023
354.66 48025
367.89 48027
349.28 48029
323.19 48031
265.86 48033
389.60 48035
427.24 48037
345.00 48039
334.86 48041
286.52 48043
363.70 48045
445.14 48047
421.55 48049
345.67 48051
295.86 48053
310.35 48055
326.82 48057
399.52 48059
284.72 48061
422.16 48063
339.80 48065
428.37 48067
345.73 48069
369.88 48071
415.31 48073
456.27 48075
413.56 48077
381.32 48079
323.09 48081
400.74 48083
307.63 48085
386.83 48087
379.26 48089
290.13 48091
404.37 48093
367.35 48095
391.46 48097
389.20 48099
386.17 48101
415.87 48103
368.67 48105
405.55 48107
314.28 48109
487.30 48111
368.55 48113
334.29 48115
408.38 48123
327.74 48117
408.93 48119
324.71 48121
379.85 48125
337.41 48127
372.67 48129
398.98 48131
427.27 48133
391.44 48135
277.87 48137
291.80 48141
372.36 48139
364.41 48143
438.37 48145
460.02 48147
365.74 48149
396.37 48151
380.92 48153
426.78 48155
307.55 48157
372.96 48159
392.66 48161
390.01 48163
381.85 48165
369.93 48167
404.40 48169
277.88 48171
300.90 48173
317.20 48175
361.98 48177
378.79 48179
404.34 48181
406.90 48183
422.86 48185
303.42 48187
356.63 48189
439.46 48191
399.56 48193
366.02 48195
357.47 48197
409.96 48199
367.58 48201
402.48 48203
281.54 48205
416.33 48207
287.93 48209
349.00 48211
403.49 48213
273.74 48215
384.55 48217
365.70 48219
320.70 48221
402.03 48223
406.20 48225
419.93 48227
285.83 48229
399.44 48231
379.95 48233
265.24 48235
401.75 48237
371.60 48239
430.30 48241
243.99 48243
405.87 48245
406.76 48247
415.11 48249
417.75 48251
413.14 48253
419.49 48255
415.80 48257
327.71 48259
440.02 48261
429.82 48263
282.45 48265
368.50 48267
365.52 48269
281.44 48271
399.89 48273
381.98 48275
456.04 48283
410.71 48277
378.29 48279
368.37 48281
354.80 48285
352.14 48287
365.55 48289
450.27 48291
427.30 48293
355.78 48295
302.42 48297
270.93 48299
396.84 48301
363.22 48303
382.81 48305
406.26 48313
397.58 48315
427.61 48317
307.08 48319
386.29 48321
304.03 48323
408.13 48307
369.11 48309
374.65 48311
343.39 48325
390.64 48327
323.84 48329
348.78 48331
341.52 48333
420.62 48335
457.46 48337
361.70 48339
325.06 48341
436.77 48343
386.08 48345
403.39 48347
374.25 48349
430.88 48351
418.53 48353
332.37 48355
406.28 48357
346.27 48359
433.33 48361
437.75 48363
373.30 48365
380.38 48367
351.73 48369
312.23 48371
404.75 48373
399.20 48375
232.68 48377
380.22 48379
290.15 48381
423.79 48383
396.23 48385
470.48 48387
350.62 48389
388.60 48391
415.65 48393
406.02 48395
362.74 48397
363.15 48399
392.83 48401
431.15 48403
393.52 48405
340.73 48407
356.27 48409
351.93 48411
345.22 48413
319.53 48415
409.55 48417
453.94 48419
367.40 48421
364.81 48423
318.48 48425
323.47 48427
419.06 48429
322.49 48431
399.79 48433
373.53 48435
361.49 48437
376.61 48439
378.35 48441
348.76 48443
400.17 48445
359.81 48447
393.26 48449
357.17 48451
299.47 48453
378.46 48455
404.63 48457
414.13 48459
422.89 48461
322.95 48463
337.86 48465
425.48 48467
351.47 48469
350.23 48471
361.41 48473
387.78 48475
338.16 48477
319.96 48479
360.92 48481
382.22 48483
403.77 48485
456.19 48487
310.41 48489
287.13 48491
345.56 48493
425.29 48495
408.62 48497
384.23 48499
333.81 48501
389.95 48503
306.25 48505
359.45 48507
357.68 49001
323.03 49003
258.12 49005
358.11 49007
244.72 49009
290.78 49011
343.53 49013
332.10 49015
316.49 49017
288.73 49019
303.86 49021
334.76 49023
297.72 49025
303.49 49027
298.91 49029
364.18 49031
262.70 49033
280.29 49035
245.23 49037
333.19 49039
341.17 49041
272.61 49043
310.44 49045
298.03 49047
295.60 49049
323.83 49051
228.34 49053
315.47 49055
307.33 49057
290.95 50001
296.62 50003
306.86 50005
295.24 50007
286.37 50009
351.80 50011
340.54 50013
301.32 50015
310.91 50017
310.87 50019
361.21 50021
308.13 50023
295.89 50025
279.58 50027
358.96 51001
298.31 51003
289.87 51510
441.84 51005
393.96 51007
362.18 51009
406.85 51011
258.16 51013
344.53 51015
460.01 51017
330.09 51019
411.93 51021
374.20 51023
406.94 51520
492.70 51025
466.24 51027
377.15 51029
347.92 51530
336.17 51031
361.88 51033
354.76 51035
387.88 51036
411.00 51037
298.31 51540
374.25 51550
309.03 51041
330.21 51043
355.96 51570
430.74 51580
396.52 51045
360.77 51047
345.43 51049
405.63 51590
408.36 51051
354.12 51053
496.57 51595
362.07 51057
233.19 51600
233.19 51059
256.56 51610
323.51 51061
323.00 51063
309.98 51065
436.22 51620
345.05 51067
305.61 51069
325.55 51630
422.20 51640
398.81 51071
350.67 51073
340.99 51075
376.49 51077
319.64 51079
496.57 51081
383.20 51083
381.89 51650
336.91 51085
311.44 51660
323.99 51087
376.04 51089
316.62 51091
446.24 51670
359.49 51093
263.60 51095
337.20 51099
389.69 51101
380.21 51097
343.51 51103
447.09 51105
339.46 51678
277.78 51107
350.80 51109
423.93 51111
380.15 51680
321.02 51113
323.94 51683
323.94 51685
471.87 51690
352.18 51115
435.68 51117
331.73 51119
356.58 51121
375.94 51125
352.14 51127
366.80 51700
414.35 51710
381.78 51131
326.47 51133
403.89 51720
422.98 51135
325.84 51137
398.43 51139
353.32 51141
491.41 51730
405.63 51143
343.14 51735
412.77 51740
325.63 51145
382.23 51147
314.53 51149
323.94 51153
383.82 51155
407.37 51750
356.20 51157
435.13 51760
386.34 51159
398.79 51770
331.86 51161
347.92 51163
311.44 51165
422.93 51167
398.78 51775
407.79 51169
339.45 51171
428.80 51173
436.22 51175
325.55 51177
306.08 51179
344.53 51790
401.70 51800
355.27 51181
454.62 51183
438.02 51185
314.90 51810
363.30 51187
358.87 51191
344.53 51820
372.29 51193
263.60 51830
374.09 51840
433.16 51195
400.66 51197
366.80 51199
338.09 53001
294.05 53003
304.16 53005
291.25 53007
286.94 53009
299.50 53011
330.55 53013
336.15 53015
276.37 53017
331.24 53019
316.42 53021
268.19 53023
309.31 53025
373.22 53027
261.43 53029
258.11 53031
274.07 53033
285.69 53035
297.49 53037
293.89 53039
347.52 53041
336.22 53043
306.61 53045
309.22 53047
361.08 53049
312.89 53051
343.11 53053
194.36 53055
280.41 53057
280.28 53059
300.36 53061
317.95 53063
331.98 53065
277.58 53067
304.99 53069
295.92 53071
285.35 53073
298.85 53075
333.02 53077
397.23 54001
387.73 54003
429.74 54005
388.39 54007
394.74 54009
397.21 54011
403.45 54013
409.18 54015
411.65 54017
433.10 54019
369.31 54021
413.71 54023
381.05 54025
378.59 54027
413.62 54029
409.86 54031
417.80 54033
398.36 54035
391.19 54037
374.05 54039
458.63 54041
451.89 54043
469.31 54045
375.84 54049
394.50 54051
446.38 54053
500.22 54047
397.43 54055
440.05 54057
521.53 54059
357.96 54061
344.98 54063
346.52 54065
400.63 54067
390.12 54069
370.29 54071
399.34 54073
395.57 54075
409.80 54077
370.56 54079
414.26 54081
396.04 54083
446.91 54085
417.28 54087
381.27 54089
418.55 54091
395.04 54093
457.14 54095
396.25 54097
382.71 54099
420.11 54101
459.55 54103
420.93 54105
451.43 54107
450.77 54109
337.76 55001
376.01 55003
312.89 55005
321.69 55007
322.04 55009
316.40 55011
302.91 55013
278.59 55015
323.53 55017
296.25 55019
327.51 55021
335.20 55023
268.01 55025
367.96 55027
309.11 55029
333.84 55031
293.56 55033
283.09 55035
396.72 55037
323.12 55039
356.49 55041
347.04 55043
292.30 55045
350.80 55047
354.79 55049
340.62 55051
375.90 55053
314.83 55055
328.27 55057
363.76 55059
301.92 55061
290.01 55063
324.47 55065
333.82 55067
325.75 55069
317.21 55071
269.00 55073
360.56 55075
313.25 55077
483.89 55078
371.09 55079
357.63 55081
346.86 55083
330.42 55085
300.53 55087
300.90 55089
346.99 55091
310.54 55093
316.68 55095
298.13 55097
340.89 55099
317.98 55101
303.01 55103
334.31 55105
315.31 55107
311.19 55109
316.17 55111
340.46 55113
352.46 55115
327.41 55117
287.97 55119
335.04 55121
351.12 55123
323.13 55125
326.99 55127
349.48 55129
305.82 55131
312.98 55133
383.61 55135
343.44 55137
288.96 55139
292.81 55141
272.65 56001
329.03 56003
334.22 56005
374.89 56007
318.13 56009
283.39 56011
332.33 56013
299.74 56015
309.70 56017
319.94 56019
310.95 56021
294.63 56023
290.31 56025
340.23 56027
266.76 56029
322.32 56031
324.64 56033
304.27 56035
326.18 56037
228.75 56039
311.99 56041
298.75 56043
287.05 56045
