255 141 100 1001
255 142 4 1003
255 139 192 1005
255 140 246 1007
255 140 116 1009
255 141 150 1011
255 141 180 1013
255 140 96 1015
255 139 222 1017
255 139 252 1019
255 141 50 1021
255 141 220 1023
255 141 210 1025
255 141 20 1027
255 139 242 1029
255 142 34 1031
255 140 46 1033
255 141 240 1035
255 141 40 1037
255 142 24 1039
255 141 170 1041
255 140 126 1043
255 142 44 1045
255 141 90 1047
255 140 6 1049
255 141 110 1051
255 141 250 1053
255 140 86 1055
255 140 166 1057
255 140 156 1059
255 142 54 1061
255 140 226 1063
255 140 236 1065
255 142 64 1067
255 142 74 1069
255 140 16 1071
255 140 196 1073
255 140 176 1075
255 139 182 1077
255 140 56 1079
255 139 212 1081
255 140 36 1083
255 141 130 1085
255 141 140 1087
255 140 26 1089
255 141 80 1091
255 140 146 1093
255 140 76 1095
255 142 14 1097
255 141 200 1099
255 141 120 1101
255 140 66 1103
255 141 60 1105
255 140 216 1107
255 141 160 1109
255 139 232 1111
255 139 202 1113
255 140 106 1115
255 141 0 1117
255 141 70 1119
255 141 10 1121
255 141 30 1123
255 140 206 1125
255 140 186 1127
255 141 230 1129
255 141 190 1131
255 140 136 1133
255 252 134 2013
255 252 144 2016
255 252 74 2020
255 252 14 2050
255 252 114 2060
255 252 24 2068
255 252 104 2070
255 252 34 2090
255 252 194 2100
255 252 164 2105
255 252 184 2110
255 252 84 2122
255 252 234 2130
255 252 124 2150
255 252 4 2158
255 252 94 2164
255 252 54 2170
255 251 250 2180
255 253 8 2185
255 252 254 2188
255 252 214 2195
255 252 244 2198
255 252 204 2220
255 252 174 2230
255 252 44 2240
255 252 64 2261
255 252 224 2275
255 252 154 2282
255 251 240 2290
255 251 160 4001
255 251 210 4003
255 251 100 4005
255 251 140 4007
255 251 170 4009
255 251 180 4011
255 251 220 4012
255 251 110 4013
255 251 230 4015
255 251 150 4017
255 251 190 4019
255 251 130 4021
255 251 200 4023
255 251 90 4025
255 251 120 4027
255 253 188 5001
255 255 236 5003
255 254 172 5005
255 254 132 5007
255 254 152 5009
255 253 158 5011
255 253 148 5013
255 254 142 5015
255 255 246 5017
255 253 108 5019
255 254 202 5021
255 255 96 5023
255 253 208 5025
255 253 28 5027
255 255 146 5029
255 254 252 5031
255 254 112 5033
255 255 36 5035
255 255 26 5037
255 253 218 5039
255 253 178 5041
255 253 168 5043
255 255 136 5045
255 255 196 5047
255 254 182 5049
255 254 72 5051
255 253 238 5053
255 254 212 5055
255 253 118 5057
255 253 228 5059
255 253 88 5061
255 255 76 5063
255 254 242 5065
255 255 66 5067
255 253 248 5069
255 255 186 5071
255 253 38 5073
255 254 232 5075
255 254 12 5077
255 253 198 5079
255 253 58 5081
255 255 176 5083
255 254 42 5085
255 255 206 5087
255 254 162 5089
255 253 48 5091
255 255 6 5093
255 254 22 5095
255 254 82 5097
255 253 128 5099
255 255 216 5101
255 253 138 5103
255 255 156 5105
255 254 2 5107
255 253 98 5109
255 255 16 5111
255 253 78 5113
255 255 226 5115
255 254 32 5117
255 254 52 5119
255 254 192 5121
255 255 46 5123
255 254 62 5125
255 254 92 5127
255 255 116 5129
255 254 102 5131
255 253 68 5133
255 254 222 5135
255 255 106 5137
255 253 18 5139
255 255 126 5141
255 254 122 5143
255 255 86 5145
255 255 56 5147
255 255 166 5149
255 250 116 6001
255 250 56 6003
255 250 36 6005
255 249 112 6007
255 250 46 6009
255 249 132 6011
255 250 16 6013
255 251 80 6015
255 250 6 6017
255 250 176 6019
255 249 102 6021
255 249 62 6023
255 251 60 6025
255 250 216 6027
255 250 236 6029
255 250 196 6031
255 249 122 6033
255 249 32 6035
255 251 20 6037
255 250 186 6039
255 249 222 6041
255 250 86 6043
255 249 72 6045
255 250 146 6047
255 249 22 6049
255 250 66 6051
255 250 166 6053
255 249 212 6055
255 249 172 6057
255 251 30 6059
255 249 182 6061
255 249 92 6063
255 251 50 6065
255 249 252 6067
255 250 156 6069
255 250 226 6071
255 251 40 6073
255 249 232 6075
255 250 26 6077
255 250 246 6079
255 250 126 6081
255 251 0 6083
255 250 106 6085
255 250 136 6087
255 249 42 6089
255 249 162 6091
255 251 70 6093
255 249 242 6095
255 249 202 6097
255 250 96 6099
255 249 142 6101
255 249 82 6103
255 249 52 6105
255 250 206 6107
255 250 76 6109
255 251 10 6111
255 249 192 6113
255 249 152 6115
255 248 68 8001
255 247 224 8003
255 248 88 8005
255 246 160 8007
255 248 138 8009
255 248 238 8011
255 247 74 8013
255 246 150 8014
255 247 174 8015
255 248 218 8017
255 247 104 8019
255 247 234 8021
255 247 244 8023
255 248 118 8025
255 247 204 8027
255 246 250 8029
255 248 58 8031
255 246 210 8033
255 248 48 8035
255 247 84 8037
255 248 38 8041
255 248 98 8039
255 247 194 8043
255 247 4 8045
255 247 114 8047
255 247 64 8049
255 247 164 8051
255 246 180 8053
255 247 254 8055
255 247 44 8057
255 247 124 8059
255 248 228 8061
255 248 208 8063
255 249 2 8067
255 247 144 8065
255 247 54 8069
255 248 8 8071
255 248 108 8073
255 248 158 8075
255 246 240 8077
255 246 170 8079
255 247 24 8081
255 249 12 8083
255 246 230 8085
255 248 148 8087
255 248 128 8089
255 246 190 8091
255 247 134 8093
255 248 178 8095
255 247 154 8097
255 248 248 8099
255 248 18 8101
255 247 14 8103
255 247 214 8105
255 247 34 8107
255 247 184 8109
255 246 220 8111
255 246 200 8113
255 248 168 8115
255 247 94 8117
255 248 28 8119
255 248 188 8121
255 248 78 8123
255 248 198 8125
255 246 120 9001
255 246 140 9003
255 246 130 9005
255 246 100 9007
255 246 110 9009
255 246 90 9011
255 246 80 9013
255 246 70 9015
255 246 40 10001
255 246 60 10003
255 246 50 10005
255 142 84 11001
255 244 82 12001
255 243 158 12003
255 246 30 12005
255 244 32 12007
255 244 202 12009
255 245 206 12011
255 244 132 12013
255 246 10 12015
255 244 242 12017
255 244 42 12019
255 245 236 12021
255 243 168 12023
255 245 176 12027
255 244 102 12029
255 243 148 12031
255 244 142 12033
255 244 62 12035
255 244 112 12037
255 243 218 12039
255 244 92 12041
255 245 166 12043
255 244 122 12045
255 243 178 12047
255 245 106 12049
255 245 246 12051
255 245 66 12053
255 245 116 12055
255 245 76 12057
255 244 182 12059
255 245 136 12061
255 246 20 12063
255 243 198 12065
255 244 2 12067
255 245 6 12069
255 246 0 12071
255 243 208 12073
255 244 232 12075
255 243 228 12077
255 243 188 12079
255 245 96 12081
255 244 222 12083
255 245 156 12085
255 245 216 12086
255 245 226 12087
255 243 138 12089
255 244 162 12091
255 245 126 12093
255 245 26 12095
255 245 46 12097
255 245 196 12099
255 245 56 12101
255 245 86 12103
255 245 36 12105
255 244 72 12107
255 244 52 12109
255 245 146 12111
255 244 152 12113
255 245 186 12115
255 245 16 12117
255 244 252 12119
255 244 12 12121
255 243 248 12123
255 244 22 12125
255 244 212 12127
255 243 238 12129
255 244 172 12131
255 244 192 12133
255 241 120 13001
255 242 214 13003
255 242 54 13005
255 243 98 13007
255 239 242 13009
255 237 184 13011
255 239 42 13013
255 240 136 13015
255 242 74 13017
255 242 204 13019
255 239 252 13021
255 240 36 13023
255 242 24 13025
255 243 28 13027
255 238 38 13029
255 238 28 13031
255 237 244 13033
255 239 172 13035
255 242 154 13037
255 241 250 13039
255 238 68 13043
255 240 176 13045
255 241 160 13047
255 242 4 13049
255 238 48 13051
255 240 236 13053
255 241 180 13055
255 239 132 13057
255 239 22 13059
255 242 144 13061
255 239 182 13063
255 242 224 13065
255 240 126 13067
255 242 64 13069
255 243 18 13071
255 237 224 13073
255 243 8 13075
255 240 106 13077
255 240 66 13079
255 242 94 13081
255 241 140 13083
255 239 112 13085
255 239 152 13089
255 243 58 13087
255 241 40 13091
255 241 20 13093
255 242 164 13095
255 240 116 13097
255 243 78 13099
255 242 234 13101
255 238 8 13103
255 237 204 13105
255 238 58 13107
255 238 88 13109
255 237 144 13111
255 239 192 13113
255 241 190 13115
255 239 102 13117
255 237 94 13119
255 239 142 13121
255 237 154 13123
255 238 168 13125
255 241 240 13127
255 240 146 13129
255 243 48 13131
255 238 218 13133
255 239 92 13135
255 237 114 13137
255 237 174 13139
255 238 238 13141
255 241 210 13143
255 240 196 13145
255 237 104 13147
255 241 220 13149
255 239 162 13151
255 240 46 13153
255 242 194 13155
255 239 32 13157
255 239 72 13159
255 241 110 13161
255 238 158 13163
255 238 18 13165
255 238 138 13167
255 239 232 13169
255 239 212 13171
255 242 254 13173
255 240 26 13175
255 242 104 13177
255 238 98 13179
255 237 214 13181
255 241 130 13183
255 242 244 13185
255 237 164 13187
255 241 10 13193
255 237 194 13195
255 240 246 13197
255 238 178 13189
255 241 230 13191
255 240 96 13199
255 243 88 13201
255 243 108 13205
255 239 222 13207
255 238 118 13209
255 239 2 13211
255 240 156 13213
255 240 226 13215
255 239 62 13217
255 239 12 13219
255 238 208 13221
255 240 166 13223
255 240 56 13225
255 239 122 13227
255 242 34 13229
255 240 86 13231
255 241 200 13233
255 241 30 13235
255 238 248 13237
255 242 134 13239
255 243 128 13241
255 242 124 13243
255 237 234 13245
255 239 82 13247
255 241 0 13249
255 237 254 13251
255 243 68 13253
255 239 202 13255
255 237 84 13257
255 241 100 13259
255 241 80 13261
255 240 206 13263
255 238 228 13265
255 238 78 13267
255 240 216 13269
255 241 60 13271
255 242 114 13273
255 243 38 13275
255 242 184 13277
255 238 108 13279
255 243 118 13281
255 238 128 13283
255 240 186 13285
255 242 84 13287
255 240 6 13289
255 237 134 13291
255 240 76 13293
255 241 150 13295
255 239 52 13297
255 242 14 13299
255 238 188 13301
255 238 148 13303
255 242 44 13305
255 241 90 13307
255 241 50 13309
255 237 124 13311
255 241 170 13313
255 241 70 13315
255 238 198 13317
255 240 16 13319
255 242 174 13321
255 237 44 15001
255 237 64 15003
255 237 34 15005
255 237 74 15007
255 237 54 15009
255 232 164 16001
255 232 224 16003
255 232 64 16005
255 232 44 16007
255 233 38 16009
255 231 250 16011
255 231 240 16013
255 232 194 16015
255 233 18 16017
255 232 4 16019
255 233 8 16021
255 231 170 16023
255 232 134 16025
255 232 174 16027
255 232 34 16029
255 232 94 16031
255 233 48 16033
255 231 210 16035
255 231 190 16037
255 232 154 16039
255 232 54 16041
255 233 58 16043
255 232 184 16045
255 232 124 16047
255 231 200 16049
255 231 160 16051
255 232 114 16053
255 233 28 16055
255 232 254 16057
255 231 180 16059
255 232 234 16061
255 232 14 16063
255 231 150 16065
255 232 24 16067
255 232 244 16069
255 232 84 16071
255 232 144 16073
255 232 204 16075
255 232 74 16077
255 231 220 16079
255 231 140 16081
255 232 104 16083
255 231 230 16085
255 232 214 16087
255 229 92 17001
255 231 110 17003
255 230 146 17005
255 227 174 17007
255 229 102 17009
255 228 48 17011
255 229 222 17013
255 227 254 17015
255 229 52 17017
255 228 248 17019
255 229 202 17021
255 230 46 17023
255 230 76 17025
255 230 176 17027
255 229 192 17029
255 227 204 17031
255 230 56 17033
255 230 36 17035
255 229 12 17039
255 227 234 17037
255 229 172 17041
255 227 214 17043
255 229 182 17045
255 230 106 17047
255 230 26 17049
255 230 16 17051
255 228 238 17053
255 230 226 17055
255 228 188 17057
255 231 40 17059
255 229 212 17061
255 228 88 17063
255 230 216 17065
255 229 82 17067
255 231 80 17069
255 228 168 17071
255 228 38 17073
255 231 120 17075
255 231 10 17077
255 230 66 17079
255 230 196 17081
255 229 242 17083
255 227 144 17085
255 231 60 17087
255 227 224 17089
255 228 98 17091
255 228 68 17093
255 228 148 17095
255 228 58 17099
255 227 194 17097
255 230 96 17101
255 228 18 17103
255 228 108 17105
255 229 22 17107
255 229 152 17115
255 229 232 17117
255 230 156 17119
255 230 136 17121
255 228 128 17123
255 229 32 17125
255 231 90 17127
255 229 72 17109
255 227 184 17111
255 228 228 17113
255 229 42 17129
255 228 158 17131
255 231 0 17133
255 229 252 17135
255 229 132 17137
255 229 162 17139
255 227 244 17141
255 228 198 17143
255 230 236 17145
255 229 2 17147
255 229 112 17149
255 231 70 17151
255 231 100 17153
255 228 118 17155
255 230 246 17157
255 230 86 17159
255 228 28 17161
255 230 166 17163
255 231 30 17165
255 229 142 17167
255 229 62 17169
255 229 122 17171
255 230 6 17173
255 228 138 17175
255 227 154 17177
255 228 218 17179
255 231 50 17181
255 231 130 17183
255 230 116 17185
255 228 178 17187
255 230 186 17189
255 230 126 17191
255 230 206 17193
255 228 8 17195
255 231 20 17197
255 228 78 17199
255 227 164 17201
255 228 208 17203
255 224 212 18001
255 224 142 18003
255 226 70 18005
255 224 222 18007
255 225 26 18009
255 225 126 18011
255 226 60 18013
255 224 252 18015
255 224 162 18017
255 227 4 18019
255 226 30 18021
255 225 66 18023
255 227 34 18025
255 226 180 18027
255 224 102 18033
255 226 100 18029
255 226 80 18031
255 225 96 18035
255 227 44 18037
255 224 12 18039
255 225 196 18041
255 227 14 18043
255 225 46 18045
255 226 90 18047
255 224 122 18049
255 227 64 18051
255 225 16 18053
255 226 150 18055
255 225 116 18057
255 225 156 18059
255 227 24 18061
255 225 136 18063
255 225 166 18065
255 225 6 18067
255 224 192 18069
255 226 130 18071
255 224 52 18073
255 225 36 18075
255 226 230 18077
255 226 120 18079
255 225 226 18081
255 226 170 18083
255 224 82 18085
255 224 22 18087
255 223 248 18091
255 227 124 18089
255 226 140 18093
255 225 86 18095
255 225 146 18097
255 224 72 18099
255 226 190 18101
255 224 172 18103
255 226 50 18105
255 225 56 18107
255 225 236 18109
255 224 42 18111
255 224 92 18113
255 226 250 18115
255 226 200 18117
255 226 40 18119
255 226 0 18121
255 227 114 18123
255 227 54 18125
255 227 134 18127
255 227 74 18129
255 224 112 18131
255 225 246 18133
255 225 106 18135
255 226 110 18137
255 225 206 18139
255 224 2 18141
255 226 220 18143
255 225 216 18145
255 227 104 18147
255 224 62 18149
255 224 32 18151
255 226 160 18153
255 226 240 18155
255 224 242 18157
255 225 76 18159
255 225 186 18161
255 227 84 18163
255 226 10 18165
255 226 20 18167
255 224 182 18169
255 224 232 18171
255 227 94 18173
255 226 210 18175
255 225 176 18177
255 224 202 18179
255 224 152 18181
255 224 132 18183
255 235 246 19001
255 235 166 19003
255 233 108 19005
255 234 212 19007
255 236 10 19009
255 234 12 19011
255 234 92 19013
255 235 96 19015
255 234 102 19017
255 233 138 19019
255 236 180 19021
255 234 152 19023
255 236 90 19025
255 236 60 19027
255 235 236 19029
255 233 158 19031
255 235 36 19033
255 236 230 19035
255 234 112 19037
255 235 126 19039
255 236 190 19041
255 233 98 19043
255 237 14 19045
255 236 50 19047
255 235 106 19049
255 234 42 19051
255 235 136 19053
255 233 88 19055
255 233 208 19057
255 236 200 19059
255 233 78 19061
255 236 150 19063
255 233 128 19065
255 234 142 19067
255 235 26 19069
255 235 216 19071
255 236 70 19073
255 234 162 19075
255 236 0 19077
255 235 86 19079
255 235 66 19081
255 235 16 19083
255 236 30 19085
255 233 228 19087
255 234 122 19089
255 236 130 19091
255 236 110 19093
255 234 2 19095
255 233 68 19097
255 234 182 19099
255 234 22 19101
255 233 178 19103
255 233 148 19105
255 233 248 19107
255 236 140 19109
255 233 218 19111
255 233 168 19113
255 233 198 19115
255 234 232 19117
255 237 4 19119
255 235 116 19121
255 234 62 19123
255 234 192 19125
255 234 172 19127
255 235 206 19129
255 234 132 19131
255 236 40 19133
255 234 202 19135
255 235 196 19137
255 233 188 19139
255 236 220 19141
255 236 210 19143
255 235 186 19145
255 236 160 19147
255 236 240 19149
255 236 170 19151
255 234 252 19153
255 235 226 19155
255 234 72 19157
255 235 146 19159
255 236 100 19161
255 237 24 19163
255 236 20 19165
255 236 250 19167
255 235 6 19169
255 234 82 19171
255 235 176 19173
255 235 156 19175
255 234 32 19177
255 234 52 19179
255 234 242 19181
255 233 238 19183
255 234 222 19185
255 236 80 19187
255 235 56 19189
255 233 118 19191
255 236 120 19193
255 235 46 19195
255 235 76 19197
255 222 164 20001
255 222 14 20003
255 220 176 20005
255 223 78 20007
255 221 140 20009
255 222 134 20011
255 223 228 20013
255 222 254 20015
255 221 210 20017
255 222 244 20019
255 222 154 20021
255 222 84 20023
255 223 128 20025
255 220 136 20027
255 220 126 20029
255 222 24 20031
255 223 118 20033
255 223 8 20035
255 222 144 20037
255 220 46 20039
255 221 10 20041
255 223 238 20043
255 220 226 20045
255 223 98 20047
255 222 234 20049
255 221 50 20051
255 221 150 20053
255 222 54 20055
255 223 138 20057
255 221 240 20059
255 221 0 20061
255 221 70 20063
255 220 86 20065
255 223 188 20067
255 223 148 20069
255 222 114 20071
255 222 224 20073
255 222 124 20075
255 223 68 20077
255 223 38 20079
255 223 178 20081
255 222 44 20083
255 220 166 20085
255 220 186 20087
255 220 6 20089
255 220 216 20091
255 222 64 20093
255 223 58 20095
255 223 108 20097
255 222 184 20099
255 221 110 20101
255 220 196 20103
255 221 30 20105
255 222 4 20107
255 221 80 20109
255 221 220 20111
255 221 190 20115
255 219 232 20117
255 221 180 20113
255 223 158 20119
255 221 250 20121
255 220 116 20123
255 222 214 20125
255 221 200 20127
255 223 208 20129
255 219 222 20131
255 222 174 20133
255 221 120 20135
255 220 26 20137
255 221 230 20139
255 220 106 20141
255 221 20 20143
255 222 34 20145
255 220 36 20147
255 220 156 20149
255 223 88 20151
255 220 56 20153
255 223 48 20155
255 219 252 20157
255 221 170 20159
255 220 146 20161
255 220 96 20163
255 221 130 20165
255 221 40 20167
255 221 160 20169
255 221 100 20171
255 223 28 20173
255 223 168 20175
255 220 236 20177
255 220 76 20179
255 222 94 20181
255 220 16 20183
255 222 74 20185
255 223 218 20187
255 223 198 20189
255 223 18 20191
255 220 66 20193
255 221 60 20195
255 220 246 20197
255 222 104 20199
255 219 242 20201
255 221 90 20203
255 222 204 20205
255 222 194 20207
255 220 206 20209
255 217 104 21001
255 216 110 21003
255 217 194 21005
255 215 46 21007
255 216 100 21009
255 218 188 21011
255 219 192 21013
255 216 240 21015
255 218 48 21017
255 218 118 21019
255 217 174 21021
255 218 148 21023
255 219 52 21025
255 216 50 21027
255 216 180 21029
255 216 10 21031
255 215 156 21033
255 215 96 21035
255 217 4 21037
255 215 56 21039
255 216 220 21041
255 218 98 21043
255 217 164 21045
255 215 186 21047
255 218 248 21049
255 219 152 21051
255 217 124 21053
255 215 116 21055
255 217 114 21057
255 215 216 21059
255 216 30 21061
255 218 208 21063
255 219 72 21065
255 217 234 21067
255 218 168 21069
255 219 42 21071
255 217 204 21073
255 219 202 21075
255 216 230 21077
255 217 254 21079
255 217 24 21081
255 215 76 21083
255 216 40 21085
255 216 150 21087
255 218 108 21089
255 216 60 21091
255 216 80 21093
255 219 132 21095
255 218 58 21097
255 216 90 21099
255 215 136 21101
255 217 44 21103
255 219 212 21105
255 215 196 21107
255 219 82 21109
255 216 190 21111
255 217 244 21113
255 219 32 21115
255 216 250 21117
255 219 112 21119
255 219 182 21121
255 216 160 21123
255 219 162 21125
255 218 88 21127
255 219 62 21129
255 219 142 21131
255 219 122 21133
255 218 128 21135
255 218 8 21137
255 215 106 21139
255 216 0 21141
255 215 166 21143
255 218 38 21151
255 219 22 21153
255 217 84 21155
255 215 86 21157
255 218 78 21159
255 218 138 21161
255 215 66 21145
255 218 18 21147
255 215 206 21149
255 216 70 21163
255 218 228 21165
255 217 184 21167
255 216 140 21169
255 216 130 21171
255 218 238 21173
255 218 218 21175
255 215 236 21177
255 216 170 21179
255 218 178 21181
255 215 226 21183
255 216 200 21185
255 217 34 21187
255 219 92 21189
255 217 14 21191
255 219 102 21193
255 218 68 21195
255 219 2 21197
255 217 154 21199
255 218 158 21201
255 218 28 21203
255 218 198 21205
255 217 134 21207
255 217 214 21209
255 217 54 21211
255 216 120 21213
255 217 64 21215
255 217 94 21217
255 215 246 21219
255 215 176 21221
255 216 210 21223
255 215 126 21225
255 216 20 21227
255 217 74 21229
255 217 144 21231
255 215 146 21233
255 219 172 21235
255 219 12 21237
255 217 224 21239
255 213 178 22001
255 213 228 22003
255 213 38 22005
255 213 98 22007
255 214 12 22009
255 213 218 22011
255 215 6 22013
255 214 102 22015
255 214 92 22017
255 213 198 22019
255 214 222 22021
255 213 188 22023
255 214 32 22025
255 214 122 22027
255 214 22 22029
255 214 82 22031
255 213 28 22033
255 214 162 22035
255 213 18 22037
255 213 238 22039
255 214 192 22041
255 214 52 22043
255 213 118 22045
255 213 108 22047
255 214 242 22049
255 213 208 22053
255 212 174 22051
255 214 42 22059
255 213 138 22055
255 213 58 22057
255 214 252 22061
255 212 254 22063
255 214 172 22065
255 214 142 22067
255 214 62 22069
255 212 214 22071
255 214 212 22073
255 212 194 22075
255 213 158 22077
255 214 2 22079
255 215 16 22081
255 214 202 22083
255 214 72 22085
255 212 204 22087
255 212 234 22089
255 213 8 22091
255 213 48 22093
255 212 244 22095
255 213 168 22097
255 213 88 22099
255 213 78 22101
255 215 36 22103
255 212 224 22105
255 214 182 22107
255 213 68 22109
255 214 132 22111
255 213 128 22113
255 213 248 22115
255 215 26 22117
255 214 112 22119
255 213 148 22121
255 214 152 22123
255 212 184 22125
255 214 232 22127
255 210 226 23001
255 211 40 23003
255 210 246 23005
255 210 156 23007
255 210 186 23009
255 210 206 23011
255 211 20 23013
255 211 10 23015
255 210 216 23017
255 210 166 23019
255 211 30 23021
255 211 0 23023
255 210 146 23025
255 210 196 23027
255 210 176 23029
255 210 236 23031
255 212 24 24001
255 211 150 24003
255 211 170 24510
255 211 90 24005
255 211 210 24009
255 211 190 24011
255 211 80 24013
255 211 110 24015
255 211 250 24017
255 211 50 24019
255 211 70 24021
255 212 14 24023
255 211 100 24025
255 211 140 24027
255 211 180 24029
255 211 130 24031
255 211 160 24033
255 211 120 24035
255 212 4 24037
255 211 60 24039
255 211 200 24041
255 211 220 24043
255 211 230 24045
255 211 240 24047
255 212 134 25001
255 212 54 25003
255 212 114 25005
255 212 34 25007
255 212 84 25009
255 212 44 25011
255 212 74 25013
255 212 64 25015
255 212 154 25017
255 212 144 25019
255 212 94 25021
255 212 104 25023
255 212 124 25025
255 212 164 25027
255 137 134 26001
255 136 200 26003
255 139 22 26005
255 137 64 26007
255 137 34 26009
255 137 254 26011
255 136 120 26013
255 139 12 26015
255 138 58 26017
255 137 84 26019
255 139 92 26021
255 139 122 26023
255 139 52 26025
255 139 102 26027
255 137 24 26029
255 137 4 26031
255 136 230 26033
255 137 234 26035
255 138 168 26037
255 137 114 26039
255 136 190 26041
255 136 170 26043
255 139 2 26045
255 136 250 26047
255 138 188 26049
255 137 244 26051
255 139 172 26053
255 137 94 26055
255 138 108 26057
255 139 132 26059
255 136 130 26061
255 138 68 26063
255 138 248 26065
255 138 158 26067
255 137 194 26069
255 136 150 26071
255 138 38 26073
255 139 62 26075
255 139 42 26077
255 137 104 26079
255 138 128 26081
255 136 140 26083
255 137 214 26085
255 138 198 26087
255 137 74 26089
255 139 142 26091
255 138 238 26093
255 136 220 26095
255 136 240 26097
255 138 218 26099
255 137 144 26101
255 136 160 26103
255 137 204 26105
255 138 28 26107
255 136 180 26109
255 138 48 26111
255 137 164 26113
255 139 152 26115
255 138 118 26117
255 137 54 26119
255 138 138 26121
255 138 18 26123
255 138 228 26125
255 138 8 26127
255 137 184 26129
255 139 162 26131
255 137 224 26133
255 137 124 26135
255 137 44 26137
255 138 148 26139
255 137 14 26141
255 137 174 26143
255 138 98 26145
255 138 208 26147
255 139 112 26149
255 138 88 26151
255 136 210 26153
255 138 178 26155
255 138 78 26157
255 139 32 26159
255 139 72 26161
255 139 82 26163
255 137 154 26165
255 209 112 27001
255 208 198 27003
255 209 192 27005
255 210 6 27007
255 208 248 27009
255 209 42 27011
255 207 154 27013
255 208 8 27015
255 209 142 27017
255 208 98 27019
255 209 212 27021
255 208 148 27023
255 208 218 27025
255 209 182 27027
255 210 16 27029
255 209 252 27031
255 207 134 27033
255 209 102 27035
255 208 128 27037
255 207 184 27039
255 209 72 27041
255 207 64 27043
255 210 126 27045
255 207 54 27047
255 207 224 27049
255 209 62 27051
255 208 118 27053
255 210 136 27055
255 209 222 27057
255 208 228 27059
255 209 232 27061
255 207 84 27063
255 209 122 27065
255 208 158 27067
255 210 86 27069
255 210 116 27071
255 208 58 27073
255 209 242 27075
255 210 106 27077
255 207 244 27079
255 208 38 27081
255 208 28 27083
255 210 26 27087
255 210 56 27089
255 207 74 27091
255 208 88 27085
255 208 168 27093
255 208 238 27095
255 209 92 27097
255 207 44 27099
255 207 124 27101
255 207 254 27103
255 207 94 27105
255 210 36 27107
255 207 194 27109
255 209 162 27111
255 210 66 27113
255 209 132 27115
255 207 114 27117
255 210 46 27119
255 209 12 27121
255 208 208 27123
255 210 76 27125
255 208 18 27127
255 208 68 27129
255 207 234 27131
255 207 104 27133
255 210 96 27135
255 209 152 27137
255 208 108 27139
255 208 188 27141
255 208 78 27143
255 209 2 27145
255 207 174 27147
255 209 22 27149
255 209 32 27151
255 209 82 27153
255 209 52 27155
255 207 214 27157
255 209 202 27159
255 207 164 27161
255 208 138 27163
255 207 144 27165
255 209 172 27167
255 207 204 27169
255 208 178 27171
255 208 48 27173
255 133 208 28001
255 135 76 28003
255 133 188 28005
255 134 212 28007
255 135 56 28009
255 135 6 28011
255 136 40 28013
255 135 166 28015
255 136 50 28017
255 135 146 28019
255 134 102 28021
255 134 32 28023
255 136 70 28025
255 135 16 28027
255 134 92 28029
255 134 2 28031
255 135 36 28033
255 133 138 28035
255 133 218 28037
255 133 68 28039
255 133 118 28041
255 136 90 28043
255 133 78 28045
255 136 110 28047
255 134 132 28049
255 135 176 28051
255 135 186 28053
255 134 232 28055
255 135 106 28057
255 136 100 28059
255 134 22 28061
255 134 112 28063
255 133 248 28065
255 134 12 28067
255 134 182 28069
255 136 0 28071
255 133 148 28073
255 134 42 28075
255 133 238 28077
255 134 162 28079
255 136 20 28081
255 135 206 28083
255 133 228 28085
255 135 126 28087
255 134 152 28089
255 133 158 28091
255 135 46 28093
255 135 116 28095
255 135 156 28097
255 134 172 28099
255 134 52 28101
255 134 192 28103
255 135 136 28105
255 135 236 28107
255 133 88 28109
255 133 108 28111
255 133 178 28113
255 136 30 28115
255 135 96 28117
255 135 226 28119
255 134 142 28121
255 134 62 28123
255 134 242 28125
255 134 82 28127
255 134 72 28129
255 133 98 28131
255 135 196 28133
255 135 216 28135
255 135 246 28137
255 135 66 28139
255 135 86 28141
255 135 26 28143
255 136 10 28145
255 133 168 28147
255 134 122 28149
255 134 252 28151
255 133 128 28153
255 136 60 28155
255 133 198 28157
255 134 202 28159
255 136 80 28161
255 134 222 28163
255 205 16 29001
255 206 230 29003
255 207 14 29005
255 203 228 29007
255 205 186 29009
255 205 236 29011
255 206 20 29013
255 205 96 29015
255 202 214 29017
255 204 222 29019
255 206 240 29021
255 202 244 29023
255 206 160 29025
255 204 62 29027
255 204 172 29029
255 202 194 29031
255 206 100 29033
255 203 118 29035
255 206 40 29037
255 206 10 29039
255 205 66 29041
255 205 136 29043
255 204 12 29045
255 206 170 29047
255 206 180 29049
255 204 212 29051
255 204 232 29053
255 203 168 29055
255 205 246 29057
255 205 116 29059
255 206 150 29061
255 206 190 29063
255 203 158 29065
255 204 132 29067
255 202 234 29069
255 203 78 29071
255 203 178 29073
255 206 200 29075
255 205 156 29077
255 206 120 29079
255 206 140 29081
255 206 50 29083
255 205 106 29085
255 207 4 29087
255 204 242 29089
255 204 112 29091
255 203 98 29093
255 206 70 29095
255 205 226 29097
255 203 38 29099
255 206 60 29101
255 204 32 29103
255 204 152 29105
255 206 80 29107
255 205 196 29109
255 204 2 29111
255 203 198 29113
255 205 56 29115
255 206 110 29117
255 205 6 29121
255 203 8 29123
255 204 82 29125
255 203 248 29127
255 205 206 29119
255 206 130 29129
255 204 182 29131
255 202 174 29133
255 204 202 29135
255 204 52 29137
255 203 218 29139
255 204 192 29141
255 207 34 29143
255 205 216 29145
255 206 220 29147
255 203 138 29149
255 204 72 29151
255 204 122 29153
255 207 24 29155
255 202 204 29157
255 205 86 29159
255 204 92 29161
255 203 208 29163
255 206 250 29165
255 205 176 29167
255 204 162 29169
255 205 36 29171
255 203 238 29173
255 204 252 29175
255 206 90 29177
255 203 108 29179
255 203 128 29181
255 203 58 29183
255 206 30 29185
255 203 28 29187
255 203 68 29510
255 203 48 29189
255 203 18 29186
255 205 76 29195
255 205 26 29197
255 204 22 29199
255 202 184 29201
255 203 148 29203
255 204 42 29205
255 202 224 29207
255 205 166 29209
255 205 46 29211
255 205 146 29213
255 204 102 29215
255 206 0 29217
255 203 188 29219
255 203 88 29221
255 202 254 29223
255 205 126 29225
255 206 210 29227
255 204 142 29229
255 202 84 30001
255 201 10 30003
255 201 60 30005
255 202 124 30007
255 201 100 30009
255 200 166 30011
255 201 180 30013
255 201 140 30015
255 200 176 30017
255 200 226 30019
255 200 136 30021
255 202 94 30023
255 200 156 30025
255 201 70 30027
255 201 240 30029
255 202 144 30031
255 200 236 30033
255 201 230 30035
255 201 80 30037
255 202 64 30039
255 201 150 30041
255 202 114 30043
255 201 130 30045
255 202 34 30047
255 202 54 30049
255 201 220 30051
255 201 250 30053
255 202 134 30057
255 200 206 30055
255 201 170 30059
255 202 14 30061
255 202 24 30063
255 201 30 30065
255 201 160 30067
255 201 40 30069
255 201 50 30071
255 201 200 30073
255 200 186 30075
255 202 44 30077
255 200 196 30079
255 202 74 30081
255 200 126 30083
255 202 154 30085
255 200 246 30087
255 202 4 30089
255 202 164 30091
255 202 104 30093
255 201 90 30095
255 201 110 30097
255 201 190 30099
255 201 210 30101
255 201 0 30103
255 200 216 30105
255 201 120 30107
255 200 146 30109
255 201 20 30111
255 192 94 31001
255 193 138 31003
255 191 100 31005
255 191 10 31007
255 192 154 31009
255 193 128 31011
255 190 246 31013
255 192 254 31015
255 192 164 31017
255 192 134 31019
255 194 12 31021
255 193 88 31023
255 194 52 31025
255 193 208 31027
255 191 160 31029
255 190 236 31031
255 191 40 31033
255 192 84 31035
255 193 178 31037
255 193 168 31039
255 192 144 31041
255 193 248 31043
255 194 122 31045
255 192 124 31047
255 191 60 31049
255 193 238 31051
255 193 188 31053
255 194 32 31055
255 191 190 31057
255 192 74 31059
255 191 250 31061
255 191 180 31063
255 191 220 31065
255 192 44 31067
255 191 50 31069
255 192 204 31071
255 191 230 31073
255 191 70 31075
255 192 224 31077
255 193 28 31079
255 193 58 31081
255 191 240 31083
255 191 170 31085
255 191 200 31087
255 192 244 31089
255 191 80 31091
255 193 18 31093
255 192 34 31095
255 194 72 31097
255 192 104 31099
255 191 130 31101
255 192 174 31103
255 191 20 31105
255 193 198 31107
255 192 54 31109
255 191 140 31111
255 191 120 31113
255 192 194 31115
255 193 148 31119
255 191 110 31117
255 193 38 31121
255 191 30 31123
255 193 48 31125
255 194 82 31127
255 192 14 31129
255 194 62 31131
255 194 92 31133
255 191 150 31135
255 192 114 31137
255 193 218 31139
255 193 118 31141
255 193 78 31143
255 191 210 31145
255 194 102 31147
255 192 184 31149
255 192 64 31151
255 194 42 31153
255 193 108 31155
255 191 0 31157
255 193 98 31159
255 190 226 31161
255 193 8 31163
255 194 112 31165
255 193 158 31167
255 192 24 31169
255 191 90 31171
255 194 2 31173
255 192 234 31175
255 194 22 31177
255 193 228 31179
255 192 4 31181
255 192 214 31183
255 193 68 31185
255 185 136 32510
255 185 116 32001
255 185 216 32003
255 185 146 32005
255 185 236 32007
255 185 196 32009
255 185 176 32011
255 185 76 32013
255 185 166 32015
255 185 206 32017
255 185 126 32019
255 185 156 32021
255 185 186 32023
255 185 106 32027
255 185 96 32029
255 185 86 32031
255 185 226 32033
255 190 146 33001
255 190 126 33003
255 190 176 33005
255 190 216 33007
255 190 206 33009
255 190 156 33011
255 190 136 33013
255 190 186 33015
255 190 196 33017
255 190 166 33019
255 189 182 34001
255 190 66 34003
255 189 172 34005
255 189 232 34007
255 189 192 34009
255 189 202 34011
255 190 96 34013
255 189 222 34015
255 190 76 34017
255 189 252 34019
255 189 242 34021
255 190 56 34023
255 190 116 34025
255 190 36 34027
255 190 106 34029
255 190 26 34031
255 189 212 34033
255 190 46 34035
255 190 16 34037
255 190 86 34039
255 190 6 34041
255 186 250 35001
255 186 200 35003
255 186 0 35005
255 186 230 35006
255 186 100 35007
255 186 20 35009
255 186 30 35011
255 186 160 35013
255 187 44 35015
255 186 190 35017
255 186 40 35019
255 186 70 35021
255 186 180 35023
255 187 54 35025
255 186 110 35027
255 187 34 35028
255 186 170 35029
255 187 4 35031
255 186 90 35033
255 186 130 35035
255 186 50 35037
255 187 24 35039
255 186 10 35041
255 187 14 35045
255 186 60 35047
255 185 246 35043
255 186 140 35049
255 186 220 35051
255 186 210 35053
255 186 150 35055
255 186 120 35057
255 186 80 35059
255 186 240 35061
255 188 168 36001
255 188 28 36003
255 187 184 36005
255 187 244 36007
255 188 38 36009
255 189 12 36011
255 188 48 36013
255 188 8 36015
255 188 238 36017
255 189 152 36019
255 187 84 36021
255 188 248 36023
255 187 234 36025
255 187 94 36027
255 188 58 36029
255 189 142 36031
255 188 128 36033
255 189 72 36035
255 189 122 36037
255 187 214 36039
255 188 138 36041
255 188 198 36043
255 188 108 36045
255 187 174 36047
255 188 208 36049
255 189 102 36051
255 188 228 36053
255 188 78 36055
255 189 82 36057
255 187 154 36059
255 187 204 36061
255 188 68 36063
255 188 218 36065
255 189 2 36067
255 189 52 36069
255 187 144 36071
255 189 132 36073
255 188 98 36075
255 188 188 36077
255 187 104 36079
255 187 134 36081
255 187 74 36083
255 189 162 36085
255 187 164 36087
255 188 118 36089
255 188 158 36091
255 189 92 36093
255 188 178 36095
255 189 32 36097
255 189 62 36099
255 188 18 36101
255 187 124 36103
255 187 224 36105
255 187 254 36107
255 189 22 36109
255 187 194 36111
255 188 148 36113
255 187 64 36115
255 188 88 36117
255 187 114 36119
255 189 112 36121
255 189 42 36123
255 198 148 37001
255 199 192 37003
255 199 172 37005
255 198 228 37007
255 199 182 37009
255 199 212 37011
255 196 200 37013
255 196 250 37015
255 198 78 37017
255 198 98 37019
255 200 6 37021
255 199 142 37023
255 198 248 37025
255 199 152 37027
255 196 230 37029
255 197 64 37031
255 198 158 37033
255 199 102 37035
255 198 58 37037
255 200 46 37039
255 197 14 37041
255 200 116 37043
255 199 132 37045
255 198 108 37047
255 197 44 37049
255 198 68 37051
255 196 170 37053
255 196 160 37055
255 199 12 37057
255 199 62 37059
255 197 84 37061
255 198 8 37063
255 197 134 37065
255 199 22 37067
255 197 174 37069
255 199 122 37071
255 196 240 37073
255 200 56 37075
255 197 204 37077
255 197 114 37079
255 198 208 37081
255 197 144 37083
255 198 48 37085
255 200 76 37087
255 199 252 37089
255 197 4 37091
255 198 128 37093
255 196 150 37095
255 199 92 37097
255 200 86 37099
255 197 224 37101
255 197 94 37103
255 198 38 37105
255 197 104 37107
255 199 112 37109
255 200 106 37113
255 200 16 37115
255 197 24 37117
255 199 222 37111
255 199 82 37119
255 200 36 37121
255 198 188 37123
255 198 138 37125
255 197 164 37127
255 198 88 37129
255 197 154 37131
255 197 74 37133
255 198 28 37135
255 197 54 37137
255 196 220 37139
255 197 254 37141
255 196 210 37143
255 198 18 37145
255 197 34 37147
255 199 242 37149
255 198 198 37151
255 198 178 37153
255 198 118 37155
255 198 218 37157
255 199 72 37159
255 199 232 37161
255 197 244 37163
255 198 168 37165
255 199 2 37167
255 199 32 37169
255 199 42 37171
255 200 66 37173
255 200 96 37175
255 196 180 37177
255 198 238 37179
255 197 194 37181
255 197 214 37183
255 197 184 37185
255 196 190 37187
255 199 202 37189
255 197 234 37191
255 199 162 37193
255 197 124 37195
255 199 52 37197
255 200 26 37199
255 196 0 38001
255 194 222 38003
255 195 46 38005
255 196 40 38007
255 195 166 38009
255 196 30 38011
255 196 120 38013
255 195 136 38015
255 196 140 38017
255 194 172 38019
255 194 252 38021
255 196 110 38023
255 196 70 38025
255 195 36 38027
255 195 126 38029
255 195 26 38031
255 196 50 38033
255 194 142 38035
255 195 236 38037
255 194 212 38039
255 196 10 38041
255 195 96 38043
255 195 6 38045
255 195 106 38047
255 195 156 38049
255 195 116 38051
255 196 80 38053
255 195 176 38055
255 195 246 38057
255 195 216 38059
255 196 90 38061
255 194 192 38063
255 195 206 38065
255 194 162 38067
255 195 76 38069
255 194 182 38071
255 194 232 38073
255 195 196 38075
255 196 130 38077
255 195 66 38079
255 194 242 38081
255 195 146 38083
255 195 226 38085
255 196 20 38087
255 196 60 38089
255 194 202 38091
255 195 16 38093
255 195 56 38095
255 194 132 38097
255 194 152 38099
255 195 186 38101
255 195 86 38103
255 196 100 38105
255 185 26 39001
255 182 194 39003
255 182 244 39005
255 185 56 39007
255 184 212 39009
255 183 118 39011
255 184 2 39013
255 184 172 39015
255 184 122 39017
255 183 38 39019
255 183 168 39021
255 183 178 39023
255 184 162 39025
255 184 142 39027
255 183 18 39029
255 183 228 39031
255 182 224 39033
255 182 24 39035
255 183 138 39037
255 182 54 39039
255 183 208 39041
255 182 4 39043
255 184 62 39045
255 184 82 39047
255 183 198 39049
255 181 230 39051
255 184 252 39053
255 182 44 39055
255 184 92 39057
255 183 238 39059
255 184 152 39061
255 182 184 39063
255 182 204 39065
255 183 248 39067
255 182 74 39069
255 184 182 39071
255 184 202 39073
255 183 58 39075
255 182 114 39077
255 185 6 39079
255 183 28 39081
255 183 68 39083
255 182 34 39085
255 185 46 39087
255 183 218 39089
255 183 108 39091
255 182 14 39093
255 181 240 39095
255 183 188 39097
255 182 154 39099
255 183 88 39101
255 182 124 39103
255 184 242 39105
255 183 128 39107
255 183 158 39109
255 184 42 39111
255 184 102 39113
255 184 22 39115
255 183 78 39117
255 184 12 39119
255 184 32 39121
255 181 250 39123
255 182 64 39125
255 184 52 39127
255 184 72 39129
255 185 16 39131
255 182 144 39133
255 184 112 39135
255 182 174 39137
255 182 234 39139
255 184 192 39141
255 182 94 39143
255 185 36 39145
255 182 104 39147
255 183 148 39149
255 183 8 39151
255 182 134 39153
255 185 66 39155
255 183 48 39157
255 183 98 39159
255 182 164 39161
255 184 232 39163
255 184 132 39165
255 184 222 39167
255 182 254 39169
255 181 220 39171
255 182 84 39173
255 182 214 39175
255 181 150 40001
255 178 248 40003
255 181 70 40005
255 178 218 40007
255 179 122 40009
255 179 142 40011
255 181 30 40013
255 180 36 40015
255 180 26 40017
255 180 216 40019
255 181 140 40021
255 181 40 40023
255 181 200 40025
255 180 66 40027
255 181 80 40029
255 180 176 40031
255 180 186 40033
255 181 180 40035
255 179 182 40037
255 179 112 40039
255 181 160 40041
255 179 102 40043
255 179 82 40045
255 179 52 40047
255 180 246 40049
255 180 46 40051
255 179 2 40053
255 180 146 40055
255 180 126 40057
255 178 228 40059
255 181 120 40061
255 180 96 40063
255 180 156 40065
255 180 206 40067
255 181 10 40069
255 179 12 40071
255 179 152 40073
255 180 136 40075
255 181 100 40077
255 181 110 40079
255 180 6 40081
255 179 162 40083
255 180 226 40085
255 179 62 40093
255 181 20 40095
255 181 170 40097
255 180 56 40087
255 181 50 40089
255 180 106 40091
255 180 236 40099
255 180 116 40101
255 179 42 40103
255 179 212 40105
255 179 252 40107
255 180 16 40109
255 179 242 40111
255 179 22 40113
255 181 190 40115
255 179 32 40117
255 179 172 40119
255 181 90 40121
255 181 0 40123
255 180 76 40125
255 181 60 40127
255 179 92 40129
255 179 222 40131
255 180 86 40133
255 181 130 40135
255 180 196 40137
255 181 210 40139
255 180 166 40141
255 179 192 40143
255 179 232 40145
255 179 202 40147
255 179 132 40149
255 178 238 40151
255 179 72 40153
255 178 98 41001
255 177 254 41003
255 177 204 41005
255 178 208 41007
255 178 198 41009
255 178 178 41011
255 178 48 41013
255 178 188 41015
255 178 38 41017
255 178 148 41019
255 177 174 41021
255 178 68 41023
255 178 118 41025
255 177 144 41027
255 178 158 41029
255 178 28 41031
255 178 168 41033
255 178 138 41035
255 178 128 41037
255 178 8 41039
255 177 244 41041
255 178 18 41043
255 178 108 41045
255 177 214 41047
255 177 184 41049
255 177 134 41051
255 177 234 41053
255 177 164 41055
255 177 114 41057
255 177 194 41059
255 178 78 41061
255 178 88 41063
255 177 154 41065
255 177 124 41067
255 178 58 41069
255 177 224 41071
255 175 146 42001
255 177 54 42003
255 177 14 42005
255 177 44 42007
255 176 90 42009
255 175 96 42011
255 176 120 42013
255 175 46 42015
255 177 94 42017
255 177 24 42019
255 176 110 42021
255 176 150 42023
255 175 76 42025
255 176 20 42027
255 174 212 42029
255 177 4 42031
255 176 130 42033
255 176 30 42035
255 175 206 42037
255 176 220 42039
255 175 156 42041
255 175 126 42043
255 174 232 42045
255 176 140 42047
255 176 210 42049
255 177 74 42051
255 176 250 42053
255 176 60 42055
255 176 80 42057
255 177 84 42059
255 176 70 42061
255 176 190 42063
255 176 180 42065
255 175 176 42067
255 175 56 42069
255 175 106 42071
255 177 34 42073
255 175 116 42075
255 174 242 42077
255 175 66 42079
255 175 236 42081
255 176 160 42083
255 176 230 42085
255 176 50 42087
255 175 6 42089
255 174 222 42091
255 176 0 42093
255 174 252 42095
255 175 196 42097
255 175 166 42099
255 177 104 42101
255 175 16 42103
255 176 40 42105
255 175 86 42107
255 175 186 42109
255 176 100 42111
255 175 216 42113
255 175 36 42115
255 175 246 42117
255 176 10 42119
255 176 240 42121
255 176 170 42123
255 177 64 42125
255 175 26 42127
255 176 200 42129
255 175 226 42131
255 175 136 42133
255 174 182 44001
255 174 202 44003
255 174 172 44005
255 174 192 44007
255 174 162 44009
255 173 48 45001
255 173 148 45003
255 173 188 45005
255 173 38 45007
255 173 178 45009
255 173 158 45011
255 174 132 45013
255 174 52 45015
255 173 208 45017
255 174 72 45019
255 172 234 45021
255 173 18 45023
255 172 254 45025
255 174 32 45027
255 173 198 45029
255 173 248 45031
255 174 92 45033
255 174 62 45035
255 173 88 45037
255 173 118 45039
255 174 12 45041
255 174 42 45043
255 172 214 45045
255 173 68 45047
255 174 122 45049
255 174 82 45051
255 174 112 45053
255 173 228 45055
255 173 8 45057
255 173 58 45059
255 173 238 45061
255 173 138 45063
255 174 102 45067
255 174 2 45069
255 173 78 45065
255 173 108 45071
255 174 142 45073
255 173 168 45075
255 174 152 45077
255 173 128 45079
255 173 98 45081
255 172 224 45083
255 173 218 45085
255 173 28 45087
255 174 22 45089
255 172 244 45091
255 172 94 46003
255 170 226 46005
255 172 154 46007
255 172 54 46009
255 171 0 46011
255 170 96 46013
255 172 104 46015
255 171 60 46017
255 171 140 46019
255 170 76 46021
255 172 64 46023
255 170 166 46025
255 171 250 46027
255 170 156 46029
255 170 66 46031
255 172 184 46033
255 172 84 46035
255 170 126 46037
255 170 146 46039
255 171 110 46041
255 172 74 46043
255 170 196 46045
255 172 174 46047
255 170 186 46049
255 170 136 46051
255 172 114 46053
255 171 170 46055
255 170 246 46057
255 170 206 46059
255 172 24 46061
255 172 194 46063
255 171 70 46065
255 172 34 46067
255 170 216 46069
255 171 190 46071
255 171 50 46073
255 171 200 46075
255 170 236 46077
255 171 20 46079
255 171 150 46081
255 171 230 46083
255 171 210 46085
255 170 106 46091
255 172 14 46087
255 170 86 46089
255 171 130 46093
255 172 144 46095
255 171 30 46097
255 171 220 46099
255 171 10 46101
255 172 164 46102
255 171 160 46103
255 172 204 46105
255 171 90 46107
255 170 116 46109
255 171 40 46111
255 170 176 46115
255 171 180 46117
255 171 80 46119
255 172 134 46121
255 172 124 46123
255 172 4 46125
255 171 240 46127
255 171 100 46129
255 172 44 46135
255 171 120 46137
255 167 44 47001
255 168 158 47003
255 169 112 47005
255 167 184 47007
255 167 24 47009
255 167 124 47011
255 167 54 47013
255 168 108 47015
255 169 212 47017
255 166 140 47019
255 168 238 47021
255 170 26 47023
255 166 240 47025
255 167 204 47027
255 166 190 47029
255 168 98 47031
255 169 232 47033
255 167 164 47035
255 168 138 47037
255 168 18 47041
255 169 102 47039
255 168 228 47043
255 169 172 47045
255 170 6 47047
255 167 174 47049
255 168 88 47051
255 169 222 47053
255 168 198 47055
255 166 220 47057
255 166 160 47059
255 168 58 47061
255 166 210 47063
255 167 134 47065
255 166 230 47067
255 170 16 47069
255 169 92 47071
255 166 170 47073
255 169 252 47075
255 169 132 47077
255 169 122 47079
255 169 42 47081
255 169 22 47083
255 169 32 47085
255 167 224 47087
255 166 200 47089
255 170 46 47091
255 167 4 47093
255 169 182 47095
255 169 162 47097
255 169 82 47099
255 169 62 47101
255 168 178 47103
255 167 34 47105
255 167 244 47111
255 169 242 47113
255 168 78 47115
255 168 218 47117
255 168 188 47119
255 167 94 47107
255 170 36 47109
255 167 144 47121
255 167 104 47123
255 169 2 47125
255 168 168 47127
255 167 74 47129
255 169 192 47131
255 167 214 47133
255 169 52 47135
255 167 194 47137
255 167 114 47139
255 168 8 47141
255 167 154 47143
255 167 84 47145
255 168 248 47147
255 168 148 47149
255 167 64 47151
255 168 68 47153
255 167 14 47155
255 169 142 47157
255 167 234 47159
255 169 12 47161
255 170 56 47163
255 168 128 47165
255 169 152 47167
255 167 254 47169
255 166 180 47171
255 166 250 47173
255 168 48 47175
255 168 38 47177
255 166 150 47179
255 169 72 47181
255 169 202 47183
255 168 28 47185
255 168 208 47187
255 168 118 47189
255 159 42 48001
255 165 46 48003
255 158 228 48005
255 156 170 48007
255 157 14 48009
255 165 246 48011
255 162 234 48013
255 162 24 48015
255 166 40 48017
255 162 214 48019
255 162 54 48021
255 157 4 48023
255 163 168 48025
255 160 216 48027
255 162 164 48029
255 162 184 48031
255 164 122 48033
255 160 76 48035
255 166 130 48037
255 161 240 48039
255 161 10 48041
255 164 192 48043
255 166 30 48045
255 163 248 48047
255 160 106 48049
255 161 50 48051
255 161 70 48053
255 162 124 48055
255 163 188 48057
255 159 202 48059
255 156 160 48061
255 158 98 48063
255 165 216 48065
255 158 78 48067
255 166 10 48069
255 161 200 48071
255 158 178 48073
255 157 74 48075
255 156 230 48077
255 166 80 48079
255 160 136 48081
255 160 116 48083
255 158 8 48085
255 157 84 48087
255 162 64 48089
255 162 144 48091
255 160 96 48093
255 160 156 48095
255 156 210 48097
255 160 206 48099
255 157 64 48101
255 165 16 48103
255 164 62 48105
255 166 110 48107
255 164 252 48109
255 165 136 48111
255 159 102 48113
255 165 76 48115
255 163 8 48123
255 165 226 48117
255 158 28 48119
255 157 254 48121
255 157 184 48125
255 163 108 48127
255 157 154 48129
255 163 138 48131
255 159 212 48133
255 165 26 48135
255 163 78 48137
255 165 116 48141
255 159 252 48139
255 159 222 48143
255 160 66 48145
255 156 200 48147
255 162 44 48149
255 159 172 48151
255 166 70 48153
255 157 34 48155
255 161 250 48157
255 158 48 48159
255 160 26 48161
255 163 38 48163
255 165 66 48165
255 161 230 48167
255 164 112 48169
255 162 194 48171
255 164 142 48173
255 163 28 48175
255 162 114 48177
255 157 144 48179
255 156 190 48181
255 158 148 48183
255 161 20 48185
255 162 154 48187
255 166 60 48189
255 157 164 48191
255 160 86 48193
255 165 156 48195
255 157 24 48197
255 161 190 48199
255 161 210 48201
255 158 118 48203
255 165 166 48205
255 157 204 48207
255 162 134 48209
255 157 104 48211
255 159 52 48213
255 164 2 48215
255 160 46 48217
255 166 90 48219
255 159 232 48221
255 158 38 48223
255 159 32 48225
255 164 132 48227
255 165 126 48229
255 158 18 48231
255 165 186 48233
255 164 72 48235
255 162 94 48237
255 157 234 48239
255 158 248 48241
255 164 202 48243
255 161 170 48245
255 164 32 48247
255 163 218 48249
255 159 242 48251
255 159 162 48253
255 162 254 48255
255 159 82 48257
255 162 174 48259
255 163 238 48261
255 161 140 48263
255 162 204 48265
255 161 130 48267
255 157 54 48269
255 163 88 48271
255 163 228 48273
255 157 44 48275
255 163 118 48283
255 156 180 48277
255 166 50 48279
255 160 196 48281
255 162 104 48285
255 162 34 48287
255 160 246 48289
255 161 180 48291
255 160 36 48293
255 157 114 48295
255 163 158 48297
255 161 80 48299
255 164 222 48301
255 166 100 48303
255 165 106 48305
255 161 0 48313
255 158 88 48315
255 165 56 48317
255 161 90 48319
255 162 84 48321
255 163 98 48323
255 160 166 48307
255 160 56 48309
255 163 148 48311
255 162 224 48325
255 161 100 48327
255 165 36 48329
255 160 226 48331
255 160 186 48333
255 164 92 48335
255 156 220 48337
255 161 220 48339
255 165 176 48341
255 158 68 48343
255 157 174 48345
255 158 188 48347
255 160 16 48349
255 159 2 48351
255 159 182 48353
255 163 208 48355
255 157 124 48357
255 165 196 48359
255 161 160 48361
255 159 132 48363
255 158 168 48365
255 159 122 48367
255 166 0 48369
255 164 172 48371
255 159 12 48373
255 165 206 48375
255 165 6 48377
255 159 72 48379
255 165 236 48381
255 164 152 48383
255 163 68 48385
255 166 120 48387
255 164 212 48389
255 163 178 48391
255 157 134 48393
255 160 236 48395
255 159 92 48397
255 160 126 48399
255 158 158 48401
255 158 218 48403
255 158 208 48405
255 161 40 48407
255 163 198 48409
255 160 176 48411
255 161 110 48413
255 164 102 48415
255 159 152 48417
255 158 198 48419
255 165 146 48421
255 158 138 48423
255 160 6 48425
255 164 22 48427
255 159 142 48429
255 164 82 48431
255 157 194 48433
255 161 120 48435
255 166 20 48437
255 159 112 48439
255 159 192 48441
255 164 182 48443
255 165 96 48445
255 157 214 48447
255 158 58 48449
255 160 146 48451
255 161 150 48453
255 159 22 48455
255 158 238 48457
255 158 108 48459
255 164 162 48461
255 163 58 48463
255 164 52 48465
255 159 62 48467
255 163 18 48469
255 161 30 48471
255 162 4 48473
255 164 242 48475
255 162 14 48477
255 163 128 48479
255 162 74 48481
255 157 94 48483
255 156 240 48485
255 156 250 48487
255 164 12 48489
255 161 60 48491
255 162 244 48493
255 164 232 48495
255 157 244 48497
255 158 128 48499
255 165 86 48501
255 157 224 48503
255 164 42 48505
255 163 48 48507
255 155 156 49001
255 156 80 49003
255 156 90 49005
255 155 226 49007
255 156 70 49009
255 156 120 49011
255 155 216 49013
255 155 186 49015
255 156 140 49017
255 155 196 49019
255 155 146 49021
255 156 10 49023
255 155 126 49025
255 156 0 49027
255 156 130 49029
255 155 166 49031
255 156 100 49033
255 156 60 49035
255 156 150 49037
255 155 236 49039
255 155 246 49041
255 156 50 49043
255 156 20 49045
255 155 206 49047
255 156 30 49049
255 156 40 49051
255 155 136 49053
255 155 176 49055
255 156 110 49057
255 149 232 50001
255 150 46 50003
255 150 16 50005
255 149 242 50007
255 150 66 50009
255 149 252 50011
255 150 36 50013
255 150 6 50015
255 149 192 50017
255 150 56 50019
255 149 222 50021
255 150 26 50023
255 149 212 50025
255 149 202 50027
255 155 96 51001
255 153 28 51003
255 152 194 51510
255 154 42 51005
255 152 74 51007
255 154 12 51009
255 153 178 51011
255 154 142 51013
255 153 208 51015
255 153 248 51017
255 154 62 51019
255 154 222 51021
255 154 22 51023
255 155 46 51520
255 152 44 51025
255 155 76 51027
255 153 188 51029
255 153 98 51530
255 153 168 51031
255 150 186 51033
255 154 132 51035
255 151 110 51036
255 153 48 51037
255 152 244 51540
255 150 86 51550
255 151 120 51041
255 152 164 51043
255 152 224 51570
255 153 88 51580
255 154 32 51045
255 151 30 51047
255 153 8 51049
255 153 128 51590
255 154 252 51051
255 152 34 51053
255 152 24 51595
255 150 196 51057
255 151 70 51600
255 150 176 51059
255 154 152 51610
255 151 40 51061
255 154 102 51063
255 153 18 51065
255 154 72 51620
255 151 250 51067
255 152 144 51069
255 151 80 51630
255 154 202 51640
255 154 182 51071
255 150 226 51073
255 152 94 51075
255 154 212 51077
255 153 228 51079
255 152 14 51081
255 153 158 51083
255 151 230 51650
255 151 10 51085
255 153 38 51660
255 151 130 51087
255 154 122 51089
255 153 238 51091
255 152 204 51670
255 150 106 51093
255 151 180 51095
255 150 156 51099
255 151 0 51101
255 150 246 51097
255 150 216 51103
255 154 232 51105
255 153 78 51678
255 151 50 51107
255 152 104 51109
255 152 214 51111
255 153 118 51680
255 152 114 51113
255 155 106 51683
255 151 60 51685
255 153 138 51690
255 150 126 51115
255 152 234 51117
255 150 236 51119
255 154 92 51121
255 153 198 51125
255 151 100 51127
255 151 210 51700
255 150 116 51710
255 155 86 51131
255 150 136 51133
255 155 16 51720
255 152 54 51135
255 152 84 51137
255 152 184 51139
255 154 112 51141
255 151 140 51730
255 153 148 51143
255 152 4 51735
255 151 200 51740
255 152 64 51145
255 152 254 51147
255 151 150 51149
255 155 116 51153
255 154 162 51155
255 154 172 51750
255 152 124 51157
255 151 90 51760
255 150 206 51159
255 154 52 51770
255 153 108 51161
255 154 2 51163
255 153 218 51165
255 155 26 51167
255 154 82 51775
255 154 242 51169
255 152 174 51171
255 155 56 51173
255 151 240 51175
255 151 20 51177
255 150 166 51179
255 153 58 51790
255 150 96 51800
255 151 170 51181
255 151 160 51183
255 155 66 51185
255 150 76 51810
255 152 134 51187
255 155 36 51191
255 153 68 51820
255 150 146 51193
255 151 220 51830
255 152 154 51840
255 155 6 51195
255 154 192 51197
255 151 190 51199
255 149 52 53001
255 149 152 53003
255 149 32 53005
255 148 58 53007
255 148 78 53009
255 149 12 53011
255 149 132 53013
255 148 248 53015
255 148 178 53017
255 148 168 53019
255 149 112 53021
255 149 142 53023
255 149 42 53025
255 148 98 53027
255 148 148 53029
255 148 88 53031
255 148 128 53033
255 148 118 53035
255 148 188 53037
255 149 22 53039
255 148 228 53041
255 149 62 53043
255 148 108 53045
255 149 182 53047
255 148 238 53049
255 149 82 53051
255 148 208 53053
255 148 158 53055
255 148 68 53057
255 149 2 53059
255 148 138 53061
255 149 92 53063
255 149 72 53065
255 148 218 53067
255 149 162 53069
255 149 122 53071
255 149 172 53073
255 149 102 53075
255 148 198 53077
255 143 188 54001
255 145 96 54003
255 144 232 54005
255 144 82 54007
255 143 238 54009
255 145 76 54011
255 144 142 54013
255 144 162 54015
255 144 22 54017
255 144 172 54019
255 144 92 54021
255 143 108 54023
255 144 62 54025
255 143 78 54027
255 143 248 54029
255 143 98 54031
255 144 2 54033
255 144 192 54035
255 145 86 54037
255 144 182 54039
255 144 32 54041
255 144 222 54043
255 145 36 54045
255 143 198 54049
255 143 218 54051
255 144 202 54053
255 145 26 54047
255 145 16 54055
255 143 88 54057
255 145 66 54059
255 143 168 54061
255 145 6 54063
255 143 68 54065
255 144 72 54067
255 143 228 54069
255 143 128 54071
255 144 112 54073
255 143 158 54075
255 143 148 54077
255 144 212 54079
255 144 242 54081
255 143 138 54083
255 144 102 54085
255 144 152 54087
255 144 252 54089
255 143 178 54091
255 143 118 54093
255 144 12 54095
255 144 42 54097
255 145 56 54099
255 144 52 54101
255 143 208 54103
255 144 132 54105
255 144 122 54107
255 145 46 54109
255 147 4 55001
255 147 84 55003
255 147 174 55005
255 147 94 55007
255 145 176 55009
255 148 8 55011
255 147 114 55013
255 145 196 55015
255 147 214 55017
255 147 224 55019
255 146 90 55021
255 146 190 55023
255 146 80 55025
255 146 30 55027
255 148 48 55029
255 147 104 55031
255 147 204 55033
255 147 234 55035
255 145 116 55037
255 145 216 55039
255 145 126 55041
255 146 170 55043
255 146 150 55045
255 146 100 55047
255 146 180 55049
255 147 74 55051
255 147 244 55053
255 146 20 55055
255 146 250 55057
255 146 60 55059
255 148 38 55061
255 146 230 55063
255 146 160 55065
255 147 34 55067
255 147 44 55069
255 145 186 55071
255 147 24 55073
255 145 106 55075
255 146 140 55077
255 145 146 55078
255 146 0 55079
255 146 240 55081
255 145 136 55083
255 147 54 55085
255 145 166 55087
255 145 246 55089
255 148 18 55091
255 148 28 55093
255 147 184 55095
255 146 130 55097
255 147 144 55099
255 146 50 55101
255 146 200 55103
255 146 70 55105
255 147 164 55107
255 147 194 55109
255 146 210 55111
255 147 134 55113
255 145 156 55115
255 145 206 55117
255 147 154 55119
255 147 254 55121
255 146 220 55123
255 147 64 55125
255 146 40 55127
255 147 124 55129
255 145 236 55131
255 146 10 55133
255 146 120 55135
255 146 110 55137
255 145 226 55139
255 147 14 55141
255 142 154 56001
255 142 204 56003
255 142 124 56005
255 142 164 56007
255 142 114 56009
255 142 134 56011
255 142 234 56013
255 143 48 56015
255 142 224 56017
255 142 184 56019
255 143 58 56021
255 143 28 56023
255 142 174 56025
255 142 104 56027
255 142 254 56029
255 142 94 56031
255 142 194 56033
255 143 8 56035
255 142 244 56037
255 143 38 56039
255 143 18 56041
255 142 214 56043
255 142 144 56045
