24460	01001
59382	01003
22543	01005
13812	01007
26853	01009
11824	01011
22007	01013
103092	01015
36356	01017
15606	01019
25180	01021
16589	01023
26724	01025
12636	01027
10996	01029
34872	01031
49632	01033
15645	01035
10662	01037
34079	01039
13188	01041
52445	01043
52995	01045
55296	01047
41981	01049
33661	01051
34912	01053
94144	01055
16252	01057
23933	01059
21924	01061
10650	01063
15888	01065
13254	01067
56574	01069
39202	01071
644991	01073
14335	01075
68111	01077
27281	01079
61268	01081
41699	01083
12897	01085
24841	01087
186540	01089
23819	01091
23788	01093
54211	01095
317308	01097
20883	01099
167790	01101
77306	01103
15388	01105
20326	01107
25038	01109
18331	01111
45394	01113
27956	01115
38037	01117
16974	01119
65280	01121
33840	01123
116029	01125
56246	01127
16241	01129
16303	01131
16654	01133
0	02013
7834	02016
126385	02020
8917	02050
1147	02060
0	02068
3872	02070
45864	02090
1401	02100
2792	02105
13556	02110
16586	02122
10041	02130
9409	02150
0	02164
6509	02170
5749	02180
3451	02185
4048	02188
4920	02195
3782	02198
6073	02220
0	02230
4308	02240
4977	02261
3917	02158
0	02275
0	02282
7045	02290
32304	04001
61918	04003
48326	04005
29255	04007
16578	04009
10330	04011
0	04012
971228	04013
25857	04015
47559	04017
351667	04019
68579	04021
13966	04023
37005	04025
60827	04027
23347	05001
24976	05003
15319	05005
50476	05007
19073	05009
12778	05011
5573	05013
12301	05015
18164	05017
21537	05019
18771	05021
10349	05023
6605	05025
25952	05027
16805	05029
52068	05031
25677	05033
48106	05035
19783	05037
10022	05039
18761	05041
15157	05043
31578	05045
11301	05047
7699	05049
54131	05051
9711	05053
24765	05055
19308	05057
21963	05059
11412	05061
22723	05063
7381	05065
20452	05067
85329	05069
13630	05071
10018	05073
16320	05075
18884	05077
12913	05079
11194	05081
16789	05083
26249	05085
9453	05087
7000	05089
33385	05091
62060	05093
15657	05095
5821	05097
10111	05099
5844	05101
30896	05103
5634	05105
40046	05107
8711	05109
26843	05111
13297	05113
28607	05115
10249	05117
287189	05119
12645	05121
30799	05123
36107	05125
8207	05127
7731	05129
79237	05131
11272	05133
8233	05135
6838	05137
45428	05139
8275	05141
77370	05143
39253	05145
11566	05147
14208	05149
1071446	06001
484	06003
11821	06005
101969	06007
13585	06009
12430	06011
556116	06013
14580	06015
43833	06017
413329	06019
17521	06021
99692	06023
74492	06025
15571	06027
330234	06029
66717	06031
19548	06033
16796	06035
7041980	06037
41519	06039
208652	06041
6015	06043
51101	06045
104629	06047
7469	06049
4016	06051
247450	06053
79140	06055
26346	06057
1421233	06059
77632	06061
11707	06063
456916	06065
634373	06067
18226	06069
682233	06071
1357854	06073
715674	06075
291073	06077
105690	06079
557361	06081
264324	06083
1065313	06085
123790	06087
77640	06089
2365	06091
33225	06093
171989	06095
204885	06097
194506	06099
41935	06101
29517	06103
7615	06105
188322	06107
22169	06109
378497	06111
91788	06113
44736	06115
185789	08001
11422	08003
162142	08005
2733	08007
5674	08009
6493	08011
131889	08013
0	08014
10162	08015
2396	08017
4819	08019
7846	08021
3091	08023
3086	08025
1120	08027
15286	08029
514678	08031
1641	08033
8407	08035
7498	08037
3903	08039
235972	08041
21942	08043
14821	08045
1272	08047
4107	08049
7578	08051
202	08053
6590	08055
1811	08057
235368	08059
2029	08061
7530	08063
8282	08065
19199	08067
89900	08069
15744	08071
4836	08073
18852	08075
54374	08077
786	08079
6525	08081
12952	08083
18366	08085
20105	08087
23523	08089
1546	08091
2185	08093
4131	08095
6185	08097
13258	08099
118238	08101
4842	08103
10494	08105
6592	08107
3827	08109
831	08111
1949	08113
3405	08115
2665	08117
3316	08119
5550	08121
89297	08123
8544	08125
792814	09001
816737	09003
144091	09005
115018	09007
744948	09009
230654	09011
103440	09013
84515	09015
81892	10001
385856	10003
80356	10005
756668	11001
104764	12001
9242	12003
75283	12005
14625	12007
230006	12009
620100	12011
7624	12013
27559	12015
19196	12017
32059	12019
38040	12021
25250	12023
13060	12027
5480	12029
528865	12031
205334	12033
4454	12035
7065	12037
39184	12039
3551	12041
3669	12043
10096	12045
7787	12047
14889	12049
11859	12051
17004	12053
29507	12055
490265	12057
10720	12059
35992	12061
34434	12063
8778	12065
2892	12067
69305	12069
105216	12071
103047	12073
12756	12075
3379	12077
13481	12079
97115	12081
69030	12083
28035	12085
1267792	12086
52586	12087
20626	12089
88187	12091
11233	12093
344311	12095
25267	12097
348993	12099
75955	12101
522329	12103
228515	12105
36424	12107
31035	12109
50836	12111
37741	12113
120413	12115
83692	12117
14839	12119
15559	12121
13641	12123
8112	12125
169487	12127
6308	12129
16087	12131
11453	12133
12726	13001
5879	13003
8233	13005
3875	13007
34240	13009
6833	13011
16859	13013
32911	13015
13171	13017
11556	13019
143366	13021
10291	13023
5940	13025
13743	13027
6539	13029
31585	13031
18255	13033
10560	13035
6606	13037
11334	13039
6412	13043
45404	13045
28271	13047
5680	13049
187816	13051
25813	13053
20541	13055
31059	13057
65177	13059
3636	13061
98126	13063
6405	13065
196793	13067
22828	13069
32298	13071
22327	13073
12129	13075
32310	13077
5748	13079
18087	13081
9910	13083
3639	13085
22310	13087
415387	13089
15658	13091
10404	13093
89639	13095
28659	13097
12682	13099
1924	13101
13632	13103
17262	13105
18357	13107
7290	13109
13357	13111
11364	13113
73742	13115
16928	13117
12784	13119
605210	13121
8956	13123
2280	13125
50528	13127
23570	13129
17826	13131
10212	13133
72349	13135
20691	13137
59405	13139
9019	13141
15927	13143
11520	13145
15814	13147
5354	13149
23724	13151
62924	13153
8036	13155
21093	13157
5760	13159
9425	13161
17174	13163
8332	13165
7727	13167
12270	13169
10688	13171
5031	13173
32738	13175
7044	13177
17569	13179
5895	13181
3746	13183
55112	13185
8728	13187
15276	13189
7371	13191
12933	13193
13517	13195
5099	13197
19461	13199
6424	13201
18956	13205
10991	13207
6099	13209
9904	13211
12986	13213
167377	13215
26282	13217
7915	13219
7598	13221
17520	13223
15990	13225
9620	13227
9281	13229
7316	13231
29656	13233
8066	13235
8394	13237
2180	13239
8327	13241
8734	13243
162437	13245
18152	13247
3097	13249
12591	13251
7059	13253
39514	13255
20331	13257
6511	13259
26931	13261
6625	13263
2423	13265
16557	13267
7865	13269
11394	13271
11416	13273
34562	13275
27288	13277
19151	13279
4565	13281
5647	13283
44466	13285
8790	13287
8222	13289
6811	13291
23505	13293
50691	13295
23404	13297
33525	13299
6669	13301
17480	13303
17858	13305
2362	13307
4596	13309
7742	13311
55108	13313
6998	13315
10184	13317
9393	13319
14770	13321
63468	15001
630528	15003
172	15005
29761	15007
45984	15009
112230	16001
2877	16003
52200	16005
5801	16007
6230	16009
29167	16011
5749	16013
1763	16015
15560	16017
52457	16019
5484	16021
2925	16023
728	16025
61288	16027
6534	16029
17017	16031
741	16033
10871	16035
2967	16037
17479	16039
7373	16041
8710	16043
9387	16045
8645	16047
12891	16049
11740	16051
10253	16053
35332	16055
24898	16057
5566	16059
3867	16061
3057	16063
13452	16065
15731	16067
30376	16069
2864	16071
6422	16073
12401	16075
4864	16077
19718	16079
2351	16081
41807	16083
3609	16085
7633	16087
70861	17001
12015	17003
14012	17005
25440	17007
5586	17009
38541	17011
5675	17013
19276	17015
14219	17017
163281	17019
35948	17021
16216	17023
14735	17025
28315	17027
47815	17029
5493766	17031
19824	17033
9772	17035
71654	17037
16975	17039
18997	17041
487966	17043
21591	17045
7090	17047
24608	17049
20752	17051
16382	17053
38329	17055
41900	17057
7418	17059
17014	17061
26535	17063
8665	17065
23664	17067
4914	17069
8451	17071
53217	17073
33532	17075
55008	17077
10741	17079
31848	17081
18492	17083
21766	17085
7550	17087
251005	17089
97250	17091
26374	17093
60939	17095
382638	17097
111409	17099
17522	17101
37947	17103
40690	17105
33538	17107
36653	17109
111555	17111
104389	17113
125010	17115
44557	17117
250911	17119
38986	17121
13302	17123
16180	17125
13889	17127
9685	17129
17294	17131
18831	17133
30260	17135
36174	17137
13263	17139
42867	17141
195318	17143
19757	17145
15509	17147
19185	17149
3857	17151
8741	17153
5007	17155
31379	17157
16829	17159
166734	17161
285591	17163
25721	17165
161335	17167
8135	17169
6096	17171
22589	17173
7510	17175
48861	17177
118649	17179
16071	17181
97047	17183
12841	17185
21595	17187
13780	17189
17004	17191
17312	17193
62877	17195
247825	17197
49021	17199
246623	17201
28012	17203
26871	18001
280455	18003
57022	18005
11262	18007
15888	18009
30870	18011
9057	18013
17734	18015
40456	18017
75876	18019
23933	18021
30547	18023
8033	18025
26602	18027
29430	18029
22738	18031
30837	18033
129219	18035
30934	18037
126529	18039
26216	18041
55622	18043
18257	18045
16943	18047
16984	18049
30444	18051
83955	18053
26894	18055
54532	18057
35096	18059
20423	18061
53974	18063
52603	18065
83198	18067
34970	18069
33187	18071
20429	18073
23575	18075
27006	18077
19454	18079
61138	18081
41546	18083
48127	18085
20890	18087
546253	18089
105342	18091
38038	18093
138522	18095
793769	18097
34986	18099
10969	18101
39246	18103
85221	18105
33930	18107
44176	18109
11606	18111
31382	18113
4289	18115
16968	18117
12163	18119
14628	18121
19075	18123
12281	18125
87114	18127
21740	18129
12534	18131
26932	18133
28915	18135
21138	18137
20352	18139
244827	18141
17144	18143
37797	18145
17134	18147
19280	18149
20159	18151
19889	18153
6306	18155
109378	18157
16650	18159
6582	18161
168772	18163
16793	18165
114528	18167
35553	18169
8705	18171
27972	18173
19278	18175
79109	18177
23821	18179
20995	18181
23395	18183
9487	19001
6322	19003
14968	19005
15007	19007
9595	19009
22885	19011
132916	19013
26470	19015
22737	19017
21762	19019
20693	19021
16953	19023
14292	19025
22912	19027
17007	19029
17655	19031
49223	19033
17269	19035
14969	19037
7581	19039
18464	19041
20606	19043
56749	19045
19116	19047
26085	19049
8207	19051
9737	19053
18770	19055
46982	19057
12565	19059
90609	19061
14009	19063
26898	19065
19860	19067
13255	19069
9282	19071
12716	19073
14119	19075
12243	19077
18383	19079
13506	19081
22248	19083
16240	19085
18114	19087
11442	19089
12519	19091
9283	19093
15419	19095
20839	19097
35425	19099
15774	19101
72127	19103
19868	19105
13943	19107
22937	19109
42996	19111
163213	19113
10682	19115
10163	19117
13340	19119
11558	19121
22177	19123
26352	19125
41076	19127
11832	19129
13108	19131
12069	19133
9357	19135
12781	19137
37181	19139
17522	19141
8555	19143
18537	19145
13289	19147
24322	19149
12793	19151
286130	19153
86991	19155
18803	19157
6373	19159
15573	19161
142687	19163
15528	19165
27996	19167
62783	19169
20147	19171
8790	19173
13557	19175
8643	19177
42149	19179
27432	19181
18967	19183
8405	19185
48391	19187
12990	19189
21758	19191
103052	19193
8984	19195
17294	19197
15043	20001
8501	20003
19165	20005
7016	20007
30663	20009
15215	20011
11685	20013
38658	20015
3408	20017
4642	20019
21549	20021
4256	20023
2896	20025
9890	20027
13466	20029
7397	20031
2702	20033
35012	20035
37850	20037
4988	20039
19993	20041
9107	20043
57932	20045
4581	20047
3858	20049
24730	20051
6146	20053
19029	20055
22587	20057
20007	20059
28111	20061
3940	20063
4751	20065
5961	20067
4516	20069
1819	20071
9141	20073
2747	20075
7871	20077
27236	20079
3672	20081
2662	20083
10342	20085
11945	20087
6099	20089
220073	20091
3047	20093
8886	20095
4088	20097
25775	20099
2707	20101
53340	20103
4582	20105
7770	20107
3814	20109
32071	20111
24778	20113
13935	20115
13139	20117
4912	20119
19254	20121
8010	20123
39949	20125
6432	20127
3576	20129
11825	20131
18812	20133
4791	20135
7279	20137
13352	20139
6416	20141
6183	20143
8484	20145
7888	20147
11755	20149
10056	20151
4393	20153
60765	20155
8498	20157
12320	20159
56788	20161
7628	20163
5117	20165
9428	20167
46592	20169
5606	20171
350694	20173
15744	20175
155322	20177
3859	20179
7792	20181
6757	20183
5943	20185
2287	20187
4198	20189
23553	20191
7501	20193
4436	20195
6397	20197
2215	20199
9249	20201
3274	20203
11317	20205
4789	20207
186845	20209
13037	21001
12598	21003
9358	21005
8276	21007
28677	21009
9235	21011
31121	21013
32812	21015
18476	21017
52376	21019
21861	21021
7227	21023
14221	21025
14789	21027
26090	21029
9723	21031
13179	21033
27692	21035
88704	21037
5354	21039
8523	21041
19850	21043
12930	21045
56224	21047
24090	21049
18481	21051
8174	21053
8493	21055
6850	21057
79486	21059
8751	21061
5933	21063
12752	21065
174323	21067
11366	21069
35889	21071
34481	21073
10183	21075
4134	21077
9457	21079
9999	21081
30939	21083
16445	21085
10350	21087
33192	21089
7080	21091
78421	21093
37370	21095
14158	21097
13980	21099
36031	21101
10910	21103
6264	21105
38167	21107
10005	21109
695055	21111
17430	21113
17539	21115
129440	21117
14698	21119
23689	21121
10672	21123
27386	21125
10726	21127
6587	21129
11623	21131
23165	21133
12355	21135
16663	21137
7596	21139
21793	21141
5562	21143
58281	21145
12548	21147
9062	21149
42730	21151
10443	21153
16714	21155
20381	21157
9377	21159
17273	21161
18796	21163
4050	21165
15960	21167
8177	21169
11642	21171
15364	21173
10019	21175
27537	21177
23477	21179
6508	21181
18790	21183
14687	21185
7470	21187
5023	21189
9949	21191
26259	21193
61059	21195
7704	21197
35234	21199
2163	21201
12305	21203
17010	21205
10542	21207
17948	21209
18999	21211
13054	21213
5488	21215
17138	21217
10823	21219
8620	21221
5349	21223
15882	21225
57884	21227
10728	21229
14268	21231
13282	21233
24145	21235
5669	21237
14434	21239
52109	22001
20794	22003
37086	22005
19654	22007
37751	22009
22888	22011
16024	22013
65877	22015
230184	22017
145415	22019
9354	22021
8194	22023
11769	22025
17024	22027
22578	22029
22764	22031
285167	22033
12884	22035
17657	22037
31932	22039
23946	22041
13671	22043
57397	22045
30746	22047
15963	22049
338229	22051
29554	22053
111643	22055
68941	22057
13295	22059
33800	22061
36511	22063
15065	22065
32463	22067
35219	22069
593471	22071
115387	22073
25225	22075
22002	22077
118078	22079
9226	22081
21774	22083
18638	22085
51185	22087
29550	22089
9937	22091
19733	22093
23813	22095
80364	22097
32453	22099
60752	22101
63585	22103
65875	22105
9732	22107
76049	22109
18447	22111
43071	22113
53794	22115
41987	22117
39939	22119
16864	22121
13028	22123
10761	22125
16369	22127
91279	23001
94078	23003
192528	23005
22444	23007
34590	23009
95306	23011
29013	23013
20537	23015
43457	23017
125393	23019
16285	23021
23452	23023
40597	23025
23328	23027
29859	23029
111576	23031
84044	24001
298042	24003
620409	24005
20682	24009
19781	24011
69006	24013
53291	24015
47678	24017
29405	24019
84927	24021
21476	24023
115378	24025
62394	24027
16146	24029
522809	24031
661719	24033
18422	24035
47388	24037
18924	24039
23682	24041
103829	24043
54236	24045
24442	24047
905787	24510
96656	25001
149402	25003
444301	25005
6117	25007
637887	25009
59210	25011
459050	25013
123981	25015
1398397	25017
3774	25019
604854	25021
333314	25023
735190	25025
637037	25027
7113	26001
8568	26003
66575	26005
30708	26007
12612	26009
11149	26011
7789	26013
38166	26015
117339	26017
8593	26019
163940	26021
37906	26023
141963	26025
43312	26027
16541	26029
16573	26031
32412	26033
16695	26035
48492	26037
6482	26039
35924	26041
23753	26043
68892	26045
18331	26047
445589	26049
13471	26051
20676	26053
39175	26055
39246	26057
37171	26059
34652	26061
34083	26063
261039	26065
45848	26067
24905	26069
13813	26071
44594	26073
143274	26075
201550	26077
5372	26079
411044	26081
2264	26083
5661	26085
52361	26087
10872	26089
81951	26091
58967	26093
6789	26095
9660	26097
626204	26099
20393	26101
64686	26103
22612	26105
27992	26107
24587	26109
63769	26111
7126	26113
119215	26115
39660	26117
5247	26119
157426	26121
27992	26123
907871	26125
17984	26127
11903	26129
10548	26131
14838	26133
4726	26135
10422	26137
128181	26139
12836	26141
9892	26143
219743	26145
119280	26147
47392	26149
35181	26151
8226	26153
63075	26155
48603	26157
56173	26159
234103	26161
2670368	26163
19717	26165
11403	27001
154712	27003
24372	27005
26373	27007
20841	27009
7941	27011
52322	27013
28887	27015
28072	27017
28331	27019
17323	27021
15109	27023
17492	27025
46608	27027
8013	27029
3423	27031
14887	27033
34826	27035
139808	27037
13037	27039
22910	27041
20896	27043
21916	27045
38064	27047
34804	27049
7462	27051
960080	27053
17556	27055
10583	27057
16560	27059
35530	27061
14352	27063
9775	27065
30548	27067
6853	27069
17131	27071
11164	27073
13351	27075
3987	27077
21332	27079
8143	27081
24273	27083
27662	27085
5638	27087
13060	27089
24316	27091
18387	27093
15703	27095
26949	27097
44919	27099
12508	27101
24518	27103
23208	27105
10008	27107
84104	27109
46097	27111
13266	27113
16821	27115
12791	27117
34435	27119
11107	27121
476255	27123
5388	27125
20024	27127
21139	27129
41582	27131
11346	27133
11569	27135
220693	27137
32423	27139
18344	27141
15845	27143
95400	27145
26931	27147
11218	27149
13177	27151
22114	27153
6254	27155
17224	27157
12412	27159
16663	27161
83003	27163
13298	27165
9389	27167
44409	27169
38933	27171
14523	27173
37293	28001
27179	28003
13763	28005
19570	28007
7505	28009
49409	28011
14623	28013
9397	28015
16805	28017
8440	28019
10086	28021
15049	28023
18840	28025
40447	28027
24764	28029
14002	28031
35885	28033
57849	28035
8011	28037
12459	28039
8545	28041
19854	28043
17387	28045
134582	28047
214973	28049
23120	28051
14601	28053
2737	28055
16847	28057
87975	28059
15994	28061
9295	28063
12936	28065
56357	28067
10233	28069
24181	28071
15209	28073
67087	28075
11137	28077
17085	28079
46148	28081
42111	28083
26198	28085
49700	28087
29737	28089
22871	28091
24027	28093
34043	28095
12918	28097
20802	28099
18983	28101
14288	28103
28752	28105
26829	28107
27802	28109
9065	28111
31813	28113
17363	28115
20133	28117
15888	28119
43933	28121
21369	28123
8937	28125
19947	28127
13561	28129
8101	28131
37047	28133
19338	28135
18544	28137
15852	28139
14940	28141
11854	28143
19096	28145
12500	28147
44981	28149
70581	28151
16650	28153
10047	28155
11099	28157
18406	28159
11915	28161
27314	28163
22472	29001
11913	29003
9240	29005
25362	29007
19597	29009
10431	29011
15468	29013
9695	29015
8820	29017
80935	29019
86915	29021
33529	29023
8351	29025
25991	29027
13315	29029
49350	29031
12565	29033
3878	29035
39448	29037
9424	29039
11084	29041
15124	29043
8260	29045
123702	29047
12462	29049
46228	29051
14732	29053
14828	29055
6850	29057
10054	29059
8420	29061
7305	29063
11457	29065
9268	29067
33742	29069
55127	29071
11878	29073
8060	29075
152929	29077
11819	29079
10257	29081
18451	29083
4481	29085
6654	29087
10561	29089
23521	29091
9529	29093
654178	29095
79852	29097
105248	29099
34172	29101
5692	29103
19944	29105
26626	29107
24585	29109
10993	29111
18041	29113
15125	29115
15368	29117
12357	29119
15432	29121
8641	29123
6851	29125
28121	29127
4910	29129
15026	29131
16647	29133
10742	29135
9542	29137
11000	29139
10083	29141
23420	29143
32981	29145
22467	29147
9180	29149
10994	29151
6226	29153
26373	29155
14393	29157
34137	29159
29567	29161
16928	29163
32081	29165
15415	29167
53967	29169
5916	29171
7764	29173
22434	29175
17599	29177
6106	29179
9803	29181
92954	29183
7667	29185
12867	29186
36875	29187
951671	29189
24837	29195
4665	29197
5499	29199
33250	29201
7196	29203
7906	29205
25771	29207
9921	29209
7572	29211
13023	29213
18320	29215
19065	29217
9699	29219
15086	29221
8546	29223
15562	29225
3359	29227
13667	29229
622236	29510
8187	30001
10057	30003
6727	30005
2526	30007
7080	30009
1956	30011
81804	30013
6473	30015
12174	30017
3083	30019
11269	30021
15652	30023
4050	30025
12611	30027
39460	30029
32505	30031
1796	30033
10783	30035
931	30037
2737	30039
17358	30041
5238	30043
2667	30045
14445	30047
33281	30049
2359	30051
18063	30053
2875	30055
5014	30057
2122	30059
2958	30061
58263	30063
3734	30065
11197	30067
675	30069
5386	30071
6611	30073
2862	30075
6660	30077
1752	30079
14409	30081
9837	30083
10365	30085
6032	30087
7093	30089
5779	30091
41981	30093
4632	30095
2980	30097
6116	30099
5839	30101
1069	30103
11471	30105
2529	30107
1465	30109
87367	30111
30553	31001
9047	31003
606	31005
1034	31007
847	31009
8190	31011
10094	31013
3752	31015
4021	31017
31222	31019
9247	31021
9461	31023
18076	31025
12192	31027
4129	31029
6846	31031
10778	31033
8266	31035
9498	31037
12034	31039
14092	31041
13137	31043
9761	31045
19771	31047
2717	31049
7453	31051
34782	31053
389455	31055
2926	31057
8137	31059
4566	31061
3982	31063
6897	31065
25731	31067
2929	31069
2411	31071
2178	31073
1019	31075
4000	31077
42851	31079
8867	31081
4357	31083
1530	31085
4051	31087
12933	31089
939	31091
6807	31093
10436	31095
5743	31097
6707	31099
8487	31101
1340	31103
6009	31105
11723	31107
167972	31109
29538	31111
991	31113
854	31115
623	31117
27402	31119
8751	31121
5813	31123
5142	31125
8976	31127
7404	31129
15576	31131
4473	31133
3423	31135
9553	31137
8493	31139
26544	31141
6468	31143
12191	31145
12277	31147
2231	31149
12809	31151
66200	31153
17018	31155
36432	31157
14460	31159
7285	31161
4725	31163
2034	31165
5758	31167
7779	31169
954	31171
6942	31173
5783	31175
13310	31177
10400	31179
5396	31181
1051	31183
13685	31185
10513	32001
273288	32003
6882	32005
13958	32007
629	32009
948	32011
6375	32013
2666	32015
2557	32017
8221	32019
7051	32021
5599	32023
2670	32027
695	32029
121068	32031
10150	32033
15468	32510
32367	33001
18548	33003
52364	33005
34291	33007
54914	33009
223941	33011
80925	33013
138951	33015
70431	33017
30949	33019
175043	34001
897148	34003
323132	34005
456291	34007
59554	34009
121374	34011
932526	34013
172681	34015
607839	34017
69718	34019
304116	34021
583813	34023
461849	34025
383454	34027
208470	34029
460782	34031
60346	34033
198372	34035
77528	34037
543116	34039
73960	34041
315774	35001
2198	35003
43335	35005
0	35006
12170	35007
39517	35009
2547	35011
69773	35013
41119	35015
22030	35017
4969	35019
1348	35021
4734	35023
49554	35025
7560	35027
15198	35028
11706	35029
43208	35031
4673	35033
41097	35035
10903	35037
25170	35039
16479	35041
17492	35043
52517	35045
21951	35047
54774	35049
7189	35051
9763	35053
17516	35055
5290	35057
4925	35059
40576	35061
286742	36001
46458	36003
1471701	36005
221815	36007
81666	36009
77439	36011
147305	36013
101537	36015
46368	36017
72934	36019
51519	36021
45894	36023
44718	36025
222295	36027
1113491	36029
34631	36031
43931	36033
52637	36035
58722	36037
33136	36039
4714	36041
67407	36043
88508	36045
2602012	36047
23644	36049
54041	36051
62864	36053
711917	36055
55883	36057
1428838	36059
1539233	36061
235720	36063
273070	36065
472835	36067
78849	36069
221657	36071
37305	36073
100897	36075
56181	36077
56696	36079
1987174	36081
152510	36083
295443	36085
229903	36087
112309	36089
121764	36091
161078	36093
24750	36095
16737	36097
35083	36099
99546	36101
1127030	36103
52580	36105
46513	36107
77064	36109
141241	36111
49402	36113
52725	36115
79404	36117
894406	36119
37688	36121
19831	36123
96502	37001
19466	37003
8134	37005
23488	37007
19571	37009
12655	37011
35980	37013
20528	37015
26477	37017
24223	37019
145056	37021
60364	37023
74629	37025
56699	37027
5453	37029
31603	37031
19055	37033
90873	37035
29554	37037
16330	37039
10764	37041
5180	37043
72556	37045
46937	37047
62554	37049
212042	37051
6976	37053
6995	37055
95627	37057
18855	37059
38015	37061
132681	37063
52341	37065
215118	37067
26820	37069
148415	37071
8524	37073
6562	37075
32762	37077
14967	37079
288645	37081
54354	37083
49667	37085
41710	37087
42804	37089
24439	37091
16436	37093
5571	37095
72197	37097
21593	37099
61737	37101
9779	37103
30467	37105
55204	37107
32682	37109
30648	37111
15788	37113
16003	37115
24730	37117
354656	37119
13447	37121
19267	37123
39048	37125
59122	37127
82996	37129
23099	37131
103126	37133
57567	37135
9467	37137
26824	37139
18149	37141
8351	37143
25914	37145
73900	37147
11735	37149
76358	37151
39889	37153
84842	37155
72402	37157
90035	37159
47337	37161
44954	37163
26929	37165
42822	37167
23782	37169
51415	37171
8835	37173
19713	37175
3806	37177
54714	37179
32691	37181
229006	37183
15340	37185
14038	37187
23404	37189
85408	37191
49524	37193
57486	37195
24599	37197
12629	37199
3832	38001
14669	38003
8245	38005
1198	38007
9496	38009
3901	38011
4739	38013
40714	38015
73653	38017
8213	38019
6976	38021
4564	38023
4895	38025
4103	38027
7200	38029
4832	38031
2611	38033
61102	38035
5009	38037
4184	38039
5075	38041
4362	38043
7117	38045
4245	38047
8977	38049
5545	38051
6127	38053
11251	38055
6175	38057
20310	38059
8437	38061
5807	38063
2322	38065
10728	38067
6323	38069
12915	38071
7102	38073
3828	38075
18089	38077
11549	38079
5937	38081
3232	38083
3632	38085
1484	38087
19613	38089
3749	38091
23550	38093
4645	38095
9571	38097
16251	38099
58560	38101
7847	38103
19301	38105
18957	39001
111144	39003
43303	39005
98237	39007
55747	39009
38602	39011
80917	39013
26635	39015
226207	39017
21579	39019
30491	39021
157115	39023
95372	39025
31464	39027
108310	39029
33486	39031
50364	39033
1720835	39035
49141	39037
36949	39039
42908	39041
75909	39043
73301	39045
25461	39047
833249	39049
33071	39051
25239	39053
62977	39055
125057	39057
37665	39059
925944	39061
61217	39063
30813	39065
17013	39067
27058	39069
28996	39071
20322	39073
23024	39075
49587	39077
27174	39079
96193	39081
41795	39083
197200	39085
56868	39087
107799	39089
35072	39091
256843	39093
483551	39095
28318	39097
304545	39099
64724	39101
82717	39103
19799	39105
35558	39107
84342	39109
15739	39111
608413	39113
12375	39115
21348	39117
77826	39119
10428	39121
37099	39123
19329	39125
27434	39127
40071	39129
19114	39131
125868	39133
34719	39135
31134	39137
129997	39139
61211	39141
60983	39143
76951	39145
60696	39147
37748	39149
372210	39151
553371	39153
232579	39155
77211	39157
23786	39159
29194	39161
9420	39163
85505	39165
57160	39167
87123	39169
33669	39171
89722	39173
21826	39175
15141	40001
7224	40003
10972	40005
6282	40007
15754	40009
11794	40011
25552	40013
28931	40015
32245	40017
37349	40019
23174	40021
15141	40023
4145	40025
81839	40027
5525	40029
108144	40031
6832	40033
14722	40035
45532	40037
22665	40039
17767	40041
5656	40043
5129	40045
56343	40047
24874	40049
29354	40051
7117	40053
7979	40055
5136	40057
5151	40059
9578	40061
13228	40063
30902	40065
7125	40067
7870	40069
48791	40071
12857	40073
12532	40075
8601	40077
32137	40079
19482	40081
19645	40083
5637	40085
14157	40087
28642	40089
12472	40091
7529	40093
7682	40095
23302	40097
10669	40099
59542	40101
10043	40103
9773	40105
10683	40107
527717	40109
35358	40111
29750	40113
29800	40115
11338	40117
50654	40119
37521	40121
27867	40123
43134	40125
9385	40127
4452	40129
28425	40131
25144	40133
23370	40135
35902	40137
16352	40139
12901	40141
399982	40143
22163	40145
42302	40147
12141	40149
11920	40151
15537	40153
14919	41001
53776	41003
166088	41005
28473	41007
28790	41009
56515	41011
9985	41013
13006	41015
30442	41017
71743	41019
2342	41021
6996	41023
7215	41025
13187	41027
94533	41029
8548	41031
35746	41033
50021	41035
6343	41037
215401	41039
25755	41041
71914	41043
23169	41045
151309	41047
4465	41049
554668	41051
35349	41053
2139	41055
18034	41057
44923	41059
19377	41061
6247	41063
20133	41065
157920	41067
1849	41069
40213	41071
56937	42001
1605133	42003
75590	42005
208418	42007
42353	42009
296382	42011
135356	42013
57962	42015
416728	42017
127941	42019
186785	42021
7096	42023
50573	42025
99267	42027
277746	42029
38414	42031
74619	42033
37721	42035
55114	42037
81342	42039
158177	42041
223713	42043
603456	42045
37770	42047
263654	42049
154667	42051
4926	42053
100833	42055
10776	42057
36090	42059
39108	42061
79451	42063
43695	42065
16712	42067
234504	42069
320079	42071
107374	42073
99665	42075
255304	42077
341956	42079
113296	42081
51915	42083
127225	42085
45268	42087
45422	42089
624080	42091
16508	42093
214545	42095
99190	42097
28615	42099
1949996	42101
11818	42103
16395	42105
160089	42107
29269	42109
76037	42111
5961	42113
34344	42115
39691	42117
28603	42119
62353	42121
47682	42123
210876	42125
29581	42127
376935	42129
19082	42131
272603	42133
45937	44001
142382	44003
94228	44005
581470	44007
85706	44009
21112	45001
91023	45003
9783	45005
105474	45007
15950	45009
17176	45011
51136	45013
56199	45015
10780	45017
247561	45019
36669	45021
29811	45023
33667	45025
25604	45027
27711	45029
53442	45031
28838	45033
32276	45035
15692	45037
19999	45039
89636	45041
33500	45043
240774	45045
49686	45047
15878	45049
69992	45051
11885	45053
34727	45055
43328	45057
49713	45059
18323	45061
89012	45063
7955	45065
30270	45067
27151	45069
29273	45071
40728	45073
69789	45075
58956	45077
233868	45079
14528	45081
173724	45083
79425	45085
29230	45087
34243	45089
85216	45091
4183	46003
20877	46005
3088	46007
8577	46009
22158	46011
36920	46013
5870	46015
1739	46017
7825	46019
2866	46021
9994	46023
5515	46025
12923	46027
19140	46029
4994	46031
4698	46033
17319	46035
8713	46037
5686	46039
5170	46041
4569	46043
5548	46045
7505	46047
3893	46049
9005	46051
6710	46053
2802	46055
5520	46057
5883	46059
3781	46061
1855	46063
11632	46065
10379	46067
2515	46069
2920	46071
3310	46073
1882	46075
7657	46077
11456	46079
17453	46081
11761	46083
4060	46085
7246	46087
5022	46089
5965	46091
17020	46093
2420	46095
4454	46097
95209	46099
7622	46101
8685	46102
59349	46103
4769	46105
4449	46107
11678	46109
3697	46111
10595	46115
2457	46117
2362	46119
6606	46121
8171	46123
9872	46125
9643	46127
7842	46129
19039	46135
2221	46137
60300	47001
25039	47003
12126	47005
7643	47007
63744	47009
50686	47011
26045	47013
8467	47015
25741	47017
43259	47019
13199	47021
9927	47023
19420	47025
6624	47027
25283	47029
32572	47031
14402	47033
20733	47035
447877	47037
9457	47039
11151	47041
21977	47043
30427	47045
22692	47047
12593	47049
27289	47051
47871	47053
22138	47055
13948	47057
47630	47059
10631	47061
38696	47063
255077	47065
6719	47067
22435	47069
18212	47071
33757	47073
19596	47075
17360	47077
23749	47079
12096	47081
5853	47083
13560	47085
8141	47087
24940	47089
11569	47091
276293	47093
8074	47095
20271	47097
29097	47099
6761	47101
24318	47103
24266	47105
35462	47107
18369	47109
12315	47111
65774	47113
20577	47115
17319	47117
44028	47119
5219	47121
23475	47123
62721	47125
3568	47127
13619	47129
30247	47131
14866	47133
5238	47135
3774	47137
11669	47139
35487	47141
17202	47143
38881	47145
29102	47147
59428	47149
14762	47151
6331	47153
28241	47155
722111	47157
12509	47159
7319	47161
127329	47163
56266	47165
28001	47167
5155	47169
15254	47171
9072	47173
3758	47175
26972	47177
73924	47179
12365	47181
28827	47183
16329	47185
34423	47187
36999	47189
27789	48001
10372	48003
49349	48005
8902	48007
5759	48009
1895	48011
18696	48013
13831	48015
8487	48017
4747	48019
17297	48021
5221	48023
22737	48025
124483	48027
830460	48029
3567	48031
888	48033
10966	48035
68909	48037
108312	48039
57978	48041
7780	48043
2794	48045
8005	48047
25877	48049
9999	48051
11420	48053
21178	48055
17831	48057
8205	48059
140368	48061
8005	48063
6358	48065
24133	48067
10394	48069
12187	48071
32008	48073
6605	48075
8079	48077
5326	48079
3087	48081
10288	48083
66920	48085
4755	48087
17638	48089
24165	48091
11898	48093
2937	48095
23471	48097
35311	48099
3204	48101
4172	48103
3885	48105
9085	48107
3429	48109
6012	48111
1327695	48113
16604	48115
18999	48117
4927	48119
75633	48121
18660	48123
3737	48125
9039	48127
3641	48129
11722	48131
18092	48133
92660	48135
2107	48137
46638	48139
359291	48141
18141	48143
17300	48145
22705	48147
17650	48149
6344	48151
11044	48153
2211	48155
52314	48157
5291	48159
11116	48161
11159	48163
11593	48165
169812	48167
5289	48169
10553	48171
1155	48173
4869	48175
16375	48177
26949	48179
83225	48181
75929	48183
11855	48185
33554	48187
34137	48189
6015	48191
7198	48193
6351	48195
6795	48197
29996	48199
1741912	48201
44841	48203
2782	48205
8512	48207
27642	48209
3084	48211
26466	48213
181535	48215
22596	48217
20396	48219
6368	48221
20710	48223
17855	48225
37796	48227
2392	48229
47948	48231
24443	48233
1070	48235
6711	48237
12975	48239
24692	48241
1527	48243
246402	48245
4654	48247
33032	48249
45769	48251
16106	48253
13462	48255
32392	48257
6964	48259
678	48261
1434	48263
19454	48265
3904	48267
464	48269
2006	48271
33166	48273
5972	48275
36062	48277
17770	48279
9323	48281
5014	48283
17903	48285
8048	48287
8738	48289
33014	48291
18100	48293
3486	48295
6697	48297
6979	48299
164	48301
179295	48303
9107	48305
8571	48307
147553	48309
1095	48311
7693	48313
8517	48315
4774	48317
3356	48319
27913	48321
18093	48323
20249	48325
2646	48327
65433	48329
20028	48331
4212	48333
9073	48335
15326	48337
49479	48339
14060	48341
12310	48343
2178	48345
36362	48347
31150	48349
11657	48351
16220	48353
237544	48355
9704	48357
2258	48359
71170	48361
28962	48363
15894	48365
33888	48367
10509	48369
13748	48371
14457	48373
90511	48375
4842	48377
3752	48379
53885	48381
3239	48383
2013	48385
14298	48387
16526	48389
9494	48391
967	48393
14389	48395
7046	48397
12108	48399
34102	48401
7187	48403
7858	48405
6702	48407
47288	48409
5540	48411
2277	48413
15760	48415
3323	48417
19672	48419
3657	48421
97096	48423
2793	48425
17707	48427
8414	48429
1056	48431
2397	48433
3175	48435
10373	48437
715587	48439
97853	48441
1940	48443
14118	48445
2205	48447
16702	48449
71047	48451
295516	48453
7628	48455
12417	48457
20976	48459
4697	48461
17348	48463
27471	48465
22155	48467
53766	48469
27680	48471
14285	48473
13019	48475
18842	48477
72859	48479
36729	48481
6434	48483
120563	48485
15355	48487
15570	48489
37305	48491
13041	48493
9640	48495
19687	48497
18589	48499
7344	48501
15400	48503
4352	48505
11370	48507
3800	49001
28129	49003
42331	49005
15647	49007
666	49009
99028	49011
7299	49013
5137	49015
3157	49017
6688	49019
12177	49021
4574	49023
2421	49025
6988	49027
3983	49029
1164	49031
1615	49033
458607	49035
9606	49037
10976	49039
10103	49041
5879	49043
21545	49045
12684	49047
137776	49049
5863	49051
13669	49053
1483	49055
126278	49057
24266	50001
29282	50003
22789	50005
99131	50007
5416	50009
31282	50011
3574	50013
13309	50015
17676	50017
20153	50019
52637	50021
47659	50023
33476	50025
44082	50027
29004	51001
37780	51003
17962	51005
7592	51007
26072	51009
9784	51011
174284	51013
44220	51015
5192	51017
32739	51019
5423	51021
18193	51023
16172	51025
32071	51027
10597	51029
43319	51031
13925	51033
23092	51035
6158	51036
12366	51037
77045	51041
8102	51043
3524	51045
18218	51047
6179	51049
16077	51051
25046	51053
7099	51057
454275	51059
26375	51061
9775	51063
7621	51065
28163	51067
28893	51069
16741	51071
14059	51073
10069	51075
15439	51077
5248	51079
9604	51081
36965	51083
37479	51085
154463	51087
50901	51089
2529	51091
18285	51093
17853	51095
5491	51097
8039	51099
7497	51101
9126	51103
20321	51105
37150	51107
14004	51109
11687	51111
8638	51113
7168	51115
29426	51117
6295	51119
47157	51121
11702	51125
5300	51127
14442	51131
9239	51133
14260	51135
13792	51137
16581	51139
15282	51141
58789	51143
7696	51145
14379	51147
29092	51149
95094	51153
29564	51155
5199	51157
6504	51159
67339	51161
16637	51163
47890	51165
24533	51167
24376	51169
22852	51171
31349	51173
18582	51175
16424	51177
24587	51179
5882	51181
11464	51183
39816	51185
15301	51187
40835	51191
12142	51193
35947	51195
22139	51197
27762	51199
110927	51510
14857	51520
6425	51530
38880	51540
89580	51550
15097	51570
10060	51580
46391	51590
5300	51595
22727	51600
10772	51610
6880	51620
14450	51630
6278	51640
120779	51650
14605	51660
23471	51670
7597	51678
54083	51680
9164	51683
6844	51685
19653	51690
138177	51700
307951	51710
4172	51720
36103	51730
5441	51735
110963	51740
11596	51750
249332	51760
92115	51770
21982	51775
24504	51790
45024	51800
172106	51810
16707	51820
9069	51830
14643	51840
12014	53001
13799	53003
67540	53005
41103	53007
34770	53009
128454	53011
4439	53013
68616	53015
16787	53017
3655	53019
25816	53021
2911	53023
41881	53025
59553	53027
27011	53029
10661	53031
1159369	53033
101732	53035
25039	53037
12138	53039
45467	53041
9572	53043
20918	53045
25867	53047
15796	53049
6025	53051
412344	53053
3856	53055
52381	53057
5845	53059
265236	53061
287487	53063
17405	53065
76894	53067
3592	53069
42176	53071
81983	53073
37900	53075
145212	53077
14030	54001
36356	54003
25118	54005
12666	54007
30443	54009
106918	54011
7046	54013
9330	54015
6389	54017
49332	54019
7782	54021
8607	54023
32090	54025
11710	54027
39749	54029
8855	54031
73028	54033
20903	54035
21280	54037
229515	54039
17847	54041
18912	54043
46269	54045
50666	54047
61356	54049
37598	54051
24306	54053
63206	54055
23109	54057
32780	54059
63714	54061
11272	54063
8547	54065
22552	54067
63439	54069
7031	54071
7274	54073
8870	54075
25455	54077
27625	54079
70080	54081
24596	54083
10145	54085
14111	54087
13213	54089
13878	54091
7447	54093
9929	54095
19092	54097
37581	54099
9809	54101
20314	54103
4154	54105
86818	54107
30095	54109
9234	55001
16743	55003
33955	55005
11683	55007
158244	55009
13743	55011
9276	55013
27604	55015
47717	55017
30361	55019
40150	55021
15252	55023
290272	55025
69004	55027
20106	55029
44657	55031
28991	55033
67219	55035
3298	55037
84567	55039
7691	55041
48398	55043
26714	55045
16878	55047
19306	55049
6533	55051
15325	55053
60060	55055
18455	55057
117917	55059
18961	55061
80468	55063
17456	55065
19220	55067
23499	55069
82294	55071
97457	55073
35810	55075
8865	55077
2607	55078
1054249	55079
31610	55081
25553	55083
24427	55085
119398	55087
54461	55089
7319	55091
26652	55093
26666	55095
47541	55097
14520	55099
170838	55101
17079	55103
131970	55105
14238	55107
34354	55109
39057	55111
9670	55113
32650	55115
96660	55117
16958	55119
23344	55121
24557	55123
10958	55125
63444	55127
10601	55129
63839	55131
231335	55133
37780	55135
14795	55137
129946	55139
65362	55141
26431	56001
10202	56003
12957	56005
13354	56007
5938	56009
4535	56011
28352	56013
10885	56015
4952	56017
5587	56019
56360	56021
8640	56023
51264	56025
2924	56027
17752	56029
6486	56031
17852	56033
3755	56035
18391	56037
4823	56039
7100	56041
7569	56043
6307	56045
